
metadata:
    version:
        essentia: "2.1-beta3"

Flux:
    dmean: 0.0278134569526
    dmean2: 0
    dvar: 0
    dvar2: 0
    kurt: -2
    max: 0.033876337111
    mean: 0.0199696086347
    median: 0.0199696086347
    min: 0.00606287969276
    skew: 0
    var: 0.000193397092517

Rms:
    dmean: 0
    dmean2: 0
    dvar: 0
    dvar2: 0
    kurt: 0
    max: 0.0247516222298
    mean: 0.0247516222298
    median: 0.0247516222298
    min: 0.0247516222298
    skew: 0
    var: 0

RollOff:
    dmean: 21.533203125
    dmean2: 0
    dvar: 0
    dvar2: 0
    kurt: -2
    max: 839.794921875
    mean: 829.028320312
    median: 829.028320312
    min: 818.26171875
    skew: 0
    var: 115.919708252

SpecCent:
    dmean: 0
    dmean2: 0
    dvar: 0
    dvar2: 0
    kurt: 0
    max: 645.921569824
    mean: 645.921569824
    median: 645.921569824
    min: 645.921569824
    skew: 0
    var: 0

Zcr:
    dmean: 0
    dmean2: 0
    dvar: 0
    dvar2: 0
    kurt: 0
    max: 0.0009765625
    mean: 0.0009765625
    median: 0.0009765625
    min: 0.0009765625
    skew: 0
    var: 0

HarmonicAmpFreq:
    dmean: [0]
    dmean2: [0]
    dvar: [0]
    dvar2: [0]
    kurt: [nan]
    max: [86.875328064]
    mean: [86.875328064]
    median: [86.875328064]
    min: [86.875328064]
    skew: [nan]
    var: [0]

HarmonicAmpMag:
    dmean: [0]
    dmean2: [0]
    dvar: [0]
    dvar2: [0]
    kurt: [nan]
    max: [0]
    mean: [0]
    median: [0]
    min: [0]
    skew: [nan]
    var: [0]

MfccCoeff:
    dmean: [26.1079711914, 0.863006591797, 6.34977722168, 4.00649261475, 2.52704620361, 3.52268218994, 2.5217590332, 1.4118270874, 1.65850448608, 1.00241851807, 0.118148803711, 0.0258102416992, 0.0748634338379]
    dmean2: [0, 0, 0, 0, 0, 0, 0, 0, 0, 0, 0, 0, 0]
    dvar: [0, 0, 0, 0, 0, 0, 0, 0, 0, 0, 0, 0, 0]
    dvar2: [0, 0, 0, 0, 0, 0, 0, 0, 0, 0, 0, 0, 0]
    kurt: [-2, -2, -2, -2, -2, -2, -2, -2, -1.99999988079, -2, -2, -2, -2]
    max: [-831.297302246, 204.27142334, -0.860504150391, -0.162189483643, -7.43539428711, -0.742660522461, 2.53155899048, 1.98003387451, 2.89424514771, -0.841888427734, -0.963123321533, -0.884330749512, 1.80921173096]
    mean: [-844.351318359, 203.839920044, -4.03539276123, -2.16543579102, -8.69891738892, -2.50400161743, 1.27067947388, 1.27412033081, 2.06499290466, -1.34309768677, -1.02219772339, -0.897235870361, 1.77178001404]
    median: [-844.351318359, 203.839920044, -4.03539276123, -2.16543579102, -8.69891738892, -2.50400161743, 1.27067947388, 1.27412033081, 2.06499290466, -1.34309768677, -1.02219772339, -0.897235870361, 1.77178001404]
    min: [-857.405273438, 203.408416748, -7.21028137207, -4.16868209839, -9.96244049072, -4.2653427124, 0.00979995727539, 0.568206787109, 1.23574066162, -1.8443069458, -1.08127212524, -0.910140991211, 1.73434829712]
    skew: [6.96922325005e-06, 0, 0, 0, 0, 0, 0, 0, 0, 0, 0, 0, 0]
    var: [170.406539917, 0.186195090413, 10.0799179077, 4.01299571991, 1.59649062157, 3.10232234001, 1.58981716633, 0.498313933611, 0.687659263611, 0.251210719347, 0.00348978489637, 0.000166542144143, 0.00140113348607]

SpecContrastCoeff:
    dmean: [7.55786895752e-05, 0.000159442424774, 0.00129824876785, 0.00318473577499, 0.00337117910385, 0.0018173456192]
    dmean2: [0, 0, 0, 0, 0, 0]
    dvar: [0, 0, 0, 0, 0, 0]
    dvar2: [0, 0, 0, 0, 0, 0]
    kurt: [-2, -1.99999952316, -2, -1.99999988079, -2, -2]
    max: [-0.992461323738, -0.969269990921, -0.920587956905, -0.897801280022, -0.897717952728, -0.911894261837]
    mean: [-0.992499113083, -0.969349741936, -0.921237111092, -0.899393677711, -0.899403572083, -0.912802934647]
    median: [-0.992499113083, -0.969349741936, -0.921237111092, -0.899393677711, -0.899403572083, -0.912802934647]
    min: [-0.992536902428, -0.969429433346, -0.921886205673, -0.900986015797, -0.901089131832, -0.913711607456]
    skew: [0, 0.00112150877248, 0.000137754657771, 5.62031891604e-05, 5.30408833583e-05, 0]
    var: [1.42803457948e-09, 6.35547259265e-09, 4.21362472025e-07, 2.5356353035e-06, 2.84121210825e-06, 8.25686299777e-07]
