
metadata:
    version:
        essentia: "2.1-beta3"

Flux:
    dmean: 0.0253946855664
    dmean2: 0.034620244056
    dvar: 0.00676516722888
    dvar2: 0.0131945693865
    kurt: 9.20911312103
    max: 0.483869493008
    mean: 0.0334193818271
    median: 0.00121069268789
    min: 6.3037565269e-05
    skew: 3.24567604065
    var: 0.0114052705467

Rms:
    dmean: 0.0114857116714
    dmean2: 0.00980181340128
    dvar: 0.00124091946054
    dvar2: 0.000519598950632
    kurt: 20.921503067
    max: 0.355109155178
    mean: 0.340949267149
    median: 0.35321995616
    min: 0.0643466338515
    skew: -4.53542089462
    var: 0.00240386719815

RollOff:
    dmean: 7.34086465836
    dmean2: 7.01081037521
    dvar: 2022.12854004
    dvar2: 1783.99743652
    kurt: 39.6421890259
    max: 667.529296875
    mean: 352.1875
    median: 344.53125
    min: 344.53125
    skew: 6.43932056427
    var: 2270.07983398

SpecCent:
    dmean: 15.6785888672
    dmean2: 16.63920784
    dvar: 5281.80126953
    dvar2: 4122.95117188
    kurt: 38.8938026428
    max: 880.778259277
    mean: 343.461425781
    median: 330.136260986
    min: 326.621032715
    skew: 6.35723876953
    var: 6649.64453125

Zcr:
    dmean: 0.000799005676527
    dmean2: 0.000953851733357
    dvar: 3.33884463544e-06
    dvar2: 2.18406285057e-06
    kurt: 17.7197685242
    max: 0.01513671875
    mean: 0.0143120661378
    median: 0.01513671875
    min: 0.00048828125
    skew: -4.20484924316
    var: 6.5678732426e-06

HarmonicAmpFreq:
    dmean: [0.393254369497]
    dmean2: [0.39060229063]
    dvar: [5.33522939682]
    dvar2: [5.05155277252]
    kurt: [39.6390724182]
    max: [344.825317383]
    mean: [329.124664307]
    median: [328.732299805]
    min: [328.724487305]
    skew: [6.43844795227]
    var: [5.62767601013]

HarmonicAmpMag:
    dmean: [0.0189591050148]
    dmean2: [0.0145069109276]
    dvar: [0.00496652768925]
    dvar2: [0.00344390049577]
    kurt: [15.5893249512]
    max: [0.485526442528]
    mean: [0.462244957685]
    median: [0.485407024622]
    min: [0.000506106880493]
    skew: [-4.05361652374]
    var: [0.00827582273632]

MfccCoeff:
    dmean: [40.6386566162, 7.37334632874, 30.6204910278, 19.5945930481, 5.82064390182, 7.32250642776, 5.51960039139, 5.04094934464, 5.07945108414, 3.04264903069, 2.91622686386, 1.88120985031, 1.86046910286]
    dmean2: [63.1755981445, 12.3736772537, 51.8102455139, 34.3186187744, 10.5107851028, 12.9987945557, 9.02314281464, 7.84722614288, 7.64405012131, 4.22467947006, 4.23578596115, 3.33946013451, 2.92330694199]
    dvar: [6627.57958984, 46.1688346863, 233.859512329, 98.3185348511, 16.1066932678, 45.455532074, 40.8473968506, 51.760974884, 46.7983894348, 33.0711669922, 13.5849275589, 3.73752236366, 5.00435876846]
    dvar2: [15228.3251953, 67.797668457, 612.710571289, 253.723129272, 34.918006897, 107.124183655, 68.4124526978, 71.6842422485, 58.2014007568, 34.1360054016, 12.6374835968, 5.67233800888, 6.94316911697]
    kurt: [23.7975540161, 17.1032810211, -1.41109490395, -1.00605475903, 0.220377445221, 4.12593078613, 11.201130867, 13.2475414276, 14.6248378754, 16.7501468658, 20.2658157349, 11.4531764984, 6.87803936005]
    max: [-615.861328125, 169.834503174, 101.415039062, 44.3222541809, -1.68048095703, -7.77635955811, -10.6873168945, -7.23809051514, -3.03085327148, 2.00844573975, 6.53840255737, 5.50989532471, 16.9053955078]
    mean: [-986.125061035, 153.264724731, 70.8602371216, 19.9059906006, -11.888833046, -37.92029953, -53.7650718689, -59.2246055603, -56.0760650635, -43.7100219727, -25.6910991669, -5.12705898285, 14.4189062119]
    median: [-993.451171875, 154.754898071, 69.2274475098, 17.5462226868, -10.528793335, -38.1368675232, -55.5042953491, -60.7945480347, -57.7687149048, -45.3854904175, -26.3242549896, -4.86096954346, 15.5683746338]
    min: [-1033.90942383, 108.401435852, 33.4164199829, 1.13051223755, -22.7704277039, -50.5203666687, -63.3657150269, -68.4884490967, -64.6370315552, -49.8350753784, -31.0115413666, -10.0874023438, 0.214744567871]
    skew: [4.77882242203, -3.37124657631, 0.00803944095969, 0.437316089869, -0.742587268353, 1.51235449314, 3.20425033569, 3.61530327797, 3.77155637741, 4.07810592651, 4.30262422562, 2.13632965088, -2.78887271881]
    var: [4035.39306641, 67.7613143921, 466.852783203, 172.671920776, 21.4566955566, 63.4005966187, 83.6271133423, 112.861610413, 109.115829468, 75.049621582, 32.8853683472, 4.61777687073, 13.8015041351]

SpecContrastCoeff:
    dmean: [0.0631894171238, 0.0356622450054, 0.0145359644666, 0.00821823440492, 0.00516864936799, 0.00803840719163]
    dmean2: [0.110300287604, 0.0358058027923, 0.0252044256777, 0.014742703177, 0.00861687399447, 0.0146921416745]
    dvar: [0.00323257502168, 0.00989198405296, 0.000172609230503, 8.63206078066e-05, 6.77774005453e-05, 0.000210018464713]
    dvar2: [0.00568688381463, 0.00415652478114, 0.000408298801631, 0.000182571107871, 0.000150344974827, 0.000566301634535]
    kurt: [5.44316482544, 26.2468719482, 6.07930278778, 8.08920192719, 10.2238769531, 11.07213974]
    max: [-0.601503431797, -0.0719181448221, -0.868747293949, -0.90193593502, -0.909758985043, -0.894443154335]
    mean: [-0.732854783535, -0.118551298976, -0.938379406929, -0.951571404934, -0.953442215919, -0.952753126621]
    median: [-0.74994623661, -0.0893223583698, -0.946026623249, -0.957100391388, -0.956663072109, -0.957315564156]
    min: [-0.986054897308, -0.969497323036, -0.949402034283, -0.957403659821, -0.957750916481, -0.95851534605]
    skew: [-0.926734149456, -5.05463504791, 2.40728616714, 2.67897486687, 3.18549537659, 3.31484770775]
    var: [0.00361738330685, 0.0201402138919, 0.000281712011201, 0.000116609553515, 8.58981366036e-05, 0.000151503307279]

SpecPeakAmp:
    dmean: [0.000953030248638, 0.308741271496, 0.264895737171, 0.0408693626523, 0.000210815720493]
    dmean2: [0.00147612858564, 0.615652740002, 0.541851997375, 0.0757140442729, 0.000277884595562]
    dvar: [1.18151392599e-05, 0.0517649017274, 0.0582061298192, 0.0168342683464, 3.73367868178e-07]
    dvar2: [3.05628018396e-05, 0.0863224416971, 0.111487932503, 0.0479628890753, 6.68576433327e-07]
    kurt: [38.8771629333, -1.97820520401, -1.83330595493, 15.8960933685, 18.5714035034]
    max: [0.017017673701, 0.485524564981, 0.485526442528, 0.485470324755, 0.00329375313595]
    mean: [0.000741778756492, 0.243756398559, 0.194579929113, 0.0247494596988, 0.000191143160919]
    median: [0.000346214947058, 0.279326349497, 0.000418350566179, 7.73196225055e-05, 5.07385739184e-05]
    min: [0.000102739410067, 0.000138593546581, 8.67616763571e-05, 2.04129573831e-05, 1.95522934519e-05]
    skew: [6.35401439667, -0.0100438296795, 0.408198148012, 4.17430400848, 4.42559719086]
    var: [6.10255574429e-06, 0.0575074627995, 0.0563995316625, 0.0101498207077, 3.46303437482e-07]
