
metadata:
    version:
        essentia: "2.1-beta3"

Flux:
    dmean: 0.0249072909355
    dmean2: 0.0330165810883
    dvar: 0.00681669125333
    dvar2: 0.0131612019613
    kurt: 9.37100219727
    max: 0.489343434572
    mean: 0.0329969674349
    median: 0.000620635400992
    min: 0.000125923121232
    skew: 3.26414871216
    var: 0.01147048641

Rms:
    dmean: 0.0099100805819
    dmean2: 0.0072591942735
    dvar: 0.00129139784258
    dvar2: 0.00058315572096
    kurt: 21.0260028839
    max: 0.353451520205
    mean: 0.340994775295
    median: 0.353435188532
    min: 0.0644125938416
    skew: -4.5499162674
    var: 0.00239885575138

RollOff:
    dmean: 6.36208295822
    dmean2: 6.00926589966
    dvar: 1255.71704102
    dvar2: 1063.77819824
    kurt: 38.8712425232
    max: 3143.84765625
    mean: 2892.14990234
    median: 2885.44921875
    min: 2885.44921875
    skew: 6.35261535645
    var: 1459.50073242

SpecCent:
    dmean: 2.54412293434
    dmean2: 3.80807709694
    dvar: 33.8149185181
    dvar2: 24.709236145
    kurt: 36.3724212646
    max: 2901.10888672
    mean: 2855.93823242
    median: 2854.92431641
    min: 2849.81542969
    skew: 6.05143165588
    var: 48.4886665344

Zcr:
    dmean: 0.00443892041221
    dmean2: 0.0032589933835
    dvar: 0.000255474355072
    dvar2: 0.000172223953996
    kurt: 17.8778762817
    max: 0.13037109375
    mean: 0.124750435352
    median: 0.13037109375
    min: 0.0048828125
    skew: -4.24265480042
    var: 0.000492250896059

HarmonicAmpFreq:
    dmean: [0.14346036315]
    dmean2: [0.146796643734]
    dvar: [0.884977698326]
    dvar2: [0.905068695545]
    kurt: [40.0468482971]
    max: [2879.50683594]
    mean: [2879.36743164]
    median: [2879.50683594]
    min: [2873.19458008]
    skew: [-6.48528432846]
    var: [0.865759372711]

HarmonicAmpMag:
    dmean: [1.2193800103e-05]
    dmean2: [1.2477376913e-05]
    dvar: [6.39361585897e-09]
    dvar2: [6.53876641721e-09]
    kurt: [40.0227279663]
    max: [0.000536527193617]
    mean: [1.1922826161e-05]
    median: [0]
    min: [0]
    skew: [6.48249340057]
    var: [6.25476603844e-09]

MfccCoeff:
    dmean: [43.5697212219, 32.8206291199, 4.91452360153, 13.2197875977, 4.43555307388, 2.85649657249, 0.897706627846, 3.78865408897, 2.77172255516, 2.71665358543, 1.76601219177, 0.885136544704, 2.18016290665]
    dmean2: [75.6101913452, 66.4330444336, 8.24001407623, 25.8418903351, 8.41237735748, 4.54358196259, 1.50895404816, 6.37226629257, 4.82493782043, 4.02498102188, 3.23486971855, 1.49894022942, 3.19018483162]
    dvar: [6628.57519531, 251.460494995, 19.1484451294, 52.0932121277, 16.5135593414, 39.4536018372, 0.837735950947, 27.7855911255, 3.22419571877, 23.3487300873, 12.9076328278, 6.58151292801, 22.3629760742]
    dvar2: [16261.8085938, 939.983947754, 16.3310413361, 217.954559326, 24.9022407532, 61.6415748596, 1.35301578045, 41.1670913696, 7.04353523254, 24.708152771, 23.06391716, 12.3238592148, 25.4228115082]
    kurt: [28.103685379, -1.47084879875, 23.0285072327, 0.642574548721, 7.95042800903, 11.6727390289, 8.50990009308, 12.1368236542, 13.4650878906, 17.3362598419, 11.214931488, 10.9813489914, 15.8359909058]
    max: [-650.576782227, 27.2217502594, -57.1587791443, 69.8235626221, 50.0606269836, -28.4606437683, 1.79233169556, 67.6508331299, -2.98941040039, -2.0092010498, 40.7654838562, 23.5914402008, -6.18598556519]
    mean: [-1019.9888916, -8.14562129974, -96.6518859863, 56.7181549072, 45.2023048401, -63.8700637817, -6.23645782471, 54.9227867126, -18.5619678497, -40.2984275818, 34.9378890991, 21.9597187042, -41.6928787231]
    median: [-1026.58081055, -5.59212112427, -97.8297271729, 55.7005844116, 45.3133430481, -65.7843322754, -6.46632385254, 55.8191986084, -18.4894104004, -42.0473480225, 35.6901817322, 22.730966568, -43.6037254333]
    min: [-1068.39318848, -33.4410324097, -103.400604248, 28.3498573303, 21.6925487518, -76.9184875488, -8.6183013916, 21.0056095123, -23.3543624878, -46.3988037109, 16.4810619354, 8.09295654297, -46.4556541443]
    skew: [5.1623711586, -0.0657941699028, 4.45402526855, -0.392936736345, -2.80629515648, 3.40308475494, 2.10393381119, -3.33485627174, 3.12633275986, 4.15614032745, -3.43467664719, -3.48780345917, 4.03782463074]
    var: [3668.17602539, 351.818084717, 45.8097381592, 75.135307312, 34.3607254028, 60.7721138, 2.9129652977, 51.4749794006, 9.16295528412, 51.7065963745, 19.5469856262, 10.0791406631, 47.7249908447]

SpecContrastCoeff:
    dmean: [0.0219749882817, 0.0152638219297, 0.0154869556427, 0.0201001502573, 0.0301691573113, 0.0231186132878]
    dmean2: [0.0423248000443, 0.0278779789805, 0.0303218774498, 0.0403433889151, 0.0380815602839, 0.0463729836047]
    dvar: [0.000536702747922, 0.000254960148595, 0.000152747292304, 0.000140274962178, 0.00349817494862, 0.000246380193857]
    dvar2: [0.00195503397845, 0.000725282763597, 0.00045074816444, 0.000526724325027, 0.00232194946148, 0.000922902836464]
    kurt: [4.39186000824, 4.65037059784, 2.41515350342, -1.37231850624, 19.8058109283, -0.422176599503]
    max: [-0.894569575787, -0.91964417696, -0.931299984455, -0.915457963943, -0.251717984676, -0.881588697433]
    mean: [-0.978504240513, -0.986445188522, -0.980843544006, -0.941286563873, -0.304256916046, -0.92319726944]
    median: [-0.988500416279, -0.994475603104, -0.987827539444, -0.946277678013, -0.285559117794, -0.931741297245]
    min: [-0.996965765953, -0.996926128864, -0.991782486439, -0.956393778324, -0.786902844906, -0.939316987991]
    skew: [2.08024668694, 2.1856238842, 1.58593285084, 0.429704904556, -4.39867019653, 1.0000180006]
    var: [0.00042986770859, 0.000274963560514, 0.000175877605216, 0.00018294758047, 0.00749979028478, 0.000285812217044]

SpecPeakAmp:
    dmean: [0.000137784081744, 0.000137146096677, 0.000135786773171, 0.000133987225126, 0.000124926897115]
    dmean2: [0.000227885102504, 0.00022686032753, 0.000224573726882, 0.000222169182962, 0.000212788931094]
    dvar: [2.03025876999e-07, 2.02135694849e-07, 1.99699158543e-07, 1.94469052417e-07, 1.63669298558e-07]
    dvar2: [5.19755303685e-07, 5.18609340361e-07, 5.13173461059e-07, 5.01799092945e-07, 4.33650114928e-07]
    kurt: [39.5060424805, 39.4882850647, 39.487323761, 39.4018669128, 35.6561584473]
    max: [0.00225340342149, 0.00224666763097, 0.0022411737591, 0.00223606824875, 0.00224833516404]
    mean: [9.87953826552e-05, 9.45350184338e-05, 9.52360642259e-05, 9.66006482486e-05, 0.000106373561721]
    median: [5.4438252846e-05, 4.97416986036e-05, 4.99868547195e-05, 4.99642483192e-05, 5.01915965287e-05]
    min: [6.34541538602e-06, 3.29370004692e-06, 5.30179477209e-06, 7.3104920375e-06, 8.92283787834e-06]
    skew: [6.42148113251, 6.41952466965, 6.41945028305, 6.40956401825, 6.01843070984]
    var: [1.0614797219e-07, 1.05926318383e-07, 1.05318548549e-07, 1.0478992607e-07, 1.10096024741e-07]
