
metadata:
    version:
        essentia: "2.1-beta3"

Flux:
    dmean: 0.0132420957088
    dmean2: 0
    dvar: 0
    dvar2: 0
    kurt: -2
    max: 0.298175543547
    mean: 0.291554510593
    median: 0.291554510593
    min: 0.284933447838
    skew: -6.75645833326e-06
    var: 4.38382739958e-05

Rms:
    dmean: 0
    dmean2: 0
    dvar: 0
    dvar2: 0
    kurt: 0
    max: 0.102331914008
    mean: 0.102331914008
    median: 0.102331914008
    min: 0.102331914008
    skew: 0
    var: 0

RollOff:
    dmean: 882.861328125
    dmean2: 0
    dvar: 0
    dvar2: 0
    kurt: -2
    max: 2691.65039062
    mean: 2250.21972656
    median: 2250.21972656
    min: 1808.7890625
    skew: 0
    var: 194861.03125

SpecCent:
    dmean: 19.19921875
    dmean2: 0
    dvar: 0
    dvar2: 0
    kurt: -2
    max: 2259.1550293
    mean: 2249.55541992
    median: 2249.55541992
    min: 2239.95581055
    skew: 0
    var: 92.1524963379

Zcr:
    dmean: 0.00048828125
    dmean2: 0
    dvar: 0
    dvar2: 0
    kurt: -2
    max: 0.017578125
    mean: 0.017333984375
    median: 0.017333984375
    min: 0.01708984375
    skew: 0
    var: 5.96046447754e-08

HarmonicAmpFreq:
    dmean: [0]
    dmean2: [0]
    dvar: [0]
    dvar2: [0]
    kurt: [nan]
    max: [2421.60131836]
    mean: [2421.60131836]
    median: [2421.60131836]
    min: [2421.60131836]
    skew: [nan]
    var: [0]

HarmonicAmpMag:
    dmean: [0]
    dmean2: [0]
    dvar: [0]
    dvar2: [0]
    kurt: [nan]
    max: [0]
    mean: [0]
    median: [0]
    min: [0]
    skew: [nan]
    var: [0]

MfccCoeff:
    dmean: [285.53112793, 82.8505859375, 45.3522644043, 81.9309539795, 21.0186653137, 7.20224761963, 14.0481910706, 13.607635498, 3.44160842896, 3.47134590149, 1.73209381104, 4.87001037598, 1.34601783752]
    dmean2: [0, 0, 0, 0, 0, 0, 0, 0, 0, 0, 0, 0, 0]
    dvar: [0, 0, 0, 0, 0, 0, 0, 0, 0, 0, 0, 0, 0]
    dvar2: [0, 0, 0, 0, 0, 0, 0, 0, 0, 0, 0, 0, 0]
    kurt: [-2, -2, -2, -2, -2, -2, -2, -2, -2, -2, -2, -2, -2]
    max: [-606.756774902, 159.965576172, -90.7227478027, 2.90070533752, 27.3971748352, -4.78665161133, -12.119052887, 14.0124969482, 3.07786941528, -6.67500114441, 0.0413475036621, 5.31475067139, -3.39015769958]
    mean: [-749.522338867, 118.540283203, -113.398880005, -38.0647735596, 16.8878421783, -8.38777542114, -19.1431484222, 7.20867919922, 1.35706520081, -8.41067409515, -0.824699401855, 2.8797454834, -4.06316661835]
    median: [-749.522338867, 118.540283203, -113.398880005, -38.0647735596, 16.8878421783, -8.38777542114, -19.1431484222, 7.20867919922, 1.35706520081, -8.41067409515, -0.824699401855, 2.8797454834, -4.06316661835]
    min: [-892.287902832, 77.1149902344, -136.075012207, -79.0302505493, 6.37850952148, -11.988899231, -26.1672439575, 0.404861450195, -0.363739013672, -10.1463470459, -1.69074630737, 0.44474029541, -4.73617553711]
    skew: [0, 0, 0, 0, 0, 0, 0, 0, 0, 0, 0, 0, 0]
    var: [20382.0058594, 1716.05493164, 514.206970215, 1678.17028809, 110.446075439, 12.9680929184, 49.3379173279, 46.291934967, 2.96116709709, 3.012560606, 0.750037252903, 5.92925024033, 0.452941000462]

SpecContrastCoeff:
    dmean: [0.14273506403, 0.0585771203041, 0.121043503284, 0.0840036273003, 0.153165638447, 0.0493952035904]
    dmean2: [0, 0, 0, 0, 0, 0]
    dvar: [0, 0, 0, 0, 0, 0]
    dvar2: [0, 0, 0, 0, 0, 0]
    kurt: [-1.99999988079, -1.99999988079, -2, -2, -2, -2]
    max: [-0.81268465519, -0.830318331718, -0.860892653465, -0.837483823299, -0.548027157784, -0.85925424099]
    mean: [-0.884052157402, -0.859606862068, -0.921414375305, -0.879485607147, -0.624609947205, -0.883951842785]
    median: [-0.884052157402, -0.859606862068, -0.921414375305, -0.879485607147, -0.624609947205, -0.883951842785]
    min: [-0.955419719219, -0.888895452023, -0.98193615675, -0.9214874506, -0.70119279623, -0.90864944458]
    skew: [-1.24102302834e-06, -3.04078275803e-06, -1.47695823216e-06, -2.11117617255e-06, -1.13395049084e-06, 0]
    var: [0.00509332446381, 0.000857819744851, 0.00366288237274, 0.00176415243186, 0.00586492847651, 0.000609971524682]

SpecPeakAmp:
    dmean: [0.00252827280201, 0.000176430214196, 0.000325981061906, 0.000684184022248, 0.00139139709063]
    dmean2: [0, 0, 0, 0, 0]
    dvar: [0, 0, 0, 0, 0]
    dvar2: [0, 0, 0, 0, 0]
    kurt: [-2, -2, -2, -2, -2]
    max: [0.0026554428041, 0.00287875346839, 0.00315083167516, 0.00364272552542, 0.00429103709757]
    mean: [0.00139130640309, 0.0027905383613, 0.0029878411442, 0.0033006335143, 0.00359533866867]
    median: [0.00139130640309, 0.0027905383613, 0.0029878411442, 0.0033006335143, 0.00359533866867]
    min: [0.000127169929328, 0.0027023232542, 0.00282485061325, 0.00295854150318, 0.00289964000694]
    skew: [-1.0991535504e-07, 0, 0, 0, -5.35797028078e-07]
    var: [1.59804096711e-06, 7.78190489825e-09, 2.65659139131e-08, 1.17026942803e-07, 4.83996473122e-07]
