
metadata:
    version:
        essentia: "2.1-beta3"

Flux:
    dmean: 5.10571317136e-06
    dmean2: 7.69914004195e-06
    dvar: 3.09609338167e-10
    dvar2: 6.70112021428e-10
    kurt: 14.1964912415
    max: 9.50189205469e-05
    mean: 6.00503972237e-06
    median: 1.43234751704e-06
    min: 5.68292080061e-07
    skew: 3.88160538673
    var: 3.21291160343e-10

Rms:
    dmean: 1.75640604994e-06
    dmean2: 2.06831055038e-06
    dvar: 2.39509540673e-11
    dvar2: 1.69419998863e-11
    kurt: 19.3787994385
    max: 7.76908054831e-05
    mean: 7.59017639211e-05
    median: 7.73384454078e-05
    min: 4.48379068985e-05
    skew: -4.47048187256
    var: 3.30549580763e-11

RollOff:
    dmean: 1.00154435635
    dmean2: 1.025390625
    dvar: 20.5633563995
    dvar2: 21.0285148621
    kurt: 17.0476436615
    max: 215.33203125
    mean: 194.777603149
    median: 193.798828125
    min: 193.798828125
    skew: 4.36436223984
    var: 20.118303299

SpecCent:
    dmean: 5.89386129379
    dmean2: 9.4808549881
    dvar: 39.0303268433
    dvar2: 46.0271530151
    kurt: 13.0037155151
    max: 532.583312988
    mean: 493.417663574
    median: 491.620239258
    min: 487.601074219
    skew: 3.40998578072
    var: 61.8443450928

Zcr:
    dmean: 0.000317950587487
    dmean2: 0.000465029763291
    dvar: 6.86243026848e-07
    dvar2: 7.2606798085e-07
    kurt: 16.7836761475
    max: 0.0087890625
    mean: 0.0081898085773
    median: 0.00830078125
    min: 0.00390625
    skew: -4.17919254303
    var: 7.24614778846e-07

HarmonicAmpFreq:
    dmean: [0.0710413753986]
    dmean2: [0.0914996936917]
    dvar: [0.0410812757909]
    dvar2: [0.0329047031701]
    kurt: [28.9760303497]
    max: [185.736358643]
    mean: [185.659484863]
    median: [185.704956055]
    min: [184.305297852]
    skew: [-5.37817239761]
    var: [0.0492776595056]

HarmonicAmpMag:
    dmean: [2.7322423648e-06]
    dmean2: [2.79814912574e-06]
    dvar: [1.56811771901e-10]
    dvar2: [1.54994531099e-10]
    kurt: [23.9148101807]
    max: [0.000103745063825]
    mean: [0.000100998200651]
    median: [0.000103655227576]
    min: [2.83879835479e-05]
    skew: [-4.95171260834]
    var: [1.58643154169e-10]

MfccCoeff:
    dmean: [0.117644555867, 0.161885112524, 0.148661062121, 0.127509534359, 0.0996991544962, 0.0668714642525, 0.0310026649386, 0.00608559558168, 0.0417583361268, 0.0743583887815, 0.102072961628, 0.12346791476, 0.137547165155]
    dmean2: [0.121436707675, 0.167111352086, 0.153462007642, 0.131628125906, 0.102929979563, 0.069068543613, 0.0320954099298, 0.00636836467311, 0.0430801026523, 0.0767544358969, 0.105373382568, 0.127456665039, 0.141976490617]
    dvar: [0.305690050125, 0.578872859478, 0.488420188427, 0.35967490077, 0.220264077187, 0.0994723215699, 0.0216138213873, 0.000713728542905, 0.0377034507692, 0.120749630034, 0.2284514606, 0.335118502378, 0.416740059853]
    dvar2: [0.30901414156, 0.585177779198, 0.493728548288, 0.363564014435, 0.222620412707, 0.100510656834, 0.0218194015324, 0.00072479294613, 0.0381564684212, 0.122138306499, 0.231032550335, 0.338862091303, 0.421350896358]
    kurt: [25.6225795746, 25.6420993805, 25.6759204865, 25.7425518036, 25.86743927, 26.1328468323, 27.0154495239, 18.4738845825, 24.3296012878, 24.8954410553, 25.1393451691, 25.3022880554, 25.4419326782]
    max: [-1135.06054688, 4.62363815308, 4.24865722656, 3.64882278442, 2.85932922363, 1.92725372314, 0.906925201416, -5.34057617188e-05, -4.57763671875e-05, -2.28881835938e-05, -2.67028808594e-05, -3.0517578125e-05, -3.81469726562e-05]
    mean: [-1135.17907715, 4.46079969406, 4.09909534454, 3.52053594589, 2.75902581215, 1.85997569561, 0.875709891319, -0.136699855328, -1.1196616888, -2.01854038239, -2.78503394127, -3.37997841835, -3.77569580078]
    median: [-1135.06591797, 4.61625289917, 4.24186706543, 3.64302444458, 2.85482025146, 1.9242477417, 0.905498504639, -0.142395019531, -1.15966796875, -2.08987045288, -2.8829460144, -3.49842453003, -3.90770339966]
    min: [-1138.42004395, 1.14440917969e-05, -6.103515625e-05, 8.01086425781e-05, -6.103515625e-05, 2.28881835938e-05, -2.67028808594e-05, -0.142890930176, -1.16157531738, -2.09328460693, -2.88767623901, -3.50416564941, -3.91405487061]
    skew: [-5.10299444199, -5.10522460938, -5.10823106766, -5.11415529251, -5.12528514862, -5.14896631241, -5.22811317444, 4.48424434662, 4.98908853531, 5.03900766373, 5.06058883667, 5.07503271103, 5.08743143082]
    var: [0.302906483412, 0.573601961136, 0.483990758657, 0.35643517971, 0.218311160803, 0.0986185595393, 0.0214510541409, 0.000703083758708, 0.0373129993677, 0.119559504092, 0.226252034307, 0.331945151091, 0.412855833769]

SpecContrastCoeff:
    dmean: [0.0204707309604, 0.0313055478036, 0.013438818045, 0.012150443159, 0.0131238419563, 0.010009130463]
    dmean2: [0.0240525119007, 0.0581412017345, 0.0221489481628, 0.0166461486369, 0.0197095181793, 0.0159745551646]
    dvar: [0.00205605919473, 0.00029016143526, 0.000200631242478, 0.000520697387401, 0.000315028592013, 0.000178977570613]
    dvar2: [0.00178743898869, 0.00113401818089, 0.000344285392202, 0.000524177856278, 0.00037858937867, 0.000182028088602]
    kurt: [14.5662403107, -0.742183446884, 8.388422966, 15.5691146851, 11.5856227875, 12.0020313263]
    max: [-0.548266351223, -0.872400343418, -0.872222661972, -0.808427453041, -0.831615149975, -0.837764799595]
    mean: [-0.578914761543, -0.914142251015, -0.893329560757, -0.833010077477, -0.854844808578, -0.86053866148]
    median: [-0.565668165684, -0.917806625366, -0.89054197073, -0.827158391476, -0.853406429291, -0.859692692757]
    min: [-0.84350502491, -0.960424721241, -0.967793762684, -0.96277910471, -0.945648908615, -0.930172860622]
    skew: [-3.92502450943, 0.150399655104, -2.46500134468, -4.00383758545, -3.21526646614, -3.30776906013]
    var: [0.00298069999553, 0.000459727802081, 0.000262757675955, 0.000688694941346, 0.000381819321774, 0.000256815343164]

SpecPeakAmp:
    dmean: [1.47296009345e-06, 7.63470379752e-05, 7.70361439209e-05, 8.23106063308e-08, 1.25678027985e-07]
    dmean2: [1.58789964644e-06, 0.000154512454174, 0.000155279791215, 1.09153106109e-07, 1.90110142739e-07]
    dvar: [6.87502554886e-11, 2.0135275669e-09, 2.03544425759e-09, 4.72936712579e-14, 2.69950348967e-14]
    dvar2: [7.06309316589e-11, 2.61641908139e-09, 2.67514765895e-09, 5.00455322257e-14, 3.24717737508e-14]
    kurt: [38.9173088074, -1.94550669193, -1.86320447922, 29.2274742126, 18.4184513092]
    max: [6.33629388176e-05, 0.000103745063825, 0.000103723432403, 1.54328108692e-06, 1.15730915695e-06]
    mean: [9.588595276e-06, 5.72618591832e-05, 4.25234757131e-05, 1.68971169501e-07, 2.06104459721e-07]
    median: [8.38685809867e-06, 0.000103608275822, 1.50847682789e-07, 1.22895983168e-07, 1.55598399942e-07]
    min: [6.56731072013e-06, 1.15292138503e-07, 6.65819612777e-08, 6.71723725532e-08, 6.85521257537e-08]
    skew: [6.39197969437, -0.199099570513, 0.369729429483, 5.36157178879, 3.9546957016]
    var: [6.73335970314e-11, 2.59371280009e-09, 2.58733034997e-09, 5.0415489112e-14, 2.98250702293e-14]
