
metadata:
    version:
        essentia: "2.1-beta3"

Flux:
    dmean: 0.000125122634927
    dmean2: 0.000172470041434
    dvar: 1.66490877973e-07
    dvar2: 3.35685371056e-07
    kurt: 9.29818439484
    max: 0.00232861586846
    mean: 0.000166988334968
    median: 1.10788396341e-05
    min: 4.60231194666e-06
    skew: 3.26213932037
    var: 2.67783661911e-07

Rms:
    dmean: 5.94744960836e-05
    dmean2: 5.50301883777e-05
    dvar: 3.37808820916e-08
    dvar2: 1.5106122575e-08
    kurt: 22.0650520325
    max: 0.00172156863846
    mean: 0.00165061687585
    median: 0.00171208882239
    min: 0.000218475732254
    skew: -4.65127325058
    var: 6.26179641472e-08

RollOff:
    dmean: 24.4695491791
    dmean2: 24.5378360748
    dvar: 23702.2285156
    dvar2: 23239.6113281
    kurt: 39.9527740479
    max: 1248.92578125
    mean: 218.203125
    median: 193.798828125
    min: 193.798828125
    skew: 6.47431468964
    var: 24164.8808594

SpecCent:
    dmean: 24.8486156464
    dmean2: 25.2756633759
    dvar: 18734.2421875
    dvar2: 15672.7001953
    kurt: 39.406867981
    max: 1189.96691895
    mean: 210.715103149
    median: 186.731796265
    min: 184.758666992
    skew: 6.41333055496
    var: 21951.8515625

Zcr:
    dmean: 0.000377308228053
    dmean2: 0.000420148979174
    dvar: 8.00475447704e-07
    dvar2: 4.94373352922e-07
    kurt: 18.3049526215
    max: 0.0087890625
    mean: 0.008051215671
    median: 0.00830078125
    min: 0.0009765625
    skew: -4.22937583923
    var: 1.68082158325e-06

HarmonicAmpFreq:
    dmean: [0.0529691539705]
    dmean2: [0.0886276587844]
    dvar: [0.0137593271211]
    dvar2: [0.021087879315]
    kurt: [12.4780502319]
    max: [185.734909058]
    mean: [185.66104126]
    median: [185.701568604]
    min: [184.900192261]
    skew: [-3.70747637749]
    var: [0.0282775927335]

HarmonicAmpMag:
    dmean: [9.14462070796e-05]
    dmean2: [7.07381113898e-05]
    dvar: [1.15061858708e-07]
    dvar2: [8.07815467851e-08]
    kurt: [15.453868866]
    max: [0.00231554289348]
    mean: [0.00220332946628]
    median: [0.00231430563144]
    min: [0]
    skew: [-4.04215526581]
    var: [1.90293903302e-07]

MfccCoeff:
    dmean: [1.56260538101, 2.08263301849, 1.73319864273, 1.24712479115, 0.734170734882, 0.293169379234, 0.109683297575, 0.180233180523, 0.232287660241, 0.385730564594, 0.519186735153, 0.624791741371, 0.696144163609]
    dmean2: [2.14939713478, 2.85418868065, 2.34664058685, 1.64691233635, 0.921095728874, 0.317697048187, 0.0752857998013, 0.242125228047, 0.23646864295, 0.306516617537, 0.356143027544, 0.395657390356, 0.440562665462]
    dvar: [54.5041389465, 97.2456054688, 68.4119491577, 36.7544326782, 13.9709596634, 3.06685638428, 0.229558289051, 0.577770411968, 1.55962133408, 2.71642708778, 4.22080278397, 5.84733009338, 7.13672828674]
    dvar2: [115.241241455, 203.88873291, 139.414215088, 70.4621658325, 23.461101532, 3.55760860443, 0.1479164958, 1.21928608418, 1.57388877869, 1.38466751575, 1.88961386681, 3.06809711456, 4.24487543106]
    kurt: [19.9042549133, 19.6753616333, 19.4756546021, 21.2663631439, 28.784488678, 39.504611969, 23.9841766357, 17.0043544769, 35.6043167114, 31.374546051, 26.8126964569, 24.2618846893, 22.8452281952]
    max: [-1094.32714844, 59.1652603149, 50.3291358948, 37.816242218, 24.1740722656, 11.7476959229, 4.80400466919, -5.34057617188e-05, -4.57763671875e-05, -2.28881835938e-05, -2.67028808594e-05, -3.0517578125e-05, -3.81469726562e-05]
    mean: [-1117.95300293, 28.0986843109, 25.6244297028, 21.708442688, 16.6329174042, 10.7453746796, 4.42317867279, -1.95344543457, -8.02306556702, -13.4571590424, -17.9718379974, -21.3392601013, -23.4005470276]
    median: [-1118.00341797, 28.0614738464, 25.6755714417, 21.8644447327, 16.8634338379, 10.9809112549, 4.57591629028, -1.96447753906, -8.25119018555, -13.9183197021, -18.6465206146, -22.1827011108, -24.3553886414]
    min: [-1138.42004395, 1.14440917969e-05, -6.103515625e-05, 8.01086425781e-05, -6.103515625e-05, 2.28881835938e-05, -2.67028808594e-05, -4.43949890137, -8.25193786621, -13.9192962646, -18.6476192474, -22.1837997437, -24.3563957214]
    skew: [1.01140499115, 0.710332930088, -0.259742617607, -2.04730534554, -4.54313516617, -6.41878509521, -4.95763874054, -1.2731539011, 6.02376699448, 5.57185602188, 5.1374912262, 4.90037441254, 4.76560544968]
    var: [21.7380123138, 39.0355987549, 28.1882324219, 16.2794914246, 7.46816015244, 2.64019227028, 0.583958864212, 0.244346886873, 1.54605615139, 4.61631298065, 8.91749095917, 13.280257225, 16.5221538544]

SpecContrastCoeff:
    dmean: [0.03504890576, 0.0168398506939, 0.0189635101706, 0.0214584004134, 0.0158788524568, 0.00957763101906]
    dmean2: [0.0521112605929, 0.0315525643528, 0.0352421812713, 0.0398394986987, 0.0278267078102, 0.0171105768532]
    dvar: [0.00377800455317, 0.000316874647979, 0.000260418426478, 0.000154788824148, 0.00010679008119, 0.000102428479295]
    dvar2: [0.00446830037981, 0.00074456416769, 0.000671359011903, 0.000475108827231, 0.000353399373125, 0.000315037148539]
    kurt: [12.7068309784, 4.76546382904, 1.10542631149, -0.606064081192, 1.18839597702, 7.83068561554]
    max: [-0.40026140213, -0.882584035397, -0.908212959766, -0.90816026926, -0.896490812302, -0.895227849483]
    mean: [-0.459025323391, -0.955521583557, -0.955256819725, -0.939998626709, -0.929813802242, -0.921188354492]
    median: [-0.438901215792, -0.964616775513, -0.959655046463, -0.943616628647, -0.93077647686, -0.922026097775]
    min: [-0.939115405083, -0.986906468868, -0.974825739861, -0.965638697147, -0.963076472282, -0.964613139629]
    skew: [-3.63887691498, 2.16863417625, 1.25920522213, 0.50197249651, -0.146440014243, -1.36210048199]
    var: [0.00996993295848, 0.000411463523051, 0.000237129541347, 0.000199361471459, 0.000146909136674, 9.43917766563e-05]

SpecPeakAmp:
    dmean: [6.39495192445e-05, 0.00135208491702, 0.00126253662165, 1.49664560922e-06, 1.3298599697e-06]
    dmean2: [9.81547273113e-05, 0.00272576580755, 0.00258215866052, 2.42033047471e-06, 2.21370646614e-06]
    dvar: [7.56697531301e-08, 1.26907809772e-06, 1.32177001433e-06, 5.41008210453e-12, 4.04152362618e-12]
    dvar2: [1.94462742797e-07, 1.08190181436e-06, 1.28872034111e-06, 1.05633782971e-11, 9.01739447001e-12]
    kurt: [39.9895210266, -1.87447714806, -1.63576900959, 14.92760849, 20.4022407532]
    max: [0.00132925319485, 0.00231554289348, 0.00231524952687, 1.20600561786e-05, 1.12749166874e-05]
    mean: [3.80172714358e-05, 0.00135216186754, 0.000824983639177, 2.31575018006e-06, 2.06060963137e-06]
    median: [8.90687715582e-06, 0.00231363996863, 2.62028470388e-06, 2.07206039704e-06, 1.91451135834e-06]
    min: [1.88304193216e-06, 7.08552420292e-07, 4.57710797264e-07, 3.3986731296e-07, 2.68966232397e-07]
    skew: [6.47858047485, -0.332011014223, 0.603470683098, 3.89437603951, 4.26747369766]
    var: [3.79076077195e-08, 1.27304781472e-06, 1.22373353406e-06, 4.17141408221e-12, 2.67930556214e-12]
