
metadata:
    version:
        essentia: "2.1-beta3"

Flux:
    dmean: 0.00286544510163
    dmean2: 0.0036324064713
    dvar: 8.38192427182e-05
    dvar2: 0.000162341151736
    kurt: 9.92664337158
    max: 0.0543586015701
    mean: 0.00368329905905
    median: 0.000192686187802
    min: 1.31841425173e-05
    skew: 3.33446216583
    var: 0.000136794958962

Rms:
    dmean: 0.00124315777794
    dmean2: 0.00113364495337
    dvar: 1.33611138153e-05
    dvar2: 5.43121404917e-06
    kurt: 19.8145923615
    max: 0.0385446362197
    mean: 0.0370418615639
    median: 0.0383251905441
    min: 0.0086282780394
    skew: -4.42905378342
    var: 2.62028388534e-05

RollOff:
    dmean: 4.89390993118
    dmean2: 4.50694942474
    dvar: 671.567932129
    dvar2: 529.632141113
    kurt: 38.0067481995
    max: 387.59765625
    mean: 199.0625
    median: 193.798828125
    min: 193.798828125
    skew: 6.25828123093
    var: 827.523620605

SpecCent:
    dmean: 14.3260984421
    dmean2: 14.0173168182
    dvar: 4462.76708984
    dvar2: 2745.59130859
    kurt: 37.1287536621
    max: 728.734802246
    mean: 199.273956299
    median: 185.118789673
    min: 183.21484375
    skew: 6.17497396469
    var: 6599.38378906

Zcr:
    dmean: 0.000432794739027
    dmean2: 0.000499636633322
    dvar: 1.10773476081e-06
    dvar2: 8.70375913564e-07
    kurt: 18.2134399414
    max: 0.0087890625
    mean: 0.00801866315305
    median: 0.00830078125
    min: 0
    skew: -4.22762680054
    var: 2.16684202314e-06

HarmonicAmpFreq:
    dmean: [0.0596063770354]
    dmean2: [0.0704973787069]
    dvar: [0.01421884913]
    dvar2: [0.00796602386981]
    kurt: [12.8136558533]
    max: [185.727203369]
    mean: [185.659912109]
    median: [185.70123291]
    min: [184.90965271]
    skew: [-3.74420261383]
    var: [0.028798641637]

HarmonicAmpMag:
    dmean: [0.0020462225657]
    dmean2: [0.00163119856734]
    dvar: [5.85003399465e-05]
    dvar2: [3.99397467845e-05]
    kurt: [16.1052513123]
    max: [0.051835808903]
    mean: [0.0493784062564]
    median: [0.0518148317933]
    min: [0]
    skew: [-4.11806821823]
    var: [9.35675998335e-05]

MfccCoeff:
    dmean: [12.7196683884, 6.51973772049, 1.96837890148, 3.31452584267, 4.68615627289, 5.83006572723, 6.24274492264, 5.64908027649, 4.77944231033, 3.60901331902, 2.48995065689, 1.62129473686, 1.86144638062]
    dmean2: [18.9744586945, 9.10809993744, 1.75454390049, 5.09690856934, 9.08976173401, 11.211098671, 12.0957603455, 10.9056482315, 8.62995052338, 6.21692752838, 3.77507543564, 1.96968793869, 2.24457788467]
    dvar: [2643.59619141, 527.309936523, 21.534072876, 12.8483009338, 13.5789642334, 8.78710079193, 7.88526010513, 6.89184713364, 4.07024002075, 6.17959022522, 13.0571756363, 23.5258464813, 28.5978507996]
    dvar2: [6630.90771484, 1214.0736084, 11.7838497162, 12.0002002716, 27.7870292664, 26.5174274445, 27.6557731628, 24.3854446411, 16.8860778809, 8.10157299042, 11.0248613358, 24.7204704285, 29.4149513245]
    kurt: [37.4536209106, 20.6204853058, 13.3907680511, 13.095451355, 7.49311447144, 1.26831674576, -1.53544211388, -1.53213989735, 4.93297576904, 13.4874477386, 15.8641204834, 15.0352745056, 14.3169078827]
    max: [-858.631469727, 152.785797119, 85.9331054688, 67.429397583, 46.4118995667, 30.0543823242, 13.4007911682, -0.184989929199, -2.14663696289, -2.86447143555, -2.58084487915, -1.67021179199, -0.542304992676]
    mean: [-1085.94934082, 66.6320343018, 57.8404388428, 47.909072876, 35.1473274231, 21.2724533081, 7.00401687622, -6.40993261337, -18.3233699799, -28.0379333496, -35.3041267395, -39.9059715271, -41.9183502197]
    median: [-1091.35583496, 64.4188613892, 58.0255470276, 48.6928253174, 36.4098548889, 22.4563446045, 7.38631057739, -5.59609985352, -18.1798858643, -28.7155380249, -36.9079933167, -41.9726066589, -44.1471214294]
    min: [-1120.80249023, 23.9436454773, 21.184173584, 17.0698280334, 12.2242584229, 7.34093475342, 0.770709991455, -11.2037277222, -22.4545440674, -31.3687820435, -38.1498603821, -42.3780632019, -44.7457084656]
    skew: [6.16907215118, 3.63975358009, -1.41585636139, -1.99405002594, -2.15525078773, -0.924801528454, -0.0915544331074, -0.131553515792, 1.72798132896, 3.54562473297, 4.02812337875, 3.97759127617, 3.88620853424]
    var: [1211.48742676, 236.54498291, 58.9387054443, 39.1963500977, 31.377571106, 18.3253536224, 13.3628282547, 11.6900978088, 15.2673864365, 26.2546958923, 41.0005569458, 58.063293457, 69.1727981567]

SpecContrastCoeff:
    dmean: [0.0492804758251, 0.0120348837227, 0.0079757058993, 0.00608797091991, 0.00607686676085, 0.0098635321483]
    dmean2: [0.0655306652188, 0.0214682724327, 0.0153392720968, 0.00811162497848, 0.00898464024067, 0.0181127935648]
    dvar: [0.00584497116506, 0.000458283990156, 0.000178282803972, 0.000131251508719, 0.000142753255204, 0.000156921349117]
    dvar2: [0.00309568620287, 0.000708972336724, 0.000333816773491, 0.000123037316371, 0.000217809327296, 0.000354379444616]
    kurt: [16.8601074219, 10.4017314911, 13.5031490326, 21.4302616119, 15.917383194, 5.46721076965]
    max: [-0.19508831203, -0.800452649593, -0.877340614796, -0.870953440666, -0.893090307713, -0.907020449638]
    mean: [-0.279538780451, -0.945706248283, -0.958386063576, -0.961694180965, -0.960078418255, -0.957048296928]
    median: [-0.257740855217, -0.957413733006, -0.965162277222, -0.967016637325, -0.964284896851, -0.963035166264]
    min: [-0.97934949398, -0.958972096443, -0.965740084648, -0.967740952969, -0.965624928474, -0.964234411716]
    skew: [-4.0566983223, 3.31996130943, 3.74237537384, 4.41937160492, 3.82951140404, 2.3888630867]
    var: [0.017297860235, 0.00103641918395, 0.000324671767885, 0.000250589742791, 0.00015821577108, 0.000148875566083]

SpecPeakAmp:
    dmean: [0.00149292463902, 0.00204581860453, 5.90605050093e-05, 3.8179980038e-05, 3.09308270516e-05]
    dmean2: [0.00229570339434, 0.00325336284004, 9.33730916586e-05, 5.82236061746e-05, 4.88498990308e-05]
    dvar: [4.37446506112e-05, 8.58319181134e-05, 1.97358005494e-08, 1.47836400899e-08, 1.02871551277e-08]
    dvar2: [0.00011222975445, 0.000139556344948, 4.33533493549e-08, 3.66254830908e-08, 2.62028194697e-08]
    kurt: [39.9974975586, 11.1536111832, 17.5095176697, 32.1012954712, 36.3432350159]
    max: [0.0318931676447, 0.051835808903, 0.000628806010354, 0.000598788261414, 0.000500051653944]
    mean: [0.000775171502028, 0.0486847385764, 6.60624646116e-05, 3.29380527546e-05, 2.63920082944e-05]
    median: [6.36238473817e-05, 0.0518148317933, 4.37080234406e-05, 1.60697600222e-05, 1.4249763808e-05]
    min: [7.73690135247e-06, 1.77666934178e-05, 1.03665388451e-05, 5.39057373317e-06, 4.64933373223e-06]
    skew: [6.47953414917, -3.59149003029, 4.36714744568, 5.67978334427, 6.08913087845]
    var: [2.20139554585e-05, 0.000138996329042, 1.29209212218e-08, 8.09131428525e-09, 5.33508393019e-09]
