
metadata:
    version:
        essentia: "2.1-beta3"

Flux:
    dmean: 0.0252484995872
    dmean2: 0.0344402976334
    dvar: 0.00675565050915
    dvar2: 0.0133505119011
    kurt: 9.08800411224
    max: 0.47991463542
    mean: 0.0338704138994
    median: 0.00181756750681
    min: 0.000179787297384
    skew: 3.23173975945
    var: 0.0113412328064

Rms:
    dmean: 0.0122720450163
    dmean2: 0.0113767692819
    dvar: 0.00144426559564
    dvar2: 0.000650660309475
    kurt: 22.3084506989
    max: 0.355121701956
    mean: 0.340529471636
    median: 0.353334784508
    min: 0.0440716706216
    skew: -4.67537117004
    var: 0.00266689155251

RollOff:
    dmean: 24.958940506
    dmean2: 25.038608551
    dvar: 24700.2363281
    dvar2: 24239.1933594
    kurt: 39.9555473328
    max: 1270.45898438
    mean: 218.681640625
    median: 193.798828125
    min: 193.798828125
    skew: 6.47463655472
    var: 25161.3886719

SpecCent:
    dmean: 27.5163822174
    dmean2: 27.7170124054
    dvar: 23112.5800781
    dvar2: 19278.4765625
    kurt: 39.3846817017
    max: 1301.08752441
    mean: 211.949935913
    median: 184.971694946
    min: 183.215499878
    skew: 6.41089630127
    var: 27162.0078125

Zcr:
    dmean: 0.000421697448473
    dmean2: 0.000476925866678
    dvar: 9.3840367299e-07
    dvar2: 6.26413111604e-07
    kurt: 16.9614963531
    max: 0.0087890625
    mean: 0.00802951399237
    median: 0.00830078125
    min: 0.00048828125
    skew: -4.10078144073
    var: 1.99800638256e-06

HarmonicAmpFreq:
    dmean: [0.0448046587408]
    dmean2: [0.0591278076172]
    dvar: [0.00665456755087]
    dvar2: [0.00493358448148]
    kurt: [23.620136261]
    max: [185.727142334]
    mean: [185.674972534]
    median: [185.704208374]
    min: [184.897247314]
    skew: [-4.85539531708]
    var: [0.0180413611233]

HarmonicAmpMag:
    dmean: [0.0186833869666]
    dmean2: [0.0144143439829]
    dvar: [0.0047886040993]
    dvar2: [0.00333334878087]
    kurt: [15.6475372314]
    max: [0.477583050728]
    mean: [0.454681813717]
    median: [0.477412879467]
    min: [0]
    skew: [-4.05815315247]
    var: [0.00798746105283]

MfccCoeff:
    dmean: [57.8513069153, 13.8069677353, 30.4137134552, 18.7747802734, 9.00215053558, 9.13506221771, 5.18710136414, 4.85509443283, 4.30711317062, 3.18148517609, 3.44867348671, 2.74995613098, 2.79510259628]
    dmean2: [97.4410171509, 26.0678691864, 56.2055282593, 35.9309883118, 16.055109024, 16.8731765747, 9.77567768097, 9.4332742691, 8.25716304779, 5.77633428574, 5.45408916473, 3.72679448128, 3.80986952782]
    dvar: [6284.0625, 147.919525146, 247.545516968, 181.48614502, 48.6610870361, 25.4575424194, 14.7120876312, 12.5310373306, 8.60338973999, 14.1668891907, 22.2806072235, 29.4648799896, 31.2240123749]
    dvar2: [13948.1337891, 221.890823364, 968.174438477, 492.697357178, 126.915115356, 69.5676498413, 35.3063240051, 37.1574325562, 26.2413787842, 25.4221954346, 25.2287197113, 27.4066562653, 33.654876709]
    kurt: [19.5497913361, 9.02859401703, -0.398755788803, 2.64596939087, 8.36200237274, 5.57890605927, 8.08405208588, -0.348669528961, 1.86304140091, 10.1227931976, 14.6447372437, 15.0310001373, 13.2039775848]
    max: [-617.337219238, 168.941497803, 108.242675781, 77.8227386475, 47.4800300598, 25.1486968994, 9.38600540161, -2.4317150116, -7.73467254639, -3.72920227051, 2.84878158569, 4.09714508057, 0.398193359375]
    mean: [-987.217651367, 151.19052124, 78.9849090576, 48.9528198242, 32.8509178162, 16.2158126831, 3.2902879715, -8.70596790314, -19.5344657898, -28.2120685577, -35.4886817932, -40.0762329102, -42.4449691772]
    median: [-992.369628906, 156.100311279, 75.4154052734, 44.7149543762, 34.8068733215, 17.0560836792, 3.34814834595, -7.5482711792, -19.094909668, -29.0318832397, -36.6233711243, -41.8935203552, -44.0050010681]
    min: [-1048.20666504, 86.677986145, 19.9636230469, -6.48881149292, -9.22441101074, -15.1733322144, -17.5056838989, -16.1555862427, -26.0663833618, -34.6704864502, -42.2988471985, -46.1360435486, -48.9422874451]
    skew: [4.14515542984, -2.56977772713, -0.277860701084, -0.390948385, -2.12681984901, -1.81410515308, -2.10649681091, -0.670345306396, 0.807548165321, 3.04923224449, 3.73580932617, 3.88882160187, 3.67576599121]
    var: [4404.97021484, 183.515411377, 439.350952148, 225.000350952, 81.6639099121, 51.8264770508, 19.9592819214, 11.378080368, 12.7824449539, 29.2942333221, 56.3172264099, 74.7151489258, 76.8937911987]

SpecContrastCoeff:
    dmean: [0.0375852137804, 0.0186277646571, 0.00919404067099, 0.00544406333938, 0.00527031440288, 0.00665287533775]
    dmean2: [0.0426853485405, 0.0327624119818, 0.0156093956903, 0.00798342563212, 0.00793431419879, 0.011147624813]
    dvar: [0.00746743241325, 0.00131614459679, 0.000125099191791, 8.85261324584e-05, 7.49446480768e-05, 0.000190974125871]
    dvar2: [0.00467958534136, 0.00326267583296, 0.000217105043703, 0.000162725351402, 0.00013854187273, 0.000503226125147]
    kurt: [20.1838855743, 9.8677740097, 15.8780555725, 18.6936264038, 17.395483017, 10.3071556091]
    max: [-0.0404155887663, -0.802280545235, -0.872367799282, -0.8907366395, -0.89483499527, -0.89912122488]
    mean: [-0.105792656541, -0.935865342617, -0.950148463249, -0.955587923527, -0.954407811165, -0.954006552696]
    median: [-0.0788179561496, -0.946525216103, -0.956667721272, -0.959429085255, -0.95708322525, -0.957595407963]
    min: [-0.858742713928, -0.978889405727, -0.956873476505, -0.960433900356, -0.959746658802, -0.960001289845]
    skew: [-4.45618152618, 3.22817492485, 3.68884944916, 4.12114429474, 4.03195524216, 3.38343310356]
    var: [0.0181657448411, 0.0010217766976, 0.000210424215766, 0.000136570917675, 0.000120146840345, 0.000166510319104]

SpecPeakAmp:
    dmean: [0.0557161122561, 0.0466914027929, 0.000428347411798, 0.000224503222853, 0.000184618402272]
    dmean2: [0.0967591777444, 0.0921050384641, 0.000611924100667, 0.000310280302074, 0.000261141191004]
    dvar: [0.0206160917878, 0.0188859030604, 1.09954237359e-06, 4.21102612336e-07, 2.63663395117e-07]
    dvar2: [0.0566482767463, 0.0477878116071, 1.22824235405e-06, 6.921971476e-07, 5.00777332491e-07]
    kurt: [12.5775346756, 4.58737659454, 32.8083190918, 21.2033691406, 17.6655330658]
    max: [0.477583050728, 0.477582663298, 0.0072824745439, 0.00358955562115, 0.00243449956179]
    mean: [0.027735074982, 0.427586078644, 0.000573054596316, 0.000198947105673, 0.000161229327205]
    median: [0.000532750622369, 0.477398991585, 0.000405576545745, 6.96478527971e-05, 6.25717875664e-05]
    min: [5.31814912392e-05, 0.000148642429849, 7.64725409681e-05, 1.44696577991e-05, 1.37581464514e-05]
    skew: [3.75450539589, -2.5456943512, 5.72059345245, 4.69639062881, 4.39590120316]
    var: [0.0109116844833, 0.0202133134007, 1.12429302135e-06, 3.73584782665e-07, 2.09372672089e-07]
