
metadata:
    version:
        essentia: "2.1-beta3"

Flux:
    dmean: 0.0171012282372
    dmean2: 0
    dvar: 0
    dvar2: 0
    kurt: -2
    max: 0.293606281281
    mean: 0.285055667162
    median: 0.285055667162
    min: 0.276505053043
    skew: 0
    var: 7.3112998507e-05

Rms:
    dmean: 0
    dmean2: 0
    dvar: 0
    dvar2: 0
    kurt: 0
    max: 0.10061775893
    mean: 0.10061775893
    median: 0.10061775893
    min: 0.10061775893
    skew: 0
    var: 0

RollOff:
    dmean: 64.599609375
    dmean2: 0
    dvar: 0
    dvar2: 0
    kurt: -1.99999988079
    max: 344.53125
    mean: 312.231445312
    median: 312.231445312
    min: 279.931640625
    skew: 0
    var: 1043.27734375

SpecCent:
    dmean: 6.20393371582
    dmean2: 0
    dvar: 0
    dvar2: 0
    kurt: -1.99999988079
    max: 244.658706665
    mean: 241.556732178
    median: 241.556732178
    min: 238.454772949
    skew: 7.38075232221e-06
    var: 9.62219810486

Zcr:
    dmean: 0.00048828125
    dmean2: 0
    dvar: 0
    dvar2: 0
    kurt: -2
    max: 0.00390625
    mean: 0.003662109375
    median: 0.003662109375
    min: 0.00341796875
    skew: 0
    var: 5.96046447754e-08

HarmonicAmpFreq:
    dmean: [35.2384643555]
    dmean2: [0]
    dvar: [0]
    dvar2: [0]
    kurt: [-2]
    max: [281.044189453]
    mean: [263.424957275]
    median: [263.424957275]
    min: [245.805725098]
    skew: [0]
    var: [310.437347412]

HarmonicAmpMag:
    dmean: [0.0994539558887]
    dmean2: [0]
    dvar: [0]
    dvar2: [0]
    kurt: [-2]
    max: [0.108690112829]
    mean: [0.0589631348848]
    median: [0.0589631348848]
    min: [0.00923615414649]
    skew: [-1.1834336533e-07]
    var: [0.00247277249582]

MfccCoeff:
    dmean: [246.465576172, 79.1708068848, 28.5525970459, 2.56660079956, 20.2331581116, 35.571105957, 29.8743934631, 22.2206344604, 11.9709568024, 7.2554397583, 2.36638832092, 0.696624755859, 4.33078575134]
    dmean2: [0, 0, 0, 0, 0, 0, 0, 0, 0, 0, 0, 0, 0]
    dvar: [0, 0, 0, 0, 0, 0, 0, 0, 0, 0, 0, 0, 0]
    dvar2: [0, 0, 0, 0, 0, 0, 0, 0, 0, 0, 0, 0, 0]
    kurt: [-2, -2, -2, -2, -2, -2, -2, -2, -2, -2, -2, -2, -2]
    max: [-776.123352051, 224.405303955, 97.9095458984, 44.4007263184, 17.0598945618, 8.1340675354, -3.49150466919, -7.55267333984, -12.3338832855, -12.4193572998, -12.6614189148, -9.4114074707, -3.63544464111]
    mean: [-899.356140137, 184.819900513, 83.6332473755, 43.1174240112, 6.94331550598, -9.65148544312, -18.4287014008, -18.6629905701, -18.3193626404, -16.047077179, -13.8446130753, -9.75971984863, -5.80083751678]
    median: [-899.356140137, 184.819900513, 83.6332473755, 43.1174240112, 6.94331550598, -9.65148544312, -18.4287014008, -18.6629905701, -18.3193626404, -16.047077179, -13.8446130753, -9.75971984863, -5.80083751678]
    min: [-1022.58892822, 145.23449707, 69.3569488525, 41.8341255188, -3.1732635498, -27.4370384216, -33.3658981323, -29.7733078003, -24.3048400879, -19.6747970581, -15.0278072357, -10.1080322266, -7.96623039246]
    skew: [0, 0, 0, 4.45607201982e-06, 0, 0, 0, 0, 4.98105691804e-07, 0, 0, 0, 0]
    var: [15186.3203125, 1567.00415039, 203.812698364, 1.64685988426, 102.345169067, 316.325897217, 223.119842529, 123.439147949, 35.8259506226, 13.1603517532, 1.39994847775, 0.121321514249, 4.68892621994]

SpecContrastCoeff:
    dmean: [0.105318188667, 0.0288242697716, 0.0163703560829, 0.013444006443, 0.0244897007942, 0.0184519290924]
    dmean2: [0, 0, 0, 0, 0, 0]
    dvar: [0, 0, 0, 0, 0, 0]
    dvar2: [0, 0, 0, 0, 0, 0]
    kurt: [-2, -2, -2, -2, -2, -2]
    max: [-0.62047535181, -0.615912497044, -0.875588238239, -0.904238402843, -0.908438980579, -0.929137289524]
    mean: [-0.673134446144, -0.630324602127, -0.883773446083, -0.910960435867, -0.920683860779, -0.93836325407]
    median: [-0.673134446144, -0.630324602127, -0.883773446083, -0.910960435867, -0.920683860779, -0.93836325407]
    min: [-0.725793540478, -0.644736766815, -0.891958594322, -0.917682409286, -0.932928681374, -0.947589218616]
    skew: [0, -6.19031652604e-06, 1.08839140012e-05, 1.32874738483e-05, 7.27591532268e-06, 0]
    var: [0.0027729801368, 0.000207709628739, 6.69971414027e-05, 4.51853265986e-05, 0.000149936357047, 8.51184231578e-05]

SpecPeakAmp:
    dmean: [0.107967354357, 0.0142720695585, 0.00184535887092, 0.00466707535088, 0.00344881694764]
    dmean2: [0, 0, 0, 0, 0]
    dvar: [0, 0, 0, 0, 0]
    dvar2: [0, 0, 0, 0, 0]
    kurt: [-2, -1.99999988079, -2, -2, -2]
    max: [0.108690112829, 0.0155096417293, 0.00923615414649, 0.00492374366149, 0.00362001243047]
    mean: [0.0547064356506, 0.00837360695004, 0.00831347517669, 0.00259020598605, 0.00189560395665]
    median: [0.0547064356506, 0.00837360695004, 0.00831347517669, 0.00259020598605, 0.00189560395665]
    min: [0.000722756085452, 0.00123757170513, 0.00739079527557, 0.000256668339716, 0.000171195555595]
    skew: [-9.2498083859e-08, -3.91065313465e-08, -1.51937911141e-06, 0, 8.66063700755e-08]
    var: [0.00291423755698, 5.0922993978e-05, 8.51337347285e-07, 5.44539807379e-06, 2.97358428725e-06]
