
metadata:
    version:
        essentia: "2.1-beta3"

Flux:
    dmean: 4.96721304444e-06
    dmean2: 7.21755122868e-06
    dvar: 3.22235460537e-10
    dvar2: 6.99839908247e-10
    kurt: 14.1305446625
    max: 9.61224286584e-05
    mean: 6.05918467045e-06
    median: 1.4040390397e-06
    min: 4.49911198075e-07
    skew: 3.8777885437
    var: 3.31519589558e-10

Rms:
    dmean: 1.44282421388e-06
    dmean2: 1.38088557833e-06
    dvar: 2.44180179548e-11
    dvar2: 1.80826239399e-11
    kurt: 19.6683235168
    max: 7.76769084041e-05
    mean: 7.58898167987e-05
    median: 7.72049243096e-05
    min: 4.4579810492e-05
    skew: -4.50458288193
    var: 3.32552180238e-11

RollOff:
    dmean: 0.500772178173
    dmean2: 0.5126953125
    dvar: 10.5324554443
    dvar2: 10.7771167755
    kurt: 39.023349762
    max: 409.130859375
    mean: 388.087036133
    median: 387.59765625
    min: 387.59765625
    skew: 6.40495061874
    var: 10.2986516953

SpecCent:
    dmean: 4.81324386597
    dmean2: 4.84653139114
    dvar: 73.9151229858
    dvar2: 64.9507904053
    kurt: 14.1332912445
    max: 752.755065918
    mean: 697.964782715
    median: 696.120788574
    min: 690.284179688
    skew: 3.72651743889
    var: 123.614303589

Zcr:
    dmean: 0.000545058166608
    dmean2: 0.000697544659488
    dvar: 2.98532745546e-06
    dvar2: 2.78317156699e-06
    kurt: 16.6515464783
    max: 0.01708984375
    mean: 0.0163463242352
    median: 0.0166015625
    min: 0.0078125
    skew: -4.26296806335
    var: 3.14808698931e-06

HarmonicAmpFreq:
    dmean: [0.504890620708]
    dmean2: [0.978116691113]
    dvar: [0.290967673063]
    dvar2: [0.438693374395]
    kurt: [-1.7917945385]
    max: [370.322265625]
    mean: [369.415771484]
    median: [368.975830078]
    min: [368.964538574]
    skew: [0.400283128023]
    var: [0.284952610731]

HarmonicAmpMag:
    dmean: [4.79344598716e-05]
    dmean2: [9.50978355831e-05]
    dvar: [2.73020339669e-09]
    dvar2: [4.3617185419e-09]
    kurt: [-1.76282715797]
    max: [0.000107536790892]
    mean: [6.55092808302e-05]
    median: [0.000107486499473]
    min: [0]
    skew: [-0.443717360497]
    var: [2.63172839077e-09]

MfccCoeff:
    dmean: [0.0733415484428, 0.0941481515765, 0.0671606734395, 0.0277759637684, 0.0167243424803, 0.0580941140652, 0.0886865630746, 0.102874755859, 0.0980559960008, 0.075167812407, 0.0386572554708, 0.00536807766184, 0.0479858741164]
    dmean2: [0.0757969468832, 0.0972725972533, 0.069307602942, 0.0285135898739, 0.0175258088857, 0.0602580495179, 0.0917692631483, 0.106250762939, 0.101048246026, 0.077179864049, 0.0395071841776, 0.00612949207425, 0.0500190369785]
    dvar: [0.117808230221, 0.194211781025, 0.0991022512317, 0.0171507243067, 0.00592188024893, 0.0732330232859, 0.171698361635, 0.232075542212, 0.211964473128, 0.125544697046, 0.0335201658309, 0.00046722163097, 0.0493699610233]
    dvar2: [0.118884563446, 0.195976093411, 0.0999980643392, 0.017303628847, 0.00597883481532, 0.0739087611437, 0.173269972205, 0.234182581306, 0.213871642947, 0.126660510898, 0.0337930992246, 0.000474043714348, 0.0498348660767]
    kurt: [25.203578949, 25.212469101, 25.2270679474, 25.2910060883, 25.0287227631, 25.1614265442, 25.1925086975, 25.2167930603, 25.2452983856, 25.2895889282, 25.4028453827, 23.5942134857, 25.0968132019]
    max: [-1136.34570312, 2.66346359253, 1.90286254883, 0.792224884033, -6.103515625e-05, 2.28881835938e-05, -2.67028808594e-05, -5.34057617188e-05, -4.57763671875e-05, -2.28881835938e-05, -2.67028808594e-05, 0.128623962402, 1.34120941162]
    mean: [-1136.41882324, 2.56980729103, 1.8361004591, 0.764717459679, -0.44746157527, -1.57671356201, -2.41550588608, -2.80941319466, -2.68616271019, -2.06876659393, -1.07120752335, 0.122718982399, 1.29320859909]
    median: [-1136.3482666, 2.6602897644, 1.90074157715, 0.791614532471, -0.463218688965, -1.63221740723, -2.50058364868, -2.90833282471, -2.78072357178, -2.14151763916, -1.10894775391, 0.127071380615, 1.33874893188]
    min: [-1138.42004395, 1.14440917969e-05, -6.103515625e-05, 8.01086425781e-05, -0.464248657227, -1.63465118408, -2.50381088257, -2.91173553467, -2.78355407715, -2.14324188232, -1.10956192017, -3.0517578125e-05, -3.81469726562e-05]
    skew: [-5.06600427628, -5.06708955765, -5.06837749481, -5.07403373718, 5.0508146286, 5.06257009506, 5.06532478333, 5.06746912003, 5.06999206543, 5.07391023636, 5.0839138031, -4.92249345779, -5.05684709549]
    var: [0.116639330983, 0.192298159003, 0.0981403514743, 0.0169931426644, 0.00585459638387, 0.072481662035, 0.169977903366, 0.229798644781, 0.209935724735, 0.124391548336, 0.03326106444, 0.000457310496131, 0.0488370805979]

SpecContrastCoeff:
    dmean: [0.0231139436364, 0.0212940927595, 0.0108874300495, 0.0130012044683, 0.0103406896815, 0.00740494718775]
    dmean2: [0.0347484461963, 0.0297561455518, 0.0169325415045, 0.0223121382296, 0.0164529401809, 0.0111733423546]
    dvar: [0.00146298843902, 0.00207600579597, 0.000118782874779, 0.000239352215431, 0.000324937544065, 0.000122967161587]
    dvar2: [0.00162104796618, 0.0022093988955, 0.000188707999769, 0.000361276965123, 0.000411057990277, 0.00013849674724]
    kurt: [13.7043781281, 18.9159183502, 5.41575813293, 12.3936462402, 14.8811416626, 13.0642356873]
    max: [-0.679264307022, -0.51483798027, -0.883802056313, -0.874871194363, -0.843874275684, -0.867970943451]
    mean: [-0.713772058487, -0.549498796463, -0.903500139713, -0.893017947674, -0.864071428776, -0.880623102188]
    median: [-0.709102630615, -0.538915157318, -0.902161955833, -0.892627716064, -0.860897898674, -0.878096222878]
    min: [-0.900656104088, -0.826026797295, -0.958219468594, -0.970247626305, -0.953456521034, -0.934619426727]
    skew: [-3.74350857735, -4.31496715546, -1.87892818451, -3.30982589722, -3.79371476173, -3.63064670563]
    var: [0.00180321664084, 0.00260027777404, 0.000183112701052, 0.00025949452538, 0.000325122178765, 0.000152833323227]

SpecPeakAmp:
    dmean: [1.77146930014e-07, 1.50324910919e-06, 1.06373398978e-07, 2.42289879679e-05, 5.50192780793e-05]
    dmean2: [2.39193383322e-07, 1.59047760917e-06, 1.31289354499e-07, 4.52318927273e-05, 0.000112574991363]
    dvar: [2.24503439927e-13, 8.53288967262e-11, 1.06642803312e-13, 1.94913263307e-09, 2.87337065252e-09]
    dvar2: [2.37035461788e-13, 8.74387715011e-11, 1.02193976209e-13, 4.77493777851e-09, 6.00466876222e-09]
    kurt: [16.6439743042, 38.9976615906, 18.9607944489, 1.38207769394, -1.92414951324]
    max: [8.49327079777e-06, 6.14151431364e-05, 1.99254759536e-06, 0.000107520456368, 0.000107536790892]
    mean: [8.27586882224e-06, 1.54790166107e-06, 1.90506213471e-07, 1.78274913196e-05, 4.6547207603e-05]
    median: [8.37624338601e-06, 1.3323183623e-07, 1.14534898898e-07, 1.439829731e-07, 1.7928951479e-07]
    min: [6.04349315836e-06, 5.4445592923e-08, 6.00988343535e-08, 3.93785981601e-08, 4.5227473322e-08]
    skew: [-4.28503227234, 6.40190267563, 4.48612499237, 1.82639324665, 0.275220841169]
    var: [2.27928678535e-13, 8.33762711649e-11, 1.1634981444e-13, 1.52878631976e-09, 2.8244011574e-09]
