
metadata:
    version:
        essentia: "2.1-beta3"

Flux:
    dmean: 0.000124262689496
    dmean2: 0.000165406934684
    dvar: 1.67016153796e-07
    dvar2: 3.30824974526e-07
    kurt: 9.50748920441
    max: 0.00236403150484
    mean: 0.000163201577379
    median: 6.1120385908e-06
    min: 3.96963196181e-06
    skew: 3.28594112396
    var: 2.70307850769e-07

Rms:
    dmean: 5.18887318322e-05
    dmean2: 3.90378554584e-05
    dvar: 2.95058537603e-08
    dvar2: 1.31562245542e-08
    kurt: 20.6245555878
    max: 0.00172037573066
    mean: 0.0016529179411
    median: 0.00171228882391
    min: 0.000324515276588
    skew: -4.50947093964
    var: 5.59608857031e-08

RollOff:
    dmean: 10.2772102356
    dmean2: 10.0154428482
    dvar: 4120.17919922
    dvar2: 3803.21948242
    kurt: 39.8280639648
    max: 839.794921875
    mean: 398.125
    median: 387.59765625
    min: 387.59765625
    skew: 6.46014547348
    var: 4443.53173828

SpecCent:
    dmean: 20.2279472351
    dmean2: 18.5319080353
    dvar: 11400.9863281
    dvar2: 8720.75195312
    kurt: 38.7337875366
    max: 1184.51464844
    mean: 390.998260498
    median: 371.11730957
    min: 367.688232422
    skew: 6.34069681168
    var: 14530.7373047

Zcr:
    dmean: 0.000699129945133
    dmean2: 0.000692678033374
    dvar: 3.92738047594e-06
    dvar2: 2.69726388069e-06
    kurt: 18.5823421478
    max: 0.01708984375
    mean: 0.0160915795714
    median: 0.0166015625
    min: 0.0009765625
    skew: -4.28968954086
    var: 7.6289225035e-06

HarmonicAmpFreq:
    dmean: [1.98286235332]
    dmean2: [2.32989788055]
    dvar: [115.716918945]
    dvar2: [116.321075439]
    kurt: [39.8977890015]
    max: [442.605957031]
    mean: [371.009735107]
    median: [369.374664307]
    min: [368.96786499]
    skew: [6.46769475937]
    var: [116.67023468]

HarmonicAmpMag:
    dmean: [0.00102994544432]
    dmean2: [0.00203400291502]
    dvar: [1.31824572236e-06]
    dvar2: [2.46628064815e-06]
    kurt: [-1.96292591095]
    max: [0.00240105041303]
    mean: [0.00121772964485]
    median: [0.00137688172981]
    min: [0]
    skew: [-0.0253393296152]
    var: [1.38145151141e-06]

MfccCoeff:
    dmean: [1.58128499985, 1.90673136711, 1.06633365154, 0.243580907583, 0.703657507896, 1.06434750557, 1.03996443748, 0.936532616615, 0.841380059719, 0.589676082134, 0.240322500467, 0.136295497417, 0.451284229755]
    dmean2: [2.06092739105, 2.45947694778, 1.31109154224, 0.164308056235, 0.97926980257, 1.33608400822, 1.16542434692, 0.892966508865, 0.704754650593, 0.465163469315, 0.206404447556, 0.194884359837, 0.347502589226]
    dvar: [50.0750617981, 73.3961715698, 24.1191082001, 0.870751619339, 9.585729599, 23.2826213837, 25.9485034943, 20.4572944641, 12.8445882797, 5.79731416702, 1.10859656334, 0.351618528366, 2.91992712021]
    dvar2: [96.3050537109, 137.511779785, 39.7844467163, 0.437084943056, 21.4685630798, 40.7888145447, 33.2964706421, 17.2508239746, 7.4438419342, 2.9051527977, 0.668851733208, 0.541807234287, 2.106757164]
    kurt: [18.8052558899, 19.7392139435, 25.6611652374, 24.9544582367, 23.157245636, 22.4081707001, 32.6267204285, 33.7553291321, 30.9687614441, 29.4887733459, 33.1928024292, 14.4233818054, 20.3031787872]
    max: [-1094.7244873, 53.3274040222, 31.4375648499, 8.51436233521, -6.103515625e-05, 2.28881835938e-05, -2.67028808594e-05, -5.34057617188e-05, -4.57763671875e-05, -2.28881835938e-05, -2.67028808594e-05, 4.20024871826, 15.1000823975]
    mean: [-1113.90649414, 31.2410373688, 21.7107124329, 8.13383483887, -6.63200092316, -19.5935077667, -28.2672805786, -31.1564025879, -27.9905090332, -19.7123413086, -8.23496437073, 3.98340058327, 14.4690208435]
    median: [-1113.62756348, 31.6511039734, 22.1250610352, 8.45018386841, -6.57597351074, -19.9276657104, -28.9963302612, -32.1302871704, -28.9572372437, -20.4150924683, -8.50196647644, 4.19909667969, 15.0992584229]
    min: [-1138.42004395, 1.14440917969e-05, -6.103515625e-05, 8.01086425781e-05, -17.7421684265, -30.4951591492, -33.2368240356, -32.2244796753, -29.0747451782, -20.5427017212, -8.62457084656, -3.0517578125e-05, -3.81469726562e-05]
    skew: [-1.64997565746, -2.25376868248, -4.28711891174, -4.95710277557, -3.18403720856, 3.44643187523, 5.67175531387, 5.83177566528, 5.52942037582, 5.38178253174, 5.75397014618, -3.96379089355, -4.51337242126]
    var: [22.5335655212, 34.1735992432, 13.413394928, 1.89658463001, 3.82155823708, 11.9155330658, 20.0118618011, 23.9172096252, 20.0943698883, 10.2057991028, 1.68253326416, 0.708017110825, 6.755671978]

SpecContrastCoeff:
    dmean: [0.0219112727791, 0.0251161139458, 0.0119256759062, 0.0104746697471, 0.00798496883363, 0.00659942347556]
    dmean2: [0.027897356078, 0.0254452563822, 0.0192577317357, 0.0148058533669, 0.014379305765, 0.0111004030332]
    dvar: [0.000256477593211, 0.00399537757039, 8.90919764061e-05, 5.79981278861e-05, 5.33998245373e-05, 2.19177836698e-05]
    dvar2: [0.000385797786294, 0.00299057015218, 0.000247739430051, 0.000169724749867, 0.000121841985674, 6.19972561253e-05]
    kurt: [2.40009260178, 17.5716018677, 0.905292272568, 0.327654838562, 1.96566677094, 6.16341781616]
    max: [-0.789343774319, -0.389425367117, -0.910307586193, -0.910135507584, -0.91148853302, -0.914944052696]
    mean: [-0.846384167671, -0.431611686945, -0.945567548275, -0.933972835541, -0.930265545845, -0.928698301315]
    median: [-0.851015031338, -0.407488554716, -0.947470843792, -0.93470788002, -0.929275989532, -0.928296029568]
    min: [-0.937152445316, -0.989509642124, -0.968131005764, -0.961829185486, -0.961483836174, -0.963488221169]
    skew: [-0.656225800514, -4.20764064789, 0.916164159775, -0.0508127808571, -0.634028732777, -1.76232540607]
    var: [0.000634417985566, 0.0109146311879, 0.000148460341734, 0.000107540821773, 7.75109801907e-05, 6.32172086625e-05]

SpecPeakAmp:
    dmean: [2.49354138759e-06, 6.30332579021e-05, 1.57805925483e-06, 0.000434916728409, 0.000997243914753]
    dmean2: [4.25816733696e-06, 9.65020881267e-05, 2.1261882921e-06, 0.000835172657389, 0.0020253113471]
    dvar: [2.19810541296e-11, 8.20922636535e-08, 2.36409069404e-11, 8.45617989853e-07, 1.37037204695e-06]
    dvar2: [5.35793180656e-11, 2.10835892744e-07, 5.80346118384e-11, 2.35509310187e-06, 2.40746544478e-06]
    kurt: [29.2427139282, 40.0197753906, 25.0588378906, 6.34948921204, -1.83166372776]
    max: [2.90818661597e-05, 0.00137688172981, 2.36343985307e-05, 0.00240076379851, 0.00240105041303]
    mean: [8.7856369646e-06, 3.18077036354e-05, 1.86224644949e-06, 0.000214486120967, 0.00097567337798]
    median: [8.37873812998e-06, 1.13839291771e-06, 1.13927751499e-06, 1.26272141188e-06, 1.46815011703e-06]
    min: [2.87802686216e-06, 3.18426685908e-07, 5.0071497526e-07, 4.1301908027e-07, 3.28896419433e-07]
    skew: [5.04290103912, 6.48214578629, 5.01527166367, 2.8892967701, 0.391579538584]
    var: [1.08558682876e-11, 4.11201419581e-08, 1.36920015256e-11, 4.61708992816e-07, 1.36257233407e-06]
