
metadata:
    version:
        essentia: "2.1-beta3"

Flux:
    dmean: 0.0027949148789
    dmean2: 0.00372197106481
    dvar: 8.38004925754e-05
    dvar2: 0.000165573786944
    kurt: 9.5118265152
    max: 0.0529907718301
    mean: 0.00358024612069
    median: 5.81733766012e-05
    min: 1.05992330646e-05
    skew: 3.28622364998
    var: 0.000136104310513

Rms:
    dmean: 0.00116258685011
    dmean2: 0.000875506491866
    dvar: 1.47955088323e-05
    dvar2: 6.60391242491e-06
    kurt: 20.6044216156
    max: 0.0385181680322
    mean: 0.037008062005
    median: 0.0383370742202
    min: 0.00729337800294
    skew: -4.50781917572
    var: 2.80195326923e-05

RollOff:
    dmean: 10.2772102356
    dmean2: 10.0154428482
    dvar: 4120.17919922
    dvar2: 3803.21948242
    kurt: 39.8280639648
    max: 839.794921875
    mean: 398.125
    median: 387.59765625
    min: 387.59765625
    skew: 6.46014547348
    var: 4443.53173828

SpecCent:
    dmean: 20.5575332642
    dmean2: 18.8006420135
    dvar: 11777.6806641
    dvar2: 8980.22265625
    kurt: 38.7170066833
    max: 1197.65185547
    mean: 390.517974854
    median: 370.129882812
    min: 366.824462891
    skew: 6.33892822266
    var: 15036.7919922

Zcr:
    dmean: 0.000721324584447
    dmean2: 0.000704033416696
    dvar: 4.25348116551e-06
    dvar2: 3.05289336211e-06
    kurt: 17.9331645966
    max: 0.01708984375
    mean: 0.0160590279847
    median: 0.0166015625
    min: 0.00048828125
    skew: -4.22798728943
    var: 8.26753148431e-06

HarmonicAmpFreq:
    dmean: [0.0840391665697]
    dmean2: [0.150800123811]
    dvar: [0.0627109110355]
    dvar2: [0.165884464979]
    kurt: [10.6363620758]
    max: [370.172851562]
    mean: [369.044708252]
    median: [368.970428467]
    min: [368.968444824]
    skew: [3.41472315788]
    var: [0.0608072802424]

HarmonicAmpMag:
    dmean: [0.00456072576344]
    dmean2: [0.00661297794431]
    dvar: [0.000177402602276]
    dvar2: [0.000405494327424]
    kurt: [9.32512950897]
    max: [0.0537554882467]
    mean: [0.0499576255679]
    median: [0.0537470206618]
    min: [0]
    skew: [-3.28290438652]
    var: [0.000159888266353]

MfccCoeff:
    dmean: [12.9233541489, 5.00875806808, 1.42061817646, 0.779538750648, 0.775774717331, 0.868738114834, 1.4302546978, 1.7451530695, 1.70246767998, 1.39618611336, 0.758027493954, 0.231302261353, 0.875254869461]
    dmean2: [18.7427825928, 6.28779792786, 1.81245350838, 1.10765194893, 1.06565129757, 0.732632637024, 1.01908886433, 1.64895153046, 1.56415092945, 1.28321015835, 0.515531241894, 0.394889205694, 1.15242862701]
    dvar: [3168.02758789, 402.471496582, 31.6113967896, 9.80822372437, 10.6523141861, 10.8815784454, 26.6081409454, 42.0099449158, 42.0151023865, 26.3054790497, 6.60548067093, 0.72062432766, 12.9330663681]
    dvar2: [7880.58789062, 855.25592041, 48.5855751038, 19.1371383667, 23.9175395966, 5.85739326477, 18.0893764496, 38.874710083, 37.5375938416, 23.0971698761, 3.85705566406, 1.84143984318, 18.2366275787]
    kurt: [36.7306098938, 13.7216072083, 11.2972822189, 11.5872049332, 22.2454776764, 30.391078949, 24.4573707581, 19.9133148193, 18.0500411987, 15.9412574768, 15.1475791931, 17.9669723511, 13.5831279755]
    max: [-837.668640137, 131.170471191, 70.963104248, 30.7745552063, -5.56666564941, -9.68538665771, -10.4234619141, -8.22962188721, -4.48248291016, -0.831886291504, 1.47993087769, 7.05487823486, 27.0277099609]
    mean: [-1082.37780762, 66.0313186646, 44.7198867798, 17.7101955414, -12.090549469, -38.187587738, -56.0148010254, -62.295463562, -56.6231498718, -40.7592926025, -18.5924549103, 5.14806270599, 25.6563720703]
    median: [-1088.01257324, 64.4810562134, 45.4582557678, 18.1020851135, -12.057964325, -39.031993866, -57.6389541626, -64.5703277588, -59.0227890015, -42.7671890259, -19.6579189301, 5.28896331787, 27.0257263184]
    min: [-1126.88049316, 14.1776847839, 8.47927856445, -1.19470977783, -24.0118675232, -42.5023765564, -62.1085586548, -67.5680389404, -59.2343063354, -42.7682113647, -19.6588191986, 0.260471343994, 1.2271194458]
    skew: [6.07029151917, 1.57361030579, -2.26859474182, -2.39054465294, -3.25851655006, 5.47853517532, 4.93562221527, 4.50342798233, 4.29247379303, 4.06168079376, 3.94188809395, -3.9836063385, -3.8512172699]
    var: [1417.06530762, 188.752868652, 72.9425811768, 18.8904628754, 4.42149686813, 21.083984375, 60.7181587219, 96.7920150757, 94.4546890259, 59.3580513, 15.2216711044, 0.847859680653, 26.7771434784]

SpecContrastCoeff:
    dmean: [0.0181713234633, 0.0274305045605, 0.00984346494079, 0.00712462188676, 0.00688894791529, 0.0143146002665]
    dmean2: [0.0279716718942, 0.021764151752, 0.0136546548456, 0.0114032849669, 0.0112545657903, 0.0220474600792]
    dvar: [0.00135424255859, 0.00659508444369, 0.000162064941833, 6.78896831232e-05, 7.91179409134e-05, 0.000206244134461]
    dvar2: [0.00364032317884, 0.00390076637268, 0.000376677780878, 0.000149360654177, 0.000204058553209, 0.000495516869705]
    kurt: [12.323797226, 20.1907119751, 6.24194812775, 3.46906280518, 4.00685882568, 1.00492572784]
    max: [-0.761336445808, -0.216985598207, -0.882374286652, -0.923037230968, -0.929588854313, -0.90146946907]
    mean: [-0.938241124153, -0.263342529535, -0.948271512985, -0.959833204746, -0.959557652473, -0.946729779243]
    median: [-0.949817955494, -0.233935043216, -0.955621242523, -0.965092122555, -0.963909745216, -0.954086065292]
    min: [-0.958118677139, -0.986091554165, -0.959008872509, -0.966088891029, -0.965257823467, -0.958866715431]
    skew: [3.4803788662, -4.47667551041, 2.50617218018, 1.92021358013, 2.16621780396, 1.46278059483]
    var: [0.00130740983877, 0.0168181955814, 0.000274040561635, 9.07063877094e-05, 7.70937040215e-05, 0.00023652719392]

SpecPeakAmp:
    dmean: [0.00141224591061, 0.00246681808494, 0.0243724826723, 0.0146827111021, 0.00279081030749]
    dmean2: [0.00216609309427, 0.00503065995872, 0.0486308857799, 0.0300272461027, 0.00536519894376]
    dvar: [4.12578956457e-05, 0.000125108315842, 0.000711781845894, 0.000571560056414, 0.000128221770865]
    dvar2: [0.000105973136669, 0.000377462303732, 0.00184552115388, 0.00165027799085, 0.000378988799639]
    kurt: [40.0213699341, 40.0183181763, -0.886368989944, 2.65354394913, 34.4760856628]
    max: [0.0308899972588, 0.0537421442568, 0.0537554882467, 0.0537538342178, 0.0537513755262]
    mean: [0.000712735927664, 0.00122893927619, 0.0394131951034, 0.00720613123849, 0.00154001452029]
    median: [2.68734238489e-05, 2.43457307079e-05, 0.0537438243628, 2.51146029768e-05, 1.62868909683e-05]
    min: [6.12308940617e-06, 1.26994073071e-05, 1.28316187329e-05, 9.47465832724e-06, 7.54107622924e-06]
    skew: [6.48233270645, 6.48197221756, -1.05518829823, 2.15715146065, 5.91438388824]
    var: [2.06973072636e-05, 6.26767796348e-05, 0.000562809756957, 0.000333267147653, 6.6508364398e-05]
