
metadata:
    version:
        essentia: "2.1-beta3"

Flux:
    dmean: 0.0153026282787
    dmean2: 0
    dvar: 0
    dvar2: 0
    kurt: -2
    max: 0.290212512016
    mean: 0.282561182976
    median: 0.282561182976
    min: 0.274909883738
    skew: 5.83754035688e-06
    var: 5.85426096222e-05

Rms:
    dmean: 0
    dmean2: 0
    dvar: 0
    dvar2: 0
    kurt: 0
    max: 0.0998918414116
    mean: 0.0998918414116
    median: 0.0998918414116
    min: 0.0998918414116
    skew: 0
    var: 0

RollOff:
    dmean: 129.19921875
    dmean2: 0
    dvar: 0
    dvar2: 0
    kurt: -1.99999988079
    max: 602.9296875
    mean: 538.330078125
    median: 538.330078125
    min: 473.73046875
    skew: 0
    var: 4173.109375

SpecCent:
    dmean: 71.7474365234
    dmean2: 0
    dvar: 0
    dvar2: 0
    kurt: -2
    max: 503.257263184
    mean: 467.383544922
    median: 467.383544922
    min: 431.50982666
    skew: 0
    var: 1286.92370605

Zcr:
    dmean: 0
    dmean2: 0
    dvar: 0
    dvar2: 0
    kurt: 0
    max: 0.005859375
    mean: 0.005859375
    median: 0.005859375
    min: 0.005859375
    skew: 0
    var: 0

HarmonicAmpFreq:
    dmean: [68.8548278809]
    dmean2: [0]
    dvar: [0]
    dvar2: [0]
    kurt: [-2]
    max: [509.356567383]
    mean: [474.929138184]
    median: [474.929138184]
    min: [440.501739502]
    skew: [1.38808104566e-06]
    var: [1185.24682617]

HarmonicAmpMag:
    dmean: [0.0895008444786]
    dmean2: [0]
    dvar: [0]
    dvar2: [0]
    kurt: [-2]
    max: [0.0975102335215]
    mean: [0.0527598112822]
    median: [0.0527598112822]
    min: [0.00800938997418]
    skew: [0]
    var: [0.00200260034762]

MfccCoeff:
    dmean: [345.239379883, 31.0427246094, 21.4511833191, 36.0886001587, 49.4515075684, 40.511505127, 10.1841068268, 9.59561538696, 18.638507843, 15.4705066681, 10.4273033142, 3.17465019226, 2.15811538696]
    dmean2: [0, 0, 0, 0, 0, 0, 0, 0, 0, 0, 0, 0, 0]
    dvar: [0, 0, 0, 0, 0, 0, 0, 0, 0, 0, 0, 0, 0]
    dvar2: [0, 0, 0, 0, 0, 0, 0, 0, 0, 0, 0, 0, 0]
    kurt: [-2, -1.99999988079, -1.99999988079, -2, -2, -2, -2, -2, -2, -1.99999988079, -1.99999988079, -2, -2]
    max: [-663.451599121, 179.443725586, 65.2455749512, 18.5616722107, -11.9466552734, -20.1153678894, -25.4589977264, -9.94470214844, 5.75788497925, 12.4332370758, 13.6732902527, 11.0458221436, 7.93729782104]
    mean: [-836.071289062, 163.922363281, 54.5199813843, 0.517372131348, -36.6724090576, -40.3711204529, -30.5510520935, -14.7425098419, -3.56136894226, 4.69798374176, 8.45963859558, 9.45849704742, 6.85824012756]
    median: [-836.071289062, 163.922363281, 54.5199813843, 0.517372131348, -36.6724090576, -40.3711204529, -30.5510520935, -14.7425098419, -3.56136894226, 4.69798374176, 8.45963859558, 9.45849704742, 6.85824012756]
    min: [-1008.690979, 148.401000977, 43.7943916321, -17.526927948, -61.3981628418, -60.6268730164, -35.6431045532, -19.5403175354, -12.8806228638, -3.03726959229, 3.24598693848, 7.87117195129, 5.77918243408]
    skew: [0, 0, 5.44137890301e-07, 0, 0, 0, 5.20060325471e-07, 0, 0, 0, 0, 0, 0]
    var: [29797.5566406, 240.912689209, 115.038314819, 325.59677124, 611.362915039, 410.295501709, 25.9290084839, 23.0189590454, 86.8484954834, 59.8341445923, 27.1821632385, 2.51960086823, 1.16436553001]

SpecContrastCoeff:
    dmean: [0.0455727577209, 0.18951177597, 0.162827908993, 0.0381150245667, 0.00553834438324, 0.0164699554443]
    dmean2: [0, 0, 0, 0, 0, 0]
    dvar: [0, 0, 0, 0, 0, 0]
    dvar2: [0, 0, 0, 0, 0, 0]
    kurt: [-2, -1.99999988079, -2, -2, -1.99999988079, -2]
    max: [-0.854816019535, -0.591597676277, -0.728976547718, -0.88672721386, -0.934920966625, -0.94269490242]
    mean: [-0.877602398396, -0.686353564262, -0.810390472412, -0.905784726143, -0.937690138817, -0.950929880142]
    median: [-0.877602398396, -0.686353564262, -0.810390472412, -0.905784726143, -0.937690138817, -0.950929880142]
    min: [-0.900388777256, -0.781109452248, -0.891804456711, -0.924842238426, -0.940459311008, -0.959164857864]
    skew: [0, 0, -1.1325904552e-06, 0, 0, 0]
    var: [0.000519219087437, 0.00897867791355, 0.00662823207676, 0.000363188766642, 7.66831453802e-06, 6.78148571751e-05]

SpecPeakAmp:
    dmean: [0.0972492098808, 0.0228557083756, 0.0095260636881, 0.005886527244, 0.00286450516433]
    dmean2: [0, 0, 0, 0, 0]
    dvar: [0, 0, 0, 0, 0]
    dvar2: [0, 0, 0, 0, 0]
    kurt: [-1.99999988079, -2, -2, -2, -2]
    max: [0.0975102335215, 0.0232073888183, 0.00994482357055, 0.00657111685723, 0.00800938997418]
    mean: [0.048885628581, 0.0117795346305, 0.0051817917265, 0.00362785323523, 0.00657713739201]
    median: [0.048885628581, 0.0117795346305, 0.0051817917265, 0.00362785323523, 0.00657713739201]
    min: [0.000261021399638, 0.000351679918822, 0.000418759474996, 0.000684589671437, 0.00514488480985]
    skew: [-1.26576139792e-07, -7.61756240308e-08, -1.64391622093e-07, 0, 0]
    var: [0.00236435234547, 0.000130595872179, 2.26864758588e-05, 8.66280061018e-06, 2.0513475647e-06]
