
metadata:
    version:
        essentia: "2.1-beta3"

Flux:
    dmean: 0.025084702298
    dmean2: 0.0333661995828
    dvar: 0.0067978319712
    dvar2: 0.0131126902997
    kurt: 9.35007095337
    max: 0.488903433084
    mean: 0.0329024791718
    median: 0.000453243032098
    min: 8.32884688862e-06
    skew: 3.26163816452
    var: 0.0114860497415

Rms:
    dmean: 0.0106798773631
    dmean2: 0.00806997250766
    dvar: 0.00125156098511
    dvar2: 0.000561686349101
    kurt: 20.7780056
    max: 0.354882955551
    mean: 0.34104681015
    median: 0.35318428278
    min: 0.0674909353256
    skew: -4.52500009537
    var: 0.00236303382553

RollOff:
    dmean: 10.7666015625
    dmean2: 10.5162153244
    dvar: 4541.94482422
    dvar2: 4213.48388672
    kurt: 39.8453178406
    max: 861.328125
    mean: 398.603515625
    median: 387.59765625
    min: 387.59765625
    skew: 6.46209859848
    var: 4876.29882812

SpecCent:
    dmean: 20.6926822662
    dmean2: 18.8995437622
    dvar: 11902.0283203
    dvar2: 9055.49902344
    kurt: 38.707321167
    max: 1202.38916016
    mean: 390.655609131
    median: 370.186767578
    min: 366.812103271
    skew: 6.33790206909
    var: 15210.4414062

Zcr:
    dmean: 0.000699129945133
    dmean2: 0.000692678033374
    dvar: 3.92738047594e-06
    dvar2: 2.69726388069e-06
    kurt: 18.5823421478
    max: 0.01708984375
    mean: 0.0160915795714
    median: 0.0166015625
    min: 0.0009765625
    skew: -4.28968954086
    var: 7.6289225035e-06

HarmonicAmpFreq:
    dmean: [0.0446146167815]
    dmean2: [0.0723586007953]
    dvar: [0.0363434366882]
    dvar2: [0.0896977484226]
    kurt: [18.6562156677]
    max: [370.184387207]
    mean: [369.023986816]
    median: [368.970458984]
    min: [368.968444824]
    skew: [4.40042972565]
    var: [0.0471737645566]

HarmonicAmpMag:
    dmean: [0.0193381439894]
    dmean2: [0.0147118037567]
    dvar: [0.00519362511113]
    dvar2: [0.00358772347681]
    kurt: [15.5590400696]
    max: [0.495270162821]
    mean: [0.471480935812]
    median: [0.495194137096]
    min: [0]
    skew: [-4.05146837234]
    var: [0.00865308288485]

MfccCoeff:
    dmean: [27.6618881226, 6.95075654984, 14.5108833313, 13.7324104309, 7.37173175812, 4.29324913025, 6.18604898453, 5.04447031021, 3.6088616848, 3.28264760971, 2.17493128777, 1.09998631477, 1.7854950428]
    dmean2: [39.1920967102, 9.6677646637, 17.8093662262, 14.2530422211, 7.51291942596, 6.49424362183, 9.08423805237, 6.36159658432, 4.25659370422, 4.53327798843, 2.66847395897, 1.92555880547, 2.58619570732]
    dvar: [7617.59960938, 47.1453971863, 101.955558777, 42.1853103638, 8.94585037231, 21.9574108124, 36.5773162842, 53.7317657471, 46.0930290222, 25.3373165131, 6.24610614777, 0.965274274349, 14.1831092834]
    dvar2: [19291.2695312, 30.0157814026, 250.251815796, 89.6635894775, 38.0575828552, 34.6656227112, 34.0221252441, 48.8778343201, 35.8763465881, 15.7185382843, 4.39476156235, 2.79820919037, 19.4831848145]
    kurt: [32.7463111877, 15.9469089508, 2.47207641602, -1.2840924263, -0.994932413101, 7.83014011383, 11.0620603561, 12.130818367, 13.2756633759, 13.267118454, 12.025601387, 6.76458644867, 14.0189704895]
    max: [-593.941162109, 208.281188965, 96.6821289062, 42.333820343, -9.15303039551, -19.0717086792, -16.3707199097, -12.8902435303, -7.47299194336, -0.421356201172, 2.19780349731, 6.91108703613, 28.2957878113]
    mean: [-1007.14453125, 141.376220703, 75.8893356323, 18.9837532043, -20.9615898132, -47.7328987122, -64.572555542, -68.6923522949, -60.3147583008, -42.8641242981, -19.9653358459, 4.65621995926, 26.0385627747]
    median: [-1016.29547119, 140.603637695, 79.3892211914, 18.8596839905, -21.70545578, -48.0753746033, -65.8984451294, -70.8151397705, -63.0433883667, -44.543586731, -20.9381008148, 4.97631072998, 27.6324234009]
    min: [-1031.4161377, 105.896980286, 10.3155651093, -6.72535324097, -33.9225120544, -57.3733177185, -75.5838699341, -78.4333953857, -67.7866134644, -49.4183197021, -24.4509181976, -0.400094985962, -2.29051971436]
    skew: [5.71974515915, 3.00037455559, -1.40837419033, 0.0207703150809, -0.00548686599359, 2.40416574478, 3.13904380798, 3.48112106323, 3.6965944767, 3.64587831497, 3.34943509102, -2.11834073067, -3.84241580963]
    var: [4268.63037109, 162.608886719, 367.995880127, 234.833435059, 51.2179794312, 42.6477661133, 101.754600525, 135.331222534, 115.435935974, 73.2440795898, 20.4038467407, 1.33963155746, 33.5488243103]

SpecContrastCoeff:
    dmean: [0.0365623086691, 0.0289720017463, 0.011980149895, 0.0075282198377, 0.00514019606635, 0.0131375752389]
    dmean2: [0.0650836005807, 0.0214134603739, 0.0174482446164, 0.0122975595295, 0.00874521303922, 0.0221632346511]
    dvar: [0.00412331661209, 0.0101196086034, 0.000249287200859, 8.34169622976e-05, 6.24077074463e-05, 0.000390223955037]
    dvar2: [0.0117899468169, 0.0042427321896, 0.000592513417359, 0.000168997648871, 0.000139700685395, 0.00108124944381]
    kurt: [14.3062877655, 25.7192897797, 5.80605125427, 5.21352386475, 9.29311847687, 9.51714611053]
    max: [-0.629787147045, -0.0637258738279, -0.858113646507, -0.903635084629, -0.912384152412, -0.864276945591]
    mean: [-0.936700284481, -0.104612141848, -0.936147034168, -0.951749265194, -0.954708635807, -0.944467902184]
    median: [-0.961840689182, -0.0716340988874, -0.945420622826, -0.957869529724, -0.958216369152, -0.951797544956]
    min: [-0.963873803616, -0.981885075569, -0.949016988277, -0.958505809307, -0.95904892683, -0.954276323318]
    skew: [3.54274153709, -5.01272535324, 2.45912194252, 2.2228975296, 3.04352736473, 2.91743397713]
    var: [0.00346967577934, 0.0216548927128, 0.000416647904785, 0.000131478474941, 8.49885109346e-05, 0.000285815272946]

SpecPeakAmp:
    dmean: [0.0130526265129, 0.360062748194, 0.360120534897, 0.000356327946065, 0.00342222582549]
    dmean2: [0.0199953876436, 0.736524820328, 0.725276172161, 0.000451666332083, 0.00362978666089]
    dvar: [0.00351774552837, 0.0484629049897, 0.0482779592276, 1.44357773024e-06, 0.000439380382886]
    dvar2: [0.00903690233827, 0.0840632244945, 0.0949477180839, 2.07215543924e-06, 0.00044807678205]
    kurt: [40.0174674988, -1.94997918606, -1.99788784981, 26.9828586578, 39.9742126465]
    max: [0.285237908363, 0.495270162821, 0.495269209146, 0.0074003925547, 0.141182750463]
    mean: [0.00658735167235, 0.220362916589, 0.242175787687, 0.000411591434386, 0.00330131850205]
    median: [0.000210455604247, 0.000556935090572, 0.00395348249003, 0.000174405387952, 5.64507681702e-05]
    min: [4.87392935611e-05, 0.000123160250951, 0.000117482115456, 5.24490715179e-05, 1.80124588951e-05]
    skew: [6.48187351227, 0.223584130406, 0.0445000194013, 5.21009731293, 6.47683429718]
    var: [0.00176479271613, 0.0604290738702, 0.0610596649349, 1.35417849378e-06, 0.000432318745879]
