
metadata:
    version:
        essentia: "2.1-beta3"

Flux:
    dmean: 0.0147559046745
    dmean2: 0
    dvar: 0
    dvar2: 0
    kurt: -2
    max: 0.292811483145
    mean: 0.285433530807
    median: 0.285433530807
    min: 0.27805557847
    skew: 0
    var: 5.44341819477e-05

Rms:
    dmean: 0
    dmean2: 0
    dvar: 0
    dvar2: 0
    kurt: 0
    max: 0.10066652298
    mean: 0.10066652298
    median: 0.10066652298
    min: 0.10066652298
    skew: 0
    var: 0

RollOff:
    dmean: 129.19921875
    dmean2: 0
    dvar: 0
    dvar2: 0
    kurt: -1.99999988079
    max: 667.529296875
    mean: 602.9296875
    median: 602.9296875
    min: 538.330078125
    skew: 0
    var: 4173.109375

SpecCent:
    dmean: 29.5545654297
    dmean2: 0
    dvar: 0
    dvar2: 0
    kurt: -2
    max: 507.06048584
    mean: 492.283203125
    median: 492.283203125
    min: 477.50592041
    skew: 0
    var: 218.368087769

Zcr:
    dmean: 0
    dmean2: 0
    dvar: 0
    dvar2: 0
    kurt: 0
    max: 0.0068359375
    mean: 0.0068359375
    median: 0.0068359375
    min: 0.0068359375
    skew: 0
    var: 0

HarmonicAmpFreq:
    dmean: [88.8288574219]
    dmean2: [0]
    dvar: [0]
    dvar2: [0]
    kurt: [-2]
    max: [575.981506348]
    mean: [531.567077637]
    median: [531.567077637]
    min: [487.152648926]
    skew: [0]
    var: [1972.64147949]

HarmonicAmpMag:
    dmean: [0.0876741707325]
    dmean2: [0]
    dvar: [0]
    dvar2: [0]
    kurt: [-2]
    max: [0.0952851772308]
    mean: [0.0514480918646]
    median: [0.0514480918646]
    min: [0.00761100603268]
    skew: [0]
    var: [0.00192169006914]

MfccCoeff:
    dmean: [323.761169434, 49.1682739258, 12.1676635742, 42.27318573, 50.6064987183, 33.9601287842, 2.11800193787, 21.1871471405, 23.6014194489, 12.4745731354, 3.15054130554, 3.42157936096, 4.94887161255]
    dmean2: [0, 0, 0, 0, 0, 0, 0, 0, 0, 0, 0, 0, 0]
    dvar: [0, 0, 0, 0, 0, 0, 0, 0, 0, 0, 0, 0, 0]
    dvar2: [0, 0, 0, 0, 0, 0, 0, 0, 0, 0, 0, 0, 0]
    kurt: [-2, -1.99999988079, -2, -2, -2, -2, -2, -2, -2, -2, -2, -2, -2]
    max: [-683.12902832, 196.48248291, 56.567905426, 11.608259201, -20.4429683685, -26.3608665466, -25.313911438, 4.4300994873, 16.9433479309, 16.7183246613, 12.0005912781, 10.0981464386, 6.41263961792]
    mean: [-845.009643555, 171.898345947, 50.4840736389, -9.52833271027, -45.746219635, -43.3409309387, -26.3729133606, -6.16347408295, 5.14263820648, 10.4810380936, 10.4253206253, 8.38735675812, 3.93820381165]
    median: [-845.009643555, 171.898345947, 50.4840736389, -9.52833271027, -45.746219635, -43.3409309387, -26.3729133606, -6.16347408295, 5.14263820648, 10.4810380936, 10.4253206253, 8.38735675812, 3.93820381165]
    min: [-1006.89019775, 147.314208984, 44.4002418518, -30.6649246216, -71.0494689941, -60.3209953308, -27.4319133759, -16.7570476532, -6.65807151794, 4.24375152588, 8.85004997253, 6.67656707764, 1.46376800537]
    skew: [5.30393549525e-07, 0, 0, 0, 6.02796959015e-08, 0, 2.71009639619e-06, 0, 0, 0, 0, 0, 0]
    var: [26205.3242188, 604.379760742, 37.0130081177, 446.755554199, 640.254516602, 288.322601318, 1.12148308754, 112.223800659, 139.256744385, 38.9037437439, 2.48147773743, 2.9268014431, 6.12283277512]

SpecContrastCoeff:
    dmean: [0.0555197000504, 0.0158975720406, 0.122706830502, 0.0567885041237, 0.0013353228569, 0.0162814259529]
    dmean2: [0, 0, 0, 0, 0, 0]
    dvar: [0, 0, 0, 0, 0, 0]
    dvar2: [0, 0, 0, 0, 0, 0]
    kurt: [-2, -2, -1.99999988079, -2, -2, -2.00000023842]
    max: [-0.88774728775, -0.695901751518, -0.668491244316, -0.85644119978, -0.930014431477, -0.943438351154]
    mean: [-0.915507137775, -0.703850507736, -0.729844689369, -0.884835481644, -0.930682063103, -0.951579093933]
    median: [-0.915507137775, -0.703850507736, -0.729844689369, -0.884835481644, -0.930682063103, -0.951579093933]
    min: [-0.943266987801, -0.711799323559, -0.791198074818, -0.913229703903, -0.931349754333, -0.959719777107]
    skew: [0, -1.1205028386e-05, 1.44921148149e-06, 3.13860005008e-06, -0.000133917041239, 1.09578704723e-05]
    var: [0.000770609301981, 6.31832008366e-05, 0.00376424146816, 0.000806233554613, 4.45771775048e-07, 6.62712118356e-05]

SpecPeakAmp:
    dmean: [0.0950066447258, 0.0248627364635, 0.00948719587177, 0.0015818416141, 0.00428892299533]
    dmean2: [0, 0, 0, 0, 0]
    dvar: [0, 0, 0, 0, 0]
    dvar2: [0, 0, 0, 0, 0]
    kurt: [-1.99999988079, -2, -2, -1.99999988079, -2]
    max: [0.0952851772308, 0.0251709111035, 0.0098854098469, 0.00761100603268, 0.00453788647428]
    mean: [0.0477818548679, 0.0127395428717, 0.00514181191102, 0.00682008545846, 0.00239342497662]
    median: [0.0477818548679, 0.0127395428717, 0.00514181191102, 0.00682008545846, 0.00239342497662]
    min: [0.000278529070783, 0.000308174552629, 0.000398214149754, 0.00602916441858, 0.000248963711783]
    skew: [-1.0181445731e-07, 0, 0, -8.41477515223e-07, 1.80125638849e-07]
    var: [0.00225656572729, 0.000154538909555, 2.25017211051e-05, 6.25555685474e-07, 4.59871444036e-06]
