
metadata:
    version:
        essentia: "2.1-beta3"

Flux:
    dmean: 5.05023899677e-06
    dmean2: 7.47129070078e-06
    dvar: 3.19575282903e-10
    dvar2: 6.90892343336e-10
    kurt: 14.2368526459
    max: 9.59389435593e-05
    mean: 5.93031836615e-06
    median: 1.20337699627e-06
    min: 6.02589750542e-07
    skew: 3.88781523705
    var: 3.28651883486e-10

Rms:
    dmean: 1.39612257044e-06
    dmean2: 1.38733287258e-06
    dvar: 2.43914818898e-11
    dvar2: 1.78519508204e-11
    kurt: 19.613866806
    max: 7.75069420342e-05
    mean: 7.58988826419e-05
    median: 7.72306957515e-05
    min: 4.48062019132e-05
    skew: -4.50276565552
    var: 3.28848476228e-11

RollOff:
    dmean: 1.00154435635
    dmean2: 1.025390625
    dvar: 20.5633563995
    dvar2: 21.0285148621
    kurt: 17.0477027893
    max: 775.1953125
    mean: 754.640869141
    median: 753.662109375
    min: 753.662109375
    skew: 4.36437177658
    var: 20.118303299

SpecCent:
    dmean: 4.48194360733
    dmean2: 6.47865533829
    dvar: 20.6196994781
    dvar2: 16.6368274689
    kurt: 19.7534923553
    max: 1028.24182129
    mean: 984.955810547
    median: 983.675842285
    min: 978.874450684
    skew: 4.22397375107
    var: 60.5037384033

Zcr:
    dmean: 0.00103333941661
    dmean2: 0.00129045755602
    dvar: 1.15462180474e-05
    dvar2: 1.07154555735e-05
    kurt: 17.3192653656
    max: 0.03369140625
    mean: 0.032770331949
    median: 0.03369140625
    min: 0.015625
    skew: -4.36833000183
    var: 1.2205035091e-05

HarmonicAmpFreq:
    dmean: [2.46118879318]
    dmean2: [2.51978850365]
    dvar: [253.687026978]
    dvar2: [259.579620361]
    kurt: [39.0227661133]
    max: [738.898254395]
    mean: [736.351867676]
    median: [738.750549316]
    min: [633.067138672]
    skew: [-6.40489673615]
    var: [248.088272095]

HarmonicAmpMag:
    dmean: [1.46660681821e-06]
    dmean2: [1.50152607148e-06]
    dvar: [8.79207331939e-11]
    dvar2: [8.996165618e-11]
    kurt: [39.0081253052]
    max: [6.22284787823e-05]
    mean: [1.43327486057e-06]
    median: [0]
    min: [0]
    skew: [6.40314149857]
    var: [8.59703003231e-11]

MfccCoeff:
    dmean: [0.0833655074239, 0.0833868011832, 0.000350597285433, 0.082545787096, 0.116449400783, 0.0821827724576, 0.00104575930163, 0.0796695053577, 0.112130634487, 0.078956246376, 0.00171554915141, 0.0748411640525, 0.105051085353]
    dmean2: [0.0856352299452, 0.08566211164, 0.000388735817978, 0.084812708199, 0.119631811976, 0.0844174325466, 0.00115785142407, 0.0818644911051, 0.115194953978, 0.0811019167304, 0.00190226233099, 0.0769099295139, 0.107922688127]
    dvar: [0.138904988766, 0.139018371701, 3.1674649108e-06, 0.136044606566, 0.271020323038, 0.135196000338, 2.80422773358e-05, 0.126559123397, 0.251289367676, 0.124950706959, 7.53283675294e-05, 0.111500129104, 0.220558315516]
    dvar2: [0.139854550362, 0.139975517988, 3.1935971947e-06, 0.136988252401, 0.272889316082, 0.136122584343, 2.83865992969e-05, 0.127439156175, 0.253021121025, 0.125801444054, 7.62707713875e-05, 0.112280912697, 0.222079202533]
    kurt: [18.3934211731, 18.4125175476, 37.1519432068, 18.3094139099, 18.3865222931, 18.5193881989, 37.1583747864, 18.2055568695, 18.3864612579, 18.6364364624, 37.1578712463, 18.0957794189, 18.3864746094]
    max: [-1136.42895508, 1.99375534058, 0.0134887695312, 8.01086425781e-05, -6.103515625e-05, 2.28881835938e-05, -2.67028808594e-05, 1.88748168945, 2.67793655396, 1.90467071533, 0.0660667419434, -3.0517578125e-05, -3.81469726562e-05]
    mean: [-1136.51184082, 1.9107093811, 0.0114635117352, -1.88255763054, -2.66525101662, -1.89164626598, -0.0343319289386, 1.80816578865, 2.56629323959, 1.82606780529, 0.0561946518719, -1.68932378292, -2.40433359146]
    median: [-1136.43115234, 1.99160385132, 0.0116882324219, -1.96267318726, -2.77822113037, -1.97132110596, -0.034969329834, 1.88553237915, 2.6750793457, 1.90257644653, 0.0572509765625, -1.76203155518, -2.50625610352]
    min: [-1138.42004395, 1.14440917969e-05, -6.103515625e-05, -1.96473312378, -2.78118896484, -1.97347259521, -0.040355682373, -5.34057617188e-05, -4.57763671875e-05, -2.28881835938e-05, -2.67028808594e-05, -1.76382446289, -2.5089263916]
    skew: [-4.47790193558, -4.47895526886, -6.15312004089, 4.47024250031, 4.47675657272, 4.48799037933, 6.15396642685, -4.46146726608, -4.476749897, -4.49789524078, -6.15390491486, 4.45220088959, 4.47675180435]
    var: [0.137976452708, 0.138086661696, 3.16137811751e-06, 0.135131597519, 0.269202709198, 0.134287878871, 2.80100503005e-05, 0.12571285665, 0.249604791403, 0.124111622572, 7.52313208068e-05, 0.110756494105, 0.219078794122]

SpecContrastCoeff:
    dmean: [0.0185460336506, 0.0150188412517, 0.0159119386226, 0.0102499062195, 0.009999493137, 0.00772263435647]
    dmean2: [0.0260525606573, 0.0262530483305, 0.0232626702636, 0.0162341296673, 0.0161599311978, 0.0116032632068]
    dvar: [0.0016303214943, 0.000107826417661, 0.00120170088485, 0.000112497487862, 6.64757899358e-05, 0.000151865722728]
    dvar2: [0.00176182389259, 0.000300632033031, 0.00134210509714, 0.000195429398445, 8.93373871804e-05, 0.000152945227455]
    kurt: [24.3678951263, 0.338404417038, 21.3273944855, 9.49509525299, 7.37053966522, 14.0146045685]
    max: [-0.674562752247, -0.885376214981, -0.585225582123, -0.888269305229, -0.880817115307, -0.863725960255]
    mean: [-0.714053452015, -0.902399122715, -0.605494499207, -0.901340663433, -0.898812711239, -0.874888956547]
    median: [-0.708550155163, -0.900401890278, -0.597264528275, -0.898316085339, -0.897446274757, -0.874227762222]
    min: [-0.944228827953, -0.937701284885, -0.802918672562, -0.955878794193, -0.943318784237, -0.940645635128]
    skew: [-4.80210208893, -0.789472281933, -4.61695861816, -2.84646844864, -2.249325037, -3.65943789482]
    var: [0.00154821935575, 0.000141707641887, 0.00124527176376, 0.000145947342389, 0.000115756534797, 0.000181677518412]

SpecPeakAmp:
    dmean: [1.69494967395e-07, 7.59664260386e-08, 7.68444792243e-08, 1.48692754465e-06, 6.74406734902e-08]
    dmean2: [2.19930583967e-07, 9.05442689714e-08, 9.31127175363e-08, 1.55049770001e-06, 8.60157527427e-08]
    dvar: [2.09869312684e-13, 8.60780969615e-14, 1.02349267841e-13, 8.75274019929e-11, 2.85038309687e-14]
    dvar2: [2.12649017318e-13, 8.64038726092e-14, 1.04179374003e-13, 8.93529833457e-11, 2.76290288933e-14]
    kurt: [16.4367523193, 37.5648956299, 37.3529891968, 39.0208358765, 17.8525218964]
    max: [8.5171777755e-06, 2.21290429181e-06, 2.23613164962e-06, 6.22284787823e-05, 1.07184223452e-06]
    mean: [8.27634903544e-06, 2.9238674415e-07, 1.73451326191e-07, 1.52582606461e-06, 1.49581580899e-07]
    median: [8.36960498418e-06, 2.44344079192e-07, 1.20882191368e-07, 1.0739853451e-07, 1.19542619359e-07]
    min: [6.08909476796e-06, 1.88294492887e-07, 6.51049347766e-08, 5.64678011017e-08, 6.31178167509e-08]
    skew: [-4.24647808075, 6.23401212692, 6.21683549881, 6.40465021133, 4.35304403305]
    var: [2.18868597291e-13, 8.73076770927e-14, 1.00980449046e-13, 8.56957768636e-11, 3.2099157181e-14]
