
metadata:
    version:
        essentia: "2.1-beta3"

Flux:
    dmean: 0.000124848695123
    dmean2: 0.000163882752531
    dvar: 1.67450693311e-07
    dvar2: 3.29058849502e-07
    kurt: 9.6576833725
    max: 0.00238665076904
    mean: 0.000163426419022
    median: 6.30363956589e-06
    min: 5.10575227963e-06
    skew: 3.30351066589
    var: 2.71224934068e-07

Rms:
    dmean: 5.14168386871e-05
    dmean2: 4.11252985941e-05
    dvar: 3.00847844414e-08
    dvar2: 1.33245823264e-08
    kurt: 20.811958313
    max: 0.00171676406171
    mean: 0.00165295950137
    median: 0.00171261373907
    min: 0.000317352416459
    skew: -4.52982711792
    var: 5.62985391639e-08

RollOff:
    dmean: 6.36208295822
    dmean2: 6.00926589966
    dvar: 1487.55651855
    dvar2: 1279.44262695
    kurt: 39.5171394348
    max: 1033.59375
    mean: 760.36126709
    median: 753.662109375
    min: 753.662109375
    skew: 6.4254899025
    var: 1706.79614258

SpecCent:
    dmean: 8.05064105988
    dmean2: 10.507897377
    dvar: 912.978759766
    dvar2: 825.724121094
    kurt: 39.4754905701
    max: 956.027160645
    mean: 744.756408691
    median: 740.233215332
    min: 736.608581543
    skew: 6.41818094254
    var: 1020.96258545

Zcr:
    dmean: 0.00142045458779
    dmean2: 0.00140806683339
    dvar: 1.62104934134e-05
    dvar2: 1.0980677871e-05
    kurt: 17.8315086365
    max: 0.03369140625
    mean: 0.0321072041988
    median: 0.03369140625
    min: 0.00146484375
    skew: -4.23326683044
    var: 3.21934530803e-05

HarmonicAmpFreq:
    dmean: [0.190413042903]
    dmean2: [0.211962327361]
    dvar: [1.30332636833]
    dvar2: [1.60009038448]
    kurt: [39.0766372681]
    max: [746.511169434]
    mean: [739.742553711]
    median: [739.605407715]
    min: [738.86920166]
    skew: [6.36129283905]
    var: [1.0530153513]

HarmonicAmpMag:
    dmean: [6.31488655927e-05]
    dmean2: [9.69582833932e-05]
    dvar: [8.374345839e-08]
    dvar2: [2.15116884306e-07]
    kurt: [40.0223846436]
    max: [0.00139065622352]
    mean: [3.09648530674e-05]
    median: [0]
    min: [0]
    skew: [6.48245286942]
    var: [4.20174544047e-08]

MfccCoeff:
    dmean: [1.55690693855, 1.68424844742, 0.45037356019, 0.763506114483, 1.29841709137, 0.98404365778, 0.184815838933, 0.540616691113, 0.756323635578, 0.528344273567, 0.0267422422767, 0.509758353233, 0.708570241928]
    dmean2: [2.10162782669, 2.29726099968, 0.691132307053, 0.885987043381, 1.59058570862, 1.2276610136, 0.283254235983, 0.539480030537, 0.754036903381, 0.492264896631, 0.0416941083968, 0.429144203663, 0.535729587078]
    dvar: [47.2633209229, 55.2085075378, 4.25896024704, 13.0704202652, 35.2695465088, 19.8751506805, 0.716536283493, 7.5362200737, 14.7283449173, 6.16492652893, 0.0148715348914, 4.71508932114, 7.88906908035]
    dvar2: [99.2109680176, 118.508110046, 10.9335241318, 18.5773868561, 58.1278266907, 34.3911552429, 1.83681118488, 7.24735212326, 14.1319379807, 4.92412805557, 0.0388373509049, 2.81696438789, 3.8252825737]
    kurt: [18.3850364685, 19.4873199463, 40.0226097107, 29.9106712341, 24.8297233582, 22.6766319275, 40.0162963867, 33.3453559875, 33.3619384766, 32.6225318909, 39.2767486572, 30.2066917419, 27.1002082825]
    max: [-1097.48864746, 43.7303581238, 9.9133605957, 8.01086425781e-05, -6.103515625e-05, 2.28881835938e-05, -2.67028808594e-05, 18.3070468903, 25.6235389709, 17.9101047516, 0.0603446960449, -3.0517578125e-05, -3.81469726562e-05]
    mean: [-1119.43347168, 19.0391311646, 0.231471762061, -18.4605007172, -26.0925292969, -18.3765850067, -0.124169833958, 17.7650127411, 24.8646774292, 17.347076416, 0.042427316308, -16.6697483063, -23.1316814423]
    median: [-1119.36938477, 19.0402030945, 0.0116882324219, -18.9061393738, -26.6101341248, -18.7052993774, -0.0349998474121, 18.306634903, 25.6231040955, 17.909860611, 0.0572853088379, -17.2564468384, -24.0053367615]
    min: [-1138.42004395, 1.14440917969e-05, -6.103515625e-05, -23.4237480164, -37.8953819275, -28.2113761902, -4.08137130737, -5.34057617188e-05, -4.57763671875e-05, -2.28881835938e-05, -0.556247711182, -17.2569122314, -24.0057487488]
    skew: [0.920915603638, 1.67931330204, 6.4824795723, 5.2719783783, 4.19973468781, 3.59386205673, -6.48172664642, -5.80467700958, -5.80610847473, -5.71739816666, -6.39918756485, 5.45579767227, 5.14431619644]
    var: [19.4183197021, 22.3198547363, 2.13043403625, 8.90649032593, 19.6987190247, 10.3658533096, 0.355923116207, 7.82700872421, 15.3292074203, 7.53778028488, 0.00821739807725, 7.21516942978, 14.648604393]

SpecContrastCoeff:
    dmean: [0.0447624325752, 0.0165951605886, 0.0260857883841, 0.0121736554429, 0.0107186501846, 0.00764568150043]
    dmean2: [0.0801518037915, 0.0302714575082, 0.0314193330705, 0.0207868814468, 0.0173230562359, 0.0137186683714]
    dvar: [0.0011213888647, 0.000347496359609, 0.00268446560949, 5.29423268745e-05, 6.31593866274e-05, 4.7877743782e-05]
    dvar2: [0.00226927385665, 0.000793649291154, 0.00179421901703, 0.000152750202687, 0.000156170775881, 0.000126072962303]
    kurt: [2.65625, 10.2134208679, 20.2427024841, 0.493866920471, 1.70342731476, 7.4964132309]
    max: [-0.75976896286, -0.849647223949, -0.461080104113, -0.911144435406, -0.911228060722, -0.911403417587]
    mean: [-0.848150372505, -0.952096641064, -0.494946449995, -0.941528499126, -0.931277453899, -0.930065393448]
    median: [-0.845718622208, -0.95793223381, -0.477784782648, -0.942248880863, -0.930942416191, -0.93040573597]
    min: [-0.982048332691, -0.969275057316, -0.958117961884, -0.955816507339, -0.960888445377, -0.963815331459]
    skew: [-1.11360025406, 3.1687309742, -4.47662496567, 0.748983561993, -0.873478293419, -1.55667066574]
    var: [0.00177532678936, 0.00053215760272, 0.00690150586888, 8.90702503966e-05, 8.46543625812e-05, 5.66699745832e-05]

SpecPeakAmp:
    dmean: [2.60477486336e-06, 6.36561380816e-05, 1.17453464554e-06, 1.12722045742e-06, 1.0011493714e-06]
    dmean2: [3.57982662536e-06, 9.7831551102e-05, 1.91482195078e-06, 1.79307210146e-06, 1.60429317475e-06]
    dvar: [6.60006424513e-11, 8.36205842347e-08, 9.68473998914e-12, 8.91868176534e-12, 7.36781816113e-12]
    dvar2: [1.6144663384e-10, 2.14749945826e-07, 2.45656880254e-11, 2.24474987209e-11, 1.85721524965e-11]
    kurt: [34.4488449097, 40.0221710205, 37.0993614197, 36.7058982849, 36.7853240967]
    max: [4.44032593805e-05, 0.00139065622352, 1.60703875736e-05, 1.54168537847e-05, 1.40162856042e-05]
    mean: [8.94987988431e-06, 3.18703823723e-05, 1.31780882384e-06, 1.34782533223e-06, 1.39308940561e-06]
    median: [8.26626546768e-06, 9.33829312544e-07, 9.25030121834e-07, 1.02727938156e-06, 1.06149832391e-06]
    min: [7.08255697646e-07, 3.08943072014e-07, 4.01863673005e-07, 4.10104348703e-07, 2.98334384752e-07]
    skew: [5.7430934906, 6.48242807388, 6.14706087112, 6.10526704788, 6.11095762253]
    var: [3.06666983474e-11, 4.19616164038e-08, 5.12413852669e-12, 4.68362675032e-12, 3.76659163928e-12]
