
metadata:
    version:
        essentia: "2.1-beta3"

Flux:
    dmean: 0.00282752583735
    dmean2: 0.00372907426208
    dvar: 8.38552659843e-05
    dvar2: 0.00016476662131
    kurt: 9.63354587555
    max: 0.0533934235573
    mean: 0.0036088724155
    median: 9.47651278693e-05
    min: 1.68207097886e-05
    skew: 3.30052256584
    var: 0.000136299524456

Rms:
    dmean: 0.00115546258166
    dmean2: 0.000925839995034
    dvar: 1.5184289623e-05
    dvar2: 6.74623697705e-06
    kurt: 20.854883194
    max: 0.0384346209466
    mean: 0.037005815655
    median: 0.0383464209735
    min: 0.0070112128742
    skew: -4.5342040062
    var: 2.8361529985e-05

RollOff:
    dmean: 5.87269163132
    dmean2: 5.5084939003
    dvar: 1251.16650391
    dvar2: 1058.76257324
    kurt: 39.4301986694
    max: 1012.06054688
    mean: 759.8828125
    median: 753.662109375
    min: 753.662109375
    skew: 6.4159412384
    var: 1455.37902832

SpecCent:
    dmean: 6.68999528885
    dmean2: 9.22535324097
    dvar: 472.476928711
    dvar2: 438.357391357
    kurt: 39.2415046692
    max: 892.949401855
    mean: 742.807189941
    median: 739.773803711
    min: 736.222961426
    skew: 6.38966369629
    var: 517.058349609

Zcr:
    dmean: 0.00142045458779
    dmean2: 0.00140806683339
    dvar: 1.62104934134e-05
    dvar2: 1.0980677871e-05
    kurt: 17.8315086365
    max: 0.03369140625
    mean: 0.0321072041988
    median: 0.03369140625
    min: 0.00146484375
    skew: -4.23326683044
    var: 3.21934530803e-05

HarmonicAmpFreq:
    dmean: [0.280496776104]
    dmean2: [0.522947788239]
    dvar: [0.269706577063]
    dvar2: [0.527024030685]
    kurt: [3.47177600861]
    max: [739.605773926]
    mean: [738.69732666]
    median: [738.515441895]
    min: [736.664428711]
    skew: [-0.275648713112]
    var: [0.28253275156]

HarmonicAmpMag:
    dmean: [0.0119183566421]
    dmean2: [0.0226750243455]
    dvar: [0.00045247838716]
    dvar2: [0.0010329032084]
    kurt: [-0.316088676453]
    max: [0.0524371303618]
    mean: [0.0403072237968]
    median: [0.0524285472929]
    min: [0]
    skew: [-1.28121471405]
    var: [0.000473879947094]

MfccCoeff:
    dmean: [11.375992775, 8.12713813782, 1.04209828377, 1.21817004681, 1.75312697887, 1.92791950703, 1.53191196918, 2.10222840309, 1.56218004227, 2.03979372978, 1.70790147781, 2.33205890656, 1.91814982891]
    dmean2: [16.6418685913, 11.7373399734, 1.64646232128, 1.59991633892, 2.02322840691, 2.66632890701, 2.74147891998, 2.80588769913, 1.74573814869, 2.90638828278, 3.03108239174, 3.52807593346, 2.5052280426]
    dvar: [2142.73901367, 933.554138184, 2.97849440575, 16.4551315308, 28.2921638489, 8.03153896332, 0.661273658276, 9.88620281219, 24.8694763184, 12.59968853, 0.749967336655, 12.1376714706, 29.3110713959]
    dvar2: [5346.75048828, 2272.34350586, 3.79087376595, 14.5001363754, 20.4146327972, 4.36379814148, 1.95217680931, 7.70757484436, 27.687587738, 14.3926992416, 1.90716922283, 11.8470563889, 31.1030349731]
    kurt: [36.1959495544, 30.8913192749, 29.2828674316, 25.7087039948, 23.8074760437, 17.9306240082, -1.59229052067, 22.8605270386, 20.1404361725, 17.2565002441, -1.36815392971, 16.7397384644, 15.9259243011]
    max: [-892.920043945, 169.484008789, 11.5625610352, -7.62958908081, -11.2469329834, -8.48082733154, 0.870746612549, 40.5471458435, 56.1490592957, 38.7749176025, 1.84824752808, -1.51951599121, -1.714012146]
    mean: [-1096.40661621, 40.4110412598, 0.362373173237, -36.2125663757, -51.0505371094, -35.7487640381, -0.459898710251, 33.9172706604, 47.3624687195, 33.0240287781, 0.266283929348, -31.1115398407, -43.119644165]
    median: [-1101.52807617, 36.8056755066, 0.0852355957031, -36.3435440063, -51.3163757324, -35.8397941589, -0.31693649292, 34.8835411072, 48.8659248352, 34.0392227173, 0.0334281921387, -32.6766624451, -45.3393058777]
    min: [-1128.88671875, 9.79258346558, -3.43869018555, -47.3587722778, -68.6947021484, -46.2948875427, -1.90938949585, 4.05689239502, 6.22294998169, 4.40365600586, -2.06538009644, -33.5236778259, -45.5713615417]
    skew: [6.03324365616, 5.41315507889, 4.96251106262, 4.2261223793, 3.86910247803, 3.58181381226, -0.148685902357, -4.68161773682, -4.49857997894, -4.14294910431, 0.0816713497043, 4.11463928223, 4.07765007019]
    var: [986.469970703, 428.288543701, 3.31329751015, 23.1232700348, 46.7376174927, 25.1990394592, 1.05004286766, 26.9421920776, 56.1647033691, 29.4646511078, 1.24498999119, 32.181842804, 65.0687255859]

SpecContrastCoeff:
    dmean: [0.0239899586886, 0.022625759244, 0.0308839958161, 0.0135981002823, 0.0115262214094, 0.0109477574006]
    dmean2: [0.0434479303658, 0.0406561009586, 0.0344573296607, 0.0251730456948, 0.0214106682688, 0.0211670901626]
    dvar: [0.000407677522162, 0.000715106900316, 0.00465285778046, 9.34903728194e-05, 0.0001032851942, 0.000131031585624]
    dvar2: [0.0011227291543, 0.00168074062094, 0.00239850883372, 0.000150507199578, 0.000215111489524, 0.000298544531688]
    kurt: [2.40039777756, 10.2171297073, 23.0063800812, 3.28284454346, 2.20110273361, 1.39629125595]
    max: [-0.891313135624, -0.797752976418, -0.293878257275, -0.891165614128, -0.914681315422, -0.92616891861]
    mean: [-0.958647251129, -0.939873576164, -0.332642197609, -0.940210282803, -0.953290998936, -0.957154154778]
    median: [-0.963225185871, -0.949437916279, -0.311411976814, -0.946398019791, -0.959454715252, -0.962715268135]
    min: [-0.98309725523, -0.959294617176, -0.945485174656, -0.951055586338, -0.960520386696, -0.96369767189]
    skew: [1.65417218208, 3.21421027184, -4.74681854248, 1.71095991135, 1.69110286236, 1.6404812336]
    var: [0.000413897185354, 0.00101817015093, 0.0112229110673, 0.000167911159224, 0.000117408155347, 0.000103266866063]

SpecPeakAmp:
    dmean: [5.75906015001e-05, 0.00142534309998, 0.0166958700866, 0.0166907534003, 0.0190640613437]
    dmean2: [9.04538246687e-05, 0.00218818313442, 0.0341554097831, 0.0341428667307, 0.0389888435602]
    dvar: [4.18971453087e-08, 4.18762538175e-05, 0.000595025194343, 0.000594941608142, 0.00063462019898]
    dvar2: [1.07438111741e-07, 0.000107550127723, 0.00151647382881, 0.00126046058722, 0.00154302315786]
    kurt: [39.558380127, 40.0222053528, -0.214302778244, -0.886370182037, -0.886368989944]
    max: [0.00103806483094, 0.0310960989445, 0.0524368099868, 0.0524367280304, 0.0524371303618]
    mean: [4.52116073575e-05, 0.000713093497325, 0.0116787562147, 0.0140123488382, 0.0140096098185]
    median: [2.29500037676e-05, 2.29504967137e-05, 3.23816238961e-05, 4.11311921198e-05, 3.82710095437e-05]
    min: [5.47115996596e-06, 3.53270479536e-06, 4.91953051096e-06, 6.05476225246e-06, 4.7830276344e-06]
    skew: [6.42792701721, 6.48243236542, 1.33629119396, 1.0552791357, 1.05527997017]
    var: [2.25256293618e-08, 2.09802874451e-05, 0.000474488391774, 0.000536732259206, 0.000536843086593]
