
metadata:
    version:
        essentia: "2.1-beta3"

Flux:
    dmean: 0.0253862161189
    dmean2: 0.0335805565119
    dvar: 0.00679575977847
    dvar2: 0.0130676319823
    kurt: 9.43698883057
    max: 0.491395443678
    mean: 0.0332270525396
    median: 0.000884644279722
    min: 9.4164366601e-05
    skew: 3.27185320854
    var: 0.0114873731509

Rms:
    dmean: 0.0106390370056
    dmean2: 0.00854646041989
    dvar: 0.00129314663354
    dvar2: 0.000578756676987
    kurt: 21.0927429199
    max: 0.354113042355
    mean: 0.340994417667
    median: 0.353315532207
    min: 0.0637036859989
    skew: -4.55744838715
    var: 0.00240780087188

RollOff:
    dmean: 5.38330078125
    dmean2: 5.0077214241
    dvar: 1035.3737793
    dvar2: 859.147521973
    kurt: 39.3189697266
    max: 990.52734375
    mean: 759.40423584
    median: 753.662109375
    min: 753.662109375
    skew: 6.40380144119
    var: 1224.11218262

SpecCent:
    dmean: 5.54627990723
    dmean2: 8.04862689972
    dvar: 206.237808228
    dvar2: 198.863571167
    kurt: 38.3113327026
    max: 839.045410156
    mean: 741.527954102
    median: 739.646606445
    min: 736.223937988
    skew: 6.27843761444
    var: 220.569198608

Zcr:
    dmean: 0.00142045458779
    dmean2: 0.00140806683339
    dvar: 1.62104934134e-05
    dvar2: 1.0980677871e-05
    kurt: 17.8315086365
    max: 0.03369140625
    mean: 0.0321072041988
    median: 0.03369140625
    min: 0.00146484375
    skew: -4.23326683044
    var: 3.21934530803e-05

HarmonicAmpFreq:
    dmean: [0.367064028978]
    dmean2: [0.409284710884]
    dvar: [4.77437210083]
    dvar2: [5.03404092789]
    kurt: [39.0821380615]
    max: [739.604980469]
    mean: [738.246704102]
    median: [738.514587402]
    min: [724.080505371]
    skew: [-6.36515378952]
    var: [4.61200380325]

HarmonicAmpMag:
    dmean: [0.0219963211566]
    dmean2: [0.0291998200119]
    dvar: [0.00755556672812]
    dvar2: [0.0110903056338]
    kurt: [8.71877384186]
    max: [0.483122944832]
    mean: [0.446500480175]
    median: [0.483065932989]
    min: [0]
    skew: [-3.22909641266]
    var: [0.0150711983442]

MfccCoeff:
    dmean: [25.4041252136, 20.4477863312, 33.3456993103, 12.3320274353, 7.64304304123, 5.27881574631, 2.84717082977, 2.28473806381, 3.01011943817, 2.06176114082, 1.60711431503, 1.56942033768, 2.07038879395]
    dmean2: [38.5839233398, 34.7235603333, 60.7246589661, 21.3132019043, 11.0951757431, 9.12601661682, 5.23268032074, 2.96207761765, 4.25553131104, 2.70226168633, 2.91193413734, 2.21581244469, 2.57746744156]
    dvar: [5612.14355469, 241.876693726, 294.656494141, 85.8938293457, 45.6433181763, 41.1174888611, 5.6789484024, 11.8852701187, 30.6907329559, 14.9373178482, 1.11291229725, 12.4009609222, 27.6680011749]
    dvar2: [13268.3134766, 558.6640625, 838.398193359, 215.290405273, 89.0132369995, 83.8911209106, 14.4081249237, 11.9466342926, 41.9418182373, 14.4220848083, 1.97097694874, 13.3471078873, 24.6014385223]
    kurt: [26.0229549408, 3.62713813782, -1.26163578033, 1.86979913712, 7.54840278625, 5.42401027679, 3.47755336761, 18.2517108917, 16.500919342, 19.0494861603, 2.22228050232, 13.6889858246, 15.7758712769]
    max: [-667.318481445, 186.963973999, 31.5363807678, -31.7088394165, -31.274471283, -17.3789291382, 3.63422012329, 38.7910423279, 55.7337760925, 36.1949996948, 1.11142349243, -5.0493927002, -0.597434997559]
    mean: [-991.937255859, 125.408096313, 1.76237177849, -62.1787872314, -68.9566802979, -42.7339363098, 0.119654424489, 35.8341903687, 47.2645606995, 32.1147994995, -0.743914961815, -31.1989307404, -42.1132202148]
    median: [-1000.47412109, 127.416297913, -0.232391357422, -62.2879104614, -69.0871276855, -42.8019828796, 0.330615997314, 37.3284263611, 49.1524085999, 33.6062698364, -0.544765472412, -32.6489067078, -44.0249900818]
    min: [-1032.26342773, 98.3075332642, -35.2522239685, -93.1446914673, -99.5171813965, -63.2597923279, -9.77760314941, 5.09616851807, 6.4199256897, -0.407302856445, -5.61836051941, -34.0390129089, -45.2878227234]
    skew: [5.09107160568, 1.03057897091, -0.0468970835209, 0.196264967322, 1.06881392002, 0.972065746784, -1.3356294632, -4.16420269012, -4.02159786224, -4.32119178772, -1.24949502945, 3.82473516464, 4.04648590088]
    var: [2975.97314453, 242.376220703, 445.222229004, 111.937568665, 82.3603286743, 45.4476127625, 6.43453454971, 31.9084777832, 60.652179718, 35.1115531921, 1.8691586256, 29.1899471283, 65.0814361572]

SpecContrastCoeff:
    dmean: [0.0359711386263, 0.0309931524098, 0.0325476825237, 0.0165447387844, 0.0121023096144, 0.00715993484482]
    dmean2: [0.0668703988194, 0.054867900908, 0.0339512266219, 0.031217738986, 0.0239587444812, 0.0141602763906]
    dvar: [0.00171564030461, 0.00148998678196, 0.00831419136375, 0.000164215278346, 0.000143850687891, 0.000122794750496]
    dvar2: [0.00438006967306, 0.00391323911026, 0.00377447460778, 0.000278276682366, 0.000287811359158, 0.000324908905895]
    kurt: [7.0295753479, 10.0305843353, 26.8181476593, 5.09481048584, 1.55945682526, 5.6826133728]
    max: [-0.814064383507, -0.743571162224, -0.122921600938, -0.860118627548, -0.906978368759, -0.918020427227]
    mean: [-0.966363370419, -0.924472868443, -0.161711037159, -0.926165521145, -0.944212079048, -0.95348739624]
    median: [-0.980529546738, -0.93666446209, -0.135154858232, -0.933451235294, -0.951093494892, -0.957335352898]
    min: [-0.988427698612, -0.948569893837, -0.930862545967, -0.939235031605, -0.953243255615, -0.95896178484]
    skew: [2.59895896912, 3.15887093544, -5.11159515381, 2.12050938606, 1.6393083334, 2.49855685234]
    var: [0.00125380791724, 0.00155502918642, 0.0162782967091, 0.000284192414256, 0.000148893595906, 8.38264604681e-05]

SpecPeakAmp:
    dmean: [0.000570853881072, 0.210520938039, 0.263360410929, 0.0441973544657, 0.000215706750168]
    dmean2: [0.000894929107744, 0.424134135246, 0.538637757301, 0.0902830287814, 0.000327680434566]
    dvar: [3.89821843783e-06, 0.0547078475356, 0.0576669797301, 0.0192310158163, 2.66066138011e-07]
    dvar2: [1.00991574072e-05, 0.117771051824, 0.110567323864, 0.05686731264, 6.13318775322e-07]
    kurt: [38.9222984314, -1.23613202572, -1.90077888966, 17.5453357697, 25.4131736755]
    max: [0.0099538192153, 0.483118921518, 0.483122944832, 0.48309636116, 0.00263498816639]
    mean: [0.000457258865936, 0.146153941751, 0.279349416494, 0.0218107588589, 0.000186129560461]
    median: [0.000228985285503, 0.000400093413191, 0.483038216829, 0.000313747354085, 8.51532822708e-05]
    min: [1.69531158463e-05, 4.90385391458e-05, 6.89531079843e-05, 3.88564549212e-05, 3.51361049979e-05]
    skew: [6.35599088669, 0.856796979904, -0.314960330725, 4.42093467712, 4.97163915634]
    var: [2.07642165151e-06, 0.0478678792715, 0.0567980185151, 0.00989610049874, 1.70332327798e-07]
