
metadata:
    version:
        essentia: "2.1-beta3"

Flux:
    dmean: 0.0138100385666
    dmean2: 0
    dvar: 0
    dvar2: 0
    kurt: -2
    max: 0.293158233166
    mean: 0.286253213882
    median: 0.286253213882
    min: 0.279348194599
    skew: 0
    var: 4.76792920381e-05

Rms:
    dmean: 0
    dmean2: 0
    dvar: 0
    dvar2: 0
    kurt: 0
    max: 0.10084399581
    mean: 0.10084399581
    median: 0.10084399581
    min: 0.10084399581
    skew: 0
    var: 0

RollOff:
    dmean: 279.931640625
    dmean2: 0
    dvar: 0
    dvar2: 0
    kurt: -2
    max: 1313.52539062
    mean: 1173.55957031
    median: 1173.55957031
    min: 1033.59375
    skew: 0
    var: 19590.4316406

SpecCent:
    dmean: 74.7867431641
    dmean2: 0
    dvar: 0
    dvar2: 0
    kurt: -2
    max: 1028.57019043
    mean: 991.176818848
    median: 991.176818848
    min: 953.783447266
    skew: 0
    var: 1398.26428223

Zcr:
    dmean: 0
    dmean2: 0
    dvar: 0
    dvar2: 0
    kurt: 0
    max: 0.0126953125
    mean: 0.0126953125
    median: 0.0126953125
    min: 0.0126953125
    skew: 0
    var: 0

HarmonicAmpFreq:
    dmean: [28.8991699219]
    dmean2: [0]
    dvar: [0]
    dvar2: [0]
    kurt: [-2]
    max: [955.308105469]
    mean: [940.858520508]
    median: [940.858520508]
    min: [926.408935547]
    skew: [0]
    var: [208.790512085]

HarmonicAmpMag:
    dmean: [0.0799997895956]
    dmean2: [0]
    dvar: [0]
    dvar2: [0]
    kurt: [-2]
    max: [0.0799997895956]
    mean: [0.0399998947978]
    median: [0.0399998947978]
    min: [0]
    skew: [0]
    var: [0.00159999157768]

MfccCoeff:
    dmean: [374.340942383, 34.720741272, 26.282995224, 59.4723587036, 4.90923690796, 46.1127929688, 27.3629760742, 17.8556289673, 24.7712936401, 4.06428146362, 11.5485019684, 6.50252342224, 2.03757858276]
    dmean2: [0, 0, 0, 0, 0, 0, 0, 0, 0, 0, 0, 0, 0]
    dvar: [0, 0, 0, 0, 0, 0, 0, 0, 0, 0, 0, 0, 0]
    dvar2: [0, 0, 0, 0, 0, 0, 0, 0, 0, 0, 0, 0, 0]
    kurt: [-2, -1.99999988079, -2, -2, -2, -2, -2, -2, -2, -1.99999988079, -2, -1.99999988079, -2]
    max: [-620.003845215, 150.45085144, -18.8067989349, -46.6119995117, -38.7563743591, 40.9466247559, 45.7901077271, 21.8961410522, 5.36041259766, -7.23436355591, 1.74573135376, 3.92821502686, 2.47018051147]
    mean: [-807.174316406, 133.090484619, -31.9482955933, -76.3481750488, -41.2109909058, 17.8902282715, 32.1086196899, 12.9683265686, -7.02523422241, -9.26650428772, -4.02851963043, 0.676953315735, 1.45139122009]
    median: [-807.174316406, 133.090484619, -31.9482955933, -76.3481750488, -41.2109909058, 17.8902282715, 32.1086196899, 12.9683265686, -7.02523422241, -9.26650428772, -4.02851963043, 0.676953315735, 1.45139122009]
    min: [-994.344787598, 115.730110168, -45.0897941589, -106.084358215, -43.6656112671, -5.16616821289, 18.4271316528, 4.04051208496, -19.4108810425, -11.2986450195, -9.80277061462, -2.57430839539, 0.432601928711]
    skew: [0, -6.53267647976e-07, -2.15147082372e-07, -4.08542490504e-07, -2.35364495893e-06, 0, 0, 0, 0, 0, 0, 0, 0]
    var: [35032.7851562, 301.382446289, 172.698959351, 884.240356445, 6.02515172958, 531.597412109, 187.183120728, 79.705871582, 153.404251099, 4.12959575653, 33.3419761658, 10.5707025528, 1.03793156147]

SpecContrastCoeff:
    dmean: [0.00519502162933, 0.0744315385818, 0.0260766148567, 0.197393119335, 0.00285673141479, 0.0206167697906]
    dmean2: [0, 0, 0, 0, 0, 0]
    dvar: [0, 0, 0, 0, 0, 0]
    dvar2: [0, 0, 0, 0, 0, 0]
    kurt: [-2, -2, -1.99999988079, -1.99999988079, -1.99999988079, -2]
    max: [-0.969090938568, -0.848134815693, -0.758806943893, -0.577221035957, -0.918610870838, -0.937548875809]
    mean: [-0.971688449383, -0.885350584984, -0.771845221519, -0.675917625427, -0.920039236546, -0.947857260704]
    median: [-0.971688449383, -0.885350584984, -0.771845221519, -0.675917625427, -0.920039236546, -0.947857260704]
    min: [-0.974285960197, -0.922566354275, -0.78488355875, -0.774614155293, -0.921467602253, -0.958165645599]
    skew: [0, 0, -6.87307920089e-06, 9.08166327918e-07, 0, 0]
    var: [6.74706234349e-06, 0.00138501345646, 0.000169997452758, 0.00974101014435, 2.04022853723e-06, 0.000106262799818]

SpecPeakAmp:
    dmean: [0.0798930004239, 0.0394698530436, 0.0205189380795, 0.0105324257165, 0.00640711840242]
    dmean2: [0, 0, 0, 0, 0]
    dvar: [0, 0, 0, 0, 0]
    dvar2: [0, 0, 0, 0, 0]
    kurt: [-2, -2, -2, -2, -2]
    max: [0.0799997895956, 0.0395949818194, 0.0206497777253, 0.0106737073511, 0.00656509958208]
    mean: [0.0400532893836, 0.0198600552976, 0.0103903086856, 0.00540749449283, 0.00336154038087]
    median: [0.0400532893836, 0.0198600552976, 0.0103903086856, 0.00540749449283, 0.00336154038087]
    min: [0.00010678563558, 0.000125128572108, 0.000130839296617, 0.000141281430842, 0.000157981077791]
    skew: [-1.71216328226e-07, 0, 0, 0, 0]
    var: [0.00159572297707, 0.000389467313653, 0.000105256702227, 2.77329982055e-05, 1.0262791875e-05]
