
metadata:
    version:
        essentia: "2.1-beta3"

Flux:
    dmean: 4.99282486999e-06
    dmean2: 7.41940766602e-06
    dvar: 3.16945053536e-10
    dvar2: 6.86138867945e-10
    kurt: 14.2119255066
    max: 9.56675430643e-05
    mean: 5.98864426138e-06
    median: 1.30712442115e-06
    min: 6.78533638165e-07
    skew: 3.8848195076
    var: 3.26420335206e-10

Rms:
    dmean: 1.32207878778e-06
    dmean2: 1.24518476241e-06
    dvar: 2.47290347921e-11
    dvar2: 1.85147643744e-11
    kurt: 19.6184196472
    max: 7.74049331085e-05
    mean: 7.59015747462e-05
    median: 7.72479834268e-05
    min: 4.4865792006e-05
    skew: -4.50708198547
    var: 3.28064138355e-11

RollOff:
    dmean: 1.00154435635
    dmean2: 1.025390625
    dvar: 20.5633563995
    dvar2: 21.0285148621
    kurt: 17.0510482788
    max: 1507.32421875
    mean: 1486.7689209
    median: 1485.79101562
    min: 1485.79101562
    skew: 4.36493968964
    var: 20.1182975769

SpecCent:
    dmean: 3.82586812973
    dmean2: 5.15643596649
    dvar: 24.7191982269
    dvar2: 20.4681930542
    kurt: 11.8873262405
    max: 1642.79870605
    mean: 1613.35302734
    median: 1611.84863281
    min: 1608.46289062
    skew: 3.4916138649
    var: 47.3889923096

Zcr:
    dmean: 0.00185092655011
    dmean2: 0.00211588549428
    dvar: 4.66697347292e-05
    dvar2: 4.4092292228e-05
    kurt: 17.309129715
    max: 0.0673828125
    mean: 0.0654740780592
    median: 0.06689453125
    min: 0.03125
    skew: -4.37540054321
    var: 4.92097933602e-05

HarmonicAmpFreq:
    dmean: [0]
    dmean2: [0]
    dvar: [0]
    dvar2: [0]
    kurt: [-2]
    max: [1479.97424316]
    mean: [1479.97363281]
    median: [1479.97424316]
    min: [1479.97424316]
    skew: [1]
    var: [3.72529029846e-07]

HarmonicAmpMag:
    dmean: [0]
    dmean2: [0]
    dvar: [0]
    dvar2: [0]
    kurt: [nan]
    max: [0]
    mean: [0]
    median: [0]
    min: [0]
    skew: [nan]
    var: [0]

MfccCoeff:
    dmean: [0.0408623255789, 0.017623545602, 0.0468906126916, 0.0460148304701, 0.0185419134796, 0.0566874668002, 0.016030954197, 0.0459662154317, 0.0433739945292, 0.0187622774392, 0.0533968918025, 0.013830140233, 0.0432746373117]
    dmean2: [0.0421375110745, 0.0181797575206, 0.0483333058655, 0.0474475696683, 0.019102551043, 0.058442980051, 0.0165510624647, 0.0473727285862, 0.0447358638048, 0.0193192623556, 0.055048443377, 0.0142971221358, 0.0445892699063]
    dvar: [0.0319267660379, 0.00592755852267, 0.0420518741012, 0.040437605232, 0.00659905560315, 0.0614172033966, 0.00486919749528, 0.0404657609761, 0.035868499428, 0.00678303372115, 0.0544966645539, 0.00358706433326, 0.0359188839793]
    dvar2: [0.0318889282644, 0.00591722130775, 0.0420089177787, 0.0403741821647, 0.00660177925602, 0.0613412298262, 0.00484919641167, 0.0404451526701, 0.0357925258577, 0.00679911160842, 0.0544297248125, 0.00356112280861, 0.0359205231071]
    kurt: [17.0174350739, 17.0373401642, 17.0379123688, 17.0374965668, 17.0390319824, 17.0377426147, 17.0352077484, 17.0383243561, 17.0370178223, 17.040435791, 17.0377559662, 17.0321121216, 17.0387554169]
    max: [-1137.55908203, 0.371105194092, -6.103515625e-05, 8.01086425781e-05, 0.391021728516, 1.19420623779, 0.336780548096, -5.34057617188e-05, -4.57763671875e-05, 0.396034240723, 1.1248588562, 0.289573669434, -3.81469726562e-05]
    mean: [-1137.60095215, 0.353124797344, -0.940298974514, -0.922150671482, 0.372165322304, 1.13642263412, 0.320376306772, -0.922172904015, -0.868843078613, 0.377023696899, 1.07043302059, 0.275376409292, -0.868585586548]
    median: [-1137.5612793, 0.370128631592, -0.985542297363, -0.966548919678, 0.390068054199, 1.19111633301, 0.335819244385, -0.966552734375, -0.910682678223, 0.395126342773, 1.12195587158, 0.288673400879, -0.910377502441]
    min: [-1138.42004395, 1.14440917969e-05, -0.988082885742, -0.969066619873, -6.103515625e-05, 2.28881835938e-05, -2.67028808594e-05, -0.96898651123, -0.913101196289, -2.28881835938e-05, -2.67028808594e-05, -3.0517578125e-05, -0.912620544434]
    skew: [-4.35910463333, -4.36252450943, 4.36262655258, 4.36255216599, -4.36282396317, -4.362596035, -4.3621468544, 4.36269855499, 4.36246776581, -4.36307430267, -4.36259746552, -4.36159896851, 4.36277532578]
    var: [0.0319723188877, 0.00593910412863, 0.0421077460051, 0.0405107401311, 0.00659915804863, 0.061510682106, 0.00489000184461, 0.0405001267791, 0.0359528325498, 0.00677094049752, 0.054579410702, 0.0036132610403, 0.0359305888414]

SpecContrastCoeff:
    dmean: [0.016143379733, 0.0134082771838, 0.0143845770508, 0.0137884030119, 0.00773023301736, 0.00639794580638]
    dmean2: [0.0237980913371, 0.0188525412232, 0.0218983143568, 0.0174728371203, 0.0123149920255, 0.00995844136924]
    dvar: [0.000775037391577, 0.000151629370521, 8.99932929315e-05, 0.0010813876288, 8.03577277111e-05, 8.71525844559e-05]
    dvar2: [0.000736999965739, 0.000179984781425, 0.000221824113396, 0.000917833647691, 9.89628679235e-05, 0.000106358747871]
    kurt: [14.49933815, 5.0195684433, 2.9271979332, 19.144569397, 14.3272075653, 18.9068717957]
    max: [-0.669445335865, -0.863174855709, -0.858446776867, -0.60387390852, -0.885979175568, -0.876358509064]
    mean: [-0.701266050339, -0.886780977249, -0.88058835268, -0.630584061146, -0.897068023682, -0.890145361423]
    median: [-0.695071458817, -0.885689437389, -0.880716323853, -0.622822999954, -0.894894242287, -0.888629734516]
    min: [-0.835565268993, -0.952656626701, -0.925757527351, -0.828969359398, -0.952132880688, -0.949404895306]
    skew: [-3.88555550575, -1.85932910442, -1.27159559727, -4.41464567184, -3.58599472046, -4.04979372025]
    var: [0.000912483839784, 0.000290539464913, 0.000186222940101, 0.00135588657577, 0.000118126117741, 0.000115925256978]

SpecPeakAmp:
    dmean: [1.63028317957e-07, 4.56994655451e-08, 3.60931267096e-08, 4.95076974971e-08, 3.65335388608e-08]
    dmean2: [2.33895875112e-07, 6.67301804924e-08, 6.09589889677e-08, 7.94011398852e-08, 5.40578035668e-08]
    dvar: [1.1502001337e-13, 7.7072205497e-15, 2.45680127582e-15, 4.38507940354e-15, 2.4655752666e-15]
    dvar2: [1.02303765231e-13, 8.57253331499e-15, 4.80900414705e-15, 5.12711372314e-15, 1.94077419303e-15]
    kurt: [21.1329212189, 20.9741535187, 9.01972389221, 9.98004817963, 12.6085071564]
    max: [8.49962179927e-06, 7.16778458809e-07, 4.46516054353e-07, 4.19741525093e-07, 4.10513081306e-07]
    mean: [8.30744465929e-06, 1.87385026607e-07, 2.45432232759e-07, 9.32459869318e-08, 1.07234647828e-07]
    median: [8.38097002998e-06, 1.67164472487e-07, 2.40141673657e-07, 8.85451498789e-08, 1.07254983561e-07]
    min: [6.29938449492e-06, 1.16670726413e-07, 9.84654491276e-08, 2.7416245274e-08, 3.61124321557e-08]
    skew: [-4.60903453827, 4.44656562805, 1.77784121037, 2.96487569809, 2.95074367523]
    var: [1.29851438304e-13, 8.8520262355e-15, 2.23688907634e-15, 5.46262559113e-15, 3.57478566334e-15]
