
metadata:
    version:
        essentia: "2.1-beta3"

Flux:
    dmean: 0.000124686674098
    dmean2: 0.000164411685546
    dvar: 1.67182179212e-07
    dvar2: 3.28887210799e-07
    kurt: 9.61381340027
    max: 0.0023809436243
    mean: 0.000162740339874
    median: 5.43898067917e-06
    min: 4.42041073256e-06
    skew: 3.29824304581
    var: 2.71114942052e-07

Rms:
    dmean: 4.97249529872e-05
    dmean2: 3.79775738111e-05
    dvar: 3.00751850091e-08
    dvar2: 1.34619533299e-08
    kurt: 20.7510261536
    max: 0.0017152572982
    mean: 0.00165296671912
    median: 0.00171313493047
    min: 0.000320011371514
    skew: -4.52407598495
    var: 5.61642039543e-08

RollOff:
    dmean: 6.85147380829
    dmean2: 6.51003837585
    dvar: 1491.62805176
    dvar2: 1283.95654297
    kurt: 39.0403785706
    max: 1765.72265625
    mean: 1492.96789551
    median: 1485.79101562
    min: 1485.79101562
    skew: 6.37132263184
    var: 1710.45959473

SpecCent:
    dmean: 9.58100509644
    dmean2: 11.0159311295
    dvar: 1670.5838623
    dvar2: 1444.97399902
    kurt: 39.3605995178
    max: 1776.4161377
    mean: 1483.81091309
    median: 1476.97692871
    min: 1473.76367188
    skew: 6.40673065186
    var: 1961.02722168

Zcr:
    dmean: 0.00251908740029
    dmean2: 0.00212345574982
    dvar: 6.75368428347e-05
    dvar2: 4.57750938949e-05
    kurt: 17.8824062347
    max: 0.0673828125
    mean: 0.0641601532698
    median: 0.06689453125
    min: 0.001953125
    skew: -4.24178600311
    var: 0.000132511966513

HarmonicAmpFreq:
    dmean: [0.120588824153]
    dmean2: [0.123393215239]
    dvar: [0.625291585922]
    dvar2: [0.639487206936]
    kurt: [39.9980049133]
    max: [1479.77832031]
    mean: [1479.65966797]
    median: [1479.77832031]
    min: [1474.47241211]
    skew: [-6.47963285446]
    var: [0.611712753773]

HarmonicAmpMag:
    dmean: [6.2844328852e-08]
    dmean2: [6.43058299943e-08]
    dvar: [1.69824644256e-13]
    dvar2: [1.73680067181e-13]
    kurt: [40.0227279663]
    max: [2.76515061159e-06]
    mean: [6.1447792632e-08]
    median: [0]
    min: [0]
    skew: [6.48249387741]
    var: [1.66136567936e-13]

MfccCoeff:
    dmean: [0.887453973293, 0.386147946119, 0.989088058472, 0.960260391235, 0.348232269287, 1.07053947449, 0.309963226318, 0.741621732712, 0.673327684402, 0.231698557734, 0.70064073801, 0.21163906157, 0.547476768494]
    dmean2: [1.08747053146, 0.472813099623, 1.20477545261, 1.1619181633, 0.415694117546, 1.26217603683, 0.35939309001, 0.835587441921, 0.734893798828, 0.242489218712, 0.694545507431, 0.196379378438, 0.485309064388]
    dvar: [16.2434101105, 3.07755064964, 20.3122329712, 19.288269043, 2.58014392853, 24.7611026764, 2.12110447884, 12.6733283997, 10.9653778076, 1.39224326611, 12.2418432236, 0.958806455135, 5.86820173264]
    dvar2: [26.8446846008, 5.07547616959, 33.0288467407, 30.8023872375, 3.97028613091, 36.8229064941, 3.01235747337, 16.6380615234, 13.2153253555, 1.50568687916, 11.5717926025, 0.756051421165, 4.05872154236]
    kurt: [24.2001991272, 24.2839431763, 24.8723945618, 25.5809650421, 26.9647731781, 28.046289444, 29.2754592896, 30.9362869263, 32.0017318726, 32.712387085, 32.6545295715, 31.7654685974, 30.9203414917]
    max: [-1112.77331543, 11.1666069031, -6.103515625e-05, 8.01086425781e-05, 10.3133239746, 32.0445251465, 9.40654373169, -5.34057617188e-05, -4.57763671875e-05, 7.62844276428, 23.4145622253, 7.06014251709, -3.81469726562e-05]
    mean: [-1120.85266113, 7.66604185104, -20.0321216583, -19.9278583527, 7.58453416824, 24.2885875702, 7.40424442291, -19.2498893738, -18.9499130249, 7.17976331711, 22.7078151703, 6.83382415771, -17.696680069]
    median: [-1120.49951172, 7.82065963745, -20.4461402893, -20.3520011902, 7.75454711914, 24.8564453125, 7.58604812622, -19.7543792725, -19.4760055542, 7.3905506134, 23.4141960144, 7.06003570557, -18.303478241]
    min: [-1138.42004395, 1.14440917969e-05, -28.7466087341, -28.0778884888, -6.103515625e-05, 2.28881835938e-05, -2.67028808594e-05, -23.0682373047, -21.4639358521, -2.28881835938e-05, -2.67028808594e-05, -3.0517578125e-05, -18.303768158]
    skew: [-4.11416959763, -4.13661909103, 4.28422832489, 4.45474100113, -4.75750637054, -4.97847890854, -5.21075582504, 5.4870595932, 5.64991426468, -5.74453353882, -5.73833560944, -5.63415241241, 5.53781843185]
    var: [9.05233573914, 1.7201372385, 11.578125, 11.2724781036, 1.58595609665, 15.9287376404, 1.44823622704, 9.52707290649, 9.08511829376, 1.290756464, 12.9221420288, 1.18531513214, 8.04704475403]

SpecContrastCoeff:
    dmean: [0.0425485260785, 0.0197677668184, 0.0123427724466, 0.0202608704567, 0.00736642163247, 0.00832727458328]
    dmean2: [0.0696079730988, 0.0318766869605, 0.0192297082394, 0.0257003773004, 0.0121010970324, 0.0150750791654]
    dvar: [0.000748056860175, 0.000220951900701, 8.37736733956e-05, 0.00212541758083, 2.59400349023e-05, 6.59582583467e-05]
    dvar2: [0.00200895126909, 0.000588337599766, 0.000129720181576, 0.00213363068178, 8.13845254015e-05, 0.000147420738358]
    kurt: [5.54176807404, -0.522087097168, 4.03644800186, 17.8032360077, -0.499983310699, 5.11724185944]
    max: [-0.736860632896, -0.904865324497, -0.89736956358, -0.494050830603, -0.918927669525, -0.901937067509]
    mean: [-0.804365038872, -0.946493804455, -0.951626479626, -0.525800347328, -0.931093871593, -0.926226913929]
    median: [-0.80245256424, -0.951148688793, -0.956790030003, -0.509777665138, -0.93085706234, -0.925136566162]
    min: [-0.980029404163, -0.976796030998, -0.967347800732, -0.904479146004, -0.945778787136, -0.963271439075]
    skew: [-1.84743857384, 0.472648978233, 1.97513473034, -4.26437997818, -0.0437007211149, -1.50669038296]
    var: [0.00180809409358, 0.000293161458103, 0.000212059952901, 0.00506522040814, 4.10215725424e-05, 0.000100526274764]

SpecPeakAmp:
    dmean: [1.20269658055e-06, 7.07382810106e-07, 6.61491867504e-07, 7.67872336382e-07, 7.27939493572e-07]
    dmean2: [1.83645943252e-06, 1.08976757929e-06, 1.05831202291e-06, 1.22275866943e-06, 1.14219062652e-06]
    dvar: [6.24854725254e-12, 5.34114592832e-12, 4.65688945739e-12, 5.73523433606e-12, 6.21241209517e-12]
    dvar2: [1.18368622196e-11, 1.35220671466e-11, 1.21941935716e-11, 1.46325156852e-11, 1.57462359124e-11]
    kurt: [15.5985393524, 39.2015914917, 36.4222488403, 39.1658973694, 39.4887313843]
    max: [1.65333858604e-05, 1.20345857795e-05, 1.22051496874e-05, 1.23728796098e-05, 1.26996228573e-05]
    mean: [8.35735590954e-06, 7.38588369131e-07, 8.51837114624e-07, 8.27752387522e-07, 8.13221276985e-07]
    median: [8.32089335745e-06, 4.85187911181e-07, 5.79851473503e-07, 6.37256846403e-07, 5.79360175834e-07]
    min: [5.51922198611e-07, 1.79868933969e-07, 2.06458707908e-07, 2.2749050288e-07, 2.61369876853e-07]
    skew: [0.249377176166, 6.38574838638, 6.08976793289, 6.38029527664, 6.41893386841]
    var: [3.13130901416e-12, 2.92811152929e-12, 3.06166919074e-12, 3.06000602461e-12, 3.23121304019e-12]
