
metadata:
    version:
        essentia: "2.1-beta3"

Flux:
    dmean: 0.00280890776776
    dmean2: 0.00370933697559
    dvar: 8.38382911752e-05
    dvar2: 0.000164688317454
    kurt: 9.61074638367
    max: 0.0533270202577
    mean: 0.00358502147719
    median: 6.49599751341e-05
    min: 1.78567170224e-05
    skew: 3.297747612
    var: 0.000136353555718

Rms:
    dmean: 0.00111387332436
    dmean2: 0.000849525793456
    dvar: 1.50289743033e-05
    dvar2: 6.71000407237e-06
    kurt: 20.6925544739
    max: 0.0384024940431
    mean: 0.0370090082288
    median: 0.0383554324508
    min: 0.00721855647862
    skew: -4.51838731766
    var: 2.80988424493e-05

RollOff:
    dmean: 6.36208295822
    dmean2: 6.00926589966
    dvar: 1255.71704102
    dvar2: 1063.77819824
    kurt: 38.8727836609
    max: 1744.18945312
    mean: 1492.48937988
    median: 1485.79101562
    min: 1485.79101562
    skew: 6.35279750824
    var: 1459.50073242

SpecCent:
    dmean: 7.17848062515
    dmean2: 8.66298961639
    dvar: 651.370483398
    dvar2: 548.936340332
    kurt: 38.9118385315
    max: 1667.44360352
    mean: 1481.09289551
    median: 1476.69213867
    min: 1473.55419922
    skew: 6.35482740402
    var: 799.649719238

Zcr:
    dmean: 0.00251908740029
    dmean2: 0.00212345574982
    dvar: 6.75368428347e-05
    dvar2: 4.57640053355e-05
    kurt: 17.8781471252
    max: 0.0673828125
    mean: 0.0641710087657
    median: 0.06689453125
    min: 0.001953125
    skew: -4.24132919312
    var: 0.000132576475153

HarmonicAmpFreq:
    dmean: [0.214155718684]
    dmean2: [0.216163814068]
    dvar: [1.91809570789]
    dvar2: [1.90803050995]
    kurt: [39.9992637634]
    max: [1479.7779541]
    mean: [1479.56530762]
    median: [1479.7779541]
    min: [1470.35510254]
    skew: [-6.47975301743]
    var: [1.92843270302]

HarmonicAmpMag:
    dmean: [0.00141093204729]
    dmean2: [0.00216634711251]
    dvar: [4.18053641624e-05]
    dvar2: [0.000107388703327]
    kurt: [40.0223808289]
    max: [0.0310719180852]
    mean: [0.000691883207764]
    median: [0]
    min: [0]
    skew: [6.48245286942]
    var: [2.09761419683e-05]

MfccCoeff:
    dmean: [11.5913085938, 3.49221944809, 2.69786286354, 1.1087012291, 0.386978507042, 1.19995307922, 0.420919597149, 0.894028067589, 0.970554888248, 0.454161435366, 1.2018737793, 0.468454867601, 1.03686416149]
    dmean2: [17.2455348969, 5.12396335602, 3.53038239479, 1.10900700092, 0.330203831196, 1.05210375786, 0.431679308414, 0.680855154991, 0.935366272926, 0.403133422136, 1.31138455868, 0.637289404869, 1.13724780083]
    dvar: [2671.94775391, 235.403167725, 130.513122559, 25.3936958313, 2.38374590874, 22.7419300079, 1.59974217415, 11.9936590195, 11.6201925278, 1.85577976704, 20.5207099915, 1.92424285412, 14.5155277252]
    dvar2: [6691.17724609, 581.249450684, 271.040405273, 26.2846679688, 1.27786278725, 11.6043405533, 1.151450634, 7.35938119888, 8.76142787933, 1.12645876408, 21.6851482391, 2.3979203701, 15.4382448196]
    kurt: [38.5395469666, 36.8018989563, 17.1040592194, 31.6805953979, 31.2154846191, 31.1165161133, 21.6893348694, 24.4459095001, 23.2419261932, 24.205368042, 20.1303672791, 18.4698028564, 18.1624107361]
    max: [-869.687133789, 82.617980957, -6.97752380371, -7.17194747925, 17.9943237305, 56.9869995117, 17.1979866028, -5.51091003418, -5.90744018555, 15.2811527252, 48.2143211365, 14.4850921631, -3.45700073242]
    mean: [-1098.47509766, 16.6752281189, -40.397605896, -39.4525222778, 14.8694200516, 47.7784767151, 14.563290596, -37.579914093, -37.0679893494, 13.9056596756, 44.1944007874, 13.4048109055, -34.2966423035]
    median: [-1103.37988281, 15.2895622253, -39.9725914001, -39.7882156372, 15.1254882812, 48.590423584, 14.8426704407, -38.5681610107, -38.0576858521, 14.3920688629, 45.7473258972, 13.837348938, -35.7118797302]
    min: [-1132.09790039, 2.86512374878, -75.7262878418, -50.316444397, 2.16743469238, 8.06009674072, 2.93936538696, -42.0944976807, -41.2136917114, 1.30812072754, 5.79615402222, 2.22895050049, -36.4577140808]
    skew: [6.29274463654, 6.05181980133, -0.434045016766, 5.22951507568, -5.38933563232, -5.40573883057, -4.58759021759, 4.96015691757, 4.87154960632, -4.93737459183, -4.57706832886, -4.40432548523, 4.34150457382]
    var: [1210.96740723, 102.848144531, 55.8278579712, 26.5555744171, 4.12542819977, 40.3961639404, 4.23771905899, 30.1987113953, 29.5256347656, 4.68037843704, 49.5706596375, 4.48481225967, 33.7399864197]

SpecContrastCoeff:
    dmean: [0.0321685224771, 0.0165501814336, 0.0160693395883, 0.0252622254193, 0.0133910514414, 0.0124893104658]
    dmean2: [0.0564635954797, 0.0281350556761, 0.0253765080124, 0.0289987903088, 0.0245853848755, 0.0243708975613]
    dvar: [0.000847928284202, 0.000220521964366, 0.000123982696095, 0.00345020671375, 9.30077585508e-05, 0.000154903056682]
    dvar2: [0.00226291734725, 0.000341419683537, 0.000236416817643, 0.00301705207676, 0.00018007781182, 0.000355957745342]
    kurt: [1.41751098633, 7.46891021729, 3.87545776367, 19.6164321899, -0.781240224838, 1.50266647339]
    max: [-0.875041842461, -0.900799572468, -0.883762121201, -0.333055347204, -0.908632516861, -0.920482814312]
    mean: [-0.952324509621, -0.977826714516, -0.945832371712, -0.378450870514, -0.932688415051, -0.952822268009]
    median: [-0.959160864353, -0.984144747257, -0.950029015541, -0.357840120792, -0.937357962132, -0.958516180515]
    min: [-0.995556890965, -0.990102887154, -0.960946619511, -0.869657754898, -0.943734228611, -0.961122334003]
    skew: [1.48012447357, 2.39230871201, 1.97008752823, -4.42868852615, 0.793138921261, 1.60050845146]
    var: [0.000737417431083, 0.000281608925434, 0.000321049505146, 0.00793598592281, 0.000124144120491, 0.000127005492686]

SpecPeakAmp:
    dmean: [2.21030804823e-05, 0.0014164383756, 2.68521380349e-05, 2.67009709205e-05, 2.57053761743e-05]
    dmean2: [3.46437336702e-05, 0.00217481236905, 4.23910751124e-05, 4.15417962358e-05, 3.98349184252e-05]
    dvar: [5.47602496681e-09, 4.1837716708e-05, 1.01382031659e-08, 1.00713668516e-08, 9.23320442325e-09]
    dvar2: [1.3833584056e-08, 0.000107426043542, 2.63940016509e-08, 2.57895838018e-08, 2.35921522318e-08]
    kurt: [39.4549064636, 40.0226783752, 38.9118766785, 39.8397865295, 39.8420753479]
    max: [0.000377276039217, 0.0310719180852, 0.000524885428604, 0.000499659858178, 0.000476264365716]
    mean: [2.09240843105e-05, 0.000698283256497, 2.06622371479e-05, 1.92282332137e-05, 1.88748617802e-05]
    median: [1.30147027448e-05, 8.93560445547e-06, 9.0161938715e-06, 9.12549148779e-06, 9.09233494895e-06]
    min: [4.83393796458e-06, 1.38722111842e-06, 1.66852441907e-06, 2.05334413295e-06, 2.69090742222e-06]
    skew: [6.41512393951, 6.48248767853, 6.35791826248, 6.46077013016, 6.46104240417]
    var: [2.90533153091e-09, 2.09672325582e-05, 5.85446091605e-09, 5.25699395126e-09, 4.76469441679e-09]
