
metadata:
    version:
        essentia: "2.1-beta3"

Flux:
    dmean: 5.49206606593e-06
    dmean2: 8.35963692225e-06
    dvar: 3.1360178343e-10
    dvar2: 6.83000433988e-10
    kurt: 14.3190059662
    max: 9.58451564657e-05
    mean: 6.50060201224e-06
    median: 2.11563929042e-06
    min: 6.17691341631e-07
    skew: 3.89348387718
    var: 3.22006532549e-10

Rms:
    dmean: 1.42971668993e-06
    dmean2: 1.45621618231e-06
    dvar: 2.49846063977e-11
    dvar2: 1.87431355159e-11
    kurt: 20.0338916779
    max: 7.74306317908e-05
    mean: 7.59005270083e-05
    median: 7.72645435063e-05
    min: 4.44163015345e-05
    skew: -4.5430264473
    var: 3.32069961806e-11

RollOff:
    dmean: 1.00154435635
    dmean2: 1.025390625
    dvar: 20.5633563995
    dvar2: 21.0285148621
    kurt: 17.0477027893
    max: 689.0625
    mean: 668.508056641
    median: 667.529296875
    min: 667.529296875
    skew: 4.36437177658
    var: 20.118303299

SpecCent:
    dmean: 4.23502063751
    dmean2: 6.35708618164
    dvar: 33.0404052734
    dvar2: 21.5576381683
    kurt: 28.4521274567
    max: 981.005126953
    mean: 930.158996582
    median: 928.896057129
    min: 925.835754395
    skew: 5.21961069107
    var: 69.7566375732

Zcr:
    dmean: 0.000931140966713
    dmean2: 0.00110444566235
    dvar: 8.94695040188e-06
    dvar2: 7.72089697421e-06
    kurt: 17.0317955017
    max: 0.0302734375
    mean: 0.0291748046875
    median: 0.02978515625
    min: 0.013671875
    skew: -4.32877016068
    var: 1.01883306343e-05

HarmonicAmpFreq:
    dmean: [2.68911099434]
    dmean2: [2.7531375885]
    dvar: [300.799224854]
    dvar2: [307.78503418]
    kurt: [39.0209770203]
    max: [659.658447266]
    mean: [656.510192871]
    median: [659.113647461]
    min: [544.026672363]
    skew: [-6.40466833115]
    var: [294.253234863]

HarmonicAmpMag:
    dmean: [1.46736374518e-06]
    dmean2: [1.50230096096e-06]
    dvar: [8.79409184362e-11]
    dvar2: [8.99822785727e-11]
    kurt: [39.0072097778]
    max: [6.22358784312e-05]
    mean: [1.43401450714e-06]
    median: [0]
    min: [0]
    skew: [6.40303182602]
    var: [8.59900831096e-11]

MfccCoeff:
    dmean: [0.0814208984375, 0.0865684300661, 0.0151573000476, 0.0634233355522, 0.109942056239, 0.101618923247, 0.0432969927788, 0.035645596683, 0.0952677205205, 0.106715358794, 0.0654082223773, 0.00747556472197, 0.0738823488355]
    dmean2: [0.0836995467544, 0.0889725461602, 0.0155378067866, 0.0653076171875, 0.113081797957, 0.104399181902, 0.0443870909512, 0.0369413457811, 0.0981314554811, 0.109685264528, 0.0670698285103, 0.00826408714056, 0.0763488039374]
    dvar: [0.134236708283, 0.151546150446, 0.00455958396196, 0.0819743648171, 0.245143935084, 0.208469256759, 0.0372758209705, 0.0265692397952, 0.18518333137, 0.230323836207, 0.08527649194, 0.00192121800501, 0.112776689231]
    dvar2: [0.135300472379, 0.152737468481, 0.00458408659324, 0.0826949849725, 0.247155144811, 0.210061892867, 0.0374867282808, 0.0268845837563, 0.186838850379, 0.232136592269, 0.0857844352722, 0.00199588062242, 0.11396548897]
    kurt: [19.5346164703, 19.4184474945, 17.9580402374, 20.1384410858, 19.6912612915, 19.2606163025, 18.033159256, 22.7977733612, 20.2718257904, 19.4328861237, 18.2041454315, 39.0056190491, 21.6204509735]
    max: [-1136.3972168, 2.14356613159, 0.354644775391, 8.01086425781e-05, -6.103515625e-05, 2.28881835938e-05, -2.67028808594e-05, 0.954574584961, 2.41549301147, 2.64354705811, 1.54951858521, -3.0517578125e-05, -3.81469726562e-05]
    mean: [-1136.47766113, 2.05785655975, 0.339553147554, -1.53990316391, -2.63555073738, -2.40335988998, -0.974358320236, 0.919338047504, 2.32134723663, 2.53788900375, 1.48446619511, -0.282281368971, -1.85916221142]
    median: [-1136.39892578, 2.14171981812, 0.354293823242, -1.60129928589, -2.74201202393, -2.5018157959, -1.01645278931, 0.95344543457, 2.4135093689, 2.64125442505, 1.54801559448, -0.288635253906, -1.93023681641]
    min: [-1138.42004395, 1.14440917969e-05, -6.103515625e-05, -1.60258102417, -2.74429321289, -2.5040512085, -1.01745223999, -5.34057617188e-05, -4.57763671875e-05, -2.28881835938e-05, -2.67028808594e-05, -0.291542053223, -1.93206787109]
    skew: [-4.57478284836, -4.56425237656, -4.44048166275, 4.62566280365, 4.58748531342, 4.55082082748, 4.4468255043, -4.85501623154, -4.63706874847, -4.56547737122, -4.46126842499, 6.40281629562, 4.75296449661]
    var: [0.133142009377, 0.150325343013, 0.00453303614631, 0.0812454968691, 0.243092283607, 0.20683221519, 0.0370496474206, 0.0262632686645, 0.183511212468, 0.228466451168, 0.0847347974777, 0.00185307685751, 0.111606709659]

SpecContrastCoeff:
    dmean: [0.0239457618445, 0.019926417619, 0.0186154358089, 0.0124990344048, 0.0158985741436, 0.0152929462492]
    dmean2: [0.0368319824338, 0.0290194470435, 0.0281997639686, 0.0190544202924, 0.0242939647287, 0.0229440480471]
    dvar: [0.00141705584247, 0.0015054672258, 0.00103031087201, 0.000164428449352, 0.000213385603274, 0.000172697051312]
    dvar2: [0.00139258033596, 0.00164048408624, 0.000908736488782, 0.0001923404634, 0.000245287199505, 0.00028538168408]
    kurt: [16.8846645355, 19.6482639313, 19.3169345856, 10.6348114014, 9.57692146301, 7.3249540329]
    max: [-0.678052902222, -0.574579179287, -0.606526851654, -0.854644417763, -0.844833433628, -0.824602484703]
    mean: [-0.711755335331, -0.618899405003, -0.631093800068, -0.876635611057, -0.865030348301, -0.853105485439]
    median: [-0.704392075539, -0.611191034317, -0.624601006508, -0.87495970726, -0.858089745045, -0.851160645485]
    min: [-0.932529807091, -0.847607076168, -0.821078956127, -0.955453574657, -0.950745761395, -0.929263532162]
    skew: [-4.09215307236, -4.39066553116, -4.37650966644, -3.05789136887, -2.94290661812, -2.31847882271]
    var: [0.00181446713395, 0.00174984184559, 0.00122363935225, 0.000312134041451, 0.000384174170904, 0.000335075892508]

SpecPeakAmp:
    dmean: [1.13221915399e-07, 1.50287780798e-06, 1.23931087614e-07, 1.77115040856e-07, 1.86911989886e-07]
    dmean2: [1.6428499805e-07, 1.57796000622e-06, 2.09232467796e-07, 3.05401101741e-07, 3.32102501943e-07]
    dvar: [7.14444982667e-14, 8.73187494532e-11, 2.26640131358e-14, 3.07633184606e-14, 2.3223749448e-14]
    dvar2: [7.19084622576e-14, 8.96362012393e-11, 3.74900068943e-14, 5.31152880468e-14, 3.95415613501e-14]
    kurt: [34.9222145081, 39.0201416016, 11.9997644424, 5.24953746796, 1.82545518875]
    max: [8.65447600518e-06, 6.22358784312e-05, 9.75095076683e-07, 1.00287331861e-06, 8.60761247168e-07]
    mean: [8.34396996652e-06, 1.64809819125e-06, 1.53592694119e-07, 2.00122485694e-07, 2.478108172e-07]
    median: [8.37043444335e-06, 2.40192946421e-07, 1.03745506408e-07, 9.50778087372e-08, 2.81850304873e-07]
    min: [6.54669929645e-06, 1.6657079982e-07, 3.98579302896e-08, 5.18276372929e-08, 5.31169632723e-08]
    skew: [-5.88527297974, 6.40456676483, 3.16939759254, 1.95702111721, 1.20212841034]
    var: [7.91179865763e-14, 8.53724452243e-11, 2.68083522232e-14, 3.48694936315e-14, 3.47637534265e-14]
