
metadata:
    version:
        essentia: "2.1-beta3"

Flux:
    dmean: 0.0252157989889
    dmean2: 0.0333246141672
    dvar: 0.00679206382483
    dvar2: 0.0130373295397
    kurt: 9.42722797394
    max: 0.491201996803
    mean: 0.0329873897135
    median: 0.000597952050157
    min: 5.15733263455e-05
    skew: 3.27054715157
    var: 0.01149408333

Rms:
    dmean: 0.0102264964953
    dmean2: 0.00780675979331
    dvar: 0.00127085368149
    dvar2: 0.000568409799598
    kurt: 20.8632335663
    max: 0.353818625212
    mean: 0.341043919325
    median: 0.353376537561
    min: 0.0665262714028
    skew: -4.53481578827
    var: 0.00237420364283

RollOff:
    dmean: 6.36208295822
    dmean2: 6.00926589966
    dvar: 1255.71704102
    dvar2: 1063.77819824
    kurt: 38.8727836609
    max: 1744.18945312
    mean: 1492.48937988
    median: 1485.79101562
    min: 1485.79101562
    skew: 6.35279750824
    var: 1459.50073242

SpecCent:
    dmean: 4.87632894516
    dmean2: 6.43230772018
    dvar: 122.504074097
    dvar2: 95.6586227417
    kurt: 36.6201286316
    max: 1563.99743652
    mean: 1478.67834473
    median: 1476.56835938
    min: 1473.54504395
    skew: 6.08608627319
    var: 172.418395996

Zcr:
    dmean: 0.00251908740029
    dmean2: 0.00212345574982
    dvar: 6.75368428347e-05
    dvar2: 4.57751011709e-05
    kurt: 17.8824062347
    max: 0.0673828125
    mean: 0.0641601532698
    median: 0.06689453125
    min: 0.001953125
    skew: -4.24178600311
    var: 0.000132511966513

HarmonicAmpFreq:
    dmean: [41.4217758179]
    dmean2: [84.4630508423]
    dvar: [5705.36474609]
    dvar2: [17197.0820312]
    kurt: [4.22378492355]
    max: [1480.24633789]
    mean: [1459.8067627]
    median: [1480.24084473]
    min: [1284.00866699]
    skew: [-2.48617649078]
    var: [3214.0625]

HarmonicAmpMag:
    dmean: [0.278088539839]
    dmean2: [0.562444925308]
    dvar: [0.0552027560771]
    dvar2: [0.117035485804]
    kurt: [-1.65422618389]
    max: [0.486129283905]
    mean: [0.308866858482]
    median: [0.486074537039]
    min: [0]
    skew: [-0.566479325294]
    var: [0.0534451380372]

MfccCoeff:
    dmean: [31.3178291321, 26.9631671906, 23.4723510742, 3.89791584015, 3.91339969635, 5.07239103317, 2.50238513947, 3.31276082993, 2.45881271362, 1.55669414997, 2.09245061874, 1.09240293503, 1.42456901073]
    dmean2: [48.1543693542, 45.2361564636, 39.6318321228, 6.65850830078, 6.53692770004, 8.42578601837, 4.3915553093, 4.84982633591, 3.34898614883, 2.59815812111, 3.46202158928, 1.75828945637, 1.48612582684]
    dvar: [6737.15039062, 190.897964478, 129.103240967, 39.9497032166, 7.05976247787, 48.4651870728, 6.95580911636, 26.4100627899, 18.1247692108, 3.88449168205, 25.8321857452, 2.87437295914, 19.1898021698]
    dvar2: [16105.6308594, 483.063049316, 324.518218994, 85.345489502, 10.8135576248, 91.6174545288, 13.6568031311, 39.4783439636, 15.801525116, 8.27079200745, 44.6687011719, 7.35525178909, 16.6989154816]
    kurt: [28.9901485443, -1.17577075958, -1.02304363251, 12.0672073364, 2.74891471863, 10.1841039658, 3.7239575386, 14.1208515167, 17.2917823792, 7.61561584473, 11.4121618271, 16.5628757477, 17.1574344635]
    max: [-632.637023926, 103.330688477, -44.2782707214, -41.1976776123, 27.7616920471, 81.8561477661, 22.2266426086, -9.32736206055, -5.73304748535, 19.776468277, 51.6709098816, 15.0046768188, 0.101135253906]
    mean: [-1005.93011475, 66.7998886108, -82.5167236328, -74.5552825928, 23.8492927551, 65.0326919556, 17.102104187, -44.0151023865, -40.7785987854, 15.9980010986, 46.9063301086, 13.8618268967, -35.192565918]
    median: [-1012.27484131, 72.556678772, -78.1959228516, -75.7653274536, 25.7717475891, 65.9485092163, 17.0631141663, -45.1406555176, -41.6521987915, 16.2808094025, 48.5237388611, 14.0500106812, -36.6951408386]
    min: [-1040.38342285, 36.1511039734, -111.511444092, -87.2747573853, 10.013999939, 27.0858612061, 6.65654373169, -55.376121521, -47.5155410767, 7.64888000488, 19.293800354, 5.45520591736, -37.5442466736]
    skew: [5.34976148605, -0.312486946583, -0.149076968431, 3.38819861412, -1.68719780445, -2.85593366623, -1.31708872318, 3.58804726601, 4.10484361649, -2.31211948395, -3.57485389709, -3.90657043457, 4.18481302261]
    var: [3704.54956055, 352.403442383, 279.525360107, 59.255317688, 16.8947525024, 68.0694198608, 8.67401218414, 47.6061401367, 43.3213157654, 3.67967391014, 40.9522171021, 2.52219009399, 44.4024505615]

SpecContrastCoeff:
    dmean: [0.0219992473722, 0.0191674102098, 0.0184333249927, 0.0287086199969, 0.0163631457835, 0.011308517307]
    dmean2: [0.0388152338564, 0.0331634655595, 0.030148267746, 0.0283126663417, 0.0288622938097, 0.0209043156356]
    dvar: [0.000644017884042, 0.000265516253421, 0.000132889545057, 0.00565455295146, 0.000125411723275, 0.000182180810953]
    dvar2: [0.00118120072875, 0.000459238508483, 0.000263301772065, 0.00372105906717, 0.000245928094955, 0.000439788709627]
    kurt: [4.75786781311, 3.66884565353, 2.14812803268, 21.5388050079, 1.62129068375, 3.83650827408]
    max: [-0.877383351326, -0.901202201843, -0.872719168663, -0.169520780444, -0.868105590343, -0.898060560226]
    mean: [-0.978348612785, -0.973564565182, -0.933246672153, -0.219421580434, -0.917542517185, -0.946388244629]
    median: [-0.990424990654, -0.980147063732, -0.937348365784, -0.194505810738, -0.923631966114, -0.953031659126]
    min: [-0.994539678097, -0.987732052803, -0.950892388821, -0.829585790634, -0.931423962116, -0.954086959362]
    skew: [2.24017596245, 1.82643735409, 1.56742167473, -4.58989048004, 1.38791024685, 2.14713144302]
    var: [0.000620832724962, 0.000330563518219, 0.000378297670977, 0.0114701800048, 0.000240115317865, 0.000175654553459]

SpecPeakAmp:
    dmean: [0.000241338319029, 0.0223824121058, 0.176965847611, 0.221150055528, 0.145596846938]
    dmean2: [0.000378375785658, 0.0456921122968, 0.361995846033, 0.452388107777, 0.291254431009]
    dvar: [7.37010509511e-07, 0.0102374814451, 0.0545485727489, 0.0583989284933, 0.0469039231539]
    dvar2: [1.88024716863e-06, 0.0308769438416, 0.121635071933, 0.157674133778, 0.122302785516]
    kurt: [39.5798606873, 40.0162658691, -0.214322328568, -0.214326620102, 1.16326665878]
    max: [0.00429170858115, 0.486122220755, 0.486117750406, 0.486129283905, 0.486107498407]
    mean: [0.000176036395715, 0.0110272038728, 0.108252368867, 0.108282208443, 0.0821123123169]
    median: [8.8202614279e-05, 0.00010409069364, 0.000288452167297, 0.000330429204041, 0.000293204648187]
    min: [1.46184747791e-05, 1.55625330081e-05, 3.68560831703e-05, 4.217553942e-05, 3.63765866496e-05]
    skew: [6.43065738678, 6.48173141479, 1.3362724781, 1.3362685442, 1.75932788849]
    var: [3.86971237276e-07, 0.00513027887791, 0.0407924875617, 0.0407838448882, 0.031831048429]
