
metadata:
    version:
        essentia: "2.1-beta3"

Flux:
    dmean: 0.0134291052818
    dmean2: 0
    dvar: 0
    dvar2: 0
    kurt: -1.99999988079
    max: 0.296198397875
    mean: 0.289483845234
    median: 0.289483845234
    min: 0.282769292593
    skew: 0
    var: 4.50852166978e-05

Rms:
    dmean: 0
    dmean2: 0
    dvar: 0
    dvar2: 0
    kurt: 0
    max: 0.101753644645
    mean: 0.101753644645
    median: 0.101753644645
    min: 0.101753644645
    skew: 0
    var: 0

RollOff:
    dmean: 559.86328125
    dmean2: 0
    dvar: 0
    dvar2: 0
    kurt: -2
    max: 2648.58398438
    mean: 2368.65234375
    median: 2368.65234375
    min: 2088.72070312
    skew: 0
    var: 78361.7265625

SpecCent:
    dmean: 114.799194336
    dmean2: 0
    dvar: 0
    dvar2: 0
    kurt: -2
    max: 1998.91210938
    mean: 1941.51245117
    median: 1941.51245117
    min: 1884.11291504
    skew: 3.18093066198e-06
    var: 3294.71386719

Zcr:
    dmean: 0
    dmean2: 0
    dvar: 0
    dvar2: 0
    kurt: 0
    max: 0.025390625
    mean: 0.025390625
    median: 0.025390625
    min: 0.025390625
    skew: 0
    var: 0

HarmonicAmpFreq:
    dmean: [137.005371094]
    dmean2: [0]
    dvar: [0]
    dvar2: [0]
    kurt: [-2]
    max: [1895.41455078]
    mean: [1826.91186523]
    median: [1826.91186523]
    min: [1758.40917969]
    skew: [0]
    var: [4692.61816406]

HarmonicAmpMag:
    dmean: [0.0645764544606]
    dmean2: [0]
    dvar: [0]
    dvar2: [0]
    kurt: [-2]
    max: [0.0645764544606]
    mean: [0.0322882272303]
    median: [0.0322882272303]
    min: [0]
    skew: [0]
    var: [0.00104252959136]

MfccCoeff:
    dmean: [396.844604492, 35.3901557922, 36.4029693604, 25.7240104675, 55.3072814941, 32.8879890442, 22.6463623047, 32.1624336243, 6.45952224731, 21.8142871857, 5.19023513794, 7.36068725586, 8.11067199707]
    dmean2: [0, 0, 0, 0, 0, 0, 0, 0, 0, 0, 0, 0, 0]
    dvar: [0, 0, 0, 0, 0, 0, 0, 0, 0, 0, 0, 0, 0]
    dvar2: [0, 0, 0, 0, 0, 0, 0, 0, 0, 0, 0, 0, 0]
    kurt: [-2, -1.99999988079, -2, -2, -2, -2, -2, -2, -2, -2, -2, -2, -2]
    max: [-618.733398438, 43.4279785156, -110.117080688, -10.401927948, 89.4237976074, 27.3784599304, -18.9031143188, 17.1240024567, 13.4231910706, 8.10258674622, 2.51689529419, 5.59140014648, -0.571025848389]
    mean: [-817.155700684, 25.7329006195, -128.318572998, -23.2639331818, 61.7701568604, 10.9344654083, -30.2262954712, 1.04278564453, 10.1934299469, -2.80455684662, -0.0782222747803, 1.91105651855, -4.62636184692]
    median: [-817.155700684, 25.7329006195, -128.318572998, -23.2639331818, 61.7701568604, 10.9344654083, -30.2262954712, 1.04278564453, 10.1934299469, -2.80455684662, -0.0782222747803, 1.91105651855, -4.62636184692]
    min: [-1015.57800293, 8.03782272339, -146.520050049, -36.1259384155, 34.1165161133, -5.50952911377, -41.5494766235, -15.0384311676, 6.96366882324, -13.7117004395, -2.67333984375, -1.76928710938, -8.68169784546]
    skew: [0, 0, 1.25510860016e-06, 0, 0, 0, 0, 0, 0, 0, 0, 0, 0]
    var: [39371.4101562, 313.115783691, 331.294036865, 165.431182861, 764.723876953, 270.404968262, 128.214431763, 258.605529785, 10.4313573837, 118.965782166, 6.73463535309, 13.5449295044, 16.4457492828]

SpecContrastCoeff:
    dmean: [0.00306469202042, 0.0233417749405, 0.0619712471962, 0.0161402225494, 0.208770096302, 0.0261252522469]
    dmean2: [0, 0, 0, 0, 0, 0]
    dvar: [0, 0, 0, 0, 0, 0]
    dvar2: [0, 0, 0, 0, 0, 0]
    kurt: [-1.99999988079, -2, -2, -2, -1.99999988079, -2]
    max: [-0.979222118855, -0.941271603107, -0.86831009388, -0.732928335667, -0.518742203712, -0.928995013237]
    mean: [-0.980754494667, -0.952942490578, -0.899295687675, -0.740998446941, -0.623127222061, -0.942057609558]
    median: [-0.980754494667, -0.952942490578, -0.899295687675, -0.740998446941, -0.623127222061, -0.942057609558]
    min: [-0.982286810875, -0.964613378048, -0.930281341076, -0.749068558216, -0.727512300014, -0.955120265484]
    skew: [5.83795626881e-05, 0, -2.90431034955e-06, 0, -8.18814044123e-07, -6.8347630986e-06]
    var: [2.34808430832e-06, 0.000136209608172, 0.000960108882282, 6.51266964269e-05, 0.0108962375671, 0.000170632207301]

SpecPeakAmp:
    dmean: [0.0645572841167, 0.0423947013915, 0.0305761452764, 0.0223794877529, 0.0165658779442]
    dmean2: [0, 0, 0, 0, 0]
    dvar: [0, 0, 0, 0, 0]
    dvar2: [0, 0, 0, 0, 0]
    kurt: [-2, -2, -2, -2, -2]
    max: [0.0645764544606, 0.0424164757133, 0.0305994749069, 0.0224046483636, 0.0165937952697]
    mean: [0.0322978124022, 0.0212191250175, 0.0153114022687, 0.0112149044871, 0.00831085629761]
    median: [0.0322978124022, 0.0212191250175, 0.0153114022687, 0.0112149044871, 0.00831085629761]
    min: [1.91676681425e-05, 2.177560782e-05, 2.33287828451e-05, 2.51603287325e-05, 2.7918127671e-05]
    skew: [-1.62257791203e-07, 9.54894687766e-08, -9.54494012717e-08, 0, 2.00058437372e-07]
    var: [0.00104191084392, 0.000449327635579, 0.000233725178987, 0.000125210368424, 6.86070707161e-05]
