
metadata:
    version:
        essentia: "2.1-beta3"

Flux:
    dmean: 5.05205707668e-06
    dmean2: 7.30249075787e-06
    dvar: 3.17222720314e-10
    dvar2: 6.91941226538e-10
    kurt: 14.172203064
    max: 9.57255397225e-05
    mean: 6.05340483162e-06
    median: 1.37629763231e-06
    min: 6.01790986821e-07
    skew: 3.88130044937
    var: 3.27496862962e-10

Rms:
    dmean: 1.28829242385e-06
    dmean2: 1.19388994335e-06
    dvar: 2.51476738738e-11
    dvar2: 1.88646685079e-11
    kurt: 19.5336475372
    max: 7.73314604885e-05
    mean: 7.58951136959e-05
    median: 7.72542407503e-05
    min: 4.47211241408e-05
    skew: -4.49809646606
    var: 3.31912171359e-11

RollOff:
    dmean: 1.00154435635
    dmean2: 1.025390625
    dvar: 20.5633563995
    dvar2: 21.0285148621
    kurt: 17.0543556213
    max: 2993.11523438
    mean: 2972.55908203
    median: 2971.58203125
    min: 2971.58203125
    skew: 4.36551809311
    var: 20.1182918549

SpecCent:
    dmean: 3.97882223129
    dmean2: 7.04696798325
    dvar: 4.29862928391
    dvar2: 13.9848108292
    kurt: 0.808805942535
    max: 2978.47314453
    mean: 2968.88574219
    median: 2968.26220703
    min: 2963.66210938
    skew: 0.75109398365
    var: 9.37096309662

Zcr:
    dmean: 0.00346339028329
    dmean2: 0.00377836683765
    dvar: 0.000183646785445
    dvar2: 0.0001714577229
    kurt: 17.3837852478
    max: 0.13427734375
    mean: 0.130948156118
    median: 0.13427734375
    min: 0.0625
    skew: -4.3844203949
    var: 0.000195311251446

HarmonicAmpFreq:
    dmean: [0]
    dmean2: [0]
    dvar: [0]
    dvar2: [0]
    kurt: [-2]
    max: [2963.66015625]
    mean: [2963.65844727]
    median: [2963.66015625]
    min: [2963.66015625]
    skew: [1]
    var: [2.92062759399e-06]

HarmonicAmpMag:
    dmean: [0]
    dmean2: [0]
    dvar: [0]
    dvar2: [0]
    kurt: [nan]
    max: [0]
    mean: [0]
    median: [0]
    min: [0]
    skew: [nan]
    var: [0]

MfccCoeff:
    dmean: [0.0263785421848, 0.0101275779307, 0.0318042859435, 0.0273920111358, 0.0169379655272, 0.0365856066346, 0.00292613892816, 0.0349976308644, 0.0219258144498, 0.0230943541974, 0.0344625078142, 0.00438530510291, 0.0368425250053]
    dmean2: [0.02699207142, 0.010370163247, 0.0325520820916, 0.0280376616865, 0.0173387080431, 0.0374476127326, 0.00299508241005, 0.0358223691583, 0.0224431362003, 0.0236387699842, 0.0352748706937, 0.00448917225003, 0.0377091914415]
    dvar: [0.0136412614956, 0.00200973032042, 0.019832957536, 0.0147106107324, 0.00562310637906, 0.0262431874871, 0.00016789395886, 0.0240133423358, 0.00942558702081, 0.010456232354, 0.0232862066478, 0.00037684533163, 0.0266137681901]
    dvar2: [0.013662119396, 0.00201257201843, 0.0198650639504, 0.0147342737764, 0.00563234230503, 0.02628512308, 0.000168135084095, 0.0240524150431, 0.00944087654352, 0.0104730566964, 0.0233237538487, 0.000377437536372, 0.0266567245126]
    kurt: [17.0257816315, 17.0390205383, 17.0390625, 17.039068222, 17.039068222, 17.0390396118, 17.0390491486, 17.0390491486, 17.0390548706, 17.0390529633, 17.0390510559, 17.0390510559, 17.0390548706]
    max: [-1137.85876465, 1.14440917969e-05, -6.103515625e-05, 0.582935333252, 0.360290527344, 2.28881835938e-05, 0.0622444152832, 0.74462890625, -4.57763671875e-05, -2.28881835938e-05, 0.733295440674, 0.09326171875, -3.81469726562e-05]
    mean: [-1137.88525391, -0.205295562744, -0.644973754883, 0.555500030518, 0.343334197998, -0.741829931736, 0.0593143813312, 0.709578931332, -0.444637477398, -0.4682918787, 0.698778688908, 0.0888696163893, -0.747107565403]
    median: [-1137.859375, -0.215183258057, -0.676055908203, 0.582263946533, 0.359886169434, -0.777587890625, 0.0621681213379, 0.743782043457, -0.466064453125, -0.490859985352, 0.732460021973, 0.0931510925293, -0.783115386963]
    min: [-1138.42004395, -0.215442657471, -0.676834106445, 8.01086425781e-05, -6.103515625e-05, -0.778480529785, -2.67028808594e-05, -5.34057617188e-05, -0.466598510742, -0.491424560547, -2.67028808594e-05, -3.0517578125e-05, -0.78401184082]
    skew: [-4.36054706573, 4.36282300949, 4.36283063889, -4.36283349991, -4.3628320694, 4.36282682419, -4.36283016205, -4.36283016205, 4.36283063889, 4.36282920837, -4.36282920837, -4.36282873154, 4.36283063889]
    var: [0.0136265167966, 0.00200762227178, 0.0198096055537, 0.0146932117641, 0.00561645627022, 0.0262125730515, 0.000167720034369, 0.0239850599319, 0.00941448844969, 0.0104439510033, 0.0232587568462, 0.00037642539246, 0.0265825074166]

SpecContrastCoeff:
    dmean: [0.0187168996781, 0.0119430031627, 0.0125734955072, 0.011647648178, 0.00863999035209, 0.00739911245182]
    dmean2: [0.0277768485248, 0.0187257844955, 0.0164110101759, 0.0156570319086, 0.0109821744263, 0.0117569295689]
    dvar: [0.000947067223024, 0.000213250561501, 0.000428052968346, 0.000207503893762, 0.000482749572257, 8.34992169985e-05]
    dvar2: [0.0010917505715, 0.000209760808502, 0.000318468199112, 0.000232656704611, 0.00041962438263, 9.83974096016e-05]
    kurt: [13.2974014282, 15.0107975006, 18.8519535065, 5.63894176483, 17.7917957306, 9.76570320129]
    max: [-0.685206890106, -0.862286984921, -0.832475364208, -0.852776229382, -0.674713909626, -0.865574002266]
    mean: [-0.724641740322, -0.889049708843, -0.854635059834, -0.888479232788, -0.690145909786, -0.881899237633]
    median: [-0.721589684486, -0.885364174843, -0.851042151451, -0.8909740448, -0.684664011002, -0.881155014038]
    min: [-0.886146068573, -0.97965824604, -0.985453546047, -0.961082935333, -0.812200725079, -0.928226292133]
    skew: [-3.56467747688, -3.5444662571, -4.21147727966, -1.55880737305, -4.34487199783, -2.84605693817]
    var: [0.00118076882791, 0.0003055818961, 0.000576083490159, 0.000295486563118, 0.000563717796467, 0.000125113932882]

SpecPeakAmp:
    dmean: [1.3709731661e-07, 1.12630822002e-07, 5.2558476682e-07, 6.25729683179e-07, 4.05757532462e-07]
    dmean2: [1.63026598443e-07, 1.80524537541e-07, 1.02643696209e-06, 1.20030119888e-06, 8.01160695119e-07]
    dvar: [1.47122778912e-13, 2.050545809e-14, 3.67418064289e-13, 4.06998490899e-13, 3.20169184134e-13]
    dvar2: [1.39893210406e-13, 1.9382217863e-14, 8.02289062008e-13, 7.27742952705e-13, 9.88605681693e-13]
    kurt: [17.0928974152, 9.68758296967, -0.958172559738, -1.8059296608, 3.2670917511]
    max: [8.46593047754e-06, 9.52663810949e-07, 1.53974281147e-06, 1.54330996338e-06, 1.55535269641e-06]
    mean: [8.29557848192e-06, 1.68828734104e-07, 5.80820994855e-07, 9.67319465417e-07, 3.32030026584e-07]
    median: [8.38652886159e-06, 8.40839149419e-08, 2.4156327072e-07, 1.48091612573e-06, 2.33473400613e-07]
    min: [6.34055504634e-06, 3.65625894005e-08, 1.35960192438e-07, 6.13521962123e-08, 1.85792075058e-08]
    skew: [-4.32522010803, 2.97472453117, 0.99213552475, -0.394632160664, 2.19988203049]
    var: [1.59139967371e-13, 3.2494223512e-14, 3.13601250003e-13, 4.15112307592e-13, 1.91795093262e-13]
