
metadata:
    version:
        essentia: "2.1-beta3"

Flux:
    dmean: 0.000124290789245
    dmean2: 0.000164792741998
    dvar: 1.67337049106e-07
    dvar2: 3.30643615598e-07
    kurt: 9.55922031403
    max: 0.00237216171809
    mean: 0.000162181444466
    median: 4.88977002533e-06
    min: 4.1000262172e-06
    skew: 3.29197764397
    var: 2.70853149686e-07

Rms:
    dmean: 4.8955083912e-05
    dmean2: 3.65230480384e-05
    dvar: 3.04391640782e-08
    dvar2: 1.36256925742e-08
    kurt: 20.8192901611
    max: 0.00171417207457
    mean: 0.00165274098981
    median: 0.00171331933234
    min: 0.000311703275656
    skew: -4.529961586
    var: 5.67270070917e-08

RollOff:
    dmean: 6.85147380829
    dmean2: 6.51003837585
    dvar: 1491.62805176
    dvar2: 1283.95654297
    kurt: 39.0408973694
    max: 3251.51367188
    mean: 2978.75805664
    median: 2971.58203125
    min: 2971.58203125
    skew: 6.37138319016
    var: 1710.4597168

SpecCent:
    dmean: 5.79572105408
    dmean2: 8.61307144165
    dvar: 165.731796265
    dvar2: 127.630210876
    kurt: 37.2287406921
    max: 3037.36499023
    mean: 2939.00097656
    median: 2936.77587891
    min: 2933.33325195
    skew: 6.15715360641
    var: 227.425949097

Zcr:
    dmean: 0.00481622852385
    dmean2: 0.00383811770007
    dvar: 0.000269170210231
    dvar2: 0.000182746109203
    kurt: 17.9711742401
    max: 0.13427734375
    mean: 0.128352865577
    median: 0.13427734375
    min: 0.00439453125
    skew: -4.25122594833
    var: 0.000524664879777

HarmonicAmpFreq:
    dmean: [0.177845343947]
    dmean2: [0.181981280446]
    dvar: [1.36004555225]
    dvar2: [1.39092206955]
    kurt: [40.0131950378]
    max: [2963.96142578]
    mean: [2963.78710938]
    median: [2963.96142578]
    min: [2956.13623047]
    skew: [-6.4813914299]
    var: [1.33050990105]

HarmonicAmpMag:
    dmean: [5.89360880099e-08]
    dmean2: [6.03066965255e-08]
    dvar: [1.4935887813e-13]
    dvar2: [1.52749679767e-13]
    kurt: [40.0227279663]
    max: [2.59318790086e-06]
    mean: [5.76263978758e-08]
    median: [0]
    min: [0]
    skew: [6.48249292374]
    var: [1.46115270491e-13]

MfccCoeff:
    dmean: [0.621210277081, 0.238448396325, 0.740305960178, 0.630897879601, 0.379549533129, 0.805587053299, 0.149446308613, 0.719066679478, 0.478239744902, 0.430025607347, 0.62356621027, 0.123790569603, 0.577659368515]
    dmean2: [0.700112998486, 0.260593861341, 0.841420888901, 0.691152870655, 0.453640967607, 0.888939082623, 0.112090706825, 0.809677481651, 0.469006568193, 0.518070816994, 0.637154698372, 0.199151858687, 0.612442612648]
    dvar: [8.3094291687, 1.2819892168, 11.6646203995, 8.94982910156, 2.8751206398, 14.4618082047, 0.309818923473, 11.2205753326, 5.17753648758, 3.69492030144, 9.69165706635, 0.270501732826, 8.06845760345]
    dvar2: [10.811296463, 1.5392267704, 15.5165662766, 10.8073158264, 4.37232589722, 17.7747993469, 0.162076756358, 14.5159902573, 4.74910879135, 5.70893907547, 9.81357192993, 0.58820527792, 8.89110374451]
    kurt: [28.6297054291, 29.2833557129, 28.4027423859, 29.3226394653, 25.9310359955, 29.3622016907, 22.1267623901, 29.1746177673, 29.5486717224, 26.2273311615, 30.3236465454, 14.4090633392, 30.9923362732]
    max: [-1120.04248047, 1.14440917969e-05, -6.103515625e-05, 19.0333747864, 10.7907562256, 2.28881835938e-05, 4.54491043091, 21.4085941315, -4.57763671875e-05, -2.28881835938e-05, 19.8552055359, 0.678703308105, -3.81469726562e-05]
    mean: [-1123.05004883, -6.34833240509, -17.9411220551, 16.7281856537, 7.99648284912, -21.0689868927, 4.35882043839, 18.0037727356, -14.5961408615, -8.98588180542, 19.1811580658, -2.39258694649, -16.8934364319]
    median: [-1122.62548828, -6.53444290161, -18.4270057678, 17.2159156799, 8.18264770508, -21.6737442017, 4.54359817505, 18.4977664948, -15.0831375122, -9.18578338623, 19.7888145447, -2.5571975708, -17.399105072]
    min: [-1138.42004395, -7.19862747192, -21.7853889465, 8.01086425781e-05, -6.103515625e-05, -24.2339859009, -2.67028808594e-05, -5.34057617188e-05, -15.0837402344, -12.2626724243, -2.67028808594e-05, -2.55995178223, -18.1284065247]
    skew: [-5.28073120117, 5.3998632431, 5.23461580276, -5.40065813065, -4.70373725891, 5.39450979233, -4.6572599411, -5.33773851395, 5.44855308533, 4.67681503296, -5.52624845505, 3.93921065331, 5.58272743225]
    var: [6.32171821594, 1.06750822067, 8.64504623413, 7.40612363815, 1.79783296585, 11.736369133, 0.57745039463, 8.58973121643, 5.62108707428, 2.25776743889, 9.57952022552, 0.398731231689, 7.34487771988]

SpecContrastCoeff:
    dmean: [0.0377012602985, 0.019754530862, 0.0186854209751, 0.00976377166808, 0.0179555527866, 0.00507875857875]
    dmean2: [0.0693582370877, 0.0329691804945, 0.0335153378546, 0.0164717789739, 0.0255137048662, 0.00883580651134]
    dvar: [0.00115203054156, 0.000305904424749, 0.000185799304745, 6.90106899128e-05, 0.00137998932041, 4.71297789773e-05]
    dvar2: [0.00247198995203, 0.000753454281949, 0.000545304035768, 0.000214490370126, 0.00150304846466, 0.000136018439662]
    kurt: [8.03954982758, 1.69969940186, 1.13513231277, 0.478982686996, 16.9271240234, 11.4434404373]
    max: [-0.722071707249, -0.888558268547, -0.924540877342, -0.921088278294, -0.53040599823, -0.893344342709]
    mean: [-0.778376281261, -0.934475958347, -0.942390084267, -0.944618225098, -0.571817934513, -0.926181972027]
    median: [-0.775608658791, -0.936591982841, -0.939118802547, -0.946320354939, -0.558745503426, -0.926888048649]
    min: [-0.974539101124, -0.995574831963, -0.989969015121, -0.95847338438, -0.865537881851, -0.941395580769]
    skew: [-2.65393209457, -0.162131279707, -0.975737452507, 0.891952753067, -4.16608142853, 2.34799408913]
    var: [0.00220425915904, 0.000335719174473, 0.000191528684809, 7.15715359547e-05, 0.00317607447505, 4.4281641749e-05]

SpecPeakAmp:
    dmean: [4.13749887684e-07, 5.0195131962e-07, 5.02187674556e-07, 4.92439880873e-07, 4.64857208726e-07]
    dmean2: [5.32164563083e-07, 8.13670169464e-07, 8.14861152776e-07, 7.98230189503e-07, 7.77181412559e-07]
    dvar: [1.52893702473e-12, 2.20231493632e-12, 2.54991492331e-12, 2.44107490298e-12, 1.87639422229e-12]
    dvar2: [1.53273119023e-12, 5.59892193372e-12, 6.56477953595e-12, 6.31806499479e-12, 5.05589103569e-12]
    kurt: [32.876121521, 34.8229980469, 39.0814476013, 38.9521408081, 32.5279159546]
    max: [8.70756412041e-06, 7.6799578892e-06, 8.16921146907e-06, 8.09562516224e-06, 8.02524846222e-06]
    mean: [8.15677958599e-06, 6.80728874158e-07, 5.18539707173e-07, 5.32127216957e-07, 5.85656437124e-07]
    median: [8.4073844846e-06, 4.54146118045e-07, 3.54144134462e-07, 3.35430655696e-07, 3.47457842054e-07]
    min: [2.65095195573e-07, 1.5605641579e-07, 1.4529547343e-07, 1.56773268145e-07, 9.94539917087e-08]
    skew: [-5.72663831711, 5.8752951622, 6.37232017517, 6.35660791397, 5.69189357758]
    var: [1.55370497284e-12, 1.18762226615e-12, 1.3451084864e-12, 1.31665739509e-12, 1.38797643084e-12]
