
metadata:
    version:
        essentia: "2.1-beta3"

Flux:
    dmean: 0.00279705761932
    dmean2: 0.00369993573986
    dvar: 8.39052518131e-05
    dvar2: 0.000165557663422
    kurt: 9.56355953217
    max: 0.0531570799649
    mean: 0.00357924960554
    median: 5.88189941482e-05
    min: 2.03098152269e-05
    skew: 3.29233527184
    var: 0.000136201415444

Rms:
    dmean: 0.00109521287959
    dmean2: 0.000817840686068
    dvar: 1.52314578372e-05
    dvar2: 6.82523341311e-06
    kurt: 20.7964096069
    max: 0.0383766815066
    mean: 0.0370041914284
    median: 0.0383580289781
    min: 0.00702541740611
    skew: -4.52807998657
    var: 2.83693789243e-05

RollOff:
    dmean: 7.83025550842
    dmean2: 7.51158237457
    dvar: 2025.24182129
    dvar2: 1787.50793457
    kurt: 39.2825889587
    max: 3294.58007812
    mean: 2979.71533203
    median: 2971.58203125
    min: 2971.58203125
    skew: 6.3982667923
    var: 2272.82763672

SpecCent:
    dmean: 8.32246017456
    dmean2: 11.0924720764
    dvar: 846.372619629
    dvar2: 751.987976074
    kurt: 39.2242698669
    max: 3149.12768555
    mean: 2941.56494141
    median: 2936.86132812
    min: 2933.33154297
    skew: 6.38941812515
    var: 988.370117188

Zcr:
    dmean: 0.00481622852385
    dmean2: 0.00382676231675
    dvar: 0.000269072683295
    dvar2: 0.00018406943127
    kurt: 17.8937091827
    max: 0.13427734375
    mean: 0.128342017531
    median: 0.13427734375
    min: 0.00439453125
    skew: -4.24357891083
    var: 0.000525897892658

HarmonicAmpFreq:
    dmean: [0.243263944983]
    dmean2: [0.248921245337]
    dvar: [2.54462552071]
    dvar2: [2.60239481926]
    kurt: [39.9996604919]
    max: [2974.66113281]
    mean: [2964.19677734]
    median: [2963.95751953]
    min: [2963.95751953]
    skew: [6.47982501984]
    var: [2.48936629295]

HarmonicAmpMag:
    dmean: [1.3424764802e-06]
    dmean2: [1.37369681852e-06]
    dvar: [7.74964467598e-11]
    dvar2: [7.92558033091e-11]
    kurt: [40.022731781]
    max: [5.906896331e-05]
    mean: [1.31264357606e-06]
    median: [0]
    min: [0]
    skew: [6.48249387741]
    var: [7.58134596768e-11]

MfccCoeff:
    dmean: [8.16984462738, 2.20713496208, 3.26037454605, 1.13885545731, 0.531814217567, 1.28954076767, 0.207728996873, 1.14572572708, 0.835712254047, 0.642975389957, 1.15547573566, 0.056208871305, 1.07877314091]
    dmean2: [12.0625267029, 3.19519329071, 4.44124698639, 1.23693931103, 0.366298317909, 0.885807812214, 0.208949685097, 0.672301113605, 0.563370287418, 0.56251168251, 1.0826625824, 0.0523749068379, 1.07518780231]
    dvar: [1389.83190918, 101.269645691, 233.56980896, 40.6655921936, 5.69816541672, 30.2646045685, 0.640814602375, 22.270570755, 10.9751033783, 7.48678541183, 22.3823738098, 0.0704920887947, 19.7011737823]
    dvar2: [3389.92700195, 239.376815796, 484.84475708, 47.4742355347, 2.26417446136, 12.2503604889, 0.636624336243, 11.2890148163, 6.83204698563, 6.20850038528, 20.372505188, 0.0568182468414, 19.3916873932]
    kurt: [35.731300354, 31.0592460632, 19.4285335541, 38.5608329773, 31.0518074036, 29.9131088257, 17.2911319733, 25.7723941803, 23.263589859, 22.0752487183, 20.6050624847, 34.7019691467, 20.0372200012]
    max: [-937.977111816, -1.36461257935, -4.16584777832, 46.2719573975, 24.2415924072, -4.67591094971, 7.18059158325, 49.3464736938, -2.7548828125, -2.50505065918, 46.7885856628, 2.64022827148, -3.75160980225]
    mean: [-1094.38659668, -16.8740253448, -49.0381240845, 42.4174041748, 23.4085006714, -53.7318153381, 6.8771686554, 47.5560073853, -32.4826698303, -27.0710964203, 44.9947967529, 0.739386498928, -41.7252006531]
    median: [-1097.01037598, -16.3472175598, -49.06092453, 43.3269386292, 24.092086792, -55.4000205994, 7.17927932739, 49.1455001831, -33.6646652222, -28.0305252075, 46.7215080261, 0.705459594727, -43.3460655212]
    min: [-1134.9206543, -56.5808830261, -96.3368682861, 3.62892532349, 2.10089111328, -55.5655174255, 0.506458282471, 4.21401977539, -33.6651535034, -28.2393112183, 3.92755508423, 0.234985351562, -43.4864463806]
    skew: [5.868683815, -5.03011035919, -0.37156701088, -6.31358909607, -5.58783340454, 5.4656162262, -4.22781562805, -5.09376001358, 4.83741760254, 4.78296422958, -4.6124663353, 5.74261903763, 4.5612783432]
    var: [587.309814453, 40.7385635376, 94.7419052124, 34.7931251526, 11.6722183228, 63.0031242371, 1.46297323704, 53.4198226929, 26.5887432098, 19.0540103912, 55.3897743225, 0.0879412442446, 48.4132270813]

SpecContrastCoeff:
    dmean: [0.0567390806973, 0.0116033069789, 0.0124399596825, 0.0161127783358, 0.0240900591016, 0.0192076396197]
    dmean2: [0.111430354416, 0.0214050337672, 0.0226857345551, 0.0295573715121, 0.032072853297, 0.0369218103588]
    dvar: [0.00219362322241, 0.000141506592627, 0.000102029669506, 8.31630022731e-05, 0.00211183354259, 0.000156082620379]
    dvar2: [0.00557174813002, 0.000336090801284, 0.000223189897952, 0.00025785015896, 0.00182683952153, 0.000400747201638]
    kurt: [1.38433980942, 4.46470737457, 6.27557563782, 1.65717887878, 18.3887729645, -0.63433098793]
    max: [-0.79993134737, -0.928744256496, -0.921994268894, -0.909502446651, -0.387103378773, -0.904951751232]
    mean: [-0.932407021523, -0.985726475716, -0.982741892338, -0.954692304134, -0.444116711617, -0.934365332127]
    median: [-0.950448215008, -0.992253661156, -0.988661170006, -0.958472192287, -0.429925560951, -0.941298246384]
    min: [-0.981056392193, -0.997200906277, -0.992999613285, -0.968048036098, -0.835824012756, -0.946753382683]
    skew: [1.46880590916, 2.10559654236, 2.22267508507, 1.31596779823, -4.29999923706, 0.844190239906]
    var: [0.0018864433514, 0.000198364301468, 0.000188223828445, 0.000187548212125, 0.00529525056481, 0.000170190978679]

SpecPeakAmp:
    dmean: [6.3270172177e-06, 5.5212613006e-06, 5.46897672393e-06, 5.35483377462e-06, 4.63182686872e-06]
    dmean2: [1.10573291749e-05, 9.6256044344e-06, 9.58731743594e-06, 9.44474959397e-06, 8.26469658932e-06]
    dvar: [6.60670615438e-11, 8.4311578552e-11, 7.97624050142e-11, 7.23276785686e-11, 4.98514909908e-11]
    dvar2: [1.71012398686e-10, 2.24126148196e-10, 2.14969583801e-10, 1.98857777467e-10, 8.53131523759e-11]
    kurt: [16.8961982727, 29.4740638733, 30.0494384766, 28.3585739136, 16.182384491]
    max: [4.49449653388e-05, 4.88845507789e-05, 4.89320409542e-05, 4.93022380397e-05, 5.906896331e-05]
    mean: [1.04039836515e-05, 5.60287617191e-06, 5.62020522921e-06, 5.79387688049e-06, 6.89321905156e-06]
    median: [8.29560758575e-06, 4.95088397656e-06, 4.95874473927e-06, 5.12023189003e-06, 5.05932712258e-06]
    min: [2.59183866547e-06, 4.46572670398e-07, 6.53182269161e-07, 6.67946039812e-07, 8.87756357315e-07]
    skew: [3.51197099686, 5.2358751297, 5.29065322876, 5.0991601944, 4.12307214737]
    var: [4.00823367552e-11, 4.9087449383e-11, 4.87031248664e-11, 5.04774000376e-11, 1.12669949759e-10]
