
metadata:
    version:
        essentia: "2.1-beta3"

Flux:
    dmean: 0.025117976591
    dmean2: 0.0331583321095
    dvar: 0.00680391490459
    dvar2: 0.013091146946
    kurt: 9.40376567841
    max: 0.490448564291
    mean: 0.0329400524497
    median: 0.000510385725647
    min: 0.000106634419353
    skew: 3.26787352562
    var: 0.0114874867722

Rms:
    dmean: 0.0100358091295
    dmean2: 0.00751789100468
    dvar: 0.00128894741647
    dvar2: 0.000581572880037
    kurt: 21.0126533508
    max: 0.353578537703
    mean: 0.341010242701
    median: 0.353408932686
    min: 0.0648166164756
    skew: -4.54933643341
    var: 0.00239347177558

RollOff:
    dmean: 7.34086465836
    dmean2: 7.01081037521
    dvar: 2022.12854004
    dvar2: 1783.99743652
    kurt: 39.6429710388
    max: 3294.58007812
    mean: 2979.23681641
    median: 2971.58203125
    min: 2971.58203125
    skew: 6.43941307068
    var: 2270.08007812

SpecCent:
    dmean: 8.90619468689
    dmean2: 11.8054599762
    dvar: 1128.64892578
    dvar2: 1047.28137207
    kurt: 39.5442695618
    max: 3175.75537109
    mean: 2942.06396484
    median: 2936.94921875
    min: 2933.31176758
    skew: 6.42619562149
    var: 1248.14379883

Zcr:
    dmean: 0.00479403417557
    dmean2: 0.0037472746335
    dvar: 0.000270748831099
    dvar2: 0.000181660885573
    kurt: 17.7377872467
    max: 0.13427734375
    mean: 0.128331169486
    median: 0.13427734375
    min: 0.00439453125
    skew: -4.22867870331
    var: 0.000528667296749

HarmonicAmpFreq:
    dmean: [0.296181410551]
    dmean2: [0.303069353104]
    dvar: [3.77210760117]
    dvar2: [3.85774374008]
    kurt: [40.0398368835]
    max: [2976.98803711]
    mean: [2964.24438477]
    median: [2963.95605469]
    min: [2963.95605469]
    skew: [6.48447322845]
    var: [3.69019055367]

HarmonicAmpMag:
    dmean: [1.24842918012e-05]
    dmean2: [1.27746243379e-05]
    dvar: [6.70187461083e-09]
    dvar2: [6.85402401501e-09]
    kurt: [40.0227279663]
    max: [0.000549308839254]
    mean: [1.22068631754e-05]
    median: [0]
    min: [0]
    skew: [6.48249387741]
    var: [6.55633058955e-09]

MfccCoeff:
    dmean: [39.9198951721, 26.7488460541, 3.3696846962, 11.5426292419, 4.40552473068, 2.6234664917, 1.36681258678, 3.67185378075, 3.54637503624, 2.0888903141, 2.09414958954, 0.701685845852, 2.40427947044]
    dmean2: [65.9551544189, 49.2490921021, 4.2935590744, 21.4659996033, 7.99801826477, 3.74415826797, 1.88259494305, 5.73647356033, 5.97634124756, 3.46209406853, 2.946215868, 1.1698153019, 3.6969742775]
    dvar: [6339.97509766, 216.771728516, 28.2354297638, 47.4437522888, 22.6712741852, 64.6638183594, 1.18536162376, 37.1197814941, 15.9562711716, 12.8385305405, 38.9439888, 0.335577636957, 29.5491352081]
    dvar2: [15514.3955078, 601.802368164, 22.3639945984, 138.4715271, 33.4254188538, 100.667686462, 1.8275526762, 47.9106330872, 20.5009021759, 19.1828174591, 58.2191696167, 0.641937851906, 37.4674987793]
    kurt: [25.696855545, 0.692552566528, 24.5866241455, 1.43041801453, 7.38821315765, 11.8765106201, 3.85736465454, 13.4984264374, 12.0534486771, 12.2583818436, 13.5126686096, -0.989368438721, 13.7601013184]
    max: [-675.192199707, 43.8261680603, -55.5279502869, 84.1438674927, 47.006778717, -30.8101463318, 11.2784461975, 69.0415344238, -9.87422943115, -8.36399841309, 57.8649559021, 2.31461334229, -8.06762313843]
    mean: [-1019.11126709, -17.0788917542, -101.418296814, 71.2261123657, 40.0756607056, -77.4518203735, 9.51113510132, 58.7330932617, -38.9186019897, -30.7123126984, 50.4983940125, 0.834974348545, -45.3175697327]
    median: [-1027.16796875, -19.1525154114, -102.202560425, 70.0197296143, 40.4733009338, -80.2617492676, 9.85525894165, 60.1411895752, -40.0353164673, -31.641456604, 52.4056510925, 0.787254333496, -47.4116630554]
    min: [-1083.57324219, -38.5176773071, -108.707931519, 41.4666023254, 16.5534210205, -84.3316040039, 2.92374229431, 15.9551868439, -44.9414596558, -35.6678085327, 11.0441932678, -0.294723510742, -49.7103996277]
    skew: [4.90550804138, 0.735235273838, 4.74377822876, -0.703952908516, -2.75624799728, 3.64712667465, -1.89268040657, -3.69846773148, 3.46012973785, 3.5955965519, -3.80091309547, -0.0290546249598, 3.8356218338]
    var: [3327.83544922, 325.475860596, 60.3707809448, 77.0665893555, 38.4518241882, 110.836997986, 3.26442694664, 77.2133331299, 37.6868667603, 23.4642505646, 67.9685897827, 0.404701024294, 59.0122184753]

SpecContrastCoeff:
    dmean: [0.0192716326565, 0.0104677891359, 0.0123180691153, 0.0176525134593, 0.0278112459928, 0.0212681833655]
    dmean2: [0.0380207188427, 0.0201306156814, 0.023023083806, 0.0334540642798, 0.0325839146972, 0.0398867018521]
    dvar: [0.000462270254502, 0.000130512184114, 8.78171631484e-05, 0.000120900847833, 0.00356819084845, 0.000237445128732]
    dvar2: [0.00122738210484, 0.000334452081006, 0.000229028009926, 0.000303332897602, 0.00275515858084, 0.000558541563805]
    kurt: [10.7354421616, 3.0769906044, 1.01602602005, 2.03753995895, 19.5986442566, -0.248280525208]
    max: [-0.893790602684, -0.955074965954, -0.949987590313, -0.897493481636, -0.241384938359, -0.877587616444]
    mean: [-0.980271816254, -0.990527868271, -0.983509659767, -0.945763707161, -0.304532289505, -0.921455204487]
    median: [-0.987299859524, -0.995346665382, -0.987900018692, -0.950373768806, -0.285928457975, -0.928629934788]
    min: [-0.991585373878, -0.997279465199, -0.99217236042, -0.960539340973, -0.797838807106, -0.936264693737]
    skew: [3.01390147209, 1.9382917881, 1.35955452919, 1.41356348991, -4.3902554512, 1.03237223625]
    var: [0.000311796291498, 0.000101500292658, 0.000107854728412, 0.000223107301281, 0.00791986379772, 0.000270113960141]

SpecPeakAmp:
    dmean: [7.33078850317e-05, 7.2571921919e-05, 7.13274639565e-05, 7.05433631083e-05, 6.10068782407e-05]
    dmean2: [0.000121654433315, 0.000119470598293, 0.000117823219625, 0.000116855553642, 0.000107287167339]
    dvar: [3.20474420334e-08, 3.15299075737e-08, 3.01875964226e-08, 2.96197519845e-08, 2.03682066768e-08]
    dvar2: [8.08546545272e-08, 7.99280215347e-08, 7.69063390749e-08, 7.61818341743e-08, 5.13462019569e-08]
    kurt: [32.4865188599, 32.212978363, 32.354724884, 32.0645980835, 19.9407176971]
    max: [0.000899415754247, 0.000893470656592, 0.00088656693697, 0.000903610663954, 0.000922445440665]
    mean: [6.75417104503e-05, 6.36706972728e-05, 6.41081860522e-05, 6.61582816974e-05, 7.6671516581e-05]
    median: [5.05871867063e-05, 4.23285455327e-05, 4.49137914984e-05, 4.5128956117e-05, 4.53617358289e-05]
    min: [5.97859570917e-06, 2.23082815864e-06, 3.55186830348e-06, 5.28298278368e-06, 7.19332001609e-06]
    skew: [5.67656469345, 5.65499162674, 5.66792917252, 5.6330742836, 4.4569272995]
    var: [1.73604455256e-08, 1.73487180177e-08, 1.70058918059e-08, 1.77043268934e-08, 2.33692016849e-08]
