
metadata:
    version:
        essentia: "2.1-beta3"

Flux:
    dmean: 0.0131749510765
    dmean2: 0
    dvar: 0
    dvar2: 0
    kurt: -2
    max: 0.298758238554
    mean: 0.292170763016
    median: 0.292170763016
    min: 0.285583287477
    skew: 0
    var: 4.3394833483e-05

Rms:
    dmean: 0
    dmean2: 0
    dvar: 0
    dvar2: 0
    kurt: 0
    max: 0.102501571178
    mean: 0.102501571178
    median: 0.102501571178
    min: 0.102501571178
    skew: 0
    var: 0

RollOff:
    dmean: 925.927734375
    dmean2: 0
    dvar: 0
    dvar2: 0
    kurt: -2
    max: 2777.78320312
    mean: 2314.81933594
    median: 2314.81933594
    min: 1851.85546875
    skew: 0
    var: 214335.546875

SpecCent:
    dmean: 53.7170410156
    dmean2: 0
    dvar: 0
    dvar2: 0
    kurt: -1.99999988079
    max: 2350.39941406
    mean: 2323.54101562
    median: 2323.54101562
    min: 2296.68237305
    skew: -1.36087282954e-05
    var: 721.380126953

Zcr:
    dmean: 0
    dmean2: 0
    dvar: 0
    dvar2: 0
    kurt: 0
    max: 0.017578125
    mean: 0.017578125
    median: 0.017578125
    min: 0.017578125
    skew: 0
    var: 0

HarmonicAmpFreq:
    dmean: [0]
    dmean2: [0]
    dvar: [0]
    dvar2: [0]
    kurt: [nan]
    max: [2494.37158203]
    mean: [2494.37158203]
    median: [2494.37158203]
    min: [2494.37158203]
    skew: [nan]
    var: [0]

HarmonicAmpMag:
    dmean: [0]
    dmean2: [0]
    dvar: [0]
    dvar2: [0]
    kurt: [nan]
    max: [0]
    mean: [0]
    median: [0]
    min: [0]
    skew: [nan]
    var: [0]

MfccCoeff:
    dmean: [291.771850586, 104.806991577, 35.8399200439, 72.8589630127, 17.8838863373, 5.33121681213, 13.2925224304, 11.4361953735, 3.04460906982, 1.79213142395, 1.80533409119, 4.01224899292, 0.375308990479]
    dmean2: [0, 0, 0, 0, 0, 0, 0, 0, 0, 0, 0, 0, 0]
    dvar: [0, 0, 0, 0, 0, 0, 0, 0, 0, 0, 0, 0, 0]
    dvar2: [0, 0, 0, 0, 0, 0, 0, 0, 0, 0, 0, 0, 0]
    kurt: [-2, -2, -2, -1.99999988079, -2, -2, -1.99999988079, -2, -2, -2, -2, -2, -1.99999988079]
    max: [-595.874816895, 159.310241699, -93.1859893799, -0.0585289001465, 26.9779262543, -8.75005912781, -9.74589157104, 14.5892791748, 1.95720672607, -6.3351650238, 2.4985294342, 4.70764541626, -3.64517211914]
    mean: [-741.760742188, 106.906745911, -111.105949402, -36.4880065918, 18.0359840393, -11.4156675339, -16.3921527863, 8.87118148804, 0.434902191162, -7.23123073578, 1.59586238861, 2.7015209198, -3.83282661438]
    median: [-741.760742188, 106.906745911, -111.105949402, -36.4880065918, 18.0359840393, -11.4156675339, -16.3921527863, 8.87118148804, 0.434902191162, -7.23123073578, 1.59586238861, 2.7015209198, -3.83282661438]
    min: [-887.64666748, 54.5032501221, -129.025909424, -72.9174880981, 9.09403991699, -14.0812759399, -23.0384140015, 3.15308380127, -1.08740234375, -8.12729644775, 0.693195343018, 0.69539642334, -4.02048110962]
    skew: [0, 0, 0, -2.01995263183e-07, -3.41463561426e-07, 0, 0, 0, 0, 0, 0, 0, 0]
    var: [21282.703125, 2746.12646484, 321.124969482, 1327.10693359, 79.9583435059, 7.10546827316, 44.1727867126, 32.6966400146, 2.31741118431, 0.802933752537, 0.814807772636, 4.02453565598, 0.0352142080665]

SpecContrastCoeff:
    dmean: [0.0820712447166, 0.0770847201347, 0.115177869797, 0.0833012461662, 0.142325043678, 0.0415319800377]
    dmean2: [0, 0, 0, 0, 0, 0]
    dvar: [0, 0, 0, 0, 0, 0]
    dvar2: [0, 0, 0, 0, 0, 0]
    kurt: [-1.99999988079, -2, -2, -2, -2, -1.99999988079]
    max: [-0.856788754463, -0.809258341789, -0.867260098457, -0.844610273838, -0.561461389065, -0.886239469051]
    mean: [-0.897824406624, -0.847800731659, -0.924849033356, -0.886260867119, -0.632623910904, -0.907005429268]
    median: [-0.897824406624, -0.847800731659, -0.924849033356, -0.886260867119, -0.632623910904, -0.907005429268]
    min: [-0.93885999918, -0.886343061924, -0.982437968254, -0.927911520004, -0.703786432743, -0.927771449089]
    skew: [2.15854424823e-06, 2.35096945289e-06, 0, -2.16503121919e-06, 0, -4.26571205026e-06]
    var: [0.00168392225169, 0.00148551352322, 0.00331648532301, 0.00173477432691, 0.0050641046837, 0.000431226333603]

SpecPeakAmp:
    dmean: [0.00227445596829, 7.14189372957e-05, 0.000302895437926, 0.000678188633174, 0.00137374992482]
    dmean2: [0, 0, 0, 0, 0]
    dvar: [0, 0, 0, 0, 0]
    dvar2: [0, 0, 0, 0, 0]
    kurt: [-2, -2, -2, -2, -1.99999988079]
    max: [0.00247345864773, 0.00266295927577, 0.00297149363905, 0.00351097737439, 0.00426959898323]
    mean: [0.00133623066358, 0.00262724980712, 0.00282004592009, 0.0031718830578, 0.0035827239044]
    median: [0.00133623066358, 0.00262724980712, 0.00282004592009, 0.0031718830578, 0.0035827239044]
    min: [0.000199002752197, 0.00259154033847, 0.00266859820113, 0.00283278874122, 0.0028958490584]
    skew: [1.50972439883e-07, 0, 0, 0, 5.13887982834e-07]
    var: [1.29328736875e-06, 1.27516619486e-09, 2.29364118809e-08, 1.14984956667e-07, 4.71797193313e-07]
