
metadata:
    version:
        essentia: "2.1-beta3"

Flux:
    dmean: 6.3371030592e-06
    dmean2: 9.3955295597e-06
    dvar: 5.16671483375e-10
    dvar2: 1.1024422486e-09
    kurt: 13.564201355
    max: 0.000122717377963
    mean: 7.63506159274e-06
    median: 1.43599015701e-06
    min: 7.42422685107e-07
    skew: 3.816801548
    var: 5.55112567024e-10

Rms:
    dmean: 2.589880296e-06
    dmean2: 3.04013474306e-06
    dvar: 3.99086284852e-11
    dvar2: 2.68242199286e-11
    kurt: 19.0714225769
    max: 0.000102220699773
    mean: 9.95020309347e-05
    median: 0.000101358164102
    min: 5.90739473409e-05
    skew: -4.41980600357
    var: 5.63843728651e-11

RollOff:
    dmean: 1.00154435635
    dmean2: 1.025390625
    dvar: 20.5633563995
    dvar2: 21.0285148621
    kurt: 17.0476436615
    max: 193.798828125
    mean: 173.244400024
    median: 172.265625
    min: 172.265625
    skew: 4.36436223984
    var: 20.118303299

SpecCent:
    dmean: 8.91073322296
    dmean2: 13.4185323715
    dvar: 63.0872764587
    dvar2: 67.1762084961
    kurt: 10.4597387314
    max: 462.79675293
    mean: 411.307647705
    median: 408.283935547
    min: 401.814880371
    skew: 2.95619821548
    var: 116.900024414

Zcr:
    dmean: 0.000408793595852
    dmean2: 0.000662667385768
    dvar: 5.75866806685e-07
    dvar2: 6.22402183126e-07
    kurt: 15.5336322784
    max: 0.0078125
    mean: 0.00730202393606
    median: 0.00732421875
    min: 0.00341796875
    skew: -3.92628455162
    var: 6.06391552083e-07

HarmonicAmpFreq:
    dmean: [0.0804780498147]
    dmean2: [0.090474806726]
    dvar: [0.0911531001329]
    dvar2: [0.0832522511482]
    kurt: [29.2768478394]
    max: [165.997070312]
    mean: [165.913848877]
    median: [165.978607178]
    min: [163.987091064]
    skew: [-5.42595338821]
    var: [0.0993384122849]

HarmonicAmpMag:
    dmean: [3.60981653102e-06]
    dmean2: [3.69193458027e-06]
    dvar: [2.70615974074e-10]
    dvar2: [2.66997840503e-10]
    kurt: [23.4802589417]
    max: [0.000136803675559]
    mean: [0.000133209105115]
    median: [0.00013671220222]
    min: [3.83114929718e-05]
    skew: [-4.91353368759]
    var: [2.74236133802e-10]

MfccCoeff:
    dmean: [0.118748866022, 0.164098694921, 0.152757510543, 0.13449805975, 0.110230557621, 0.0811941474676, 0.0488369949162, 0.0152123030275, 0.0203133523464, 0.0531208142638, 0.082891061902, 0.108306355774, 0.128298744559]
    dmean2: [0.122942246497, 0.169887721539, 0.158088326454, 0.139099851251, 0.113867625594, 0.0836650282145, 0.0500459223986, 0.0155318127945, 0.0215423218906, 0.0555022098124, 0.0862790048122, 0.112499415874, 0.133058100939]
    dvar: [0.352363616228, 0.673042118549, 0.583790063858, 0.453356325626, 0.305445790291, 0.166538462043, 0.0608503818512, 0.00581267056987, 0.00904306583107, 0.0671824887395, 0.167070880532, 0.288496315479, 0.408289700747]
    dvar2: [0.359362363815, 0.686335504055, 0.595122098923, 0.46186709404, 0.310844153166, 0.169147923589, 0.0615178123116, 0.00571846822277, 0.00948866643012, 0.0692512616515, 0.171453788877, 0.295358747244, 0.417266219854]
    kurt: [31.177772522, 31.1879882812, 31.2142295837, 31.2634239197, 31.3483314514, 31.5036621094, 31.858581543, 33.6067008972, 28.7821426392, 30.3210220337, 30.6842575073, 30.8762664795, 31.0166931152]
    max: [-1134.6081543, 5.26908493042, 4.90948486328, 4.33024978638, 3.55955505371, 2.63568878174, 1.60329055786, 0.514083862305, -4.57763671875e-05, -0.0115051269531, -0.0225486755371, -0.0327224731445, -0.0416488647461]
    mean: [-1134.72607422, 5.10615682602, 4.75788068771, 4.19688558578, 3.45040512085, 2.55549907684, 1.55539214611, 0.498310774565, -0.56568646431, -1.58719789982, -2.52003383636, -3.32342767715, -3.96407675743]
    median: [-1134.61206055, 5.26375961304, 4.90467834473, 4.32629776001, 3.55666351318, 2.63409423828, 1.60300064087, 0.512966156006, -0.583892822266, -1.63688278198, -2.59846878052, -3.42657470703, -4.08685684204]
    min: [-1138.37841797, 0.0577507019043, 0.0543212890625, 0.048999786377, 0.0415496826172, 0.0327072143555, 0.0224800109863, 0.0114212036133, -0.59398651123, -1.64632415771, -2.60632705688, -3.43193817139, -4.09172058105]
    skew: [-5.61089277267, -5.61193847656, -5.61440610886, -5.61903333664, -5.62703466415, -5.64168405533, -5.67523241043, -5.84234046936, 5.38758611679, 5.5306391716, 5.5646314621, 5.58263540268, 5.59582567215]
    var: [0.345677852631, 0.660338044167, 0.572961688042, 0.445224314928, 0.300293415785, 0.164061322808, 0.0602322109044, 0.00591788021848, 0.0086430311203, 0.0652629286051, 0.16295593977, 0.282004952431, 0.399745762348]

SpecContrastCoeff:
    dmean: [0.0222763381898, 0.0124275628477, 0.0219106320292, 0.0183893144131, 0.0103961890563, 0.00866771116853]
    dmean2: [0.0269691608846, 0.0211171209812, 0.0347533561289, 0.0299418661743, 0.0142980273813, 0.0123648392037]
    dvar: [0.00257061328739, 8.08247350506e-05, 0.000735302979592, 0.000271286902716, 0.000341203791322, 0.000107242638478]
    dvar2: [0.00269384076819, 0.000240943190875, 0.00117191055324, 0.000513321021572, 0.000354661868187, 0.00012770833564]
    kurt: [14.8925113678, 1.34947824478, 9.03713798523, 4.37670087814, 14.5235347748, 9.16462802887]
    max: [-0.53549861908, -0.896166920662, -0.805751562119, -0.847807586193, -0.81967574358, -0.855629265308]
    mean: [-0.569762766361, -0.916407346725, -0.851049780846, -0.882395803928, -0.836808145046, -0.880219876766]
    median: [-0.557215094566, -0.914315581322, -0.850323081017, -0.882264375687, -0.834100961685, -0.880291223526]
    min: [-0.85757368803, -0.95470482111, -0.973716974258, -0.959109246731, -0.938139736652, -0.936233460903]
    skew: [-3.94144320488, -0.858557462692, -2.59547042847, -1.63430166245, -3.81439137459, -2.50786519051]
    var: [0.0034014058765, 0.000129461477627, 0.000758011126891, 0.000398074451368, 0.000433693057857, 0.00016829627566]

SpecPeakAmp:
    dmean: [2.97619891398e-07, 6.70086883474e-05, 6.3628933276e-05, 1.09894074285e-07, 1.52078911242e-07]
    dmean2: [3.1167090242e-07, 0.000133515772177, 0.000130211672513, 1.32623796389e-07, 2.26593584784e-07]
    dvar: [5.91032322909e-13, 4.44438574831e-09, 4.63317517685e-09, 3.24088358147e-14, 1.02043617696e-13]
    dvar2: [6.26967065504e-13, 1.20481224997e-08, 1.23897390125e-08, 1.42915379916e-14, 1.20588855199e-13]
    kurt: [16.221446991, -0.655768871307, -0.305998325348, 15.0965251923, 24.7125339508]
    max: [1.69760824065e-05, 0.000136800546898, 0.000136803675559, 1.53823668825e-06, 2.16713533518e-06]
    mean: [1.65925684996e-05, 0.000102203222923, 3.12429801852e-05, 2.36437529111e-07, 3.01333670905e-07]
    median: [1.67542202689e-05, 0.000136679052957, 1.48213928242e-07, 1.68674773704e-07, 2.23513424658e-07]
    min: [1.27871508084e-05, 2.79090471622e-07, 7.40451397974e-08, 1.04532432488e-07, 1.14815286167e-07]
    skew: [-4.19637346268, -1.13107895851, 1.30147051811, 3.8976995945, 4.82659482956]
    var: [6.44700438868e-13, 3.32291261174e-09, 3.27453064664e-09, 6.70878283482e-14, 1.00460181081e-13]
