
metadata:
    version:
        essentia: "2.1-beta3"

Flux:
    dmean: 0.000165997596923
    dmean2: 0.000212794402614
    dvar: 2.85883089646e-07
    dvar2: 5.52921449071e-07
    kurt: 9.93156909943
    max: 0.00317349517718
    mean: 0.000216046886635
    median: 1.1507418094e-05
    min: 5.66350217923e-06
    skew: 3.33509874344
    var: 4.65489449653e-07

Rms:
    dmean: 8.01891437732e-05
    dmean2: 7.68702811911e-05
    dvar: 4.37234604078e-08
    dvar2: 1.69728515687e-08
    kurt: 19.8061904907
    max: 0.00225806608796
    mean: 0.00216165953316
    median: 0.00223584240302
    min: 0.000505081203301
    skew: -4.42073345184
    var: 8.89450149089e-08

RollOff:
    dmean: 5.38330078125
    dmean2: 5.0077214241
    dvar: 845.686950684
    dvar2: 686.615844727
    kurt: 38.3793106079
    max: 387.59765625
    mean: 178.0078125
    median: 172.265625
    min: 172.265625
    skew: 6.29871559143
    var: 1018.03265381

SpecCent:
    dmean: 9.98314857483
    dmean2: 11.1264772415
    dvar: 1420.49084473
    dvar2: 906.296630859
    kurt: 37.4311103821
    max: 472.168762207
    mean: 175.215240479
    median: 167.607376099
    min: 164.084472656
    skew: 6.20287275314
    var: 2067.89868164

Zcr:
    dmean: 0.00053267047042
    dmean2: 0.000749454949982
    dvar: 8.10819983599e-07
    dvar2: 5.69419569274e-07
    kurt: 17.5956726074
    max: 0.0078125
    mean: 0.00715060764924
    median: 0.00732421875
    min: 0
    skew: -4.12740135193
    var: 1.75005118308e-06

HarmonicAmpFreq:
    dmean: [0.092096157372]
    dmean2: [0.143227517605]
    dvar: [0.0862625613809]
    dvar2: [0.19484333694]
    kurt: [14.8946018219]
    max: [165.998260498]
    mean: [165.894775391]
    median: [165.976104736]
    min: [164.255569458]
    skew: [-3.94459438324]
    var: [0.103601105511]

HarmonicAmpMag:
    dmean: [0.000121209937788]
    dmean2: [9.59022945608e-05]
    dvar: [2.03799814358e-07]
    dvar2: [1.3936033838e-07]
    kurt: [15.9487476349]
    max: [0.0030632854905]
    mean: [0.00291689345613]
    median: [0.00306173134595]
    min: [0]
    skew: [-4.1007065773]
    var: [3.28559963236e-07]

MfccCoeff:
    dmean: [1.69702148438, 2.27928709984, 1.9450302124, 1.47169947624, 0.957474946976, 0.501851677895, 0.30531206727, 0.113810449839, 0.171353429556, 0.303345948458, 0.46169424057, 0.588755011559, 0.679039597511]
    dmean2: [2.24049830437, 2.99558711052, 2.51853775978, 1.84973180294, 1.13657307625, 0.523580312729, 0.244474545121, 0.17256501317, 0.201754555106, 0.245807915926, 0.310293376446, 0.410419553518, 0.518124341965]
    dvar: [59.6884727478, 108.133003235, 79.9665145874, 47.5169944763, 22.0060825348, 7.5232834816, 1.66035068035, 0.286083430052, 0.452842503786, 1.37858307362, 2.96683573723, 4.93583726883, 6.73510932922]
    dvar2: [116.443939209, 208.489593506, 148.237625122, 81.1280441284, 31.840669632, 7.59799480438, 0.750528991222, 0.469402521849, 0.672828435898, 0.725635290146, 1.57172572613, 3.18902730942, 4.78419828415]
    kurt: [19.5061016083, 19.9160175323, 21.6772499084, 26.1310520172, 33.4223518372, 38.1833724976, 32.6089668274, 17.7203769684, 16.6867580414, 26.1576385498, 23.0429286957, 21.5355110168, 20.9973564148]
    max: [-1090.68286133, 64.5245437622, 56.1962623596, 44.2224006653, 30.853427887, 18.6508026123, 11.634021759, 4.63539886475, -4.57763671875e-05, -2.28881835938e-05, -2.67028808594e-05, -3.0517578125e-05, -3.81469726562e-05]
    mean: [-1112.0604248, 36.391456604, 33.7923049927, 29.6576938629, 24.2586746216, 17.9333343506, 11.0545186996, 4.00318241119, -2.85438847542, -9.1824092865, -14.6881494522, -19.132516861, -22.3410282135]
    median: [-1111.83520508, 36.7337760925, 34.1944313049, 30.1251411438, 24.7584114075, 18.399230957, 11.4039649963, 4.15911102295, -2.94499206543, -9.53851318359, -15.2928066254, -19.9409790039, -23.2929954529]
    min: [-1138.42004395, 1.14440917969e-05, -6.103515625e-05, 8.01086425781e-05, -6.103515625e-05, 2.28881835938e-05, -2.67028808594e-05, -5.34057617188e-05, -4.04835510254, -9.54672241211, -15.2998104095, -19.9465332031, -23.2972221375]
    skew: [-1.43819451332, -1.74709892273, -2.67070007324, -4.10826587677, -5.60124874115, -6.28293085098, -5.71907377243, -4.39632034302, 3.81543803215, 5.05386829376, 4.75820064545, 4.63239240646, 4.59170770645]
    var: [26.1419811249, 48.0616111755, 37.4457473755, 24.9984951019, 14.5793981552, 7.47157526016, 3.06227779388, 0.648172736168, 0.307460427284, 2.35058617592, 6.43529033661, 11.4046192169, 15.8460502625]

SpecContrastCoeff:
    dmean: [0.0277717001736, 0.014076191932, 0.0201630219817, 0.0148543678224, 0.00631987908855, 0.00705375336111]
    dmean2: [0.0302858687937, 0.0250901058316, 0.0371175296605, 0.0254106167704, 0.0102898962796, 0.0123051283881]
    dvar: [0.00442986236885, 0.000189857833902, 0.000263655994786, 8.35827668197e-05, 5.39616339665e-05, 5.46838891751e-05]
    dvar2: [0.00432658521459, 0.000247674499406, 0.00064292550087, 0.000267986615654, 0.000124926635181, 0.000150830339408]
    kurt: [14.2714042664, 5.82860851288, 1.00912904739, -0.282139539719, 11.5365495682, 14.1743431091]
    max: [-0.394132941961, -0.863994002342, -0.902470171452, -0.917231500149, -0.918606221676, -0.90912514925]
    mean: [-0.442127346992, -0.951236724854, -0.951755106449, -0.937215745449, -0.931531846523, -0.923055768013]
    median: [-0.4112637043, -0.961902916431, -0.958121776581, -0.937627434731, -0.931589722633, -0.922644138336]
    min: [-0.983501195908, -0.965738356113, -0.968293428421, -0.964273393154, -0.965363919735, -0.963933825493]
    skew: [-3.83760643005, 2.4678838253, 1.3411719799, -0.109669819474, -2.41015338898, -3.0406563282]
    var: [0.011666264385, 0.000476102781249, 0.000264635571511, 0.000109324821096, 4.59259536001e-05, 6.12548392382e-05]

SpecPeakAmp:
    dmean: [8.69754512678e-05, 0.00150990788825, 0.00153124844655, 2.31954845731e-06, 2.23523420573e-06]
    dmean2: [0.000131810753373, 0.00303811975755, 0.00313043291681, 3.68654491467e-06, 3.66293170373e-06]
    dvar: [1.47594604982e-07, 2.28563953897e-06, 2.33361561186e-06, 2.24286648282e-11, 1.94074079723e-11]
    dvar2: [3.7856315771e-07, 3.35298977916e-06, 2.82391988549e-06, 5.57996947259e-11, 4.98051322406e-11]
    kurt: [40.0045967102, -1.98480176926, -1.94996464252, 26.2627220154, 32.347278595]
    max: [0.0018604939105, 0.00306271319278, 0.0030632854905, 2.44069578912e-05, 2.31610283663e-05]
    mean: [5.77704413445e-05, 0.00151671504136, 0.00136335007846, 2.99612770505e-06, 2.74943295153e-06]
    median: [1.67070465977e-05, 0.000845905917231, 3.1866527479e-06, 2.42035275733e-06, 2.16386115426e-06]
    min: [5.76776801609e-06, 1.02275453173e-06, 5.98404938046e-07, 4.23421170126e-07, 3.30098032464e-07]
    skew: [6.48034858704, 0.0281753372401, 0.223569393158, 5.02478075027, 5.58050060272]
    var: [7.38749506013e-08, 2.29216152547e-06, 2.30866544371e-06, 1.27874473163e-11, 1.0453191264e-11]
