
metadata:
    version:
        essentia: "2.1-beta3"

Flux:
    dmean: 0.00373206310906
    dmean2: 0.00495461327955
    dvar: 0.000142501972732
    dvar2: 0.000280611246126
    kurt: 9.62198638916
    max: 0.0697331055999
    mean: 0.0047840080224
    median: 0.000220677786274
    min: 2.34171620832e-05
    skew: 3.29915833473
    var: 0.000231850150158

Rms:
    dmean: 0.00183286110405
    dmean2: 0.00176520424429
    dvar: 2.4352235414e-05
    dvar2: 1.00337911135e-05
    kurt: 20.726726532
    max: 0.0505566522479
    mean: 0.0483511127532
    median: 0.0500691868365
    min: 0.00931026879698
    skew: -4.51203584671
    var: 4.81207171106e-05

RollOff:
    dmean: 6.85147380829
    dmean2: 6.51003837585
    dvar: 1491.62805176
    dvar2: 1283.95654297
    kurt: 39.0398483276
    max: 452.197265625
    mean: 179.443359375
    median: 172.265625
    min: 172.265625
    skew: 6.37126064301
    var: 1710.4597168

SpecCent:
    dmean: 3.20213031769
    dmean2: 5.51244831085
    dvar: 2.26383304596
    dvar2: 7.23834180832
    kurt: -1.39278697968
    max: 167.824325562
    mean: 164.888763428
    median: 164.816162109
    min: 161.049438477
    skew: -0.0169385168701
    var: 4.22094297409

Zcr:
    dmean: 0.000510475831106
    dmean2: 0.000704033416696
    dvar: 7.58112207677e-07
    dvar2: 3.9147573716e-07
    kurt: 16.2672843933
    max: 0.0078125
    mean: 0.00715060764924
    median: 0.00732421875
    min: 0.00048828125
    skew: -4.00159978867
    var: 1.60170179697e-06

HarmonicAmpFreq:
    dmean: [0.127711907029]
    dmean2: [0.201787903905]
    dvar: [0.21092094481]
    dvar2: [0.55263531208]
    kurt: [26.2241535187]
    max: [165.994934082]
    mean: [165.879684448]
    median: [165.977142334]
    min: [163.328079224]
    skew: [-5.06632614136]
    var: [0.181512847543]

HarmonicAmpMag:
    dmean: [0.00271124602295]
    dmean2: [0.00211515231058]
    dvar: [0.000101377794635]
    dvar2: [7.00320160831e-05]
    kurt: [15.6761474609]
    max: [0.0685815438628]
    mean: [0.0652815401554]
    median: [0.0685512796044]
    min: [0]
    skew: [-4.06847143173]
    var: [0.000165956211276]

MfccCoeff:
    dmean: [9.28947353363, 10.6565179825, 4.99148750305, 2.34485244751, 4.73264741898, 6.35918855667, 6.93300008774, 6.2065410614, 4.70885276794, 3.26659035683, 1.96441030502, 1.15763771534, 1.95425999165]
    dmean2: [14.182469368, 16.2097930908, 7.44001722336, 3.0812253952, 7.67624044418, 10.4724788666, 11.5010118484, 10.5439052582, 8.30459499359, 5.81124448776, 3.16242051125, 1.3370527029, 2.50912976265]
    dvar: [625.050354004, 787.82220459, 179.555892944, 24.0956249237, 16.8111095428, 12.7773885727, 10.9059200287, 8.99225521088, 5.91472959518, 4.21184539795, 8.03150272369, 14.7907876968, 20.0802536011]
    dvar2: [1463.87768555, 1789.55200195, 327.96963501, 11.300403595, 22.7893409729, 26.8687553406, 35.1234474182, 32.317489624, 18.4074764252, 8.2729434967, 10.6546125412, 15.6643705368, 20.1296749115]
    kurt: [26.6040554047, 22.2231616974, 17.1686553955, 24.7951965332, 14.5589065552, 7.71476840973, 1.41894578934, -1.16865265369, -1.45582556725, 5.23383903503, 15.6128826141, 16.596157074, 15.2550354004]
    max: [-978.621826172, 187.752624512, 106.850952148, 73.1639556885, 57.6122779846, 40.8307495117, 27.5588607788, 13.798166275, 0.282585144043, -2.71302032471, -1.94285964966, -0.791259765625, 0.285621643066]
    mean: [-1078.98608398, 80.9633026123, 72.7188720703, 61.4237747192, 48.6404457092, 35.029838562, 21.1307964325, 7.77037286758, -4.34447240829, -14.9481306076, -23.9689121246, -31.2380561829, -36.5542106628]
    median: [-1080.69140625, 79.4609146118, 73.0389709473, 62.7033538818, 50.3636512756, 36.3058166504, 21.7707099915, 7.21918678284, -4.73364257812, -15.926940918, -25.253408432, -32.6379814148, -38.4007225037]
    min: [-1120.79797363, 23.8170280457, 20.7040710449, 16.1376991272, 10.9003143311, 5.82968902588, 1.64000320435, -1.2142868042, -9.26466369629, -18.8531570435, -27.0462245941, -33.3234062195, -39.4571647644]
    skew: [4.46513795853, 3.50555419922, -2.11602258682, -4.70924520493, -3.69441270828, -2.34670186043, -0.988677918911, -0.101813666523, 0.186649173498, 2.0202767849, 3.98105931282, 4.15118026733, 3.98378992081]
    var: [280.267608643, 352.539794922, 98.521812439, 58.7897911072, 56.7310333252, 41.2590827942, 30.700220108, 19.5709629059, 9.60576915741, 9.39047431946, 18.996471405, 34.3822593689, 52.8769760132]

SpecContrastCoeff:
    dmean: [0.0372812114656, 0.0121640264988, 0.00802155211568, 0.00608307542279, 0.00789644382894, 0.0126069514081]
    dmean2: [0.0437173396349, 0.0214554425329, 0.0144913708791, 0.010628066957, 0.0144133530557, 0.0242394078523]
    dvar: [0.00680741621181, 0.000602423737291, 0.000165574427228, 0.000105289211206, 0.00015809899196, 0.000191905812244]
    dvar2: [0.00491365836933, 0.00136625254527, 0.000387501873774, 0.00027736814809, 0.000442233285867, 0.000479283102322]
    kurt: [17.5898170471, 9.00154209137, 10.3785266876, 10.7390632629, 5.85434246063, 1.83475637436]
    max: [-0.19572134316, -0.832661271095, -0.915405988693, -0.92445653677, -0.923710346222, -0.922165036201]
    mean: [-0.25357323885, -0.942823112011, -0.961676895618, -0.963694572449, -0.959840476513, -0.956722259521]
    median: [-0.223104506731, -0.953039526939, -0.965418815613, -0.966522991657, -0.96366661787, -0.962900936604]
    min: [-0.982907354832, -0.954140841961, -0.981958985329, -0.96767359972, -0.964822351933, -0.965897202492]
    skew: [-4.20462703705, 3.21907925606, 2.69458794594, 3.24832201004, 2.66183185577, 1.78432500362]
    var: [0.0186212155968, 0.000763324671425, 9.13188268896e-05, 6.69046785333e-05, 9.81961711659e-05, 0.000135065391078]

SpecPeakAmp:
    dmean: [0.00449800305068, 0.0249251369387, 0.0218364968896, 3.27689303958e-05, 1.67922462424e-05]
    dmean2: [0.00712833134457, 0.0509640574455, 0.044668558985, 5.64689507883e-05, 2.624168701e-05]
    dvar: [0.000210720056202, 0.00108249182813, 0.00101776712108, 1.31831956462e-09, 9.27624532743e-10]
    dvar2: [0.000557106046472, 0.00241616484709, 0.00259292731062, 3.09456238412e-09, 2.28232632793e-09]
    kurt: [19.9943771362, -0.585435628891, 1.61275434494, 7.02472305298, 22.9859027863]
    max: [0.0675202235579, 0.0685808882117, 0.0685815438628, 0.00017705243954, 0.000163588265423]
    mean: [0.00288785202429, 0.0518302880228, 0.0107165109366, 3.23615313391e-05, 2.21094505832e-05]
    median: [7.6699318015e-05, 0.0685402452946, 5.43418464076e-05, 1.97886765818e-05, 1.77271085704e-05]
    min: [1.71018364199e-05, 1.59827031894e-05, 9.16923454497e-06, 6.44555802864e-06, 4.97783366882e-06]
    skew: [4.50474214554, -1.18933296204, 1.9007178545, 2.5106985569, 4.61064481735]
    var: [0.000137299037306, 0.000864070956595, 0.000616727629676, 1.09261466541e-09, 5.94845506185e-10]
