
metadata:
    version:
        essentia: "2.1-beta3"

Flux:
    dmean: 0.0254209041595
    dmean2: 0
    dvar: 0
    dvar2: 0
    kurt: -2
    max: 0.399418205023
    mean: 0.386707752943
    median: 0.386707752943
    min: 0.373997300863
    skew: 0
    var: 0.000161555595696

Rms:
    dmean: 0
    dmean2: 0
    dvar: 0
    dvar2: 0
    kurt: 0
    max: 0.136523276567
    mean: 0.136523276567
    median: 0.136523276567
    min: 0.136523276567
    skew: 0
    var: 0

RollOff:
    dmean: 43.06640625
    dmean2: 0
    dvar: 0
    dvar2: 0
    kurt: -2
    max: 322.998046875
    mean: 301.46484375
    median: 301.46484375
    min: 279.931640625
    skew: 0
    var: 463.678833008

SpecCent:
    dmean: 559.544799805
    dmean2: 0
    dvar: 0
    dvar2: 0
    kurt: -2
    max: 764.63848877
    mean: 484.866088867
    median: 484.866088867
    min: 205.093704224
    skew: 0
    var: 78272.59375

Zcr:
    dmean: 0
    dmean2: 0
    dvar: 0
    dvar2: 0
    kurt: 0
    max: 0.0029296875
    mean: 0.0029296875
    median: 0.0029296875
    min: 0.0029296875
    skew: 0
    var: 0

HarmonicAmpFreq:
    dmean: [21.5320129395]
    dmean2: [0]
    dvar: [0]
    dvar2: [0]
    kurt: [-2]
    max: [250.30645752]
    mean: [239.54045105]
    median: [239.54045105]
    min: [228.77444458]
    skew: [0]
    var: [115.906898499]

HarmonicAmpMag:
    dmean: [0.148638799787]
    dmean2: [0]
    dvar: [0]
    dvar2: [0]
    kurt: [-1.99999988079]
    max: [0.161222741008]
    mean: [0.0869033411145]
    median: [0.0869033411145]
    min: [0.0125839449465]
    skew: [1.7724894974e-07]
    var: [0.00552337244153]

MfccCoeff:
    dmean: [429.652038574, 21.6904754639, 44.7452087402, 2.05451583862, 0.403150558472, 16.5606594086, 22.0897712708, 22.7927246094, 19.3328285217, 15.9515781403, 8.47530078888, 4.46732711792, 0.284779548645]
    dmean2: [0, 0, 0, 0, 0, 0, 0, 0, 0, 0, 0, 0, 0]
    dvar: [0, 0, 0, 0, 0, 0, 0, 0, 0, 0, 0, 0, 0]
    dvar2: [0, 0, 0, 0, 0, 0, 0, 0, 0, 0, 0, 0, 0]
    kurt: [-2, -2, -2, -2, -2, -2, -2, -2, -2, -2, -1.99999988079, -2, -2]
    max: [-560.322570801, 160.257507324, 73.1201477051, 26.0899391174, 7.10243225098, 3.37159538269, -4.44040298462, -6.46565246582, -10.3701372147, -10.8242778778, -12.1353082657, -11.1412010193, -10.6629018784]
    mean: [-775.14855957, 149.412261963, 50.747543335, 25.0626811981, 6.90085697174, -4.90873432159, -15.48528862, -17.8620147705, -20.0365505219, -18.8000679016, -16.372959137, -13.3748645782, -10.8052921295]
    median: [-775.14855957, 149.412261963, 50.747543335, 25.0626811981, 6.90085697174, -4.90873432159, -15.48528862, -17.8620147705, -20.0365505219, -18.8000679016, -16.372959137, -13.3748645782, -10.8052921295]
    min: [-989.974609375, 138.56703186, 28.3749408722, 24.0354232788, 6.6992816925, -13.1890640259, -26.5301742554, -29.2583770752, -29.7029647827, -26.7758560181, -20.6106090546, -15.6085281372, -10.947681427]
    skew: [-4.03458926712e-07, 2.10530720324e-06, 1.30810235532e-07, 0, 0, 0, 0, 0, -1.68936651335e-07, 3.60894546247e-07, 4.01028046326e-07, 0, 1.00409106381e-05]
    var: [46150.21875, 117.619186401, 500.53338623, 1.05525887012, 0.0406325943768, 68.5638580322, 121.989501953, 129.877075195, 93.4395599365, 63.6132125854, 17.9576797485, 4.98925304413, 0.0202748477459]

SpecContrastCoeff:
    dmean: [0.0408566594124, 0.164384841919, 0.0150310993195, 0.0255782008171, 0.0292519330978, 0.0259626507759]
    dmean2: [0, 0, 0, 0, 0, 0]
    dvar: [0, 0, 0, 0, 0, 0]
    dvar2: [0, 0, 0, 0, 0, 0]
    kurt: [-1.99999988079, -2, -2, -1.99999988079, -2, -2]
    max: [-0.507110655308, -0.650661110878, -0.903249621391, -0.928102970123, -0.927441239357, -0.933140575886]
    mean: [-0.527539014816, -0.732853531837, -0.910765171051, -0.940892100334, -0.942067205906, -0.946121931076]
    median: [-0.527539014816, -0.732853531837, -0.910765171051, -0.940892100334, -0.942067205906, -0.946121931076]
    min: [-0.54796731472, -0.815045952797, -0.918280720711, -0.95368117094, -0.956693172455, -0.959103226662]
    skew: [4.37406743004e-06, 0, 0, 7.01099907019e-06, 0, 6.91201512382e-06]
    var: [0.000417316652602, 0.00675559416413, 5.64834881516e-05, 0.000163561082445, 0.000213918901864, 0.000168514816323]
