
metadata:
    version:
        essentia: "2.1-beta3"

Flux:
    dmean: 6.90754905008e-06
    dmean2: 1.03434304037e-05
    dvar: 5.48825207503e-10
    dvar2: 1.18450138586e-09
    kurt: 13.9334983826
    max: 0.000125935999677
    mean: 8.08702679933e-06
    median: 1.94235281015e-06
    min: 2.41890916186e-07
    skew: 3.85552334785
    var: 5.71930114379e-10

Rms:
    dmean: 2.15528575609e-06
    dmean2: 2.37153108174e-06
    dvar: 4.18610354713e-11
    dvar2: 2.99590109665e-11
    kurt: 19.9585437775
    max: 0.0001021021817
    mean: 9.94927904685e-05
    median: 0.00010118445789
    min: 5.81565436732e-05
    skew: -4.52830553055
    var: 5.73101427426e-11

RollOff:
    dmean: 0.500772178173
    dmean2: 0.5126953125
    dvar: 10.5324554443
    dvar2: 10.7771167755
    kurt: 39.023349762
    max: 366.064453125
    mean: 345.020629883
    median: 344.53125
    min: 344.53125
    skew: 6.40495061874
    var: 10.2986516953

SpecCent:
    dmean: 8.66595745087
    dmean2: 12.2087879181
    dvar: 143.624191284
    dvar2: 134.787185669
    kurt: 13.3921909332
    max: 661.932983398
    mean: 591.005737305
    median: 588.255737305
    min: 578.88269043
    skew: 3.66883850098
    var: 227.870498657

Zcr:
    dmean: 0.000635901174974
    dmean2: 0.000906808010768
    dvar: 2.23486745199e-06
    dvar2: 1.95924917534e-06
    kurt: 16.3840465546
    max: 0.01513671875
    mean: 0.0145818535239
    median: 0.01513671875
    min: 0.0068359375
    skew: -4.21311283112
    var: 2.58565842159e-06

HarmonicAmpFreq:
    dmean: [0.170977219939]
    dmean2: [0.26580375433]
    dvar: [0.174407944083]
    dvar2: [0.291896283627]
    kurt: [11.7927904129]
    max: [330.735443115]
    mean: [328.851043701]
    median: [328.733642578]
    min: [328.714874268]
    skew: [3.49554181099]
    var: [0.152797594666]

HarmonicAmpMag:
    dmean: [1.65013407241e-05]
    dmean2: [2.99525927403e-05]
    dvar: [1.78412873364e-09]
    dvar2: [4.78706008167e-09]
    kurt: [9.04084682465]
    max: [0.000137384238769]
    mean: [0.000127401217469]
    median: [0.000137275696034]
    min: [0]
    skew: [-3.24240708351]
    var: [1.06561603985e-09]

MfccCoeff:
    dmean: [0.142887562513, 0.18623457849, 0.141385808587, 0.0747560039163, 0.00332925491966, 0.0792200863361, 0.142012134194, 0.181596264243, 0.192152157426, 0.172651603818, 0.126945853233, 0.0630111694336, 0.0096689267084]
    dmean2: [0.148277640343, 0.193259835243, 0.146784469485, 0.0777166485786, 0.00354403536767, 0.081924803555, 0.147111073136, 0.188279286027, 0.199382230639, 0.17933127284, 0.132091879845, 0.0659039840102, 0.0102973207831]
    dvar: [0.479026407003, 0.813364982605, 0.46726578474, 0.129188805819, 0.000363947125152, 0.150783777237, 0.479056745768, 0.778599917889, 0.866579115391, 0.694030821323, 0.369902908802, 0.0874802470207, 0.00306527153589]
    dvar2: [0.485723167658, 0.824757516384, 0.473823279142, 0.13101041317, 0.000365261774277, 0.152870491147, 0.485718011856, 0.78945940733, 0.878704607487, 0.703785181046, 0.37514346838, 0.0887466967106, 0.00307632051408]
    kurt: [28.9011611938, 28.8741950989, 28.7631626129, 28.3832988739, 38.8095703125, 29.6964073181, 29.3113365173, 29.1045799255, 28.9025783539, 28.6293392181, 28.1370067596, 26.6526145935, 38.8096046448]
    max: [-1134.09155273, 5.63889694214, 4.26983642578, 2.23787307739, -6.103515625e-05, 2.28881835938e-05, -2.67028808594e-05, -5.34057617188e-05, -4.57763671875e-05, -2.28881835938e-05, -2.67028808594e-05, -3.0517578125e-05, 0.37149810791]
    mean: [-1134.23254395, 5.45515489578, 4.13034963608, 2.16409301758, -0.124775625765, -2.36641550064, -4.2034778595, -5.3487443924, -5.63229608536, -5.02755403519, -3.65309810638, -1.74978256226, 0.361892521381]
    median: [-1134.09619141, 5.63274765015, 4.26509094238, 2.23518753052, -0.127853393555, -2.44242858887, -4.33929824829, -5.52217102051, -5.81555938721, -5.19195175171, -3.77359390259, -1.80906677246, 0.370822906494]
    min: [-1138.42004395, 1.14440917969e-05, -6.103515625e-05, 8.01086425781e-05, -0.128082275391, -2.444480896, -4.34350204468, -5.52786254883, -5.8218536377, -5.19792175293, -3.77840805054, -1.81204986572, -3.81469726562e-05]
    skew: [-5.39949369431, -5.39709186554, -5.38691234589, -5.3521900177, 6.38008594513, 5.47279548645, 5.43726158142, 5.41823530197, 5.39968967438, 5.37466526031, 5.32974767685, 5.19558525085, -6.38009023666]
    var: [0.472674578428, 0.802571296692, 0.461054444313, 0.127465158701, 0.000362638355, 0.1488045156, 0.472735524178, 0.768297016621, 0.855081140995, 0.684796392918, 0.364957243204, 0.0862951800227, 0.00305414642207]

SpecContrastCoeff:
    dmean: [0.0235560722649, 0.0244440305978, 0.0120263723657, 0.0139607619494, 0.0214708261192, 0.0166809931397]
    dmean2: [0.0329598225653, 0.0332616567612, 0.0191274154931, 0.0218225456774, 0.0358981862664, 0.0277556665242]
    dvar: [0.00100222276524, 0.00199562078342, 0.000105170089228, 0.000228264470934, 0.000278825813439, 0.000279647501884]
    dvar2: [0.00107950845268, 0.00195669592358, 0.000211855905945, 0.000329495756887, 0.000508743571118, 0.000350436312146]
    kurt: [12.2073297501, 17.735584259, 4.94013166428, 10.7023143768, 6.16346359253, 8.28335762024]
    max: [-0.65021109581, -0.525024950504, -0.879468083382, -0.855472683907, -0.845742344856, -0.827488541603]
    mean: [-0.681203126907, -0.55781006813, -0.907155454159, -0.880815505981, -0.873644411564, -0.857194542885]
    median: [-0.676627278328, -0.547717571259, -0.905598700047, -0.880121946335, -0.872636675835, -0.858689785004]
    min: [-0.855207085609, -0.819377839565, -0.96197360754, -0.96659308672, -0.962212085724, -0.945129692554]
    skew: [-3.43853616714, -4.21701955795, -1.61099290848, -2.82127261162, -1.83048152924, -2.36003279686]
    var: [0.00143753294833, 0.00247026258148, 0.000190792430658, 0.000323727057548, 0.000408631633036, 0.000396699004341]

SpecPeakAmp:
    dmean: [3.24636260984e-07, 1.99225200959e-06, 5.19859968335e-05, 7.00631353538e-05, 4.4791468099e-05]
    dmean2: [4.36919094682e-07, 2.10877374229e-06, 0.000105487917608, 0.000136936476338, 9.15735799936e-05]
    dvar: [6.66333904286e-13, 1.44561418391e-10, 4.32342783796e-09, 4.66560390322e-09, 4.10682110541e-09]
    dvar2: [6.80839878833e-13, 1.47772030723e-10, 1.22007026704e-08, 1.06970912128e-08, 9.49659195726e-09]
    kurt: [16.7639694214, 38.9808692932, 0.651720523834, -1.99150002003, 0.145843982697]
    max: [1.69529739651e-05, 8.02358845249e-05, 0.000137384238769, 0.000137380469823, 0.000137374692713]
    mean: [1.65929632203e-05, 2.15990826291e-06, 2.60076321865e-05, 7.18875453458e-05, 2.83743247564e-05]
    median: [1.67602411238e-05, 3.3153466461e-07, 1.8274781155e-07, 0.000136153888889, 3.26230178871e-07]
    min: [1.26029262901e-05, 1.16684539364e-07, 7.50072075562e-08, 1.21279967402e-07, 7.98013601866e-08]
    skew: [-4.27502346039, 6.39992189407, 1.61665165424, -0.0910309478641, 1.4647885561]
    var: [6.76048084701e-13, 1.41835751477e-10, 2.78149125954e-09, 4.67028504758e-09, 3.04995628753e-09]
