
metadata:
    version:
        essentia: "2.1-beta3"

Flux:
    dmean: 0.000163565433468
    dmean2: 0.000219199748244
    dvar: 2.84785556914e-07
    dvar2: 5.65769539662e-07
    kurt: 9.49522304535
    max: 0.00308390008286
    mean: 0.000215651263716
    median: 1.10201453936e-05
    min: 7.21041442375e-06
    skew: 3.28474998474
    var: 4.60202585373e-07

Rms:
    dmean: 7.31908512535e-05
    dmean2: 6.29279966233e-05
    dvar: 5.06627308994e-08
    dvar2: 2.1710418352e-08
    kurt: 20.7143630981
    max: 0.00224956008606
    mean: 0.00215929723345
    median: 0.00223708874546
    min: 0.000410187087255
    skew: -4.51854228973
    var: 9.6787516668e-08

RollOff:
    dmean: 17.1286849976
    dmean2: 17.0262527466
    dvar: 11899.2539062
    dvar2: 11463.8261719
    kurt: 39.9525642395
    max: 1098.19335938
    mean: 361.7578125
    median: 344.53125
    min: 344.53125
    skew: 6.47433948517
    var: 12335.9179688

SpecCent:
    dmean: 23.380531311
    dmean2: 23.4094715118
    dvar: 13576.296875
    dvar2: 10305.1962891
    kurt: 38.7268867493
    max: 1221.06762695
    mean: 353.258270264
    median: 331.443664551
    min: 327.686950684
    skew: 6.33995628357
    var: 17380.4375

Zcr:
    dmean: 0.000787908385973
    dmean2: 0.000931140966713
    dvar: 3.17764283864e-06
    dvar2: 2.20469405576e-06
    kurt: 17.724275589
    max: 0.01513671875
    mean: 0.0143120661378
    median: 0.01513671875
    min: 0.00048828125
    skew: -4.2027425766
    var: 6.55727535559e-06

HarmonicAmpFreq:
    dmean: [0.209553107619]
    dmean2: [0.404049187899]
    dvar: [0.176734372973]
    dvar2: [0.570013463497]
    kurt: [3.9609375]
    max: [330.223388672]
    mean: [328.880279541]
    median: [328.734649658]
    min: [328.72354126]
    skew: [2.35940241814]
    var: [0.145217224956]

HarmonicAmpMag:
    dmean: [0.000538227439392]
    dmean2: [0.000949079112615]
    dvar: [1.21130915431e-06]
    dvar2: [3.68288169739e-06]
    kurt: [3.95588779449]
    max: [0.00307523645461]
    mean: [0.00272195320576]
    median: [0.00307428115048]
    min: [0]
    skew: [-2.39350104332]
    var: [8.6351661821e-07]

MfccCoeff:
    dmean: [2.07874083519, 2.48095011711, 1.36180758476, 0.309269309044, 0.631161630154, 0.891922533512, 0.818562150002, 0.850652515888, 0.863755762577, 0.736337482929, 0.505658447742, 0.206120401621, 0.136859551072]
    dmean2: [2.86091923714, 3.38026952744, 1.77156841755, 0.24086637795, 0.942078411579, 1.16493320465, 0.911752641201, 0.786721885204, 0.733039736748, 0.610712826252, 0.424209475517, 0.196231931448, 0.240734010935]
    dvar: [88.5591506958, 126.901275635, 39.8546600342, 1.81100988388, 7.99047803879, 16.6214771271, 17.6951179504, 16.8372612, 14.8952322006, 10.5742721558, 4.95229959488, 0.983600020409, 0.426696389914]
    dvar2: [190.417327881, 266.856109619, 75.0132446289, 0.879101037979, 19.8338088989, 31.456577301, 21.7689266205, 12.8251104355, 8.89870166779, 6.02253103256, 2.92594027519, 0.863545715809, 0.803435921669]
    kurt: [20.2845668793, 19.3254528046, 21.1467971802, 32.1285514832, 37.8615608215, 20.8450870514, 36.3798522949, 35.8610877991, 33.5358810425, 32.7001838684, 32.526260376, 33.3964920044, 17.0516910553]
    max: [-1082.8092041, 67.3946304321, 39.513584137, 11.5836219788, -6.103515625e-05, 2.28881835938e-05, -2.67028808594e-05, -5.34057617188e-05, -4.57763671875e-05, -2.28881835938e-05, -2.67028808594e-05, -3.0517578125e-05, 4.86386871338]
    mean: [-1113.98168945, 31.5749378204, 23.2342777252, 11.2047491074, -2.26295733452, -14.844376564, -24.5377731323, -29.9124584198, -30.2736053467, -25.7658100128, -17.3648471832, -6.69494199753, 4.31209182739]
    median: [-1114.05065918, 31.590801239, 23.4836120605, 11.5791053772, -2.03224182129, -14.9956893921, -25.1284255981, -30.8087997437, -31.2526950836, -26.621055603, -17.9474697113, -6.90881347656, 4.51378631592]
    min: [-1138.42004395, 1.14440917969e-05, -6.103515625e-05, 8.01086425781e-05, -14.5586051941, -25.4643821716, -27.8686599731, -31.1089553833, -31.4374485016, -26.6408004761, -17.9497585297, -6.91346740723, -3.81469726562e-05]
    skew: [1.66011798382, 0.867919266224, -2.3597843647, -5.65413999557, -6.19359111786, 2.23191714287, 6.07112646103, 6.03224849701, 5.78951215744, 5.7042760849, 5.68647527695, 5.80099153519, -4.33310174942]
    var: [35.2397994995, 51.27085495, 18.2482872009, 3.1653740406, 3.52768492699, 7.55903863907, 14.3102989197, 21.4059486389, 22.6285514832, 16.5891361237, 7.55405282974, 1.11038839817, 0.834812939167]

SpecContrastCoeff:
    dmean: [0.0330732427537, 0.0334757119417, 0.0148792089894, 0.0158623680472, 0.00937294028699, 0.00837120786309]
    dmean2: [0.0539200976491, 0.0396783836186, 0.0244611613452, 0.0251968409866, 0.0147563554347, 0.0133315064013]
    dvar: [0.000614209042396, 0.00347529817373, 9.00959421415e-05, 8.78424471011e-05, 4.53006396128e-05, 7.0437679824e-05]
    dvar2: [0.00129438994918, 0.00217721541412, 0.000184886550414, 0.000276261445833, 0.000113673137093, 0.000207772711292]
    kurt: [5.48592376709, 18.7376213074, 0.651149511337, -0.661705255508, 2.62561750412, 9.66586780548]
    max: [-0.722901165485, -0.400328546762, -0.913820385933, -0.913776040077, -0.913952887058, -0.902894318104]
    mean: [-0.792410731316, -0.446996301413, -0.949749588966, -0.940818607807, -0.929242193699, -0.918125152588]
    median: [-0.794842660427, -0.425402760506, -0.953584909439, -0.939459383488, -0.927967369556, -0.917196571827]
    min: [-0.915365874767, -0.988551199436, -0.966085553169, -0.961574494839, -0.961283028126, -0.963233649731]
    skew: [-1.07604682446, -4.3099899292, 1.15083348751, 0.258332788944, -1.10239803791, -2.55554246902]
    var: [0.000844794849399, 0.00986048206687, 0.000152160166181, 0.000150000996655, 7.9472141806e-05, 8.97689751582e-05]

SpecPeakAmp:
    dmean: [8.37293046061e-05, 2.62901880888e-06, 0.000417773437221, 0.00155558390543, 0.00153787259478]
    dmean2: [0.000129189749714, 4.01919760407e-06, 0.000784594623838, 0.00316197960638, 0.00314574595541]
    dvar: [1.3635727214e-07, 3.54192473961e-11, 1.09395023173e-06, 2.3123916435e-06, 2.35404354498e-06]
    dvar2: [3.49593136661e-07, 8.57871898519e-11, 3.07042910208e-06, 4.9319437494e-06, 4.59065495306e-06]
    kurt: [40.0132064819, 22.5457344055, 10.0731267929, -1.74738168716, -1.90078437328]
    max: [0.00178657297511, 2.97339811368e-05, 0.00307415681891, 0.00307523179799, 0.00307523645461]
    mean: [5.57398161618e-05, 3.19974310514e-06, 0.000207420584047, 0.00118211039808, 0.00130054634064]
    median: [1.65671499417e-05, 2.42963460551e-06, 2.88838123197e-06, 3.08070843857e-06, 2.91374863082e-06]
    min: [3.69323720406e-06, 8.12847190446e-07, 7.75123794483e-07, 5.73475915644e-07, 4.57511760033e-07]
    skew: [6.48136425018, 4.74843549728, 3.4743719101, 0.486522108316, 0.314908653498]
    var: [6.80935414721e-08, 2.16288254667e-11, 5.80630342029e-07, 2.18946797759e-06, 2.29978672905e-06]
