
metadata:
    version:
        essentia: "2.1-beta3"

Flux:
    dmean: 0.00372473010793
    dmean2: 0.00486664799973
    dvar: 0.000142842516652
    dvar2: 0.000278161460301
    kurt: 9.76332187653
    max: 0.0703499391675
    mean: 0.00475231278688
    median: 0.000171015170054
    min: 1.21850525829e-05
    skew: 3.3154706955
    var: 0.000233108177781

Rms:
    dmean: 0.00165262783412
    dmean2: 0.00144836015534
    dvar: 2.59143926087e-05
    dvar2: 1.16221935968e-05
    kurt: 20.8802108765
    max: 0.0503589659929
    mean: 0.0483543500304
    median: 0.0500940382481
    min: 0.00915785040706
    skew: -4.53816127777
    var: 4.8426711146e-05

RollOff:
    dmean: 7.83025550842
    dmean2: 7.51158237457
    dvar: 2320.31030273
    dvar2: 2067.87182617
    kurt: 39.6880378723
    max: 689.0625
    mean: 352.666015625
    median: 344.53125
    min: 344.53125
    skew: 6.44442558289
    var: 2581.94677734

SpecCent:
    dmean: 19.2657642365
    dmean2: 20.1595592499
    dvar: 8694.68066406
    dvar2: 6825.83935547
    kurt: 39.0382499695
    max: 1030.2668457
    mean: 347.058074951
    median: 330.089202881
    min: 326.621063232
    skew: 6.3729891777
    var: 10732.2988281

Zcr:
    dmean: 0.000765713804867
    dmean2: 0.000874364108313
    dvar: 2.89784497909e-06
    dvar2: 1.50323569414e-06
    kurt: 17.724275589
    max: 0.01513671875
    mean: 0.0143120661378
    median: 0.01513671875
    min: 0.00048828125
    skew: -4.2027425766
    var: 6.55727535559e-06

HarmonicAmpFreq:
    dmean: [0.916413068771]
    dmean2: [0.920952379704]
    dvar: [32.9300193787]
    dvar2: [32.2486190796]
    kurt: [39.9610099792]
    max: [368.086486816]
    mean: [329.641845703]
    median: [328.733276367]
    min: [328.724456787]
    skew: [6.47527217865]
    var: [33.6148338318]

HarmonicAmpMag:
    dmean: [0.00271201669239]
    dmean2: [0.00211695837788]
    dvar: [0.000102675498056]
    dvar2: [7.0661517384e-05]
    kurt: [15.7664794922]
    max: [0.0688530802727]
    mean: [0.0655623525381]
    median: [0.0688350275159]
    min: [8.22953079478e-05]
    skew: [-4.0801525116]
    var: [0.000166717552929]

MfccCoeff:
    dmean: [15.2336816788, 8.48229885101, 5.86578559875, 6.60831785202, 7.17842674255, 7.04405832291, 6.23008680344, 4.5528254509, 2.56852507591, 2.3410141468, 2.44374370575, 1.51762592793, 1.01316571236]
    dmean2: [22.5370311737, 11.9784755707, 8.98157501221, 10.6754217148, 12.2294015884, 11.0964756012, 9.42806053162, 6.64716434479, 3.17829871178, 2.83639216423, 3.17521309853, 2.39538264275, 1.62257063389]
    dvar: [3313.66821289, 409.556030273, 18.1692295074, 10.2551164627, 12.970252037, 12.0676965714, 16.8002357483, 31.2571430206, 39.6451377869, 29.9738960266, 10.9679222107, 1.40239107609, 5.73685121536]
    dvar2: [8253.65722656, 891.186950684, 34.2606124878, 33.8026504517, 38.6158714294, 36.448299408, 20.6712722778, 28.030714035, 37.6248626709, 31.1354503632, 11.3801822662, 2.26268625259, 9.22882175446]
    kurt: [37.4853401184, 16.1102523804, 6.94195461273, 0.119347572327, -1.58098292351, 4.34387350082, 13.8242893219, 17.472038269, 18.9266471863, 18.4036560059, 18.9365386963, 10.0796051025, 8.96940231323]
    max: [-820.516052246, 148.661651611, 78.6047973633, 39.708820343, 0.876998901367, -5.6410446167, -7.91851806641, -6.48741149902, -3.0446472168, 0.404090881348, 2.39198684692, 2.4702911377, 16.770614624]
    mean: [-1076.98779297, 73.4859390259, 52.1187667847, 24.9957580566, -5.07705163956, -31.8006019592, -50.878944397, -59.2595062256, -56.5674324036, -44.2667007446, -25.6091899872, -4.45730352402, 15.2231788635]
    median: [-1082.63623047, 72.1409683228, 53.1254615784, 25.8111763, -4.3973236084, -32.0849266052, -52.1632919312, -61.4552230835, -58.8321609497, -46.2808532715, -26.5071773529, -4.27568817139, 16.3141098022]
    min: [-1115.99841309, 28.757976532, 20.867767334, 10.5477333069, -11.9502372742, -39.0342674255, -57.1660995483, -65.1202697754, -62.6217422485, -49.7537536621, -30.4517726898, -9.28466796875, 1.16585540771]
    skew: [6.17238903046, 2.77336359024, -0.977119386196, -0.0766317844391, -0.210324957967, 1.5667091608, 3.46098351479, 4.18324518204, 4.39768218994, 4.31752061844, 4.22492265701, 1.4142537117, -3.21384167671]
    var: [1541.54187012, 208.252578735, 62.9439163208, 29.5304203033, 23.332868576, 41.4470558167, 72.12525177, 100.848762512, 98.2819213867, 68.860748291, 25.8532142639, 2.21173715591, 12.754442215]

SpecContrastCoeff:
    dmean: [0.047335639596, 0.0374679192901, 0.012212135829, 0.00809099432081, 0.00824677944183, 0.0153208887205]
    dmean2: [0.0811969265342, 0.0419634208083, 0.0208385027945, 0.0135013349354, 0.0136761330068, 0.0275510363281]
    dvar: [0.00128755660262, 0.00611141370609, 0.000137528768391, 7.84661751823e-05, 0.000177190842805, 0.000318458711263]
    dvar2: [0.00200627394952, 0.0034448155202, 0.000224592426093, 0.000132701927214, 0.000274603313301, 0.000586877053138]
    kurt: [7.32104682922, 22.7252960205, 5.52317523956, 6.28475856781, 10.4106197357, 5.63469600677]
    max: [-0.665471553802, -0.215559408069, -0.88668680191, -0.913732349873, -0.89341801405, -0.879554092884]
    mean: [-0.776438295841, -0.267937868834, -0.948220551014, -0.958663284779, -0.95752197504, -0.952497422695]
    median: [-0.792703092098, -0.244645267725, -0.955308794975, -0.963949859142, -0.963060736656, -0.960384368896]
    min: [-0.983969926834, -0.977679610252, -0.958692133427, -0.964651703835, -0.963578879833, -0.963378608227]
    skew: [-1.44612956047, -4.71575403214, 2.39884281158, 2.46961736679, 3.15456318855, 2.35679125786]
    var: [0.00212416355498, 0.0151643510908, 0.000268200121354, 0.000112766530947, 0.00018236633332, 0.000298417086015]

SpecPeakAmp:
    dmean: [0.00189696624875, 0.00319238286465, 0.0156576950103, 0.0160759482533, 5.40613909834e-05]
    dmean2: [0.00291341473348, 0.00649733934551, 0.0304118804634, 0.0324063040316, 7.47306039557e-05]
    dvar: [7.3145274655e-05, 0.000204790674616, 0.000824430899229, 0.000823345035315, 2.69109641238e-08]
    dvar2: [0.000187744706636, 0.000620599137619, 0.00203612889163, 0.00225197989494, 5.35189670359e-08]
    kurt: [40.0209655762, 40.0067977905, 0.250203847885, 3.89684104919, 17.4118213654]
    max: [0.0411684140563, 0.0688239708543, 0.0688530802727, 0.0688530355692, 0.000715304282494]
    mean: [0.000969460292254, 0.00160401861649, 0.055087286979, 0.00812681019306, 5.24964489159e-05]
    median: [5.90736199229e-05, 5.48120951862e-05, 0.068830087781, 5.30448487552e-05, 2.0433575628e-05]
    min: [1.40722531796e-05, 2.32753282035e-05, 1.46268121171e-05, 1.0778109754e-05, 8.02559588919e-06]
    skew: [6.48228502274, 6.4806227684, -1.49995815754, 2.41026949883, 4.3927397728]
    var: [3.67270222341e-05, 0.000102712707303, 0.000753002357669, 0.000468596554128, 1.95594385133e-08]
