
metadata:
    version:
        essentia: "2.1-beta3"

Flux:
    dmean: 0.0333292856812
    dmean2: 0.0444818772376
    dvar: 0.0115556363016
    dvar2: 0.0222382135689
    kurt: 9.40439224243
    max: 0.64079785347
    mean: 0.0436419956386
    median: 0.00153843080625
    min: 7.56337030907e-05
    skew: 3.26785230637
    var: 0.019551159814

Rms:
    dmean: 0.0149887744337
    dmean2: 0.012862296775
    dvar: 0.00214905338362
    dvar2: 0.000931258138735
    kurt: 21.0919036865
    max: 0.463972449303
    mean: 0.445528328419
    median: 0.461462497711
    min: 0.0834370180964
    skew: -4.55352592468
    var: 0.00410179933533

RollOff:
    dmean: 2.44695496559
    dmean2: 2.50386071205
    dvar: 257.466308594
    dvar2: 263.311401367
    kurt: 40.0227241516
    max: 452.197265625
    mean: 346.923828125
    median: 344.53125
    min: 344.53125
    skew: 6.48249387741
    var: 251.874938965

SpecCent:
    dmean: 3.29874777794
    dmean2: 5.57090568542
    dvar: 2.79464626312
    dvar2: 7.54563999176
    kurt: -1.51100742817
    max: 332.996856689
    mean: 329.870300293
    median: 329.66595459
    min: 326.619873047
    skew: -0.0218227561563
    var: 5.08256196976

Zcr:
    dmean: 0.000765713804867
    dmean2: 0.000897074874956
    dvar: 2.89784497909e-06
    dvar2: 1.62934338732e-06
    kurt: 17.724275589
    max: 0.01513671875
    mean: 0.0143120661378
    median: 0.01513671875
    min: 0.00048828125
    skew: -4.2027425766
    var: 6.55727535559e-06

HarmonicAmpFreq:
    dmean: [0.0671844482422]
    dmean2: [0.0783081054688]
    dvar: [0.0595042072237]
    dvar2: [0.0787820070982]
    kurt: [16.1544208527]
    max: [329.826599121]
    mean: [328.771972656]
    median: [328.731933594]
    min: [328.418945312]
    skew: [4.04099845886]
    var: [0.0471877008677]

HarmonicAmpMag:
    dmean: [0.024761589244]
    dmean2: [0.0191335752606]
    dvar: [0.00850940216333]
    dvar2: [0.00584060233086]
    kurt: [15.826581955]
    max: [0.634370982647]
    mean: [0.604140460491]
    median: [0.63421189785]
    min: [0]
    skew: [-4.08003091812]
    var: [0.0140417590737]

MfccCoeff:
    dmean: [41.7715415955, 12.860001564, 37.1537742615, 15.6655368805, 7.21706342697, 6.52853870392, 5.16789197922, 5.81526613235, 3.6500825882, 3.63539743423, 2.43595862389, 1.53534710407, 2.16129755974]
    dmean2: [67.2786560059, 21.2480640411, 62.9512214661, 27.1807460785, 13.0445346832, 12.0975160599, 7.85507822037, 9.08932113647, 5.00722503662, 5.30032157898, 3.48051977158, 2.48001146317, 3.34444332123]
    dvar: [3458.45166016, 702.137634277, 364.92755127, 88.5260696411, 31.2432785034, 38.4801979065, 30.9955501556, 42.5171432495, 36.9035377502, 27.4499492645, 12.6334533691, 2.53918433189, 5.28784322739]
    dvar2: [7571.92871094, 1577.44116211, 1062.81188965, 238.492660522, 87.3269882202, 62.7892150879, 38.6352920532, 46.3555030823, 32.4436836243, 22.6438922882, 7.98406553268, 4.23487854004, 6.88969182968]
    kurt: [12.1026763916, 23.4091434479, -1.29163646698, -0.575142383575, -0.0851876735687, 4.05746221542, 12.9484233856, 13.593711853, 17.6288032532, 17.9589500427, 22.5900974274, 9.03532981873, 6.6651763916]
    max: [-745.782836914, 270.322967529, 115.061523438, 47.2781829834, -0.125381469727, -10.2011947632, -9.837890625, -6.41519165039, -2.0029296875, 3.29399871826, 6.93990707397, 5.37504577637, 17.2167892456]
    mean: [-971.509399414, 165.306640625, 68.5511169434, 21.3657913208, -12.29383564, -38.4786338806, -53.3728065491, -59.7354431152, -56.0408973694, -43.9261054993, -25.8150634766, -4.97661495209, 14.2403116226]
    median: [-973.082336426, 164.861694336, 65.9222106934, 18.3735847473, -10.4360046387, -39.0529441833, -54.1678390503, -61.1362991333, -58.0474014282, -45.3112411499, -26.568655014, -4.64559173584, 15.6998710632]
    min: [-1046.37817383, 112.951820374, 33.95104599, 5.33641433716, -25.0318717957, -49.9860649109, -64.6600418091, -69.7831878662, -63.3229446411, -50.7844390869, -30.6176738739, -10.4806671143, -0.956886291504]
    skew: [3.22009563446, 3.7426071167, 0.250731945038, 0.613249838352, -0.766546666622, 1.57181107998, 3.3442003727, 3.59074544907, 4.17672252655, 4.1856880188, 4.58784246445, 1.48864245415, -2.71902418137]
    var: [2276.82104492, 329.734375, 593.389526367, 120.365722656, 31.8869743347, 63.4103736877, 78.0594863892, 117.265975952, 102.792282104, 77.3370437622, 32.2852706909, 4.94218158722, 15.8942651749]

SpecContrastCoeff:
    dmean: [0.0635752081871, 0.0332045555115, 0.0167885590345, 0.00997547246516, 0.00634844880551, 0.0106225470081]
    dmean2: [0.113380245864, 0.0342887043953, 0.0303750205785, 0.0195236634463, 0.012410113588, 0.020303575322]
    dvar: [0.0031728958711, 0.0102388868108, 0.000466175930342, 0.000194759559236, 0.000137508308399, 0.000307931448333]
    dvar2: [0.00548488460481, 0.0049065630883, 0.00101766420994, 0.000393310270738, 0.000304956629407, 0.000771913677454]
    kurt: [4.82827615738, 28.681936264, 7.11591625214, 6.65978527069, 9.46558856964, 4.74037027359]
    max: [-0.508483409882, -0.0540862418711, -0.845336198807, -0.887609064579, -0.892088055611, -0.892009854317]
    mean: [-0.721129953861, -0.0960699692369, -0.934254765511, -0.948278129101, -0.950542032719, -0.949292600155]
    median: [-0.742189466953, -0.0688345581293, -0.94433093071, -0.955742835999, -0.955369412899, -0.956140220165]
    min: [-0.983292341232, -0.926761269569, -0.947777032852, -0.95614284277, -0.956741809845, -0.957650661469]
    skew: [-0.191438704729, -5.29552412033, 2.80557918549, 2.68157434464, 3.13408946991, 2.47336697578]
    var: [0.00460745114833, 0.0183653086424, 0.000602854182944, 0.000258410029346, 0.000186820034287, 0.00027409978793]

SpecPeakAmp:
    dmean: [0.017139820382, 0.374692618847, 0.374751925468, 0.024538801983, 0.000252763013123]
    dmean2: [0.0263333451003, 0.766611158848, 0.766485333443, 0.0398692265153, 0.000339341117069]
    dvar: [0.00600601872429, 0.0969078242779, 0.0968915969133, 0.0126832732931, 4.80640494516e-07]
    dvar2: [0.0154259735718, 0.140921577811, 0.159653604031, 0.0338904038072, 7.84745679994e-07]
    kurt: [40.0217971802, -1.94999277592, -1.98210561275, 33.5307350159, 21.0698413849]
    max: [0.372981995344, 0.634370982647, 0.634369730949, 0.625088572502, 0.00407426804304]
    mean: [0.00872955564409, 0.282241225243, 0.296442478895, 0.0182799100876, 0.000231581158005]
    median: [0.000463287811726, 0.000630745489616, 0.00294919544831, 0.000296923855785, 6.9429857831e-05]
    min: [0.00016636303917, 6.78689029883e-05, 2.82822456938e-05, 1.57858612511e-05, 1.0198925338e-05]
    skew: [6.48238372803, 0.223599299788, 0.133595153689, 5.82422065735, 4.62930870056]
    var: [0.00301548372954, 0.0991060361266, 0.099852360785, 0.00910754688084, 4.74404231454e-07]
