
metadata:
    version:
        essentia: "2.1-beta3"

Flux:
    dmean: 0.0209220349789
    dmean2: 0
    dvar: 0
    dvar2: 0
    kurt: -2
    max: 0.378518760204
    mean: 0.368057727814
    median: 0.368057727814
    min: 0.357596725225
    skew: 4.22063021688e-06
    var: 0.000109432890895

Rms:
    dmean: 0
    dmean2: 0
    dvar: 0
    dvar2: 0
    kurt: 0
    max: 0.130441069603
    mean: 0.130441069603
    median: 0.130441069603
    min: 0.130441069603
    skew: 0
    var: 0

RollOff:
    dmean: 107.666015625
    dmean2: 0
    dvar: 0
    dvar2: 0
    kurt: -2
    max: 602.9296875
    mean: 549.096679688
    median: 549.096679688
    min: 495.263671875
    skew: 0
    var: 2897.99267578

SpecCent:
    dmean: 383.452606201
    dmean2: 0
    dvar: 0
    dvar2: 0
    kurt: -2
    max: 819.11529541
    mean: 627.388977051
    median: 627.388977051
    min: 435.662689209
    skew: 2.48309248718e-07
    var: 36758.9765625

Zcr:
    dmean: 0.00048828125
    dmean2: 0
    dvar: 0
    dvar2: 0
    kurt: -2
    max: 0.0068359375
    mean: 0.006591796875
    median: 0.006591796875
    min: 0.00634765625
    skew: 0
    var: 5.96046447754e-08

HarmonicAmpFreq:
    dmean: [61.3621520996]
    dmean2: [0]
    dvar: [0]
    dvar2: [0]
    kurt: [-2]
    max: [506.838806152]
    mean: [476.157714844]
    median: [476.157714844]
    min: [445.476654053]
    skew: [1.48778769926e-06]
    var: [941.328430176]

HarmonicAmpMag:
    dmean: [0.124305434525]
    dmean2: [0]
    dvar: [0]
    dvar2: [0]
    kurt: [-2]
    max: [0.134776040912]
    mean: [0.0726233199239]
    median: [0.0726233199239]
    min: [0.0104706054553]
    skew: [1.81828127666e-07]
    var: [0.00386296026409]

MfccCoeff:
    dmean: [419.696899414, 17.7261657715, 24.8232917786, 37.1556549072, 39.8068618774, 37.5162277222, 17.8299617767, 3.29412460327, 17.9683704376, 17.8558120728, 13.3812332153, 4.2219543457, 2.76141548157]
    dmean2: [0, 0, 0, 0, 0, 0, 0, 0, 0, 0, 0, 0, 0]
    dvar: [0, 0, 0, 0, 0, 0, 0, 0, 0, 0, 0, 0, 0]
    dvar2: [0, 0, 0, 0, 0, 0, 0, 0, 0, 0, 0, 0, 0]
    kurt: [-2, -1.99999988079, -2, -2, -2, -2, -1.99999988079, -2, -2, -2, -2, -2, -1.99999988079]
    max: [-569.220581055, 153.37286377, 41.0745277405, 3.22565460205, -19.5581302643, -23.6885433197, -27.463350296, -18.2846755981, 2.42600631714, 11.6474399567, 13.5501670837, 9.717918396, 6.65806770325]
    mean: [-779.069030762, 144.509780884, 28.6628818512, -15.3521728516, -39.4615592957, -42.4466552734, -36.3783302307, -19.9317378998, -6.55817890167, 2.71953392029, 6.85955047607, 7.60694122314, 5.27735996246]
    median: [-779.069030762, 144.509780884, 28.6628818512, -15.3521728516, -39.4615592957, -42.4466552734, -36.3783302307, -19.9317378998, -6.55817890167, 2.71953392029, 6.85955047607, 7.60694122314, 5.27735996246]
    min: [-988.917480469, 135.646697998, 16.2512359619, -33.9300003052, -59.3649902344, -61.2047691345, -45.2933120728, -21.5788002014, -15.5423641205, -6.20837211609, 0.168933868408, 5.49596405029, 3.89665222168]
    skew: [0, 0, 0, 0, -1.54819701947e-07, -1.47956015439e-07, -3.01499682109e-07, 0, 0, 0, 0, 0, 0]
    var: [44036.3710938, 78.5542373657, 154.048950195, 345.135681152, 396.14654541, 351.866790771, 79.4768829346, 2.71281433105, 80.7155838013, 79.7075042725, 44.7643508911, 4.45622444153, 1.90635383129]

SpecContrastCoeff:
    dmean: [0.117109239101, 0.198585450649, 0.186426877975, 0.00205338001251, 0.0293145179749, 0.0256143212318]
    dmean2: [0, 0, 0, 0, 0, 0]
    dvar: [0, 0, 0, 0, 0, 0]
    dvar2: [0, 0, 0, 0, 0, 0]
    kurt: [-2, -2, -2, -2, -1.99999988079, -2]
    max: [-0.73568457365, -0.566981136799, -0.717768013477, -0.921807229519, -0.927089393139, -0.933771550655]
    mean: [-0.794239163399, -0.666273832321, -0.810981452465, -0.922833919525, -0.941746652126, -0.946578741074]
    median: [-0.794239163399, -0.666273832321, -0.810981452465, -0.922833919525, -0.941746652126, -0.946578741074]
    min: [-0.852793812752, -0.765566587448, -0.904194891453, -0.923860609531, -0.956403911114, -0.959385871887]
    skew: [-1.52214465743e-06, -8.91905983735e-07, 0, 0, 0, 6.98138092048e-06]
    var: [0.00342864356935, 0.00985904596746, 0.00868874508888, 1.05409242224e-06, 0.000214835235965, 0.000164023367688]

SpecPeakAmp:
    dmean: [0.134631812572, 0.0375242047012, 0.0191832520068, 0.00403633993119, 0.0116217341274]
    dmean2: [0, 0, 0, 0, 0]
    dvar: [0, 0, 0, 0, 0]
    dvar2: [0, 0, 0, 0, 0]
    kurt: [-1.99999988079, -2, -2, -2, -2]
    max: [0.134776040912, 0.0377446599305, 0.0195205286145, 0.0145069453865, 0.0121892616153]
    mean: [0.0674601346254, 0.0189825575799, 0.00992890261114, 0.0124887749553, 0.00637839455158]
    median: [0.0674601346254, 0.0189825575799, 0.00992890261114, 0.0124887749553, 0.00637839455158]
    min: [0.000144230914884, 0.000220454123337, 0.000337276258506, 0.0104706054553, 0.000567527604289]
    skew: [0, -1.72133567844e-07, 0, 7.02328634361e-07, 0]
    var: [0.00453143101186, 0.000352016533725, 9.19992889976e-05, 4.07301013183e-06, 3.37661767844e-05]
