
metadata:
    version:
        essentia: "2.1-beta3"

Flux:
    dmean: 7.05634556653e-06
    dmean2: 1.06037259684e-05
    dvar: 5.21281295907e-10
    dvar2: 1.12052944701e-09
    kurt: 13.7841243744
    max: 0.000124522877741
    mean: 8.39833137434e-06
    median: 2.57772467194e-06
    min: 5.31069645149e-07
    skew: 3.83818244934
    var: 5.59063240146e-10

Rms:
    dmean: 1.86511385891e-06
    dmean2: 1.90241246401e-06
    dvar: 4.22644037823e-11
    dvar2: 3.19787286929e-11
    kurt: 19.4373989105
    max: 0.000101510893728
    mean: 9.95058799163e-05
    median: 0.000101316400105
    min: 5.91383832216e-05
    skew: -4.49088764191
    var: 5.59339796702e-11

RollOff:
    dmean: 1.00154435635
    dmean2: 1.025390625
    dvar: 20.5633563995
    dvar2: 21.0285148621
    kurt: 17.0477027893
    max: 689.0625
    mean: 668.508056641
    median: 667.529296875
    min: 667.529296875
    skew: 4.36437177658
    var: 20.118303299

SpecCent:
    dmean: 5.04014968872
    dmean2: 7.23589944839
    dvar: 36.7427482605
    dvar2: 33.2203483582
    kurt: 15.4994430542
    max: 933.348510742
    mean: 887.983032227
    median: 885.467285156
    min: 882.031616211
    skew: 3.80782341957
    var: 75.4869842529

Zcr:
    dmean: 0.000908430258278
    dmean2: 0.00111607147846
    dvar: 8.70040639711e-06
    dvar2: 7.74617001298e-06
    kurt: 17.6265010834
    max: 0.0302734375
    mean: 0.0292080957443
    median: 0.02978515625
    min: 0.013671875
    skew: -4.38661956787
    var: 9.59389126365e-06

HarmonicAmpFreq:
    dmean: [2.97410821915]
    dmean2: [3.04492044449]
    dvar: [366.501647949]
    dvar2: [375.01184082]
    kurt: [39.0197486877]
    max: [660.125549316]
    mean: [656.411132812]
    median: [659.278991699]
    min: [532.238891602]
    skew: [-6.40451431274]
    var: [358.590362549]

HarmonicAmpMag:
    dmean: [1.89681065876e-06]
    dmean2: [1.94197286874e-06]
    dvar: [1.48862533411e-10]
    dvar2: [1.52319185043e-10]
    kurt: [39.0186920166]
    max: [8.09656849015e-05]
    mean: [1.85370129202e-06]
    median: [0]
    min: [0]
    skew: [6.40439462662]
    var: [1.45559217457e-10]

MfccCoeff:
    dmean: [0.118078894913, 0.126107856631, 0.0237100291997, 0.0896748378873, 0.158316671848, 0.149057433009, 0.0674534291029, 0.0455762296915, 0.133975088596, 0.155358076096, 0.100943632424, 0.00610156403854, 0.0985824242234]
    dmean2: [0.121230348945, 0.129490450025, 0.0243922639638, 0.0920061394572, 0.162506103516, 0.1530816257, 0.0693835318089, 0.0467131473124, 0.13743673265, 0.159522458911, 0.103807359934, 0.00661958986893, 0.101039886475]
    dvar: [0.318928569555, 0.362980276346, 0.0123955290765, 0.186300605536, 0.575356483459, 0.505384147167, 0.100538685918, 0.0506667532027, 0.41695946455, 0.55106896162, 0.226149097085, 0.000636446115095, 0.231957614422]
    dvar2: [0.323113173246, 0.367736488581, 0.0125441877171, 0.188832938671, 0.582999825478, 0.511948645115, 0.101751543581, 0.0514342151582, 0.422656297684, 0.558291912079, 0.228911966085, 0.00066468201112, 0.235319659114]
    kurt: [27.0466098785, 26.9637641907, 25.5454120636, 27.5662994385, 27.1960601807, 26.826374054, 25.6311626434, 29.633846283, 27.674325943, 26.9761886597, 25.8182373047, 22.5974807739, 28.7344341278]
    max: [-1134.94396973, 3.70524215698, 0.675262451172, 8.01086425781e-05, -6.103515625e-05, 2.28881835938e-05, -2.67028808594e-05, 1.41549682617, 3.99643325806, 4.56587982178, 2.89262008667, -3.0517578125e-05, -3.81469726562e-05]
    mean: [-1135.06140137, 3.58004450798, 0.651671648026, -2.57987046242, -4.51772689819, -4.21847105026, -1.85792994499, 1.37057840824, 3.86362862587, 4.41164207458, 2.79218840599, -0.141258239746, -2.90995430946]
    median: [-1134.94702148, 3.70190048218, 0.674453735352, -2.66666793823, -4.67080688477, -4.36242675781, -1.92280960083, 1.41495895386, 3.99334335327, 4.56177139282, 2.88934326172, -0.142349243164, -3.00584411621]
    min: [-1138.42004395, 1.14440917969e-05, -6.103515625e-05, -2.66877365112, -4.67481994629, -4.3664932251, -1.92506027222, -5.34057617188e-05, -4.57763671875e-05, -2.28881835938e-05, -2.67028808594e-05, -0.232429504395, -3.00741577148]
    skew: [-5.23049545288, -5.22355079651, -5.09664583206, 5.27794456482, 5.24448204041, 5.211186409, 5.10427522659, -5.4670214653, -5.2877240181, -5.22466659546, -5.1209359169, 2.86411595345, 5.38428640366]
    var: [0.315304666758, 0.358878850937, 0.0122716128826, 0.184091314673, 0.568732261658, 0.499739050865, 0.0995278060436, 0.0499743930995, 0.411976695061, 0.544836223125, 0.223836317658, 0.00064385792939, 0.228959754109]

SpecContrastCoeff:
    dmean: [0.0356395095587, 0.022906711325, 0.0215613730252, 0.0161540694535, 0.0200506094843, 0.0132393334061]
    dmean2: [0.0584197118878, 0.0348632819951, 0.0312489066273, 0.0248346067965, 0.0343728326261, 0.0203920211643]
    dvar: [0.00194942601956, 0.00161148328334, 0.00166236970108, 0.000359375582775, 0.000282943132333, 0.000245979143074]
    dvar2: [0.00252494192682, 0.00194499234203, 0.00155215710402, 0.000452982611023, 0.000524680013768, 0.000296502897982]
    kurt: [13.843132019, 18.2714328766, 15.7832393646, 10.046257019, 6.97568035126, 9.7308588028]
    max: [-0.624153852463, -0.580244958401, -0.596810758114, -0.839121818542, -0.84012389183, -0.830504894257]
    mean: [-0.671274602413, -0.609706103802, -0.624234080315, -0.867389321327, -0.87170869112, -0.856174826622]
    median: [-0.667636752129, -0.6021515131, -0.617277681828, -0.864641010761, -0.864839434624, -0.850728869438]
    min: [-0.911769628525, -0.829899609089, -0.829611897469, -0.954788088799, -0.959646940231, -0.946101427078]
    skew: [-3.54348158836, -4.24252843857, -4.11386346817, -2.98467445374, -2.15061879158, -2.8876516819]
    var: [0.00235774647444, 0.00169931713026, 0.00190604815725, 0.000443734053988, 0.000389034656109, 0.000387296080589]

SpecPeakAmp:
    dmean: [2.53174221143e-07, 1.57005160872e-07, 1.4050688435e-07, 2.16140097109e-06, 2.67160601197e-07]
    dmean2: [3.10759844524e-07, 2.52140267776e-07, 1.7245372419e-07, 2.46640365731e-06, 4.56959014628e-07]
    dvar: [6.37321033621e-13, 9.38446301463e-14, 1.36157293665e-13, 1.47483858459e-10, 1.30354142194e-13]
    dvar2: [6.3152120252e-13, 8.32624306958e-14, 9.14773560178e-14, 1.50008436228e-10, 2.17176035727e-13]
    kurt: [17.1929759979, 34.1423873901, 30.4584312439, 38.9897232056, 20.5998420715]
    max: [1.68902588484e-05, 2.90928369395e-06, 3.04525792671e-06, 8.09656849015e-05, 2.40394433604e-06]
    mean: [1.6591135136e-05, 8.51213769693e-07, 1.84534826531e-07, 2.23100710173e-06, 2.86497908064e-07]
    median: [1.67619509739e-05, 8.28812687814e-07, 8.22756689445e-08, 4.8517625828e-07, 1.27967808794e-07]
    min: [1.26814620671e-05, 6.48760533295e-07, 2.87326589188e-08, 2.62080170899e-08, 7.07883955897e-08]
    skew: [-4.35914897919, 5.80763053894, 5.4599237442, 6.40091514587, 4.16936779022]
    var: [6.48954902403e-13, 1.04801841576e-13, 2.13598968157e-13, 1.4422392447e-10, 1.3945139802e-13]
