
metadata:
    version:
        essentia: "2.1-beta3"

Flux:
    dmean: 0.000162881799042
    dmean2: 0.000217994267587
    dvar: 2.84818014507e-07
    dvar2: 5.65669665775e-07
    kurt: 9.49194908142
    max: 0.00308303372003
    mean: 0.0002146577026
    median: 9.81744142337e-06
    min: 5.80992445975e-06
    skew: 3.28434610367
    var: 4.60224299559e-07

Rms:
    dmean: 6.74474504194e-05
    dmean2: 5.38808999409e-05
    dvar: 5.11226971867e-08
    dvar2: 2.21679652412e-08
    kurt: 20.800655365
    max: 0.0022429919336
    mean: 0.00215927115642
    median: 0.00223784870468
    min: 0.000407483370509
    skew: -4.52653741837
    var: 9.68103179844e-08

RollOff:
    dmean: 7.34086465836
    dmean2: 7.01081037521
    dvar: 1748.13659668
    dvar2: 1525.20007324
    kurt: 39.1735305786
    max: 968.994140625
    mean: 675.185546875
    median: 667.529296875
    min: 667.529296875
    skew: 6.38610363007
    var: 1981.56872559

SpecCent:
    dmean: 11.3799285889
    dmean2: 12.8112411499
    dvar: 2720.5390625
    dvar2: 2248.79272461
    kurt: 39.2496299744
    max: 1047.1862793
    mean: 669.36126709
    median: 660.220214844
    min: 657.631286621
    skew: 6.39551067352
    var: 3273.95458984

Zcr:
    dmean: 0.00123180041555
    dmean2: 0.00115824851673
    dvar: 1.35626432893e-05
    dvar2: 9.65898016148e-06
    kurt: 17.9788818359
    max: 0.0302734375
    mean: 0.0286349821836
    median: 0.02978515625
    min: 0.0009765625
    skew: -4.24724531174
    var: 2.61005370703e-05

HarmonicAmpFreq:
    dmean: [0.0940898582339]
    dmean2: [0.105504237115]
    dvar: [0.313172757626]
    dvar2: [0.391115635633]
    kurt: [38.8521728516]
    max: [660.090332031]
    mean: [659.627868652]
    median: [659.693603516]
    min: [656.347106934]
    skew: [-6.33119487762]
    var: [0.248068347573]

HarmonicAmpMag:
    dmean: [8.09947232483e-05]
    dmean2: [0.000124355938169]
    dvar: [1.37763166208e-07]
    dvar2: [3.53871570269e-07]
    kurt: [40.0224266052]
    max: [0.00178353756201]
    mean: [3.97076655645e-05]
    median: [0]
    min: [0]
    skew: [6.48245859146]
    var: [6.9112573442e-08]

MfccCoeff:
    dmean: [1.97569131851, 2.17967271805, 0.724552512169, 0.697762906551, 1.35535335541, 1.11219251156, 0.389007657766, 0.284055739641, 0.591393113136, 0.760609388351, 0.568743467331, 0.162173703313, 0.393470168114]
    dmean2: [2.75106453896, 3.04080653191, 1.04324269295, 0.872045457363, 1.7074149847, 1.33571052551, 0.401609808207, 0.348161786795, 0.559249460697, 0.596937000751, 0.382310897112, 0.229246810079, 0.263217926025]
    dvar: [80.0330123901, 96.8497772217, 10.2513771057, 11.644616127, 41.4620094299, 28.5799007416, 3.93867325783, 2.03645730019, 9.65550518036, 10.2124261856, 4.57056999207, 0.414009571075, 2.84419941902]
    dvar2: [176.968734741, 215.227432251, 24.3745422363, 19.6870231628, 72.2052688599, 44.1536254883, 4.11445140839, 3.25212669373, 8.12594985962, 5.07391643524, 2.54323887825, 0.714384913445, 1.14015901089]
    kurt: [22.3443813324, 22.7928333282, 31.5350875854, 27.5665969849, 25.1721420288, 29.8582077026, 32.0273780823, 31.0247917175, 37.5426559448, 30.5552711487, 22.4035968781, 13.7629146576, 29.5785179138]
    max: [-1086.49633789, 56.9097061157, 17.4215393066, 8.01086425781e-05, -6.103515625e-05, 2.28881835938e-05, -2.67028808594e-05, 9.30427742004, 22.5775566101, 27.1524753571, 18.6684074402, 1.57860565186, -3.81469726562e-05]
    mean: [-1117.70837402, 22.2461929321, 4.59808540344, -14.9701547623, -26.9529018402, -25.7276363373, -12.2151002884, 6.75998878479, 21.9550647736, 26.2350692749, 17.9212150574, 1.4102782011, -15.1371326447]
    median: [-1117.8684082, 22.053691864, 4.44116210938, -15.1989860535, -27.3586387634, -26.2479362488, -12.5850067139, 6.84153175354, 22.5770225525, 27.1518497467, 18.6679496765, 1.57845306396, -15.6549568176]
    min: [-1138.42004395, 1.14440917969e-05, -6.103515625e-05, -22.0004386902, -41.1508178711, -34.7551689148, -12.7412338257, -5.34057617188e-05, -4.57763671875e-05, -2.28881835938e-05, -2.67028808594e-05, -1.68943023682, -15.6553993225]
    skew: [2.69552659988, 2.88240218163, 5.17006635666, 4.3472738266, 3.82839632034, 5.04682016373, 5.6828212738, -5.0632815361, -6.21040487289, -5.48946857452, -4.69188547134, -3.87817215919, 5.43716859818]
    var: [31.5224227905, 38.1469841003, 4.20620059967, 6.18830680847, 21.1800460815, 17.3571662903, 3.77653598785, 1.17964184284, 11.2869195938, 17.7702293396, 9.71568870544, 0.428881764412, 6.03543901443]

SpecContrastCoeff:
    dmean: [0.0493861660361, 0.0324909575284, 0.0310026407242, 0.0100253680721, 0.016349548474, 0.00984883029014]
    dmean2: [0.0871095061302, 0.0446595773101, 0.0451006889343, 0.0170442834496, 0.0297318827361, 0.0174256488681]
    dvar: [0.0011544493027, 0.00239117932506, 0.00233069458045, 4.13798625232e-05, 0.000106953579234, 9.27187720663e-05]
    dvar2: [0.00266292295419, 0.00138408434577, 0.0024831306655, 0.000131366716232, 0.000396911345888, 0.000286271766527]
    kurt: [2.60223913193, 18.3914890289, 18.3758239746, 1.10952806473, 0.0867731571198, 7.03887748718]
    max: [-0.746521055698, -0.477773874998, -0.491563439369, -0.915121078491, -0.904790878296, -0.902829229832]
    mean: [-0.826825559139, -0.522602021694, -0.528977096081, -0.942767679691, -0.926376700401, -0.916923940182]
    median: [-0.829357206821, -0.507167339325, -0.512293934822, -0.943303585052, -0.925240278244, -0.915400326252]
    min: [-0.971216619015, -0.975021779537, -0.940746486187, -0.957795083523, -0.958404183388, -0.961955726147]
    skew: [-0.901017427444, -4.25645017624, -4.27570343018, 0.867995560169, -0.241108313203, -2.22744703293]
    var: [0.00174436590169, 0.00694745499641, 0.00581693928689, 7.40266186767e-05, 0.000120382341265, 0.000103729063994]

SpecPeakAmp:
    dmean: [8.23201771709e-05, 2.15914064938e-06, 2.00177873921e-06, 1.88532897027e-06, 2.0208181013e-06]
    dmean2: [0.000126304294099, 3.46836441167e-06, 3.15197053169e-06, 2.95333734357e-06, 3.14342355523e-06]
    dvar: [1.36056726774e-07, 3.35683737751e-11, 3.07265289601e-11, 2.86347126566e-11, 2.64285919538e-11]
    dvar2: [3.48657465565e-07, 8.36744631916e-11, 7.6569424412e-11, 7.13375816752e-11, 6.5595889831e-11]
    kurt: [40.0153961182, 37.5342025757, 37.2185401917, 36.6395378113, 33.1332092285]
    max: [0.00178353756201, 2.98974027828e-05, 2.84723646473e-05, 2.74587964668e-05, 2.64330756181e-05]
    mean: [5.56203267479e-05, 2.0085367396e-06, 1.99245027943e-06, 2.14029410017e-06, 2.43497538577e-06]
    median: [1.67692342075e-05, 1.40210443078e-06, 1.36889752866e-06, 1.56680357577e-06, 1.77853905825e-06]
    min: [3.30732882503e-06, 3.58433453584e-07, 4.16674680537e-07, 3.75441601363e-07, 3.00361875816e-07]
    skew: [6.48162221909, 6.19584321976, 6.16496419907, 6.10351848602, 5.73595666885]
    var: [6.7862565345e-08, 1.8213302394e-11, 1.64847944323e-11, 1.51818557725e-11, 1.43074111586e-11]
