
metadata:
    version:
        essentia: "2.1-beta3"

Flux:
    dmean: 0.00369319692254
    dmean2: 0.00484986277297
    dvar: 0.000143108889461
    dvar2: 0.000280921143712
    kurt: 9.66431999207
    max: 0.0698941200972
    mean: 0.00473386468366
    median: 0.000148537146742
    min: 1.23798599816e-05
    skew: 3.30413150787
    var: 0.000232671794947

Rms:
    dmean: 0.00151885440573
    dmean2: 0.0012331205653
    dvar: 2.60892975348e-05
    dvar2: 1.17060590128e-05
    kurt: 20.8787631989
    max: 0.0502182133496
    mean: 0.0483500994742
    median: 0.0501035265625
    min: 0.00910659506917
    skew: -4.53765296936
    var: 4.85282907903e-05

RollOff:
    dmean: 6.36208295822
    dmean2: 6.00926589966
    dvar: 1255.71704102
    dvar2: 1063.77819824
    kurt: 38.872215271
    max: 925.927734375
    mean: 674.228515625
    median: 667.529296875
    min: 667.529296875
    skew: 6.35273075104
    var: 1459.50073242

SpecCent:
    dmean: 9.38775730133
    dmean2: 11.3187170029
    dvar: 1680.65551758
    dvar2: 1491.63354492
    kurt: 39.6395835876
    max: 952.939697266
    mean: 666.333740234
    median: 659.559570312
    min: 657.08404541
    skew: 6.43806314468
    var: 1875.26306152

Zcr:
    dmean: 0.00119850854389
    dmean2: 0.00110147160012
    dvar: 1.26627855934e-05
    dvar2: 8.12944199424e-06
    kurt: 17.9927349091
    max: 0.0302734375
    mean: 0.0286241322756
    median: 0.02978515625
    min: 0.0009765625
    skew: -4.24826288223
    var: 2.6059558877e-05

HarmonicAmpFreq:
    dmean: [1.18518066406]
    dmean2: [1.44457578659]
    dvar: [39.0742149353]
    dvar2: [40.0844116211]
    kurt: [39.7400512695]
    max: [660.669494629]
    mean: [659.540100098]
    median: [660.659484863]
    min: [617.780029297]
    skew: [-6.44932031631]
    var: [39.7651634216]

HarmonicAmpMag:
    dmean: [0.0173689648509]
    dmean2: [0.0345983207226]
    dvar: [0.000832577177789]
    dvar2: [0.00215896754526]
    kurt: [0.669354915619]
    max: [0.0682747960091]
    mean: [0.0555186532438]
    median: [0.0682631358504]
    min: [0]
    skew: [-1.61588943005]
    var: [0.000682662124746]

MfccCoeff:
    dmean: [15.5493354797, 10.5422153473, 4.59339952469, 4.23485565186, 2.61074304581, 2.6659078598, 4.18475389481, 4.52815151215, 4.01775455475, 2.17792487144, 2.31029415131, 1.86834859848, 2.0483071804]
    dmean2: [23.972026825, 16.7036094666, 8.1561794281, 6.79420137405, 3.31427431107, 4.17742204666, 7.41244459152, 7.91928386688, 6.31997203827, 2.7235262394, 3.47433161736, 3.54717373848, 3.0447845459]
    dvar: [2904.1784668, 612.876525879, 4.73611879349, 8.73298549652, 21.4376754761, 16.2526416779, 4.54592323303, 5.95964813232, 22.7592258453, 34.6790847778, 13.8018465042, 1.08352446556, 12.7925720215]
    dvar2: [7318.12451172, 1491.58935547, 16.0015945435, 12.2134513855, 9.33193206787, 14.4635276794, 11.7381563187, 15.8400182724, 26.5392036438, 37.0244483948, 14.5695199966, 2.65419530869, 14.0438899994]
    kurt: [36.9783058167, 25.6333694458, -0.612346887589, 13.3964767456, 22.7597427368, 18.5011100769, 3.83506298065, 7.59992790222, 17.4826278687, 17.9618186951, 16.1604824066, 1.0373339653, 14.9054374695]
    max: [-845.043518066, 155.721221924, 18.0862426758, -7.52601242065, -15.964214325, -15.7259140015, -9.16261291504, 20.880853653, 48.8505897522, 55.6713180542, 35.8430900574, 1.87467956543, -1.31490325928]
    mean: [-1085.38745117, 53.2360496521, 10.1676416397, -33.3915405273, -58.5396385193, -53.494720459, -23.00806427, 16.4551792145, 44.8624839783, 49.3902168274, 29.7201061249, -2.53923821449, -30.8381271362]
    median: [-1091.72009277, 49.8054008484, 9.35952758789, -34.5880508423, -59.938293457, -55.0484886169, -23.5978469849, 15.9562473297, 46.5616645813, 51.4437789917, 31.2788352966, -2.19467163086, -32.0232810974]
    min: [-1120.18115234, 20.3126335144, 3.18041229248, -46.746131897, -74.049987793, -63.4595298767, -29.5542221069, -1.46675109863, 2.9609413147, 2.96922302246, 0.524127960205, -4.63851928711, -33.6263694763]
    skew: [6.12299346924, 4.6953587532, 0.369714230299, 2.62835502625, 4.24116039276, 4.21914482117, 1.5782752037, -2.06714224815, -4.13800859451, -4.27827358246, -3.99838685989, 0.384916573763, 3.9139893055]
    var: [1362.36376953, 295.794006348, 9.88381576538, 25.682554245, 54.2057571411, 49.5041618347, 13.178401947, 15.2027292252, 62.1240882874, 75.7587661743, 31.6675567627, 1.72891283035, 34.3092842102]

SpecContrastCoeff:
    dmean: [0.0275863930583, 0.039714563638, 0.0359233357012, 0.0131724588573, 0.00977905467153, 0.0104411896318]
    dmean2: [0.0516260564327, 0.0528741031885, 0.0460684038699, 0.024740666151, 0.0176967121661, 0.0197101477534]
    dvar: [0.000551623117644, 0.0044423583895, 0.0036010297481, 7.7890304965e-05, 0.000104646424006, 0.000130626242026]
    dvar2: [0.00132250704337, 0.00313268392347, 0.00226081069559, 0.000198114852537, 0.00022320705466, 0.000312407704769]
    kurt: [0.252989053726, 21.2783317566, 20.1587104797, 1.38063573837, 8.0007019043, 2.80615234375]
    max: [-0.890677571297, -0.316630333662, -0.330741554499, -0.906387805939, -0.903404891491, -0.919589877129]
    mean: [-0.948042809963, -0.367799431086, -0.376793831587, -0.944420278072, -0.954120457172, -0.956252634525]
    median: [-0.958932578564, -0.348828017712, -0.357767254114, -0.949278652668, -0.959161520004, -0.96151638031]
    min: [-0.976237237453, -0.974553585052, -0.91724562645, -0.954102098942, -0.960503876209, -0.962873578072]
    skew: [1.24619305134, -4.56322574615, -4.44526767731, 1.34290015697, 2.65915799141, 1.95891475677]
    var: [0.00054526317399, 0.0115077141672, 0.0093851769343, 0.000123533260194, 0.00012202529615, 0.000111936220492]

SpecPeakAmp:
    dmean: [7.96807507868e-05, 7.58440728532e-05, 0.0204629767686, 0.0310310553759, 0.0155332330614]
    dmean2: [0.000127342907945, 0.000119030213682, 0.0409221723676, 0.0634912699461, 0.0317703224719]
    dvar: [7.60088241236e-08, 8.28157240562e-08, 0.000925782718696, 0.00115224579349, 0.000816469022539]
    dvar2: [1.98542821295e-07, 2.14187949155e-07, 0.00219741067849, 0.00289617315866, 0.00158845621627]
    kurt: [39.5617790222, 39.7625923157, 1.1545214653, -1.50000011921, -1.33410322666]
    max: [0.00139149511233, 0.0014112816425, 0.0682727843523, 0.0682728737593, 0.0682747960091]
    mean: [6.59124416416e-05, 6.31044822512e-05, 0.0115572465584, 0.0227964185178, 0.0212775059044]
    median: [3.68322289432e-05, 3.31197661581e-05, 4.23032906838e-05, 5.78896906518e-05, 5.44151698705e-05]
    min: [9.7460588222e-06, 4.50976540378e-06, 1.00588767964e-05, 7.30763304091e-06, 5.7848628785e-06]
    skew: [6.42799806595, 6.45164966583, 1.75711011887, 0.707095623016, 0.816014587879]
    var: [4.0151675762e-08, 4.14343475086e-08, 0.0006282083923, 0.00103371520527, 0.000997094553895]
