
metadata:
    version:
        essentia: "2.1-beta3"

Flux:
    dmean: 0.00282296142541
    dmean2: 0.00375525676645
    dvar: 8.37399784359e-05
    dvar2: 0.00016555005277
    kurt: 9.54001331329
    max: 0.0530560202897
    mean: 0.00361661473289
    median: 0.00010911757272
    min: 8.75554906088e-06
    skew: 3.28972411156
    var: 0.000135880807647

Rms:
    dmean: 0.00115884770639
    dmean2: 0.000930595910177
    dvar: 1.51893846123e-05
    dvar2: 6.68506572765e-06
    kurt: 20.8392715454
    max: 0.0384354554117
    mean: 0.0370015203953
    median: 0.0383473485708
    min: 0.00693384883925
    skew: -4.53216314316
    var: 2.85061432805e-05

RollOff:
    dmean: 4.40451860428
    dmean2: 4.00617742538
    dvar: 518.046081543
    dvar2: 393.713195801
    kurt: 37.4943885803
    max: 839.794921875
    mean: 672.314453125
    median: 667.529296875
    min: 667.529296875
    skew: 6.2031416893
    var: 657.164550781

SpecCent:
    dmean: 3.21964335442
    dmean2: 5.27822542191
    dvar: 17.419342041
    dvar2: 20.0726623535
    kurt: 30.5650520325
    max: 690.169189453
    mean: 660.201477051
    median: 659.735839844
    min: 657.082641602
    skew: 5.32482337952
    var: 23.1207523346

Zcr:
    dmean: 0.00120960583445
    dmean2: 0.00111282698344
    dvar: 1.36059934448e-05
    dvar2: 9.72887301032e-06
    kurt: 17.9914798737
    max: 0.0302734375
    mean: 0.0286241322756
    median: 0.02978515625
    min: 0.0009765625
    skew: -4.24877786636
    var: 2.60701563093e-05

HarmonicAmpFreq:
    dmean: [2.70686340332]
    dmean2: [3.04133224487]
    dvar: [245.103561401]
    dvar2: [244.665496826]
    kurt: [39.9616928101]
    max: [660.667663574]
    mean: [658.059997559]
    median: [660.658996582]
    min: [554.309143066]
    skew: [-6.4752869606]
    var: [244.81578064]

HarmonicAmpMag:
    dmean: [0.0166276562959]
    dmean2: [0.0323134064674]
    dvar: [0.000562076282222]
    dvar2: [0.00150830554776]
    kurt: [-0.666507482529]
    max: [0.0522547401488]
    mean: [0.0390002466738]
    median: [0.0522463172674]
    min: [0]
    skew: [-1.13838279247]
    var: [0.000501940026879]

MfccCoeff:
    dmean: [10.5660619736, 9.31221866608, 1.74171102047, 1.31841897964, 1.55479323864, 2.38961935043, 2.55069518089, 2.46107172966, 2.38774180412, 1.71061170101, 2.20555329323, 1.84546232224, 2.33544325829]
    dmean2: [15.5680484772, 13.6418275833, 2.65916132927, 1.8797557354, 1.49130141735, 3.2785410881, 4.63448238373, 3.97225284576, 3.10117721558, 1.8239941597, 3.36978459358, 3.2705180645, 3.32113790512]
    dvar: [1689.69641113, 1116.7557373, 5.73808574677, 17.6401252747, 25.4594554901, 17.6682243347, 4.55364894867, 3.22298574448, 19.3028392792, 31.2286148071, 14.8044366837, 1.26436340809, 10.6544380188]
    dvar2: [4154.65429688, 2691.76464844, 6.31853532791, 18.4694271088, 10.6998806, 10.4557523727, 9.42839336395, 3.42208123207, 12.1750984192, 32.0889053345, 20.2149486542, 4.07836961746, 8.44236755371]
    kurt: [34.9784431458, 31.2763748169, 23.6082363129, 37.0456695557, 26.8097496033, 23.9932346344, 9.77061271667, 19.1728096008, 21.7502231598, 18.8229160309, 14.4764633179, 0.0538475513458, 15.7228870392]
    max: [-914.509094238, 188.944702148, 24.3695411682, -3.29124069214, -9.13227844238, -10.5261459351, -7.80090332031, 17.9957675934, 46.6452522278, 53.6734085083, 34.9468803406, 1.99408721924, -0.200454711914]
    mean: [-1092.64343262, 47.6867713928, 8.41917419434, -31.2189502716, -53.9498252869, -49.6730308533, -21.3293781281, 15.8106136322, 43.3044776917, 48.2364196777, 29.6242427826, -1.90137791634, -30.2650413513]
    median: [-1097.21520996, 43.800365448, 7.73648071289, -31.7517166138, -54.8572692871, -50.3823509216, -21.5300064087, 16.3826694489, 45.1704673767, 50.1451339722, 30.8231315613, -2.0060043335, -31.6569023132]
    min: [-1127.76501465, 12.2168083191, 4.99859619141, -35.3704605103, -65.9014587402, -58.6421165466, -27.1870651245, -3.10626983643, 0.97811126709, 2.83850860596, 2.44459152222, -3.78028106689, -32.7801322937]
    skew: [5.8737487793, 5.42704772949, 4.60270833969, 6.10340118408, 4.91155099869, 4.68261909485, 2.76483607292, -4.08439207077, -4.68396902084, -4.38862276077, -3.84512901306, 0.615415751934, 3.97754788399]
    var: [768.430725098, 509.966461182, 7.42742443085, 18.3809833527, 55.3637580872, 44.7497138977, 9.61418819427, 11.5559444427, 56.3069763184, 70.8278961182, 29.6954536438, 1.66951107979, 34.0729179382]

SpecContrastCoeff:
    dmean: [0.0276808850467, 0.0389042533934, 0.0355542488396, 0.0139469234273, 0.00982783827931, 0.00992225110531]
    dmean2: [0.0505028255284, 0.0506919659674, 0.0471886470914, 0.0261083543301, 0.0178329870105, 0.018981365487]
    dvar: [0.000503159710206, 0.00413488736376, 0.0035804361105, 0.000149630810483, 9.87716484815e-05, 0.000132895365823]
    dvar2: [0.00103550602216, 0.00234965491109, 0.00293746963143, 0.000333242671331, 0.000204925236176, 0.000308987044264]
    kurt: [1.08175325394, 20.2765693665, 20.3956413269, 3.51903009415, 1.53062820435, 2.2967748642]
    max: [-0.885836064816, -0.33429068327, -0.341843008995, -0.887273490429, -0.916640102863, -0.919054150581]
    mean: [-0.956879496574, -0.38566210866, -0.392550706863, -0.943906843662, -0.953668296337, -0.956604361534]
    median: [-0.965953409672, -0.366476386786, -0.374692410231, -0.950523436069, -0.960081517696, -0.962653577328]
    min: [-0.97895026207, -0.983972847462, -0.909825921059, -0.95514780283, -0.961320519447, -0.963991463184]
    skew: [1.36341679096, -4.46020030975, -4.46146059036, 1.91527628899, 1.65235340595, 1.83836293221]
    var: [0.00050881318748, 0.0114899436012, 0.00853425636888, 0.000226861957344, 0.000143122771988, 0.00013212725753]

SpecPeakAmp:
    dmean: [6.7084984039e-05, 0.00140776077751, 0.00951790157706, 0.0261237937957, 0.0261119585484]
    dmean2: [0.000105376406282, 0.0021621636115, 0.0194665808231, 0.0534521378577, 0.0534123368561]
    dvar: [5.83987080915e-08, 4.09125386795e-05, 0.000405260914704, 0.000680660421494, 0.000680711178575]
    dvar2: [1.49732073851e-07, 0.000105029794213, 0.00088955782121, 0.00170850288123, 0.00170926528517]
    kurt: [39.6598052979, 40.0222816467, 2.65377569199, -1.13221621513, -1.33410346508]
    max: [0.00122115237173, 0.0307372100651, 0.0522540025413, 0.0522536598146, 0.0522547401488]
    mean: [5.15896426805e-05, 0.000707091065124, 0.00699940277264, 0.0151263978332, 0.0162853691727]
    median: [2.5743194783e-05, 2.55631512118e-05, 3.19868850056e-05, 4.43376266048e-05, 4.40104304289e-05]
    min: [5.01491604155e-06, 6.446612133e-06, 4.07729203289e-06, 2.57337023868e-06, 1.84213809007e-06]
    skew: [6.43967008591, 6.48244094849, 2.15724730492, 0.931540846825, 0.816016852856]
    var: [3.12202637076e-08, 2.04957432288e-05, 0.000315007084282, 0.000559868349228, 0.000584085646551]
