
metadata:
    version:
        essentia: "2.1-beta3"

Flux:
    dmean: 0.0330420583487
    dmean2: 0.0441336631775
    dvar: 0.0115604810417
    dvar2: 0.0223770402372
    kurt: 9.3359336853
    max: 0.637797236443
    mean: 0.0434913113713
    median: 0.00130800460465
    min: 8.06192256277e-05
    skew: 3.2600274086
    var: 0.0195253696293

Rms:
    dmean: 0.0138358287513
    dmean2: 0.011081436649
    dvar: 0.00216123042628
    dvar2: 0.000945229665376
    kurt: 20.9941616058
    max: 0.462681919336
    mean: 0.445532530546
    median: 0.461644142866
    min: 0.0846729874611
    skew: -4.54523563385
    var: 0.00408536940813

RollOff:
    dmean: 10.2772102356
    dmean2: 10.0154428482
    dvar: 3719.72900391
    dvar2: 3415.02368164
    kurt: 39.6041374207
    max: 1098.19335938
    mean: 678.056640625
    median: 667.529296875
    min: 667.529296875
    skew: 6.43440771103
    var: 4031.37255859

SpecCent:
    dmean: 17.4562854767
    dmean2: 18.4815196991
    dvar: 7685.65673828
    dvar2: 6224.05761719
    kurt: 39.205581665
    max: 1311.43457031
    mean: 675.216430664
    median: 659.553588867
    min: 654.442321777
    skew: 6.39118146896
    var: 9288.19335938

Zcr:
    dmean: 0.00120960583445
    dmean2: 0.00115824851673
    dvar: 1.3009946997e-05
    dvar2: 8.45025351737e-06
    kurt: 17.6412830353
    max: 0.0302734375
    mean: 0.0286349821836
    median: 0.02978515625
    min: 0.00146484375
    skew: -4.21653175354
    var: 2.55071408901e-05

HarmonicAmpFreq:
    dmean: [1.81119334698]
    dmean2: [2.15202021599]
    dvar: [98.2682647705]
    dvar2: [100.403373718]
    kurt: [39.9020690918]
    max: [727.240783691]
    mean: [661.965087891]
    median: [660.660583496]
    min: [659.692565918]
    skew: [6.46810436249]
    var: [96.9753723145]

HarmonicAmpMag:
    dmean: [0.200165227056]
    dmean2: [0.388970345259]
    dvar: [0.0814419686794]
    dvar2: [0.218560501933]
    kurt: [0.114440441132]
    max: [0.62902623415]
    mean: [0.497427791357]
    median: [0.628938853741]
    min: [0]
    skew: [-1.43698191643]
    var: [0.0632909983397]

MfccCoeff:
    dmean: [34.3539466858, 21.989736557, 37.4359169006, 7.36497688293, 7.57302045822, 5.98353004456, 2.69805669785, 2.52307987213, 2.94378733635, 3.43741226196, 2.2304456234, 1.34156954288, 1.5163834095]
    dmean2: [55.5934371948, 39.8694152832, 70.8190841675, 13.8607530594, 11.4955816269, 10.8522825241, 4.72695970535, 3.69227290154, 4.30278682709, 4.72423315048, 2.70610165596, 2.02268314362, 2.05347299576]
    dvar: [7307.20019531, 158.183441162, 426.445129395, 35.9205932617, 27.8606128693, 33.9085693359, 7.19495582581, 8.67334270477, 26.2016792297, 33.9143218994, 17.7163219452, 2.58394551277, 10.7284908295]
    dvar2: [17954.2695312, 411.816894531, 1223.74694824, 72.505607605, 67.7129745483, 77.068321228, 15.6465482712, 11.9679803848, 23.8548336029, 29.8985786438, 15.5096149445, 6.11254024506, 14.4577550888]
    kurt: [31.5882606506, 1.05638551712, -1.31136167049, 0.836451292038, 3.85291051865, 5.77235794067, 1.40814208984, 17.7356319427, 17.9934558868, 18.6899032593, 19.4675598145, 4.58718490601, 12.3638296127]
    max: [-574.01763916, 189.51953125, 45.6073036194, -35.7865905762, -40.0830688477, -31.5384788513, -14.9009056091, 19.3560886383, 47.9720878601, 51.9144592285, 33.1877861023, 1.07813262939, -6.19791030884]
    mean: [-964.527160645, 142.970565796, 8.51472473145, -52.1952514648, -70.9661483765, -57.6224975586, -22.2472114563, 16.3060283661, 43.488407135, 46.9263839722, 27.7922878265, -3.26137685776, -30.2915039062]
    median: [-971.816894531, 148.312347412, 8.41961669922, -51.1550979614, -70.9538269043, -58.475856781, -21.8334884644, 17.3584384918, 45.6003761292, 49.3940200806, 29.2340660095, -3.10236358643, -31.6027870178]
    min: [-1008.62689209, 88.6103744507, -28.8685188293, -66.5426101685, -84.3508224487, -70.7188720703, -31.4837417603, -6.3470916748, 0.340637207031, -2.53868103027, -6.67930793762, -8.6100692749, -34.02866745]
    skew: [5.57195901871, -0.585507333279, 0.0637850761414, -0.0426043123007, 1.32758438587, 1.92526531219, -0.557343304157, -3.91074132919, -4.23117351532, -4.28105306625, -4.32612037659, -0.885451674461, 3.6332962513]
    var: [3877.25732422, 305.057128906, 577.498046875, 42.4755630493, 63.7022857666, 47.6392097473, 9.84609127045, 17.0838432312, 64.5492401123, 82.2023696899, 38.6842727661, 2.0703701973, 27.2345752716]

SpecContrastCoeff:
    dmean: [0.0456377603114, 0.0401076897979, 0.0371829941869, 0.0146227786317, 0.0102468691766, 0.00619429908693]
    dmean2: [0.0834855139256, 0.0493378080428, 0.043301936239, 0.0270943418145, 0.0181549247354, 0.0100662112236]
    dvar: [0.00166588102002, 0.00722114415839, 0.00639341212809, 0.000110300490633, 0.000120410222735, 0.000102219004475]
    dvar2: [0.00451998598874, 0.00315954652615, 0.00340313906781, 0.000233407918131, 0.000238175998675, 0.00023085832072]
    kurt: [2.04394006729, 24.7578411102, 23.0396099091, 0.708292245865, 6.12436771393, 6.38404464722]
    max: [-0.81222230196, -0.145608484745, -0.163610517979, -0.891263127327, -0.890951752663, -0.909639418125]
    mean: [-0.955309152603, -0.194711685181, -0.208498239517, -0.931335508823, -0.944792747498, -0.95260155201]
    median: [-0.975870370865, -0.171681046486, -0.181959971786, -0.937590956688, -0.951073110104, -0.95646572113]
    min: [-0.985282957554, -0.922078609467, -0.911260962486, -0.942590236664, -0.951589286327, -0.958023905754]
    skew: [1.71931481361, -4.89158773422, -4.73942708969, 1.2406539917, 2.39469814301, 2.67257595062]
    var: [0.00178010948002, 0.015140495263, 0.014713046141, 0.000173210166395, 0.000153898217832, 0.00010901454516]

SpecPeakAmp:
    dmean: [0.000353101437213, 0.0860653743148, 0.114407017827, 0.314665049314, 0.200420424342]
    dmean2: [0.000560740416404, 0.175933435559, 0.213404715061, 0.643723607063, 0.409904450178]
    dvar: [7.95537914655e-07, 0.0464791990817, 0.0543898679316, 0.0985095575452, 0.0855342522264]
    dvar2: [1.99897385755e-06, 0.134444728494, 0.121662214398, 0.228754326701, 0.217842459679]
    kurt: [30.9635696411, 10.0708818436, 2.03709506989, -1.74578547478, 0.249917507172]
    max: [0.00479984702542, 0.62902623415, 0.629025220871, 0.629024028778, 0.629008710384]
    mean: [0.000395905430196, 0.0423526056111, 0.092449888587, 0.238046184182, 0.126274734735]
    median: [0.000285529269604, 0.000337876874255, 0.00042459089309, 0.00053749239305, 0.000498829351272]
    min: [4.66234123451e-05, 0.000136012662551, 0.000141676806379, 0.00010144541011, 8.55537509779e-05]
    skew: [5.5206079483, 3.47426939011, 1.98774719238, 0.504148960114, 1.49993872643]
    var: [4.98006954786e-07, 0.024585140869, 0.0472350120544, 0.0927837491035, 0.0631731376052]
