
metadata:
    version:
        essentia: "2.1-beta3"

Flux:
    dmean: 0.0185067653656
    dmean2: 0
    dvar: 0
    dvar2: 0
    kurt: -2
    max: 0.382480472326
    mean: 0.373227089643
    median: 0.373227089643
    min: 0.363973706961
    skew: 0
    var: 8.56250917423e-05

Rms:
    dmean: 0
    dmean2: 0
    dvar: 0
    dvar2: 0
    kurt: 0
    max: 0.131609722972
    mean: 0.131609722972
    median: 0.131609722972
    min: 0.131609722972
    skew: 0
    var: 0

RollOff:
    dmean: 236.865234375
    dmean2: 0
    dvar: 0
    dvar2: 0
    kurt: -2
    max: 1184.32617188
    mean: 1065.89355469
    median: 1065.89355469
    min: 947.4609375
    skew: 0
    var: 14026.2851562

SpecCent:
    dmean: 201.27331543
    dmean2: 0
    dvar: 0
    dvar2: 0
    kurt: -2
    max: 1056.82641602
    mean: 956.189758301
    median: 956.189758301
    min: 855.553100586
    skew: 0
    var: 10127.7373047

Zcr:
    dmean: 0
    dmean2: 0
    dvar: 0
    dvar2: 0
    kurt: 0
    max: 0.01171875
    mean: 0.01171875
    median: 0.01171875
    min: 0.01171875
    skew: 0
    var: 0

HarmonicAmpFreq:
    dmean: [22.0914916992]
    dmean2: [0]
    dvar: [0]
    dvar2: [0]
    kurt: [-2]
    max: [858.905639648]
    mean: [847.859863281]
    median: [847.859863281]
    min: [836.814147949]
    skew: [8.33321882965e-06]
    var: [122.008499146]

HarmonicAmpMag:
    dmean: [0.110574238002]
    dmean2: [0]
    dvar: [0]
    dvar2: [0]
    kurt: [-1.99999988079]
    max: [0.110574238002]
    mean: [0.0552871190012]
    median: [0.0552871190012]
    min: [0]
    skew: [0]
    var: [0.00305666541681]

MfccCoeff:
    dmean: [409.402282715, 0.984794616699, 21.3716888428, 67.2307510376, 8.86243057251, 35.3380813599, 36.2829246521, 3.61571884155, 18.8369407654, 17.8253364563, 0.778745651245, 9.89798736572, 5.71346092224]
    dmean2: [0, 0, 0, 0, 0, 0, 0, 0, 0, 0, 0, 0, 0]
    dvar: [0, 0, 0, 0, 0, 0, 0, 0, 0, 0, 0, 0, 0]
    dvar2: [0, 0, 0, 0, 0, 0, 0, 0, 0, 0, 0, 0, 0]
    kurt: [-2, -2, -2, -1.99999988079, -2, -1.99999988079, -2, -1.99999988079, -1.99999988079, -1.99999988079, -2, -2, -2]
    max: [-572.718078613, 127.191078186, -20.0580101013, -41.6802368164, -47.0613975525, 17.009552002, 42.0816421509, 23.363489151, 13.5159416199, 2.12129592896, -6.5879535675, 2.8454208374, 2.89649200439]
    mean: [-777.419189453, 126.698684692, -30.7438545227, -75.2956085205, -51.4926147461, -0.659487724304, 23.9401798248, 21.5556297302, 4.09747123718, -6.79137229919, -6.97732639313, -2.10357284546, 0.0397615432739]
    median: [-777.419189453, 126.698684692, -30.7438545227, -75.2956085205, -51.4926147461, -0.659487724304, 23.9401798248, 21.5556297302, 4.09747123718, -6.79137229919, -6.97732639313, -2.10357284546, 0.0397615432739]
    min: [-982.120361328, 126.206283569, -41.4296989441, -108.910987854, -55.923828125, -18.3285274506, 5.79871749878, 19.7477703094, -5.32099914551, -15.7040405273, -7.36669921875, -7.05256652832, -2.81696891785]
    skew: [-4.66336302907e-07, -2.32159272855e-05, 0, -3.59926815463e-07, 1.27142141082e-06, 0, 0, 0, 0, 0, 0, 0, 0]
    var: [41902.5546875, 0.242455109954, 114.187271118, 1129.9934082, 19.6356697083, 312.195007324, 329.112640381, 3.26835560799, 88.7075805664, 79.4356536865, 0.151611194015, 24.4925384521, 8.16090869904]

SpecContrastCoeff:
    dmean: [0.00612336397171, 0.119486749172, 0.142323553562, 0.248460710049, 0.0173273086548, 0.0250401496887]
    dmean2: [0, 0, 0, 0, 0, 0]
    dvar: [0, 0, 0, 0, 0, 0]
    dvar2: [0, 0, 0, 0, 0, 0]
    kurt: [-1.99999988079, -2, -2, -2, -2, -2]
    max: [-0.944795906544, -0.7519313097, -0.671732187271, -0.633764982224, -0.921699941158, -0.93320119381]
    mean: [-0.947857618332, -0.811674714088, -0.74289393425, -0.75799536705, -0.930363595486, -0.945721268654]
    median: [-0.947857618332, -0.811674714088, -0.74289393425, -0.75799536705, -0.930363595486, -0.945721268654]
    min: [-0.950919270515, -0.871418058872, -0.814055740833, -0.882225692272, -0.939027249813, -0.958241343498]
    skew: [2.91831183858e-05, 1.50132098042e-06, -1.25181884414e-06, 7.28631960101e-07, 0, 0]
    var: [9.37389631872e-06, 0.00356927094981, 0.00506399851292, 0.0154331810772, 7.50589097152e-05, 0.000156752270414]

SpecPeakAmp:
    dmean: [0.110448904335, 0.0526438355446, 0.0258403588086, 0.0141810942441, 0.00979787483811]
    dmean2: [0, 0, 0, 0, 0]
    dvar: [0, 0, 0, 0, 0]
    dvar2: [0, 0, 0, 0, 0]
    kurt: [-2, -2, -1.99999988079, -2, -2]
    max: [0.110574238002, 0.052776157856, 0.0259896442294, 0.0143614914268, 0.0100283939391]
    mean: [0.0553497858346, 0.0264542400837, 0.0130694648251, 0.00727094430476, 0.00512945652008]
    median: [0.0553497858346, 0.0264542400837, 0.0130694648251, 0.00727094430476, 0.00512945652008]
    min: [0.000125333215692, 0.000132323737489, 0.000149285755469, 0.000180397066288, 0.000230519231991]
    skew: [0, 9.97418894144e-08, 0, 0, 0]
    var: [0.00304974010214, 0.000692843343131, 0.000166931029526, 5.02758593939e-05, 2.39995879383e-05]
