
metadata:
    version:
        essentia: "2.1-beta3"

Flux:
    dmean: 7.65066215536e-06
    dmean2: 1.17651707114e-05
    dvar: 5.19777443309e-10
    dvar2: 1.11520359614e-09
    kurt: 13.8687820435
    max: 0.000124662212329
    mean: 9.07853336685e-06
    median: 3.60788681064e-06
    min: 5.25148379893e-07
    skew: 3.84240746498
    var: 5.50503642671e-10

Rms:
    dmean: 1.74855574642e-06
    dmean2: 1.6735450572e-06
    dvar: 4.27780866286e-11
    dvar2: 3.26689716945e-11
    kurt: 19.6642169952
    max: 0.000101482328319
    mean: 9.95047084871e-05
    median: 0.000101245117548
    min: 5.88927687204e-05
    skew: -4.51246213913
    var: 5.61031186785e-11

RollOff:
    dmean: 0.500772178173
    dmean2: 0.5126953125
    dvar: 10.5324554443
    dvar2: 10.7771167755
    kurt: 39.023349762
    max: 1356.59179688
    mean: 1335.54797363
    median: 1335.05859375
    min: 1335.05859375
    skew: 6.40495061874
    var: 10.2986516953

SpecCent:
    dmean: 5.240421772
    dmean2: 6.68698835373
    dvar: 41.878944397
    dvar2: 39.2625770569
    kurt: 16.9737472534
    max: 1485.17358398
    mean: 1436.56396484
    median: 1434.76123047
    min: 1429.79248047
    skew: 3.92349767685
    var: 82.2997207642

Zcr:
    dmean: 0.00163517438341
    dmean2: 0.00183686753735
    dvar: 3.6182882468e-05
    dvar2: 3.32175004587e-05
    kurt: 17.2607707977
    max: 0.06005859375
    mean: 0.0583829022944
    median: 0.0595703125
    min: 0.02783203125
    skew: -4.36741733551
    var: 3.92783513234e-05

HarmonicAmpFreq:
    dmean: [0]
    dmean2: [0]
    dvar: [0]
    dvar2: [0]
    kurt: [-2]
    max: [1320.0567627]
    mean: [1320.05749512]
    median: [1320.0567627]
    min: [1320.0567627]
    skew: [-1]
    var: [5.36441802979e-07]

HarmonicAmpMag:
    dmean: [0]
    dmean2: [0]
    dvar: [0]
    dvar2: [0]
    kurt: [nan]
    max: [0]
    mean: [0]
    median: [0]
    min: [0]
    skew: [nan]
    var: [0]

MfccCoeff:
    dmean: [0.0932872667909, 0.0511361062527, 0.0919601097703, 0.121895723045, 0.00303188594989, 0.11814135313, 0.0938270017505, 0.0438828580081, 0.125477105379, 0.0534174703062, 0.0811041891575, 0.113713994622, 0.00880006328225]
    dmean2: [0.0959385484457, 0.0525955930352, 0.0945834219456, 0.125369116664, 0.00316837849095, 0.121511548758, 0.0965071171522, 0.0451327748597, 0.129053935409, 0.0549512580037, 0.0834196209908, 0.116963885725, 0.00919287558645]
    dvar: [0.183055251837, 0.0552340783179, 0.177225753665, 0.313204735518, 0.000309875962557, 0.292473465204, 0.187181800604, 0.0392653718591, 0.331150978804, 0.0624032914639, 0.135745823383, 0.274341315031, 0.00260934582911]
    dvar2: [0.184994876385, 0.0558289512992, 0.179090708494, 0.316548019648, 0.000316001562169, 0.295550405979, 0.189220607281, 0.0396511442959, 0.334667146206, 0.0631264224648, 0.137120589614, 0.277312994003, 0.00266064004973]
    kurt: [21.8699703217, 22.1465682983, 21.623249054, 22.0089931488, 38.4953231812, 21.6121883392, 22.5753631592, 19.7743873596, 21.8615932465, 24.3776092529, 20.5931186676, 22.4312458038, 38.4956626892]
    max: [-1135.94714355, 1.3643913269, -6.103515625e-05, 8.01086425781e-05, -6.103515625e-05, 3.11322784424, 2.52769851685, -5.34057617188e-05, -4.57763671875e-05, -2.28881835938e-05, 2.08271408081, 3.05371856689, 0.339218139648]
    mean: [-1136.03991699, 1.31346786022, -2.33226323128, -3.12063360214, -0.113948822021, 2.99545693398, 2.43430709839, -1.05714416504, -3.2010436058, -1.4412099123, 2.00174689293, 2.94050121307, 0.33045977354]
    median: [-1135.94970703, 1.36304855347, -2.42138671875, -3.23878097534, -0.116821289062, 3.10996246338, 2.52530288696, -1.09959793091, -3.32266235352, -1.49305343628, 2.08027267456, 3.05076980591, 0.338787078857]
    min: [-1138.42004395, 1.14440917969e-05, -2.42393493652, -3.24207687378, -0.116973876953, 2.28881835938e-05, -2.67028808594e-05, -1.1010055542, -3.32608032227, -1.49423217773, -2.67028808594e-05, -3.0517578125e-05, -3.81469726562e-05]
    skew: [-4.77509880066, -4.79845094681, 4.75319766998, 4.78654241562, 6.34473609924, -4.75224304199, -4.83565044403, 4.59459686279, 4.77378749847, 4.99331378937, -4.66459321976, -4.82313585281, -6.3447728157]
    var: [0.181369557977, 0.0547159947455, 0.175615206361, 0.310295015574, 0.000303552806145, 0.28981384635, 0.185386836529, 0.0389475189149, 0.328097909689, 0.061748161912, 0.134585797787, 0.271731346846, 0.00255632214248]

SpecContrastCoeff:
    dmean: [0.0214425213635, 0.0316666103899, 0.0146039193496, 0.0147411050275, 0.0123514048755, 0.015716150403]
    dmean2: [0.030138393864, 0.0489381626248, 0.0269287545234, 0.0195406526327, 0.0201806332916, 0.0262168981135]
    dvar: [0.00161353754811, 0.000676887517329, 0.000148474355228, 0.00132820778526, 0.000190699211089, 0.000246539973887]
    dvar2: [0.00148773158435, 0.00127708096988, 0.000431188207585, 0.0012667379342, 0.000248907366768, 0.000324941298459]
    kurt: [15.2912101746, 5.1322259903, -0.2689640522, 17.0202579498, 8.01406955719, 8.18799209595]
    max: [-0.620966076851, -0.793588161469, -0.91072934866, -0.58835041523, -0.858135581017, -0.835210263729]
    mean: [-0.652842104435, -0.852768301964, -0.938061714172, -0.609673380852, -0.872639417648, -0.857244312763]
    median: [-0.644378721714, -0.845830202103, -0.938492417336, -0.60107499361, -0.866902828217, -0.851377546787]
    min: [-0.852678179741, -0.987691521645, -0.963371813297, -0.799992263317, -0.944076776505, -0.93757879734]
    skew: [-4.04261350632, -1.82578372955, 0.150542795658, -4.280585289, -2.79595947266, -2.66201090813]
    var: [0.00193801778369, 0.00111895531882, 0.000136807968374, 0.0014611807419, 0.000289507443085, 0.000336928642355]

SpecPeakAmp:
    dmean: [1.86883525544e-07, 5.41118197361e-07, 4.836429639e-07, 1.05914573112e-07, 5.69680516094e-08]
    dmean2: [2.17340783593e-07, 9.40179518238e-07, 8.02139311418e-07, 1.63839231959e-07, 7.87453373619e-08]
    dvar: [4.80822684185e-13, 1.51890246257e-13, 1.10918815365e-13, 5.3295204621e-14, 4.4408561843e-14]
    dvar2: [4.77066574179e-13, 3.88186011113e-13, 2.90079402556e-13, 7.62719016634e-14, 4.71812089994e-14]
    kurt: [24.8280792236, -1.49406194687, -1.47979426384, 19.8235244751, 26.3223991394]
    max: [1.68417827808e-05, 1.38077382417e-06, 1.26617499063e-06, 1.36102914894e-06, 1.40464248943e-06]
    mean: [1.66222816915e-05, 5.04925765199e-07, 4.87144120598e-07, 1.19107149033e-07, 1.00110042922e-07]
    median: [1.67662801687e-05, 2.94188765793e-07, 4.81630593185e-07, 6.51423093245e-08, 5.09116340197e-08]
    min: [1.25457509057e-05, 4.44866685712e-08, 2.74487259588e-08, 1.93101499235e-08, 1.3421796119e-08]
    skew: [-5.02703380585, 0.366260170937, 0.306818842888, 4.3181385994, 5.0623664856]
    var: [4.88123051093e-13, 2.06636519961e-13, 1.77375678707e-13, 4.94594802939e-14, 4.77149583408e-14]
