
metadata:
    version:
        essentia: "2.1-beta3"

Flux:
    dmean: 0.000168691723957
    dmean2: 0.000226643373026
    dvar: 2.83818962998e-07
    dvar2: 5.57238934107e-07
    kurt: 9.59260368347
    max: 0.00310892192647
    mean: 0.00021820726397
    median: 8.66488153406e-06
    min: 4.31315766036e-06
    skew: 3.29292869568
    var: 4.61004276531e-07

Rms:
    dmean: 6.54356481391e-05
    dmean2: 4.97573055327e-05
    dvar: 5.1971756676e-08
    dvar2: 2.32986323567e-08
    kurt: 20.891828537
    max: 0.00224164687097
    mean: 0.00215943390504
    median: 0.00223807641305
    min: 0.000405227008741
    skew: -4.53724575043
    var: 9.68791908917e-08

RollOff:
    dmean: 4.89390993118
    dmean2: 5.0077214241
    dvar: 1029.86523438
    dvar2: 1053.24560547
    kurt: 40.0227241516
    max: 1550.390625
    mean: 1339.84375
    median: 1335.05859375
    min: 1335.05859375
    skew: 6.48249387741
    var: 1007.49975586

SpecCent:
    dmean: 4.65476036072
    dmean2: 6.10985183716
    dvar: 86.8974456787
    dvar2: 67.8908615112
    kurt: 35.4776344299
    max: 1387.00012207
    mean: 1319.17504883
    median: 1317.54858398
    min: 1314.19580078
    skew: 5.93810892105
    var: 110.56918335

Zcr:
    dmean: 0.00220836303197
    dmean2: 0.00185092655011
    dvar: 5.19046916452e-05
    dvar2: 3.36731282005e-05
    kurt: 17.8599395752
    max: 0.06005859375
    mean: 0.0572591163218
    median: 0.0595703125
    min: 0.00244140625
    skew: -4.23919296265
    var: 0.000102979865915

HarmonicAmpFreq:
    dmean: [0.882734835148]
    dmean2: [0.882068693638]
    dvar: [31.9352359772]
    dvar2: [31.1087398529]
    kurt: [39.9740600586]
    max: [1319.53234863]
    mean: [1318.64868164]
    median: [1319.53234863]
    min: [1280.6920166]
    skew: [-6.4768204689]
    var: [32.761920929]

HarmonicAmpMag:
    dmean: [8.23133304948e-05]
    dmean2: [0.000126381215523]
    dvar: [1.42285315974e-07]
    dvar2: [3.65490052445e-07]
    kurt: [40.0224113464]
    max: [0.00181260542013]
    mean: [4.03562153224e-05]
    median: [0]
    min: [0]
    skew: [6.48245716095]
    var: [7.1383610134e-08]

MfccCoeff:
    dmean: [1.49907886982, 1.04840016365, 0.906553983688, 1.54650163651, 0.405540466309, 0.901769280434, 0.870486319065, 0.295132726431, 0.772095918655, 0.330986201763, 0.526172101498, 0.683660030365, 0.00856347475201]
    dmean2: [2.00750303268, 1.4501619339, 1.09948587418, 1.99259114265, 0.621241748333, 1.00884032249, 1.04939222336, 0.229894772172, 0.778435468674, 0.356504738331, 0.451960533857, 0.576609969139, 0.006227360107]
    dvar: [44.071018219, 21.4438095093, 17.4817714691, 47.9459838867, 3.44857335091, 19.3738670349, 16.2781486511, 1.4047948122, 15.8255310059, 2.79318928719, 5.18814373016, 8.57151889801, 0.00124612194486]
    dvar2: [90.7596206665, 47.3217735291, 27.9772071838, 90.010307312, 8.83220481873, 24.8554382324, 25.62408638, 0.701090455055, 15.5795297623, 3.23101782799, 3.25168919563, 5.12446260452, 0.000736220623367]
    kurt: [17.9415206909, 21.7073001862, 26.2797317505, 19.3357162476, 40.0078277588, 32.2202758789, 27.0044937134, 27.9774265289, 33.7110557556, 33.5706481934, 30.9057655334, 30.6218719482, 24.8776988983]
    max: [-1098.5213623, 26.8210258484, -6.103515625e-05, 8.01086425781e-05, -6.103515625e-05, 28.6746063232, 25.9419021606, -5.34057617188e-05, -4.57763671875e-05, -2.28881835938e-05, 17.873210907, 23.3159503937, 0.338882446289]
    mean: [-1118.97973633, 10.6553010941, -19.0529556274, -25.0613307953, -0.310901910067, 24.3597431183, 18.7349872589, -9.6382894516, -25.5274353027, -9.89064693451, 17.2621517181, 22.5292453766, 0.326906174421]
    median: [-1118.87109375, 10.5987968445, -19.4474067688, -25.3984146118, -0.116806030273, 24.995513916, 19.1319923401, -9.99546051025, -26.2933731079, -10.1645965576, 17.8588981628, 23.3152713776, 0.338737487793]
    min: [-1138.42004395, 1.14440917969e-05, -26.8190116882, -43.0181655884, -8.9737701416, 2.28881835938e-05, -2.67028808594e-05, -10.0071334839, -26.2998123169, -10.9056243896, -2.67028808594e-05, -3.0517578125e-05, -3.81469726562e-05]
    skew: [0.293945252895, 2.6526927948, 4.51831865311, 2.16899180412, -6.4807138443, -5.63199043274, -4.67099332809, 5.23020792007, 5.84056663513, 5.8138833046, -5.52752304077, -5.4966802597, -5.03643321991]
    var: [18.3975811005, 8.55008602142, 10.1664352417, 22.3233947754, 1.70587074757, 14.9536428452, 9.68262195587, 2.50312495232, 16.0747852325, 2.41739439964, 7.65300559998, 13.0913829803, 0.00311566819437]

SpecContrastCoeff:
    dmean: [0.0403499826789, 0.0250489115715, 0.0135993966833, 0.0242317151278, 0.00857167877257, 0.00690583605319]
    dmean2: [0.0619278401136, 0.0419123843312, 0.022773263976, 0.0318777933717, 0.0145017541945, 0.0116563048214]
    dvar: [0.00109216989949, 0.000316822930472, 0.000157247297466, 0.00210444605909, 4.58476824861e-05, 5.81158128625e-05]
    dvar2: [0.00237168744206, 0.000996066490188, 0.000291400792776, 0.00232168706134, 0.000101380101114, 0.000135657071951]
    kurt: [6.46720027924, 0.812953472137, 3.67868852615, 17.3216018677, -0.030410528183, 6.50176525116]
    max: [-0.695359110832, -0.895976305008, -0.879310369492, -0.462283074856, -0.906430363655, -0.900971293449]
    mean: [-0.774538755417, -0.949309766293, -0.94049268961, -0.498332202435, -0.9279307127, -0.911681711674]
    median: [-0.770999729633, -0.952968358994, -0.946717679501, -0.482812076807, -0.929496824741, -0.909682095051]
    min: [-0.983398675919, -0.9852206707, -0.957863330841, -0.861645638943, -0.93964600563, -0.94861137867]
    skew: [-2.13846135139, 0.964985132217, 1.95193719864, -4.14068126678, 0.720999896526, -2.32130670547]
    var: [0.00246452796273, 0.000373457238311, 0.00030277526821, 0.00464692059904, 5.81387466809e-05, 7.30816027499e-05]

SpecPeakAmp:
    dmean: [2.12066970562e-06, 1.74234673977e-06, 1.88339117813e-06, 1.97562030735e-06, 8.26288669487e-05]
    dmean2: [3.18281036016e-06, 2.71057547252e-06, 2.90323100671e-06, 3.04583704747e-06, 0.000126781786093]
    dvar: [3.29466245952e-11, 4.69362639033e-11, 5.22680544679e-11, 5.78908934679e-11, 1.42422294402e-07]
    dvar2: [6.79134040671e-11, 1.22039184314e-10, 1.34616956471e-10, 1.48172238368e-10, 3.6568565065e-07]
    kurt: [18.3230342865, 39.3023414612, 39.7880859375, 39.8174629211, 40.0226593018]
    max: [3.62765567843e-05, 3.52890565409e-05, 3.57246899512e-05, 3.74577139155e-05, 0.00181260542013]
    mean: [1.67226553458e-05, 1.50499420215e-06, 1.51208462285e-06, 1.66334632468e-06, 4.09338499594e-05]
    median: [1.66485115187e-05, 7.26766245407e-07, 7.31361296857e-07, 8.39860319957e-07, 6.91617799475e-07]
    min: [1.15014529456e-06, 2.09655937056e-07, 2.1967093744e-07, 3.13453000444e-07, 2.13434816487e-07]
    skew: [1.42642068863, 6.40024328232, 6.45472669601, 6.45818471909, 6.48248577118]
    var: [1.46350900149e-11, 2.61602892127e-11, 2.66752800404e-11, 2.91888423154e-11, 7.13368777383e-08]
