
metadata:
    version:
        essentia: "2.1-beta3"

Flux:
    dmean: 0.00366088515148
    dmean2: 0.00486763147637
    dvar: 0.000143029188621
    dvar2: 0.000281962391455
    kurt: 9.5491104126
    max: 0.0694017410278
    mean: 0.00468025170267
    median: 8.04239316494e-05
    min: 1.78866011993e-05
    skew: 3.29057884216
    var: 0.000232462916756

Rms:
    dmean: 0.00146443513222
    dmean2: 0.00110871845391
    dvar: 2.59587068285e-05
    dvar2: 1.15512075354e-05
    kurt: 20.8803157806
    max: 0.0501865521073
    mean: 0.0483460426331
    median: 0.0501131638885
    min: 0.00905772764236
    skew: -4.53536844254
    var: 4.86006283609e-05

RollOff:
    dmean: 4.40451860428
    dmean2: 4.50694942474
    dvar: 834.190795898
    dvar2: 853.128967285
    kurt: 40.022731781
    max: 1528.85742188
    mean: 1339.36523438
    median: 1335.05859375
    min: 1335.05859375
    skew: 6.48249387741
    var: 816.074768066

SpecCent:
    dmean: 3.39711976051
    dmean2: 4.74158000946
    dvar: 2.68778777122
    dvar2: 5.43118906021
    kurt: 1.69356250763
    max: 1328.50756836
    mean: 1317.58337402
    median: 1317.3034668
    min: 1311.98791504
    skew: 0.845314204693
    var: 9.1819601059

Zcr:
    dmean: 0.00221946020611
    dmean2: 0.00187363731675
    dvar: 5.25762225152e-05
    dvar2: 3.37659621437e-05
    kurt: 17.8587722778
    max: 0.06005859375
    mean: 0.0572591163218
    median: 0.0595703125
    min: 0.00244140625
    skew: -4.23987674713
    var: 0.000103032834886

HarmonicAmpFreq:
    dmean: [1.14956665039]
    dmean2: [1.17630076408]
    dvar: [56.8246498108]
    dvar2: [58.1147079468]
    kurt: [40.0222854614]
    max: [1319.53149414]
    mean: [1318.40734863]
    median: [1319.53149414]
    min: [1268.95056152]
    skew: [-6.48244285583]
    var: [55.5905990601]

HarmonicAmpMag:
    dmean: [1.71852411768e-06]
    dmean2: [1.75848981598e-06]
    dvar: [1.26992985572e-10]
    dvar2: [1.298760266e-10]
    kurt: [40.022731781]
    max: [7.56150620873e-05]
    mean: [1.68033466252e-06]
    median: [0]
    min: [0]
    skew: [6.48249435425]
    var: [1.24235094434e-10]

MfccCoeff:
    dmean: [11.6116752625, 6.62777090073, 2.50828480721, 1.52813923359, 0.568936407566, 1.18160772324, 1.24267661572, 1.08818089962, 1.27956688404, 1.21240603924, 1.56729280949, 1.52089381218, 0.928823828697]
    dmean2: [17.140045166, 9.80006694794, 3.19429326057, 1.50634264946, 0.900418281555, 0.95113748312, 1.47662997246, 1.2722568512, 1.34227180481, 1.80566775799, 1.90007424355, 1.87665712833, 1.46682727337]
    dvar: [2557.59741211, 805.913269043, 102.276481628, 29.7476787567, 0.220950990915, 17.3200302124, 7.76939249039, 3.34973168373, 21.3041610718, 2.82212281227, 12.8991174698, 23.327129364, 0.334852397442]
    dvar2: [6419.87207031, 2028.41149902, 212.756607056, 27.7089862823, 0.45484662056, 7.37277650833, 5.84643316269, 2.3126411438, 21.596912384, 4.38801813126, 12.5599298477, 28.6364974976, 0.700679123402]
    kurt: [38.2084617615, 38.3795585632, 14.414308548, 22.1125335693, 3.96381664276, 26.1167640686, 19.0191268921, 22.9895820618, 21.0597877502, 15.0833282471, 18.0456867218, 16.8212985992, 0.0952405929565]
    max: [-871.536682129, 149.821624756, -9.38522338867, -13.8956108093, 0.158798217773, 57.7905273438, 43.2751693726, -0.497138977051, -8.6376953125, -5.95802307129, 34.2840538025, 46.6768875122, 3.13228607178]
    mean: [-1095.91540527, 23.2014350891, -37.7684516907, -48.4352378845, -0.489307999611, 46.8772354126, 35.8568267822, -18.2509918213, -48.3969764709, -18.8273105621, 32.2955856323, 42.1961097717, 0.760940015316]
    median: [-1101.05603027, 20.2585258484, -37.1672477722, -48.4810256958, -0.303527832031, 47.6349182129, 36.3839035034, -18.9657287598, -49.846321106, -19.1167221069, 33.7295188904, 43.8788757324, 0.723999023438]
    min: [-1127.62182617, 6.50071334839, -69.3479232788, -68.9375686646, -3.06367492676, 10.1806488037, 10.3314704895, -19.5438766479, -55.120262146, -23.2162094116, 2.07222366333, 5.52699279785, -0.260856628418]
    skew: [6.2585568428, 6.28161859512, -0.891321659088, 3.05844020844, -2.02214503288, -4.77117776871, -4.08579397202, 4.77092695236, 4.64598751068, 3.77372813225, -4.29171419144, -4.19063234329, 0.698972225189]
    var: [1169.38195801, 371.602203369, 46.6869049072, 37.7030220032, 0.540793597698, 37.6034393311, 21.8015441895, 9.52801322937, 51.3472938538, 6.81761693954, 32.0334587097, 50.3432617188, 0.663695037365]

SpecContrastCoeff:
    dmean: [0.0473398901522, 0.0161240622401, 0.0144458524883, 0.0271538477391, 0.0141756534576, 0.012474023737]
    dmean2: [0.0783498883247, 0.026219073683, 0.0225071012974, 0.0292174313217, 0.0253180041909, 0.0233747400343]
    dvar: [0.00113165518269, 0.000171260195202, 0.000203545758268, 0.00322869443335, 0.000130409549456, 0.000140053787618]
    dvar2: [0.00363343162462, 0.000304600602249, 0.000234938546782, 0.00248093670234, 0.000296901183901, 0.00034729836625]
    kurt: [0.362505674362, 2.75930213928, 7.15182971954, 20.1286411285, 1.86843633652, 0.173669338226]
    max: [-0.84350502491, -0.91102874279, -0.826533317566, -0.285444825888, -0.891446471214, -0.924429655075]
    mean: [-0.935803413391, -0.972939193249, -0.930569887161, -0.341616183519, -0.936830282211, -0.952014744282]
    median: [-0.947466731071, -0.979805231094, -0.938279628754, -0.324219882488, -0.942715108395, -0.958197057247]
    min: [-0.995403707027, -0.98668473959, -0.948720693588, -0.821832239628, -0.948437809944, -0.960675060749]
    skew: [1.07642972469, 1.6874076128, 2.68678832054, -4.44638395309, 1.51520454884, 1.26139068604]
    var: [0.00144211167935, 0.000282912340481, 0.000650794943795, 0.00741517404094, 0.000195366868866, 0.00012649463315]

SpecPeakAmp:
    dmean: [4.49350554845e-05, 4.00105273002e-05, 4.13469933846e-05, 4.24181926064e-05, 4.25891448685e-05]
    dmean2: [7.26573998691e-05, 6.23701998848e-05, 6.39032077743e-05, 6.50850852253e-05, 6.55828916933e-05]
    dvar: [2.55779308844e-08, 2.43558755386e-08, 2.66018407302e-08, 2.81148810899e-08, 2.92403985469e-08]
    dvar2: [6.6304636448e-08, 6.36655812514e-08, 6.84873953105e-08, 7.22668787034e-08, 7.51191464587e-08]
    kurt: [39.6941947937, 39.319644928, 39.9087982178, 39.9120941162, 39.9279594421]
    max: [0.000797545537353, 0.000798169639893, 0.000801251502708, 0.000820538261905, 0.000834349251818]
    mean: [3.77045435016e-05, 2.94530946121e-05, 2.83516528725e-05, 2.90444113489e-05, 2.95684512821e-05]
    median: [1.85995249922e-05, 1.23314257507e-05, 1.20843924378e-05, 1.27903358589e-05, 1.25247815959e-05]
    min: [9.34347826842e-06, 2.06266236091e-06, 2.32355523622e-06, 3.15501438308e-06, 4.12981717091e-06]
    skew: [6.44361257553, 6.40261697769, 6.46896839142, 6.46936511993, 6.47125148773]
    var: [1.31722481811e-08, 1.35413742441e-08, 1.35947288982e-08, 1.42561580319e-08, 1.47360879055e-08]
