
metadata:
    version:
        essentia: "2.1-beta3"

Flux:
    dmean: 0.0327980406582
    dmean2: 0.0437536537647
    dvar: 0.0115909716114
    dvar2: 0.0223724357784
    kurt: 9.33972072601
    max: 0.638232350349
    mean: 0.0430615544319
    median: 0.000713748682756
    min: 0.000135420428705
    skew: 3.26046657562
    var: 0.0195856075734

Rms:
    dmean: 0.013440397568
    dmean2: 0.010160013102
    dvar: 0.00218823738396
    dvar2: 0.000974784139544
    kurt: 21.0254077911
    max: 0.462385356426
    mean: 0.445517301559
    median: 0.461683809757
    min: 0.0838957354426
    skew: -4.54933786392
    var: 0.00410034507513

RollOff:
    dmean: 5.87269163132
    dmean2: 5.5084939003
    dvar: 1251.16650391
    dvar2: 1058.76257324
    kurt: 39.4301986694
    max: 1593.45703125
    mean: 1341.27929688
    median: 1335.05859375
    min: 1335.05859375
    skew: 6.4159412384
    var: 1455.37902832

SpecCent:
    dmean: 6.98073244095
    dmean2: 8.16216945648
    dvar: 533.585998535
    dvar2: 450.627258301
    kurt: 38.6135025024
    max: 1490.85217285
    mean: 1321.51928711
    median: 1317.55432129
    min: 1313.94213867
    skew: 6.31925439835
    var: 662.636047363

Zcr:
    dmean: 0.00224165478721
    dmean2: 0.00189634808339
    dvar: 5.36909647053e-05
    dvar2: 3.60977974196e-05
    kurt: 18.0337371826
    max: 0.06005859375
    mean: 0.0572482645512
    median: 0.0595703125
    min: 0.001953125
    skew: -4.25610160828
    var: 0.000104174672742

HarmonicAmpFreq:
    dmean: [7.94650840759]
    dmean2: [15.8970375061]
    dvar: [1209.59289551]
    dvar2: [3642.80419922]
    kurt: [39.2689552307]
    max: [1319.53076172]
    mean: [1315.47155762]
    median: [1319.53076172]
    min: [1152.56762695]
    skew: [-6.39836788177]
    var: [608.492492676]

HarmonicAmpMag:
    dmean: [3.11590411002e-05]
    dmean2: [4.76861532661e-05]
    dvar: [1.51433088291e-08]
    dvar2: [2.49528646634e-08]
    kurt: [26.0748691559]
    max: [0.000691491004545]
    mean: [2.29165416386e-05]
    median: [0]
    min: [0]
    skew: [5.14674425125]
    var: [1.26657697663e-08]

MfccCoeff:
    dmean: [30.1065387726, 25.4877090454, 24.4497184753, 6.23061323166, 4.46460676193, 5.34192037582, 2.73891878128, 2.03131318092, 2.82573413849, 1.53514790535, 2.01050329208, 2.21913170815, 0.415431678295]
    dmean2: [46.7416038513, 41.3460731506, 36.57629776, 11.435710907, 8.83125400543, 7.66654586792, 4.03796720505, 3.78156733513, 5.01304912567, 2.41221261024, 2.09605789185, 2.90755772591, 0.584567964077]
    dvar: [7858.28955078, 206.062545776, 136.535827637, 57.2071380615, 3.2795112133, 30.2563972473, 20.1854133606, 5.98976755142, 25.7944774628, 5.80755329132, 20.6406536102, 27.8350696564, 0.1038659513]
    dvar2: [19141.3671875, 472.562408447, 391.520385742, 98.8269119263, 11.8923425674, 49.7720108032, 26.2305202484, 11.5405673981, 46.1546096802, 13.3141803741, 15.0787143707, 26.5383777618, 0.320622503757]
    kurt: [27.1280517578, -0.950093269348, -1.10333907604, 8.86929512024, -1.58423399925, 11.5293416977, 14.893491745, 8.8293838501, 11.159070015, 14.5624732971, 19.2303180695, 17.0089931488, 1.93392372131]
    max: [-596.062011719, 105.9688797, -43.1013145447, -45.5744400024, 3.78717041016, 74.927772522, 50.2794113159, -8.63089942932, -24.4189929962, -8.51574516296, 36.0217857361, 46.4738616943, 2.05913543701]
    mean: [-988.285705566, 84.8258590698, -74.4312133789, -84.1037445068, 0.35474306345, 59.0233459473, 41.1163711548, -20.9061756134, -51.4267997742, -19.0911178589, 32.7921981812, 42.188293457, 0.223586648703]
    median: [-997.5390625, 89.8842849731, -71.6179046631, -86.3833999634, 0.975967407227, 59.0111694336, 42.0097885132, -21.3608169556, -53.1455612183, -19.3121337891, 34.3936424255, 44.1329421997, 0.165840148926]
    min: [-1020.45196533, 49.2685050964, -106.101028442, -101.920539856, -3.91995429993, 20.0018920898, 9.60774612427, -23.482208252, -58.3155899048, -23.1601638794, -5.76364707947, 0.785385131836, -0.570121765137]
    skew: [5.20669317245, -0.607203304768, -0.325001180172, 2.83208179474, -0.0617012865841, -2.94486474991, -3.6993200779, 2.89141345024, 3.46110033989, 3.29439496994, -4.36170005798, -4.16363382339, 1.14798665047]
    var: [4247.49462891, 350.195037842, 330.915313721, 89.8929595947, 6.49297618866, 64.9462432861, 37.8781585693, 7.67124414444, 39.6954116821, 4.1658577919, 49.0136032104, 61.4703140259, 0.290104687214]

SpecContrastCoeff:
    dmean: [0.0262400619686, 0.0193019509315, 0.019252371043, 0.0291535239667, 0.0151603557169, 0.00996923446655]
    dmean2: [0.0468097291887, 0.0335721261799, 0.0305697452277, 0.0280826091766, 0.0266408286989, 0.0192643534392]
    dvar: [0.00084413588047, 0.000238952925429, 0.000416960392613, 0.00546972872689, 0.000141560507473, 0.00015026856272]
    dvar2: [0.00164276116993, 0.000431906082667, 0.000774683139753, 0.00306206382811, 0.000315801851684, 0.0003682145325]
    kurt: [4.2010345459, 0.159628391266, 4.99033403397, 22.661233902, 0.421812295914, 1.9545378685]
    max: [-0.859275043011, -0.914944648743, -0.806279242039, -0.132740601897, -0.88655012846, -0.914250016212]
    mean: [-0.970413565636, -0.967347621918, -0.912573933601, -0.180632144213, -0.924950003624, -0.948151290417]
    median: [-0.984368741512, -0.975745916367, -0.921100795269, -0.15711568296, -0.930878996849, -0.954028129578]
    min: [-0.991048336029, -0.983469843864, -0.934905171394, -0.79566937685, -0.937097489834, -0.954386234283]
    skew: [2.06457209587, 1.12981879711, 2.40869760513, -4.69614267349, 1.18677973747, 1.8075709343]
    var: [0.000780421076342, 0.000333367002895, 0.000972909387201, 0.0113394232467, 0.000189460071851, 0.0001165359281]

SpecPeakAmp:
    dmean: [0.000318822276313, 0.000304776214762, 0.000313425407512, 0.000312586838845, 0.000325589935528]
    dmean2: [0.000489032536279, 0.000471064937301, 0.000479123002151, 0.000477775145555, 0.000505531439558]
    dvar: [1.34960293963e-06, 1.24816608604e-06, 1.38074653933e-06, 1.43173053857e-06, 1.4951230014e-06]
    dvar2: [3.50397294824e-06, 3.29456383952e-06, 3.58311376658e-06, 3.70424754692e-06, 3.86576903111e-06]
    kurt: [39.4213981628, 38.4885520935, 39.4828910828, 39.4358787537, 39.4422454834]
    max: [0.0057705976069, 0.00577885704115, 0.00579576240852, 0.00586308911443, 0.00598304439336]
    mean: [0.000237848857068, 0.000244237249717, 0.000236290245084, 0.000244795082835, 0.000268861651421]
    median: [0.000113691850856, 0.000108192551124, 0.000111996334454, 0.000118765579828, 0.000132491826662]
    min: [1.47234623e-05, 1.9533208615e-05, 2.79484847852e-05, 3.7063316995e-05, 5.84920344409e-05]
    skew: [6.41277980804, 6.30905675888, 6.4202542305, 6.41538953781, 6.41543006897]
    var: [7.00631289874e-07, 7.08961636064e-07, 7.0690254006e-07, 7.22340757875e-07, 7.47150920688e-07]
