
metadata:
    version:
        essentia: "2.1-beta3"

Flux:
    dmean: 0.017509996891
    dmean2: 0
    dvar: 0
    dvar2: 0
    kurt: -1.99999988079
    max: 0.385423243046
    mean: 0.3766682446
    median: 0.3766682446
    min: 0.367913246155
    skew: 0
    var: 7.66499942984e-05

Rms:
    dmean: 0
    dmean2: 0
    dvar: 0
    dvar2: 0
    kurt: 0
    max: 0.132477894425
    mean: 0.132477894425
    median: 0.132477894425
    min: 0.132477894425
    skew: 0
    var: 0

RollOff:
    dmean: 473.73046875
    dmean2: 0
    dvar: 0
    dvar2: 0
    kurt: -2
    max: 2347.11914062
    mean: 2110.25390625
    median: 2110.25390625
    min: 1873.38867188
    skew: 0
    var: 56105.140625

SpecCent:
    dmean: 46.4161376953
    dmean2: 0
    dvar: 0
    dvar2: 0
    kurt: -2.00000023842
    max: 1730.41064453
    mean: 1707.20263672
    median: 1707.20263672
    min: 1683.99450684
    skew: -7.92955870565e-06
    var: 538.614501953

Zcr:
    dmean: 0
    dmean2: 0
    dvar: 0
    dvar2: 0
    kurt: 0
    max: 0.0224609375
    mean: 0.0224609375
    median: 0.0224609375
    min: 0.0224609375
    skew: 0
    var: 0

HarmonicAmpFreq:
    dmean: [105.481567383]
    dmean2: [0]
    dvar: [0]
    dvar2: [0]
    kurt: [-2]
    max: [1688.15454102]
    mean: [1635.41381836]
    median: [1635.41381836]
    min: [1582.67297363]
    skew: [-3.51474841409e-06]
    var: [2781.59033203]

HarmonicAmpMag:
    dmean: [0.0861794501543]
    dmean2: [0]
    dvar: [0]
    dvar2: [0]
    kurt: [-1.99999988079]
    max: [0.0861794501543]
    mean: [0.0430897250772]
    median: [0.0430897250772]
    min: [0]
    skew: [0]
    var: [0.00185672438238]

MfccCoeff:
    dmean: [394.064697266, 44.807434082, 46.9950866699, 4.82473754883, 59.4917984009, 18.4004058838, 38.7547683716, 17.1225509644, 21.7199630737, 15.2352142334, 6.61271286011, 9.40607643127, 0.496776580811]
    dmean2: [0, 0, 0, 0, 0, 0, 0, 0, 0, 0, 0, 0, 0]
    dvar: [0, 0, 0, 0, 0, 0, 0, 0, 0, 0, 0, 0, 0]
    dvar2: [0, 0, 0, 0, 0, 0, 0, 0, 0, 0, 0, 0, 0]
    kurt: [-1.99999988079, -2, -2, -2, -2, -2, -2, -2, -2, -2, -1.99999988079, -2, -2]
    max: [-583.048095703, 103.467414856, -86.2455291748, -39.4857254028, 83.4668731689, 36.8501358032, -7.40754890442, -2.62400054932, 20.5210990906, 9.89094543457, 1.00179862976, 7.18935394287, -0.287616729736]
    mean: [-780.080444336, 81.0636978149, -109.74307251, -41.8980941772, 53.7209739685, 27.6499328613, -26.7849311829, -11.1852760315, 9.66111755371, 2.27333831787, -2.30455780029, 2.48631572723, -0.536005020142]
    median: [-780.080444336, 81.0636978149, -109.74307251, -41.8980941772, 53.7209739685, 27.6499328613, -26.7849311829, -11.1852760315, 9.66111755371, 2.27333831787, -2.30455780029, 2.48631572723, -0.536005020142]
    min: [-977.112792969, 58.6599807739, -133.240615845, -44.3104629517, 23.9750766754, 18.4497299194, -46.1623153687, -19.7465515137, -1.19886398315, -5.34426879883, -5.61091423035, -2.2167224884, -0.784393310547]
    skew: [0, 0, 0, 0, 7.42076622373e-08, 0, -1.67774004467e-07, 0, 0, 0, 0, 0, 0]
    var: [38821.7460938, 501.926544189, 552.134521484, 5.8195233345, 884.818481445, 84.643737793, 375.482971191, 73.2954406738, 117.939201355, 58.0279388428, 10.9319925308, 22.1185684204, 0.06169674173]

SpecContrastCoeff:
    dmean: [0.00385218858719, 0.0138897299767, 0.0784910917282, 0.0104301571846, 0.266843020916, 0.0245417356491]
    dmean2: [0, 0, 0, 0, 0, 0]
    dvar: [0, 0, 0, 0, 0, 0]
    dvar2: [0, 0, 0, 0, 0, 0]
    kurt: [-2, -2.00000023842, -2, -2.00000023842, -2, -2]
    max: [-0.988102734089, -0.963501751423, -0.846572518349, -0.753422915936, -0.535634458065, -0.928427934647]
    mean: [-0.990028858185, -0.970446586609, -0.885818064213, -0.75863802433, -0.669055938721, -0.940698802471]
    median: [-0.990028858185, -0.970446586609, -0.885818064213, -0.75863802433, -0.669055938721, -0.940698802471]
    min: [-0.991954922676, -0.9773914814, -0.925063610077, -0.76385307312, -0.802477478981, -0.952969670296]
    skew: [4.6394594392e-05, -1.28549791043e-05, 0, 1.70829152921e-05, -6.8621562832e-07, 0]
    var: [3.70983934772e-06, 4.82311515952e-05, 0.001540212892, 2.71970457106e-05, 0.0178012996912, 0.000150574196596]

SpecPeakAmp:
    dmean: [0.0861055105925, 0.0543332770467, 0.0376178510487, 0.0263183191419, 0.0180000085384]
    dmean2: [0, 0, 0, 0, 0]
    dvar: [0, 0, 0, 0, 0]
    dvar2: [0, 0, 0, 0, 0]
    kurt: [-2, -1.99999988079, -1.99999988079, -2, -2]
    max: [0.0861794501543, 0.0544134415686, 0.0376995392144, 0.0264023989439, 0.0180872622877]
    mean: [0.0431266948581, 0.0272468030453, 0.01889061369, 0.013243239373, 0.00908725801855]
    median: [0.0431266948581, 0.0272468030453, 0.01889061369, 0.013243239373, 0.00908725801855]
    min: [7.3940405855e-05, 8.01630449132e-05, 8.16891842987e-05, 8.40788852656e-05, 8.72536402312e-05]
    skew: [0, -9.07240433889e-08, 1.70851322423e-07, -4.98914012326e-08, 0]
    var: [0.00185353972483, 0.000738026283216, 0.000353775627445, 0.000173163483851, 8.10000783531e-05]
