
metadata:
    version:
        essentia: "2.1-beta3"

Flux:
    dmean: 7.12412702342e-06
    dmean2: 1.09377360786e-05
    dvar: 5.25388954564e-10
    dvar2: 1.12764686477e-09
    kurt: 13.8569469452
    max: 0.000124670594232
    mean: 8.61247281136e-06
    median: 2.71499334303e-06
    min: 8.15051748759e-07
    skew: 3.84602284431
    var: 5.56129420293e-10

Rms:
    dmean: 1.67632867942e-06
    dmean2: 1.54654378548e-06
    dvar: 4.29167673621e-11
    dvar2: 3.25172146154e-11
    kurt: 19.6889152527
    max: 0.000101347250165
    mean: 9.9504555692e-05
    median: 0.000101278237707
    min: 5.88299953961e-05
    skew: -4.51481771469
    var: 5.62183320729e-11

RollOff:
    dmean: 1.00154435635
    dmean2: 1.025390625
    dvar: 20.5633563995
    dvar2: 21.0285148621
    kurt: 17.0419883728
    max: 2670.1171875
    mean: 2649.56420898
    median: 2648.58398438
    min: 2648.58398438
    skew: 4.36339569092
    var: 20.118303299

SpecCent:
    dmean: 2.21419072151
    dmean2: 3.0219669342
    dvar: 11.1179513931
    dvar2: 6.86468362808
    kurt: 29.0063552856
    max: 2669.55371094
    mean: 2641.11303711
    median: 2640.66577148
    min: 2637.79272461
    skew: 5.22636699677
    var: 21.5971698761

Zcr:
    dmean: 0.00288426596671
    dmean2: 0.0029180618003
    dvar: 0.000148028178955
    dvar2: 0.000139628027682
    kurt: 17.3112850189
    max: 0.1201171875
    mean: 0.116776898503
    median: 0.11962890625
    min: 0.0556640625
    skew: -4.37652730942
    var: 0.000156976428116

HarmonicAmpFreq:
    dmean: [0]
    dmean2: [0]
    dvar: [0]
    dvar2: [0]
    kurt: [-2]
    max: [2641.34960938]
    mean: [2641.35107422]
    median: [2641.34960938]
    min: [2641.34960938]
    skew: [-1]
    var: [2.14576721191e-06]

HarmonicAmpMag:
    dmean: [0]
    dmean2: [0]
    dvar: [0]
    dvar2: [0]
    kurt: [nan]
    max: [0]
    mean: [0]
    median: [0]
    min: [0]
    skew: [nan]
    var: [0]

MfccCoeff:
    dmean: [0.0431248880923, 0.0118983071297, 0.0563574507833, 0.033891543746, 0.0431344658136, 0.0507226996124, 0.02334452793, 0.0598300658166, 0, 0.0598302446306, 0.0233457703143, 0.0507214553654, 0.0431349985301]
    dmean2: [0.0441429503262, 0.012178693898, 0.0576705932617, 0.0346810482442, 0.0441382266581, 0.051908582449, 0.0238905400038, 0.0612251646817, 0, 0.0612262561917, 0.0238910857588, 0.0519036799669, 0.0441409535706]
    dvar: [0.0384381935, 0.00292637734674, 0.0656265690923, 0.0237316861749, 0.0384446196258, 0.0531561635435, 0.0112600717694, 0.0739609897137, 0, 0.0739610046148, 0.0112597439438, 0.0531552284956, 0.0384435281157]
    dvar2: [0.0388595573604, 0.00295866979286, 0.0663522258401, 0.0239932760596, 0.0388698987663, 0.0537443049252, 0.0113846035674, 0.0747791528702, 0, 0.0747790262103, 0.0113842412829, 0.0537429153919, 0.0388686284423]
    kurt: [19.8187141418, 19.7876491547, 19.7869968414, 19.7865600586, 19.7869167328, 19.7868251801, 19.7870330811, 19.7867946625, nan, 19.7868862152, 19.7868518829, 19.786939621, 19.7868843079]
    max: [-1137.33190918, 1.14440917969e-05, -6.103515625e-05, 0.854999542236, 1.08807373047, 2.28881835938e-05, -2.67028808594e-05, 1.5092086792, -4.57763671875e-05, -2.28881835938e-05, 0.588863372803, 1.27946472168, -3.81469726562e-05]
    mean: [-1137.37438965, -0.28840047121, -1.36587285995, 0.821410119534, 1.04530537128, -1.22918522358, -0.565774381161, 1.44988977909, -4.57763671875e-05, -1.44996833801, 0.565713703632, 1.22917604446, -1.04538869858]
    median: [-1137.33276367, -0.299976348877, -1.42070007324, 0.854389190674, 1.08726501465, -1.27852630615, -0.588481903076, 1.5080871582, -4.57763671875e-05, -1.50817108154, 0.58842086792, 1.27851867676, -1.08734893799]
    min: [-1138.42004395, -0.300189971924, -1.42175292969, 8.01086425781e-05, -6.103515625e-05, -1.27947235107, -0.588924407959, -5.34057617188e-05, -4.57763671875e-05, -1.50929260254, -2.67028808594e-05, -3.0517578125e-05, -1.08815765381]
    skew: [-4.60081195831, 4.59577131271, 4.59571886063, -4.5956788063, -4.5957069397, 4.59570121765, 4.59571886063, -4.59569835663, nan, 4.5957069397, -4.59570360184, -4.59570884705, 4.59570550919]
    var: [0.0380606986582, 0.00289737596177, 0.0649791955948, 0.0234983395785, 0.0380654707551, 0.0526316761971, 0.0111490311101, 0.0732316449285, 0, 0.0732315480709, 0.0111488439143, 0.0526312328875, 0.0380643941462]

SpecContrastCoeff:
    dmean: [0.0200789347291, 0.024738997221, 0.0122543061152, 0.00882154610008, 0.0125554297119, 0.0134290196002]
    dmean2: [0.0294202789664, 0.03961160779, 0.0156077900901, 0.0134244281799, 0.0169710312039, 0.0208962336183]
    dvar: [0.00138150108978, 0.000452180072898, 0.000562206318136, 0.000100389683212, 0.000432107772212, 0.00010173174087]
    dvar2: [0.00131690304261, 0.000682415498886, 0.000491725979373, 0.000145001846249, 0.000398292962927, 0.000204685638892]
    kurt: [14.6312007904, 6.63045406342, 16.1948547363, 8.61590385437, 15.0755310059, 4.87843513489]
    max: [-0.616063058376, -0.80664306879, -0.819822251797, -0.882089078426, -0.660533905029, -0.84470552206]
    mean: [-0.657138943672, -0.851559460163, -0.837114334106, -0.902573406696, -0.676721274853, -0.875729620457]
    median: [-0.649581730366, -0.848686337471, -0.83190369606, -0.900664687157, -0.672246098518, -0.874131560326]
    min: [-0.844452381134, -0.972859740257, -0.972882449627, -0.959162890911, -0.791492581367, -0.93102222681]
    skew: [-3.91373610497, -2.23628664017, -4.08342599869, -2.52294588089, -3.97427630424, -1.54025053978]
    var: [0.00177565519698, 0.000872865319252, 0.000732478452846, 0.00016163973487, 0.000593234784901, 0.000204226787901]

SpecPeakAmp:
    dmean: [5.57237740395e-07, 1.04438669268e-07, 5.34242623473e-08, 3.23502803212e-07, 3.98761955012e-07]
    dmean2: [8.96765413927e-07, 1.39168491842e-07, 6.69155184596e-08, 6.10002302892e-07, 7.1720461392e-07]
    dvar: [3.40561346485e-13, 5.50981650712e-14, 2.01614136356e-14, 1.09212782589e-13, 9.20818664916e-14]
    dvar2: [3.34349681188e-13, 5.45123740256e-14, 1.78739266226e-14, 3.01103543141e-13, 1.40143823738e-13]
    kurt: [18.2608776093, 19.7082462311, 16.8725662231, -0.92765045166, 0.708899021149]
    max: [1.72348900378e-05, 1.52234247253e-06, 8.37729487557e-07, 9.42569840845e-07, 1.888949555e-06]
    mean: [1.66141799127e-05, 1.69438052922e-07, 1.17165889435e-07, 3.13537867669e-07, 5.30283045919e-07]
    median: [1.67238704307e-05, 1.22789629131e-07, 9.17600715411e-08, 1.05385119298e-07, 6.18585204393e-07]
    min: [1.26395543703e-05, 4.94970251452e-08, 4.99313337343e-08, 6.77350371348e-08, 4.08892120163e-08]
    skew: [-3.964012146, 4.49349117279, 4.28988981247, 0.962190210819, 0.610786378384]
    var: [5.27919450776e-13, 6.22321747086e-14, 2.18695555236e-14, 1.08358092464e-13, 1.63389646864e-13]
