
metadata:
    version:
        essentia: "2.1-beta3"

Flux:
    dmean: 0.000162749871379
    dmean2: 0.000216247994103
    dvar: 2.85588640736e-07
    dvar2: 5.64916831536e-07
    kurt: 9.56215572357
    max: 0.00309882708825
    mean: 0.000213060237002
    median: 8.03389139037e-06
    min: 5.50943468625e-06
    skew: 3.29243612289
    var: 4.61749976921e-07

Rms:
    dmean: 6.33731906419e-05
    dmean2: 4.66955934826e-05
    dvar: 5.20941725313e-08
    dvar2: 2.33898038715e-08
    kurt: 20.8621883392
    max: 0.00223902682774
    mean: 0.00215935381129
    median: 0.00223857816309
    min: 0.000405592552852
    skew: -4.53407764435
    var: 9.69018714159e-08

RollOff:
    dmean: 6.36208295822
    dmean2: 6.00926589966
    dvar: 1255.71704102
    dvar2: 1063.77819824
    kurt: 38.8712425232
    max: 2906.98242188
    mean: 2655.28466797
    median: 2648.58398438
    min: 2648.58398438
    skew: 6.35261535645
    var: 1459.50073242

SpecCent:
    dmean: 2.0920522213
    dmean2: 2.50903892517
    dvar: 63.7899131775
    dvar2: 43.687828064
    kurt: 38.069984436
    max: 2685.81420898
    mean: 2624.70800781
    median: 2623.19067383
    min: 2621.00170898
    skew: 6.26753044128
    var: 86.8675765991

Zcr:
    dmean: 0.00400612549856
    dmean2: 0.00283884443343
    dvar: 0.000217108055949
    dvar2: 0.000147212398588
    kurt: 17.7921218872
    max: 0.11962890625
    mean: 0.114496529102
    median: 0.11962890625
    min: 0.00439453125
    skew: -4.23457813263
    var: 0.000416560971644

HarmonicAmpFreq:
    dmean: [0.368619054556]
    dmean2: [0.377191573381]
    dvar: [5.8428401947]
    dvar2: [5.97548675537]
    kurt: [40.0102920532]
    max: [2641.34692383]
    mean: [2640.98535156]
    median: [2641.34692383]
    min: [2625.12768555]
    skew: [-6.48105573654]
    var: [5.71595335007]

HarmonicAmpMag:
    dmean: [7.64458008007e-08]
    dmean2: [7.82236071473e-08]
    dvar: [2.51290280901e-13]
    dvar2: [2.56995190103e-13]
    kurt: [40.022731781]
    max: [3.36361517839e-06]
    mean: [7.47470068063e-08]
    median: [0]
    min: [0]
    skew: [6.48249435425]
    var: [2.45833030581e-13]

MfccCoeff:
    dmean: [0.806554615498, 0.182919591665, 1.06022822857, 0.510294139385, 0.839160740376, 0.733482718468, 0.531427621841, 0.816340386868, 0.209926858544, 0.760601937771, 0.0655895546079, 0.677048325539, 0.244832992554]
    dmean2: [0.963648617268, 0.219246804714, 1.26003754139, 0.605978310108, 0.98007619381, 0.853650450706, 0.598188281059, 0.917522013187, 0.213704392314, 0.806717097759, 0.0921116322279, 0.654028713703, 0.259281605482]
    dvar: [13.8015165329, 0.710458993912, 23.9949417114, 5.59276008606, 15.351143837, 11.8614721298, 6.4586687088, 15.4363126755, 1.13955843449, 14.6565914154, 0.0961808934808, 10.7086114883, 1.57325017452]
    dvar2: [21.2797756195, 1.10447096825, 36.4639625549, 8.47584724426, 22.2366695404, 17.0064563751, 8.45506286621, 20.1144542694, 1.14992797375, 16.3807907104, 0.211259067059, 9.44080257416, 1.75079929829]
    kurt: [26.8550930023, 26.7514286041, 27.3227767944, 27.613571167, 28.683303833, 29.2157325745, 30.6495628357, 31.1495475769, 31.7177047729, 32.5597267151, 22.088552475, 32.3392181396, 33.7821884155]
    max: [-1114.5760498, 1.14440917969e-05, -6.103515625e-05, 15.2166481018, 25.2659797668, 2.28881835938e-05, -2.67028808594e-05, 25.4758396149, 6.8709602356, -2.28881835938e-05, 1.80878067017, 22.5706501007, -3.81469726562e-05]
    mean: [-1120.91955566, -3.94303822517, -23.4098205566, 11.3509931564, 19.5694923401, -17.3925170898, -13.7349634171, 21.3738288879, 6.66443395615, -22.8894309998, 0.74401050806, 21.8710918427, -7.58388757706]
    median: [-1120.52807617, -4.02986526489, -23.9438591003, 11.6094093323, 20.0415496826, -17.8137283325, -14.0983352661, 21.9359226227, 6.87063980103, -23.5511245728, 0.736591339111, 22.5697727203, -7.79800796509]
    min: [-1138.42004395, -5.40990066528, -31.4806938171, 8.01086425781e-05, -6.103515625e-05, -22.2520980835, -16.439994812, -5.34057617188e-05, -4.57763671875e-05, -24.7791061401, -2.67028808594e-05, -3.0517578125e-05, -8.17727279663]
    skew: [-4.73884868622, 4.69621133804, 4.83821439743, -4.87691164017, -5.10974979401, 5.18532991409, 5.46244430542, -5.51497268677, -5.65436077118, 5.72566223145, 2.42879533768, -5.70195960999, 5.84221935272]
    var: [8.4617767334, 0.430578112602, 15.0010957718, 3.50779414177, 10.2214202881, 7.99921751022, 4.87312698364, 11.7060747147, 1.12977516651, 13.1477918625, 0.0375493913889, 12.0419445038, 1.41711807251]

SpecContrastCoeff:
    dmean: [0.046542596072, 0.023787887767, 0.0148822627962, 0.0120021188632, 0.0219839066267, 0.00607316475362]
    dmean2: [0.0841475203633, 0.0423575900495, 0.0263242051005, 0.0220476854593, 0.0342957191169, 0.0108166681603]
    dvar: [0.00128760968801, 0.000308195973048, 0.000182259958819, 5.61121414648e-05, 0.00126159645151, 2.9925344279e-05]
    dvar2: [0.00287411315367, 0.000844119233079, 0.000507461139932, 0.000157813949045, 0.00141034740955, 9.02468964341e-05]
    kurt: [6.98813247681, 1.48930501938, 2.88441944122, 0.146846532822, 18.1792907715, 2.76288938522]
    max: [-0.675752162933, -0.898188352585, -0.915871024132, -0.911346852779, -0.514637827873, -0.90620547533]
    mean: [-0.750568449497, -0.932541131973, -0.940944135189, -0.936983942986, -0.553875207901, -0.923946917057]
    median: [-0.745952367783, -0.936021566391, -0.939996480942, -0.937827527523, -0.543836772442, -0.923330008984]
    min: [-0.96681445837, -0.995234668255, -0.989047348499, -0.951767802238, -0.850167930126, -0.944880008698]
    skew: [-2.39181041718, -0.568208515644, -1.22944259644, 0.550137281418, -4.26887559891, -0.677441895008]
    var: [0.00268594943918, 0.000344583881088, 0.000175122433575, 7.98804321676e-05, 0.00305227912031, 4.19043717557e-05]

SpecPeakAmp:
    dmean: [1.49832999341e-06, 9.0451254664e-07, 8.45604517963e-07, 8.01570479325e-07, 8.78700291196e-07]
    dmean2: [2.2418869321e-06, 1.4470615497e-06, 1.35352843245e-06, 1.33849391659e-06, 1.40742042731e-06]
    dvar: [1.49567736668e-11, 8.04316422492e-12, 8.11100145381e-12, 6.68415713403e-12, 8.71996658908e-12]
    dvar2: [2.73785438765e-11, 2.030240559e-11, 2.05395422892e-11, 1.74061095398e-11, 2.20174659754e-11]
    kurt: [21.8076839447, 38.8513069153, 39.375415802, 36.0986976624, 39.4766235352]
    max: [2.5497203751e-05, 1.45566837091e-05, 1.4636857486e-05, 1.4519112483e-05, 1.51130216182e-05]
    mean: [1.6510100977e-05, 1.07459641185e-06, 7.93562094259e-07, 8.59330043568e-07, 8.29293924198e-07]
    median: [1.68045935425e-05, 7.47063268136e-07, 4.89711737828e-07, 4.61029401322e-07, 5.18274873684e-07]
    min: [5.01767317473e-07, 3.06909214487e-07, 1.40610922017e-07, 1.94302771206e-07, 1.62063699349e-07]
    skew: [-3.31730437279, 6.34534025192, 6.40623950958, 6.06053304672, 6.41780090332]
    var: [8.05020633488e-12, 4.18857179843e-12, 4.38857283847e-12, 4.4509912249e-12, 4.66669454816e-12]
