
metadata:
    version:
        essentia: "2.1-beta3"

Flux:
    dmean: 0.00364191224799
    dmean2: 0.00480725988746
    dvar: 0.000143514218507
    dvar2: 0.000283217261313
    kurt: 9.57598686218
    max: 0.0695013031363
    mean: 0.00468354439363
    median: 8.70244330144e-05
    min: 1.99375699594e-05
    skew: 3.29382610321
    var: 0.000232455757214

Rms:
    dmean: 0.00141578319017
    dmean2: 0.00104242214002
    dvar: 2.59742828348e-05
    dvar2: 1.16667561088e-05
    kurt: 20.8075962067
    max: 0.0501286946237
    mean: 0.0483494400978
    median: 0.0501199811697
    min: 0.00920576322824
    skew: -4.5287861824
    var: 4.83470976178e-05

RollOff:
    dmean: 7.83025550842
    dmean2: 7.51158237457
    dvar: 2025.24182129
    dvar2: 1787.50793457
    kurt: 39.2810211182
    max: 2971.58203125
    mean: 2656.72021484
    median: 2648.58398438
    min: 2648.58398438
    skew: 6.39808225632
    var: 2272.82763672

SpecCent:
    dmean: 6.59533119202
    dmean2: 6.92842149734
    dvar: 1267.23413086
    dvar2: 1103.30895996
    kurt: 39.5502548218
    max: 2880.66210938
    mean: 2629.11865234
    median: 2623.12866211
    min: 2618.08325195
    skew: 6.42873859406
    var: 1446.01818848

Zcr:
    dmean: 0.0040283203125
    dmean2: 0.00288426596671
    dvar: 0.000216940592509
    dvar2: 0.000146985796164
    kurt: 17.7936935425
    max: 0.11962890625
    mean: 0.114485673606
    median: 0.11962890625
    min: 0.00439453125
    skew: -4.23469495773
    var: 0.000416454713559

HarmonicAmpFreq:
    dmean: [0.419799804688]
    dmean2: [0.429562598467]
    dvar: [7.5779709816]
    dvar2: [7.75000762939]
    kurt: [40.0303688049]
    max: [2659.81616211]
    mean: [2641.75463867]
    median: [2641.3449707]
    min: [2641.3449707]
    skew: [6.4833779335]
    var: [7.41340112686]

HarmonicAmpMag:
    dmean: [1.77034553417e-06]
    dmean2: [1.81151631296e-06]
    dvar: [1.34767308424e-10]
    dvar2: [1.3782683328e-10]
    kurt: [40.0227279663]
    max: [7.78952016844e-05]
    mean: [1.73100443135e-06]
    median: [0]
    min: [0]
    skew: [6.48249340057]
    var: [1.3184058012e-10]

MfccCoeff:
    dmean: [9.62400913239, 2.44106793404, 4.26892185211, 0.669946849346, 1.03719055653, 0.94459438324, 0.930108785629, 1.0536750555, 0.84714692831, 1.06811797619, 0.666408002377, 1.15252232552, 0.974900186062]
    dmean2: [14.3580121994, 3.66027379036, 6.03264808655, 0.779416739941, 0.925018131733, 1.05162727833, 1.11402249336, 0.882542967796, 1.44259333611, 0.981710731983, 1.29449856281, 1.31073367596, 1.56776511669]
    dvar: [1883.90612793, 115.772193909, 355.440460205, 7.07380962372, 12.1854801178, 13.454003334, 6.67657470703, 13.9907979965, 2.14839696884, 17.5702934265, 0.246558651328, 18.6462879181, 1.58716082573]
    dvar2: [4687.1015625, 289.01550293, 801.231933594, 6.3620390892, 4.51232862473, 8.99321556091, 2.45010280609, 7.16865587234, 2.86450815201, 14.105471611, 0.628461241722, 19.2823486328, 1.853551507]
    kurt: [38.0572357178, 38.4178085327, 24.113368988, 35.7257881165, 28.6420459747, 35.7927207947, 31.9621276855, 25.9011421204, 15.7096233368, 22.4898910522, 9.69080066681, 19.6657028198, 20.0849552155]
    max: [-909.189941406, -1.59672927856, -8.54064941406, 27.1360054016, 42.8363838196, -6.61388397217, -4.13523483276, 46.2220840454, 14.2465858459, -7.3885269165, 4.5444984436, 44.7226028442, -3.2299118042]
    mean: [-1098.62426758, -9.07706546783, -48.9819450378, 22.9797821045, 39.2890930176, -35.0358200073, -27.5380725861, 42.6115913391, 13.2087974548, -45.2956008911, 1.37495875359, 42.9645271301, -14.6816062927]
    median: [-1102.3951416, -8.10069656372, -48.1876335144, 23.2976875305, 40.2664222717, -35.6493186951, -28.2478103638, 43.7259140015, 13.7763557434, -46.7170257568, 1.28951644897, 44.5467300415, -15.0278739929]
    min: [-1131.92297363, -56.5007553101, -116.756408691, 4.50319290161, 6.73231506348, -39.6294364929, -28.5859909058, 7.60167121887, 1.2666015625, -48.3076477051, 0.735370635986, 6.15082550049, -18.0345726013]
    skew: [6.22182273865, -6.27359724045, -3.30474948883, -5.9001531601, -5.35311841965, 5.97542476654, 5.6640753746, -5.1110124588, -4.06324529648, 4.82145309448, 2.90179848671, -4.53334331512, 4.29973506927]
    var: [835.266174316, 52.1106987, 139.591247559, 8.18929195404, 28.4236183167, 19.346244812, 13.8692541122, 34.8064041138, 5.85219192505, 44.7895736694, 0.523379921913, 46.3407287598, 4.26116657257]

SpecContrastCoeff:
    dmean: [0.0590077526867, 0.0147627685219, 0.0149912508205, 0.0186174232513, 0.0287144947797, 0.0179825648665]
    dmean2: [0.11972797662, 0.0262653306127, 0.0265454910696, 0.0367349982262, 0.0414299815893, 0.0357440076768]
    dvar: [0.0022111737635, 0.000245228904532, 0.000170919563971, 0.000130272950628, 0.00207666051574, 0.00017322054191]
    dvar2: [0.00784266740084, 0.000588797032833, 0.000320756371366, 0.000395213835873, 0.0016312453663, 0.000653444207273]
    kurt: [0.273188829422, 10.9946527481, 11.9942092896, 1.91635513306, 18.9520244598, -0.0235838890076]
    max: [-0.794248819351, -0.887404501438, -0.88146841526, -0.883186399937, -0.369818776846, -0.90787512064]
    mean: [-0.917448103428, -0.982733249664, -0.978530883789, -0.93484300375, -0.419333279133, -0.939115226269]
    median: [-0.938374757767, -0.990234732628, -0.986142396927, -0.939551234245, -0.404842168093, -0.944842159748]
    min: [-0.958818376064, -0.995872557163, -0.991221189499, -0.950405955315, -0.82462310791, -0.950042009354]
    skew: [1.24397695065, 3.02661299706, 3.14073038101, 1.42878675461, -4.33566188812, 1.13750731945]
    var: [0.00200571725145, 0.000371680856915, 0.000372503622202, 0.000250367185799, 0.00552008999512, 0.000163297256222]

SpecPeakAmp:
    dmean: [8.70426902111e-06, 7.02910574546e-06, 7.18647379472e-06, 7.18591036275e-06, 6.95791959515e-06]
    dmean2: [1.42033868542e-05, 1.3223161659e-05, 1.3475409105e-05, 1.35646378112e-05, 1.25099095385e-05]
    dvar: [4.56236402824e-11, 5.29101415458e-11, 6.47243161844e-11, 6.87225554241e-11, 6.13438813635e-11]
    dvar2: [8.45532047156e-11, 1.46569603676e-10, 1.77442602278e-10, 1.91443041975e-10, 8.76272387984e-11]
    kurt: [-0.433921813965, 19.1110496521, 23.2241535187, 24.7346878052, 17.4001808167]
    max: [3.67953762179e-05, 4.15864633396e-05, 4.75148190162e-05, 5.2479092119e-05, 7.78952016844e-05]
    mean: [1.77314377652e-05, 7.63290881878e-06, 7.84670464782e-06, 8.1805519585e-06, 9.80413824436e-06]
    median: [1.58456823556e-05, 7.47126205169e-06, 7.47022249925e-06, 7.85780139267e-06, 7.89755813457e-06]
    min: [2.52766631093e-06, 8.20302830107e-07, 9.45188219248e-07, 1.2710078181e-06, 1.39016219691e-06]
    skew: [0.377140820026, 3.7389729023, 4.32529163361, 4.5496172905, 4.18179798126]
    var: [4.91590518292e-11, 3.67212198149e-11, 4.59292257005e-11, 5.56658191764e-11, 1.70589375958e-10]
