
metadata:
    version:
        essentia: "2.1-beta3"

Flux:
    dmean: 0.0254029743373
    dmean2: 0.0333790071309
    dvar: 0.00677847070619
    dvar2: 0.0129795363173
    kurt: 9.47093677521
    max: 0.492450028658
    mean: 0.0332747921348
    median: 0.00100620742887
    min: 7.81984053901e-05
    skew: 3.27558064461
    var: 0.0114815523848

Rms:
    dmean: 0.0106051461771
    dmean2: 0.00855145230889
    dvar: 0.00128192000557
    dvar2: 0.000575090642087
    kurt: 21.0507488251
    max: 0.354122966528
    mean: 0.341026246548
    median: 0.353346049786
    min: 0.0647772178054
    skew: -4.55308914185
    var: 0.00239205127582

RollOff:
    dmean: 9.29842853546
    dmean2: 9.01389884949
    dvar: 2980.14233398
    dvar2: 2700.82275391
    kurt: 39.5065956116
    max: 1055.12695312
    mean: 677.099609375
    median: 667.529296875
    min: 667.529296875
    skew: 6.42339038849
    var: 3267.50439453

SpecCent:
    dmean: 16.9667053223
    dmean2: 18.1939983368
    dvar: 7430.61132812
    dvar2: 6178.78417969
    kurt: 39.4022941589
    max: 1292.09020996
    mean: 674.61541748
    median: 659.523925781
    min: 657.085632324
    skew: 6.41264390945
    var: 8728.59277344

Zcr:
    dmean: 0.00120960583445
    dmean2: 0.00112418236677
    dvar: 1.29774352899e-05
    dvar2: 8.12325379229e-06
    kurt: 17.9914798737
    max: 0.0302734375
    mean: 0.0286241322756
    median: 0.02978515625
    min: 0.0009765625
    skew: -4.24877786636
    var: 2.60701563093e-05

HarmonicAmpFreq:
    dmean: [1.38364207745]
    dmean2: [1.584425807]
    dvar: [63.4616966248]
    dvar2: [65.4195098877]
    kurt: [39.8937606812]
    max: [713.93737793]
    mean: [661.731140137]
    median: [660.659912109]
    min: [659.691772461]
    skew: [6.46706295013]
    var: [62.0362510681]

HarmonicAmpMag:
    dmean: [0.0875623598695]
    dmean2: [0.163471698761]
    dvar: [0.0319238528609]
    dvar2: [0.0821443125606]
    kurt: [2.32978343964]
    max: [0.481454998255]
    mean: [0.412889957428]
    median: [0.481369823217]
    min: [0]
    skew: [-2.05875587463]
    var: [0.0270357709378]

MfccCoeff:
    dmean: [29.6134643555, 15.9115896225, 34.3886375427, 12.353468895, 6.94586038589, 5.886677742, 3.38386917114, 2.08522129059, 2.59593582153, 2.57635712624, 2.44528055191, 1.03040230274, 1.70442342758]
    dmean2: [45.9104118347, 29.8395309448, 62.3126525879, 23.2538414001, 9.84920215607, 10.7659320831, 6.18610239029, 2.61624407768, 3.30551075935, 3.2915327549, 3.29786396027, 1.76538968086, 2.52403473854]
    dvar: [7333.71728516, 106.060188293, 343.950714111, 61.2954216003, 33.5141143799, 51.4948120117, 9.90231227875, 2.36496567726, 21.733549118, 27.646818161, 11.8645572662, 1.60984075069, 13.6166257858]
    dvar2: [17666.9179688, 256.645294189, 1145.65734863, 153.128128052, 59.6846542358, 109.727043152, 23.356502533, 3.43414473534, 16.7884597778, 20.1574745178, 7.74681138992, 4.17045640945, 19.7858924866]
    kurt: [28.4942970276, 0.469714403152, -1.38097798824, -0.352663993835, 9.81429576874, 7.33761882782, 3.59030008316, 10.6625347137, 16.5902233124, 17.918170929, 18.3283214569, 3.66534757614, 12.9714775085]
    max: [-604.075073242, 144.006744385, 45.640537262, -32.9151992798, -30.2889823914, -25.174282074, -10.8268508911, 19.5316867828, 47.4719200134, 51.3895492554, 31.5975456238, 0.736198425293, -4.11064147949]
    mean: [-984.378967285, 132.682785034, 12.6832504272, -53.1289978027, -70.7762145996, -57.7773590088, -22.2600593567, 16.8987026215, 43.0975265503, 47.1398239136, 27.8357715607, -3.03703141212, -30.2444877625]
    median: [-994.526733398, 136.732910156, 13.0238342285, -52.7346572876, -71.0875396729, -58.0929679871, -22.4351501465, 18.0004673004, 45.0044136047, 49.2778625488, 29.3436851501, -3.05895996094, -31.46667099]
    min: [-1024.2298584, 94.0042800903, -22.5542030334, -69.8015518188, -88.4194335938, -71.7696533203, -33.1620559692, -0.334678649902, 3.07234573364, 1.40064239502, -4.37619400024, -6.48083496094, -33.5505638123]
    skew: [5.32106876373, -1.06065618992, 0.000203496019822, -0.00107010267675, 2.47731280327, 2.17046737671, 0.263799220324, -2.97063302994, -4.06089639664, -4.24074077606, -4.19055747986, 0.273657858372, 3.70439767838]
    var: [3884.41748047, 149.708328247, 507.369537354, 78.5230178833, 73.7384414673, 60.3629112244, 11.6776161194, 12.4998340607, 58.0545692444, 72.6113510132, 34.8868370056, 1.2433924675, 30.0295295715]

SpecContrastCoeff:
    dmean: [0.0388667844236, 0.0401873104274, 0.0374769419432, 0.0138477114961, 0.0098366709426, 0.00582893472165]
    dmean2: [0.076048694551, 0.0492658130825, 0.042856041342, 0.0261353421956, 0.0176340341568, 0.00955909769982]
    dvar: [0.00145432958379, 0.00687509588897, 0.00614500232041, 0.000114974704047, 0.000118657924759, 9.51780020841e-05]
    dvar2: [0.00338772521354, 0.00357587286271, 0.00319033651613, 0.000247136194957, 0.000229933692026, 0.000220989706577]
    kurt: [0.957416534424, 25.0649223328, 21.3102684021, 2.07329750061, 8.87167453766, 9.52982521057]
    max: [-0.847658932209, -0.168758660555, -0.187037080526, -0.889617204666, -0.888643622398, -0.907629132271]
    mean: [-0.958174228668, -0.217952117324, -0.232552722096, -0.933805167675, -0.946498632431, -0.954037725925]
    median: [-0.978912830353, -0.195946261287, -0.206893488765, -0.939550995827, -0.952444791794, -0.957546055317]
    min: [-0.9860663414, -0.935571849346, -0.911379277706, -0.944228172302, -0.953042924404, -0.958986103535]
    skew: [1.46627056599, -4.92511510849, -4.56095123291, 1.52003836632, 2.80588698387, 3.12699890137]
    var: [0.0014003557153, 0.014660644345, 0.0142868701369, 0.000155613408424, 0.000151904197992, 0.000103946331365]
