
metadata:
    version:
        essentia: "2.1-beta3"

Flux:
    dmean: 0.0326752327383
    dmean2: 0.0430245921016
    dvar: 0.0116400932893
    dvar2: 0.0224222633988
    kurt: 9.41394901276
    max: 0.641132235527
    mean: 0.0431418903172
    median: 0.000805815681815
    min: 0.00013022897474
    skew: 3.26915311813
    var: 0.0196078270674

Rms:
    dmean: 0.0130185000598
    dmean2: 0.00963871832937
    dvar: 0.00221244385466
    dvar2: 0.0010026715463
    kurt: 21.0459575653
    max: 0.461857289076
    mean: 0.445541918278
    median: 0.461779028177
    min: 0.0840768590569
    skew: -4.55274391174
    var: 0.00409603631124

RollOff:
    dmean: 6.36208295822
    dmean2: 6.00926589966
    dvar: 1255.71704102
    dvar2: 1063.77819824
    kurt: 38.8712425232
    max: 2906.98242188
    mean: 2655.28466797
    median: 2648.58398438
    min: 2648.58398438
    skew: 6.35261535645
    var: 1459.50073242

SpecCent:
    dmean: 3.47220134735
    dmean2: 4.18495082855
    dvar: 299.948455811
    dvar2: 299.320526123
    kurt: 39.870059967
    max: 2741.02880859
    mean: 2625.75366211
    median: 2623.11328125
    min: 2620.81762695
    skew: 6.46453475952
    var: 302.546173096

Zcr:
    dmean: 0.00403941748664
    dmean2: 0.00290697673336
    dvar: 0.000215436884901
    dvar2: 0.000146588135976
    kurt: 17.7957191467
    max: 0.11962890625
    mean: 0.114474825561
    median: 0.11962890625
    min: 0.00439453125
    skew: -4.23450279236
    var: 0.000416252936702

HarmonicAmpFreq:
    dmean: [0.140480741858]
    dmean2: [0.143747732043]
    dvar: [0.848598062992]
    dvar2: [0.867863118649]
    kurt: [40.0409049988]
    max: [2641.3425293]
    mean: [2641.20581055]
    median: [2641.3425293]
    min: [2635.16137695]
    skew: [-6.48459672928]
    var: [0.83016949892]

HarmonicAmpMag:
    dmean: [1.61199932336e-05]
    dmean2: [1.64948760357e-05]
    dvar: [1.1173728609e-08]
    dvar2: [1.14273994711e-08]
    kurt: [40.022731781]
    max: [0.000709279673174]
    mean: [1.57617705554e-05]
    median: [0]
    min: [0]
    skew: [6.48249435425]
    var: [1.09310702712e-08]

MfccCoeff:
    dmean: [43.9817199707, 41.6983909607, 9.60053539276, 10.9196224213, 5.64884853363, 5.55687236786, 2.34301519394, 2.44581913948, 1.2917098999, 2.61692142487, 1.02511489391, 2.06347632408, 0.839376986027]
    dmean2: [75.8805541992, 84.4362335205, 17.7557735443, 21.4151077271, 10.2815036774, 10.4975852966, 4.01133203506, 3.10464644432, 1.74663364887, 4.72274160385, 1.80108678341, 2.63502049446, 1.12407624722]
    dvar: [6929.12353516, 473.982910156, 30.4710922241, 39.2395782471, 28.11186409, 18.7019138336, 8.02097511292, 28.9955253601, 4.67678117752, 25.5959091187, 1.92700302601, 26.8678760529, 2.02672457695]
    dvar2: [16965.6953125, 1741.68200684, 91.2091751099, 158.637496948, 40.4466209412, 33.2204208374, 11.2754087448, 37.6399879456, 3.6043510437, 42.5575790405, 1.92398953438, 27.1031856537, 2.39991950989]
    kurt: [26.6333122253, -1.34663379192, 9.88890266418, -0.211467027664, 7.66494655609, 6.34342098236, 13.4571914673, 17.2671508789, 16.7337150574, 11.548037529, 23.9376964569, 16.5652713776, 16.005607605]
    max: [-618.440307617, 41.1897010803, -67.4108428955, 53.4749298096, 72.8464813232, -25.3951225281, -11.5000610352, 61.3683013916, 15.5239219666, -21.1411972046, 4.91274642944, 49.2624206543, -4.02079772949]
    mean: [-992.944763184, 6.7389831543, -109.739051819, 41.9887123108, 60.0515823364, -48.6263389587, -32.0803337097, 49.8660163879, 13.2556591034, -48.8889198303, 1.7462117672, 43.9735641479, -14.9487342834]
    median: [-996.678649902, 14.6091423035, -109.220916748, 42.2098274231, 61.2331886292, -49.7815666199, -32.7420883179, 51.1494979858, 14.1753349304, -50.7704544067, 1.85015487671, 45.7348632812, -15.3456916809]
    min: [-1042.03222656, -31.9639358521, -120.276397705, 21.9274177551, 29.1821022034, -58.9596824646, -37.5492095947, 11.0463275909, -4.97920227051, -55.8339691162, -6.97910118103, 4.16844940186, -18.433719635]
    skew: [5.01877117157, -0.340792447329, 2.46325087547, -0.309028238058, -2.58732819557, 2.31848931313, 3.55872440338, -3.99330115318, -3.89263343811, 3.52708315849, -4.25038099289, -4.11851644516, 3.77288532257]
    var: [3875.33935547, 584.543029785, 76.8209075928, 48.3931808472, 57.9183006287, 35.9921722412, 17.3508548737, 52.7933692932, 11.5648355484, 41.5846252441, 2.20696806908, 58.0002059937, 4.35867166519]

SpecContrastCoeff:
    dmean: [0.0233799535781, 0.0159042682499, 0.0156156271696, 0.0211726613343, 0.0325963646173, 0.020851701498]
    dmean2: [0.0450976602733, 0.0298172589391, 0.0301953051239, 0.0418972373009, 0.043634686619, 0.0417268611491]
    dvar: [0.000485635828227, 0.000243944683461, 0.00012972363038, 0.000131224791403, 0.00351119181141, 0.000235969448113]
    dvar2: [0.00157033570576, 0.000729289080482, 0.000404891761718, 0.00046227639541, 0.00211836001836, 0.000820770917926]
    kurt: [2.24969768524, 2.37634420395, 2.22130250931, -0.829625606537, 20.807100296, 0.0781080722809]
    max: [-0.91362208128, -0.935966730118, -0.933393061161, -0.884945392609, -0.218634426594, -0.88440144062]
    mean: [-0.974404454231, -0.985330820084, -0.978643357754, -0.921001017094, -0.272254645824, -0.926838338375]
    median: [-0.982848703861, -0.992613494396, -0.983915925026, -0.925037503242, -0.254817783833, -0.934729635715]
    min: [-0.996297001839, -0.995919048786, -0.98924779892, -0.938082396984, -0.760510206223, -0.939986765385]
    skew: [1.7498165369, 1.8518872261, 1.51235222816, 0.573946654797, -4.48634910583, 1.19189560413]
    var: [0.000388599029975, 0.000224876901484, 0.000150881445734, 0.000219221037696, 0.00746172806248, 0.000262935267529]

SpecPeakAmp:
    dmean: [0.000197692774236, 0.000197025306989, 0.000194307882339, 0.000181790033821, 0.000194480468053]
    dmean2: [0.000324892433127, 0.000324569089571, 0.000320607417962, 0.000307232345222, 0.000319806335028]
    dvar: [4.30851201827e-07, 4.28679868492e-07, 4.17855176238e-07, 3.57471321877e-07, 4.30222911518e-07]
    dvar2: [1.10658243102e-06, 1.10480652893e-06, 1.08082792849e-06, 9.48145782331e-07, 1.11189172003e-06]
    kurt: [39.4637413025, 39.417755127, 39.3503646851, 36.2876586914, 39.4115142822]
    max: [0.00327918748371, 0.00327168405056, 0.00326186860912, 0.00327665382065, 0.00330195622519]
    mean: [0.000146060279803, 0.000137439259561, 0.00013938183838, 0.000152242762852, 0.000141836164403]
    median: [8.1222045992e-05, 7.1660229878e-05, 7.15749411029e-05, 7.19700110494e-05, 7.28251761757e-05]
    min: [1.02821077235e-05, 6.01648343945e-06, 6.97350560586e-06, 8.50655851536e-06, 1.34839337989e-05]
    skew: [6.41689014435, 6.4117474556, 6.40394973755, 6.08064413071, 6.41115236282]
    var: [2.24567727969e-07, 2.24849827646e-07, 2.233435481e-07, 2.32290588542e-07, 2.28594345231e-07]
