
metadata:
    version:
        essentia: "2.1-beta3"

Flux:
    dmean: 0.0173583030701
    dmean2: 0
    dvar: 0
    dvar2: 0
    kurt: -1.99999988079
    max: 0.388492941856
    mean: 0.379813790321
    median: 0.379813790321
    min: 0.371134638786
    skew: 0
    var: 7.53276690375e-05

Rms:
    dmean: 0
    dmean2: 0
    dvar: 0
    dvar2: 0
    kurt: 0
    max: 0.133379653096
    mean: 0.133379653096
    median: 0.133379653096
    min: 0.133379653096
    skew: 0
    var: 0

RollOff:
    dmean: 818.26171875
    dmean2: 0
    dvar: 0
    dvar2: 0
    kurt: -2
    max: 2476.31835938
    mean: 2067.1875
    median: 2067.1875
    min: 1658.05664062
    skew: 0
    var: 167388.0625

SpecCent:
    dmean: 0.77587890625
    dmean2: 0
    dvar: 0
    dvar2: 0
    kurt: -2
    max: 2068.40917969
    mean: 2068.02124023
    median: 2068.02124023
    min: 2067.63330078
    skew: 0
    var: 0.150497019291

Zcr:
    dmean: 0.00048828125
    dmean2: 0
    dvar: 0
    dvar2: 0
    kurt: -2
    max: 0.0166015625
    mean: 0.016357421875
    median: 0.016357421875
    min: 0.01611328125
    skew: 0
    var: 5.96046447754e-08

HarmonicAmpFreq:
    dmean: [0]
    dmean2: [0]
    dvar: [0]
    dvar2: [0]
    kurt: [nan]
    max: [2217.22265625]
    mean: [2217.22265625]
    median: [2217.22265625]
    min: [2217.22265625]
    skew: [nan]
    var: [0]

HarmonicAmpMag:
    dmean: [0]
    dmean2: [0]
    dvar: [0]
    dvar2: [0]
    kurt: [nan]
    max: [0]
    mean: [0]
    median: [0]
    min: [0]
    skew: [nan]
    var: [0]

MfccCoeff:
    dmean: [295.434265137, 82.6595611572, 54.3623504639, 77.6452560425, 24.7676944733, 10.9643535614, 10.0674171448, 14.1428756714, 6.9284992218, 3.8705329895, 0.422430038452, 6.10103988647, 2.6844997406]
    dmean2: [0, 0, 0, 0, 0, 0, 0, 0, 0, 0, 0, 0, 0]
    dvar: [0, 0, 0, 0, 0, 0, 0, 0, 0, 0, 0, 0, 0]
    dvar2: [0, 0, 0, 0, 0, 0, 0, 0, 0, 0, 0, 0, 0]
    kurt: [-2, -2, -2, -2, -2, -2, -2, -2, -2, -2, -2, -2, -2]
    max: [-582.994750977, 179.607940674, -81.2839202881, -8.14692497253, 26.289560318, 3.89363670349, -16.3637123108, 8.9377822876, 7.83864021301, -3.61548995972, -4.48788261414, 5.49396133423, 1.01898002625]
    mean: [-730.711914062, 138.278167725, -108.46509552, -46.9695549011, 13.9057130814, -1.58854007721, -21.3974208832, 1.8663444519, 4.37439060211, -5.55075645447, -4.69909763336, 2.44344139099, -0.323269844055]
    median: [-730.711914062, 138.278167725, -108.46509552, -46.9695549011, 13.9057130814, -1.58854007721, -21.3974208832, 1.8663444519, 4.37439060211, -5.55075645447, -4.69909763336, 2.44344139099, -0.323269844055]
    min: [-878.429016113, 96.9483795166, -135.646270752, -85.7921829224, 1.52186584473, -7.07071685791, -26.4311294556, -5.20509338379, 0.910140991211, -7.48602294922, -4.91031265259, -0.607078552246, -1.66551971436]
    skew: [5.81712868097e-07, -4.97981545777e-07, 0, 1.66895731013e-07, 0, 0, 0, 0, 0, 0, 0, 0, 0]
    var: [21820.3515625, 1708.15075684, 738.81628418, 1507.1965332, 153.359664917, 30.0542621613, 25.3382225037, 50.0052337646, 12.0010251999, 3.74525642395, 0.0446117855608, 9.30567169189, 1.8016346693]

SpecContrastCoeff:
    dmean: [0.151529371738, 0.0783366560936, 0.144479691982, 0.0678920149803, 0.178861618042, 0.0522095561028]
    dmean2: [0, 0, 0, 0, 0, 0]
    dvar: [0, 0, 0, 0, 0, 0]
    dvar2: [0, 0, 0, 0, 0, 0]
    kurt: [-2, -2, -2, -2, -2, -2]
    max: [-0.799466431141, -0.804735064507, -0.843139648438, -0.826687097549, -0.541368246078, -0.850353121758]
    mean: [-0.875231146812, -0.843903422356, -0.915379524231, -0.860633134842, -0.630799055099, -0.876457929611]
    median: [-0.875231146812, -0.843903422356, -0.915379524231, -0.860633134842, -0.630799055099, -0.876457929611]
    min: [-0.950995802879, -0.8830717206, -0.98761934042, -0.89457911253, -0.72022986412, -0.90256267786]
    skew: [1.20454262742e-06, 2.27031614486e-06, 1.19660671771e-06, 2.65056769422e-06, 0, 3.47655486621e-06]
    var: [0.00574028771371, 0.00153415789828, 0.00521859526634, 0.00115233147517, 0.00799786951393, 0.000681459438056]

SpecPeakAmp:
    dmean: [0.00029448303394, 0.000508477212861, 0.000965281855315, 0.00200909934938, 0.00348551152274]
    dmean2: [0, 0, 0, 0, 0]
    dvar: [0, 0, 0, 0, 0]
    dvar2: [0, 0, 0, 0, 0]
    kurt: [-2, -2, -2, -2, -2]
    max: [0.00404334906489, 0.00440276786685, 0.00501841539517, 0.00592473614961, 0.0072564072907]
    mean: [0.0038961074315, 0.00414852937683, 0.00453577470034, 0.00492018647492, 0.0055136512965]
    median: [0.0038961074315, 0.00414852937683, 0.00453577470034, 0.00492018647492, 0.0055136512965]
    min: [0.00374886603095, 0.00389429065399, 0.00405313353986, 0.00391563680023, 0.00377089576796]
    skew: [2.34351932704e-06, -1.319519356e-06, -1.4195335325e-06, 0, 3.77548872166e-07]
    var: [2.16800639663e-08, 6.46372697588e-08, 2.32942255707e-07, 1.00912006928e-06, 3.03719752992e-06]
