
metadata:
    version:
        essentia: "2.1-beta3"

Flux:
    dmean: 6.39094105281e-06
    dmean2: 9.22040635487e-06
    dvar: 5.32417665511e-10
    dvar2: 1.15391118882e-09
    kurt: 13.6894378662
    max: 0.000124960410176
    mean: 9.52242498897e-06
    median: 3.77561764253e-06
    min: 6.83481971464e-07
    skew: 3.82572007179
    var: 5.5598992077e-10

Rms:
    dmean: 1.91381400327e-06
    dmean2: 1.65123492479e-06
    dvar: 4.17285754561e-11
    dvar2: 3.11113183826e-11
    kurt: 19.0999069214
    max: 0.000101979072497
    mean: 9.94883448584e-05
    median: 0.000101245677797
    min: 5.85840571148e-05
    skew: -4.44009256363
    var: 5.78554981701e-11

RollOff:
    dmean: 1.00154435635
    dmean2: 1.025390625
    dvar: 20.5633563995
    dvar2: 21.0285148621
    kurt: 17.0476436615
    max: 193.798828125
    mean: 173.244400024
    median: 172.265625
    min: 172.265625
    skew: 4.36436223984
    var: 20.118303299

SpecCent:
    dmean: 3.44414067268
    dmean2: 2.38493704796
    dvar: 17.739774704
    dvar2: 5.84375190735
    kurt: 15.3242359161
    max: 460.58102417
    mean: 416.291381836
    median: 415.496398926
    min: 409.26473999
    skew: 3.52795600891
    var: 70.93699646

Zcr:
    dmean: 0.000283884437522
    dmean2: 0.000406901031965
    dvar: 6.01397573519e-07
    dvar2: 5.89423621022e-07
    kurt: 14.5404758453
    max: 0.0078125
    mean: 0.00752397021279
    median: 0.0078125
    min: 0.00390625
    skew: -3.89182162285
    var: 5.8865759911e-07

HarmonicAmpFreq:
    dmean: [0.125872939825]
    dmean2: [0.144737243652]
    dvar: [0.249076172709]
    dvar2: [0.259568959475]
    kurt: [20.6765022278]
    max: [172.965301514]
    mean: [170.304580688]
    median: [170.292419434]
    min: [168.313323975]
    skew: [1.97257483006]
    var: [0.25139772892]

HarmonicAmpMag:
    dmean: [3.86765486837e-06]
    dmean2: [3.96304676542e-06]
    dvar: [3.04287262054e-10]
    dvar2: [2.98440633317e-10]
    kurt: [22.5981788635]
    max: [0.000140815798659]
    mean: [0.000136958857183]
    median: [0.000140720017953]
    min: [3.72851354768e-05]
    skew: [-4.83598184586]
    var: [3.10487302535e-10]

MfccCoeff:
    dmean: [0.139617204666, 0.192546755075, 0.178038835526, 0.154765993357, 0.124005697668, 0.0874523818493, 0.0471010431647, 0.00850198417902, 0.0364016145468, 0.074965365231, 0.108983419836, 0.136720523238, 0.156957045197]
    dmean2: [0.147117972374, 0.202861964703, 0.187414258718, 0.162658691406, 0.129950746894, 0.0911189466715, 0.0483038760722, 0.00987189169973, 0.0401286184788, 0.0807462409139, 0.116413846612, 0.145344331861, 0.166217803955]
    dvar: [0.446471363306, 0.849893689156, 0.729259431362, 0.554821968079, 0.360612690449, 0.183774709702, 0.0569844841957, 0.0018466777401, 0.0251259617507, 0.117567062378, 0.256824314594, 0.412470251322, 0.5525406003]
    dvar2: [0.45330747962, 0.862866997719, 0.740289866924, 0.563059508801, 0.36579605937, 0.186244279146, 0.057614825666, 0.00179493636824, 0.0257143694907, 0.119815781713, 0.261371165514, 0.419413506985, 0.561465084553]
    kurt: [29.2219467163, 29.2456741333, 29.3380279541, 29.5144844055, 29.8282279968, 30.4303436279, 31.9554634094, 38.6950187683, 23.8541069031, 26.6927566528, 27.6516208649, 28.2196865082, 28.6651554108]
    max: [-1134.23046875, 5.78187179565, 5.36010742188, 4.68263626099, 3.78518676758, 2.71593475342, 1.53078079224, 0.308815002441, -4.57763671875e-05, -2.28881835938e-05, -2.67028808594e-05, -3.0517578125e-05, -3.81469726562e-05]
    mean: [-1134.36669922, 5.59379339218, 5.18616008759, 4.53136253357, 3.66390919685, 2.63024687767, 1.48439514637, 0.285949528217, -0.903947293758, -2.02595686913, -3.02586293221, -3.85739660263, -4.48471450806]
    median: [-1134.23510742, 5.77541732788, 5.35426330566, 4.67778396606, 3.78162384033, 2.71382141113, 1.53029251099, 0.292289733887, -0.936447143555, -2.0948600769, -3.12701034546, -3.98503112793, -4.63191223145]
    min: [-1138.42004395, 1.14440917969e-05, -6.103515625e-05, 8.01086425781e-05, -6.103515625e-05, 2.28881835938e-05, -2.67028808594e-05, -5.34057617188e-05, -0.939033508301, -2.09882354736, -3.13198471069, -3.99067687988, -4.63785552979]
    skew: [-5.42925405502, -5.431204319, -5.43970632553, -5.45597314835, -5.48498392105, -5.54093742371, -5.68443107605, -6.3643078804, 4.9470539093, 5.19912433624, 5.28563547134, 5.33725118637, 5.37792539597]
    var: [0.440292358398, 0.838169455528, 0.719282090664, 0.54735314846, 0.355896830559, 0.18151178956, 0.056395933032, 0.00190978241153, 0.0246275607497, 0.115587063134, 0.252789050341, 0.406269043684, 0.544530212879]

SpecContrastCoeff:
    dmean: [0.0242033582181, 0.0172419734299, 0.0285780765116, 0.0178378690034, 0.0208131689578, 0.0122835207731]
    dmean2: [0.0283518172801, 0.030064156279, 0.0486552789807, 0.0297027733177, 0.0355305485427, 0.0209621917456]
    dvar: [0.00344804138876, 0.000198112189537, 0.000358376244549, 0.000285534566501, 0.00021487363847, 0.00014951423509]
    dvar2: [0.00289937248453, 0.000459232775029, 0.000660067831632, 0.000432791974163, 0.000442090007709, 0.000383440492442]
    kurt: [13.1139698029, 0.435020923615, 6.70416927338, 8.53776931763, 7.659283638, 7.0878610611]
    max: [-0.482631534338, -0.850321471691, -0.785660564899, -0.82904624939, -0.78519153595, -0.838563680649]
    mean: [-0.525883376598, -0.891806960106, -0.829051613808, -0.855532109737, -0.820411920547, -0.863365232944]
    median: [-0.507932126522, -0.895754158497, -0.829064786434, -0.850612878799, -0.817034482956, -0.86128526926]
    min: [-0.847920000553, -0.932342708111, -0.943357884884, -0.943454265594, -0.918608129025, -0.92829477787]
    skew: [-3.78801465034, 0.407792896032, -2.158452034, -2.71880817413, -2.34483480453, -1.92428421974]
    var: [0.00531733641401, 0.00028222615947, 0.000795474799816, 0.000427987339208, 0.000504266121425, 0.0002152446541]

SpecPeakAmp:
    dmean: [1.61014213518e-06, 4.49292128906e-05, 3.93459486077e-05, 1.44534197943e-07, 1.29227288426e-07]
    dmean2: [1.67377856997e-06, 8.61477892613e-05, 8.04656592663e-05, 1.92441873992e-07, 2.00305009912e-07]
    dvar: [9.34280222631e-11, 4.18933554514e-09, 3.9711269828e-09, 1.50783248734e-13, 8.61697594789e-14]
    dvar2: [9.53734868858e-11, 1.02220534259e-08, 9.53944034876e-09, 1.47023520203e-13, 1.06169833667e-13]
    kurt: [38.7993659973, -1.75067293644, -1.54941987991, 27.6403808594, 20.6941299438]
    max: [8.0907921074e-05, 0.00014081117115, 0.000140815798659, 2.80139056485e-06, 1.78785205662e-06]
    mean: [1.81438335858e-05, 8.72140371939e-05, 4.80932540086e-05, 1.83617473226e-07, 1.53503677325e-07]
    median: [1.67511861946e-05, 0.000140696123708, 8.44807601652e-08, 7.23309483419e-08, 7.48725668132e-08]
    min: [1.34621914185e-05, 5.29264063687e-08, 2.08316297545e-08, 3.68647015137e-08, 3.76907536292e-08]
    skew: [6.3771071434, -0.483362287283, 0.671172320843, 5.16291236877, 4.45378828049]
    var: [9.18586595677e-11, 4.5619676925e-09, 4.43842029796e-09, 1.8738222779e-13, 8.4517435368e-14]
