
metadata:
    version:
        essentia: "2.1-beta3"

Flux:
    dmean: 0.000164222336025
    dmean2: 0.000208050318179
    dvar: 2.870877438e-07
    dvar2: 5.52663493636e-07
    kurt: 9.96321487427
    max: 0.00318086938933
    mean: 0.000213025516132
    median: 7.82515417086e-06
    min: 3.3472706491e-06
    skew: 3.33863949776
    var: 4.67663539894e-07

Rms:
    dmean: 6.72926616971e-05
    dmean2: 4.92139370181e-05
    dvar: 4.66904914731e-08
    dvar2: 2.10311856819e-08
    kurt: 19.5440883636
    max: 0.00225398596376
    mean: 0.00216186884791
    median: 0.00223549152724
    min: 0.000519090972375
    skew: -4.40685749054
    var: 8.85120456928e-08

RollOff:
    dmean: 5.38330078125
    dmean2: 5.0077214241
    dvar: 845.686950684
    dvar2: 686.615844727
    kurt: 38.3793106079
    max: 387.59765625
    mean: 178.0078125
    median: 172.265625
    min: 172.265625
    skew: 6.29871559143
    var: 1018.03265381

SpecCent:
    dmean: 13.1754426956
    dmean2: 10.8389759064
    dvar: 4214.34130859
    dvar2: 2626.79785156
    kurt: 37.0278968811
    max: 700.759338379
    mean: 186.252655029
    median: 172.587203979
    min: 169.654815674
    skew: 6.16412973404
    var: 6239.85546875

Zcr:
    dmean: 0.0003662109375
    dmean2: 0.000397438212531
    dvar: 8.79168510437e-07
    dvar2: 6.57102020796e-07
    kurt: 18.4964981079
    max: 0.0078125
    mean: 0.00736762164161
    median: 0.0078125
    min: 0
    skew: -4.24188518524
    var: 1.81009750122e-06

HarmonicAmpFreq:
    dmean: [0.0203496757895]
    dmean2: [0.0164117142558]
    dvar: [0.00381290982477]
    dvar2: [0.00207219691947]
    kurt: [21.3097896576]
    max: [170.295349121]
    mean: [170.265106201]
    median: [170.290023804]
    min: [169.704544067]
    skew: [-4.59085273743]
    var: [0.00982695259154]

HarmonicAmpMag:
    dmean: [0.000124508223962]
    dmean2: [9.70271794358e-05]
    dvar: [2.16413866383e-07]
    dvar2: [1.48087750063e-07]
    kurt: [15.7132873535]
    max: [0.00315253762528]
    mean: [0.00300092622638]
    median: [0.00315152248368]
    min: [0]
    skew: [-4.07597017288]
    var: [3.51758785655e-07]

MfccCoeff:
    dmean: [1.97200155258, 2.56527709961, 1.97926533222, 1.24049270153, 0.601968586445, 0.431806564331, 0.243925616145, 0.13536401093, 0.161728605628, 0.337481588125, 0.490450978279, 0.612834393978, 0.698870480061]
    dmean2: [2.69590306282, 3.48105144501, 2.61573886871, 1.53661155701, 0.617334067822, 0.303372591734, 0.293976902962, 0.22087842226, 0.146638378501, 0.239424422383, 0.330397367477, 0.401192069054, 0.437205374241]
    dvar: [81.4349441528, 138.625823975, 84.7049636841, 36.3969573975, 11.2249994278, 3.14742422104, 1.18387067318, 0.319652885199, 0.433005839586, 1.6105517149, 3.46980500221, 5.46698331833, 7.11618041992]
    dvar2: [171.340698242, 286.611877441, 164.000762939, 59.135181427, 10.9769506454, 1.29666292667, 1.42506420612, 0.795945107937, 0.306268572807, 0.759538590908, 1.70036792755, 2.79989600182, 4.04740428925]
    kurt: [19.5121154785, 19.178812027, 20.3370952606, 29.6426773071, 38.8388214111, 29.2604789734, 19.8520812988, 19.0456104279, 25.1280117035, 24.5346717834, 24.3582839966, 24.0236587524, 23.049911499]
    max: [-1084.40393066, 71.1077651978, 57.146030426, 39.1870918274, 23.2122039795, 16.8279724121, 9.82344436646, 3.27612304688, -4.57763671875e-05, -2.28881835938e-05, -2.67028808594e-05, -3.0517578125e-05, -3.81469726562e-05]
    mean: [-1113.10058594, 34.8630867004, 32.1217880249, 27.8307609558, 22.3322257996, 15.9988059998, 9.19066047668, 2.24882411957, -4.4941163063, -10.7066278458, -16.0717449188, -20.3182582855, -23.2548313141]
    median: [-1113.10778809, 34.9288749695, 32.3757972717, 28.2882270813, 22.9048461914, 16.5396881104, 9.55784988403, 2.35497283936, -4.66822814941, -11.1361694336, -16.7139339447, -21.1325836182, -24.2030754089]
    min: [-1138.42004395, 1.14440917969e-05, -6.103515625e-05, 8.01086425781e-05, -6.103515625e-05, 2.28881835938e-05, -2.67028808594e-05, -1.22842407227, -4.67753601074, -11.143661499, -16.7194881439, -21.1361160278, -24.2047996521]
    skew: [0.871496558189, 0.268417805433, -1.7137567997, -4.81995344162, -6.35142326355, -5.41031122208, -4.60731220245, -4.30380058289, 5.01087236404, 4.8949341774, 4.88922119141, 4.86339616776, 4.77753686905]
    var: [32.7905387878, 56.6541786194, 37.2478904724, 20.4888725281, 11.4945220947, 6.78230237961, 2.94137406349, 0.417486280203, 0.5808147192, 3.30196332932, 7.48559045792, 12.0691690445, 16.2033309937]

SpecContrastCoeff:
    dmean: [0.0297470632941, 0.0117018753663, 0.0100456466898, 0.00975106097758, 0.00870931521058, 0.00675370357931]
    dmean2: [0.0299453455955, 0.0204012356699, 0.0134441815317, 0.0160531848669, 0.0149643644691, 0.0114995986223]
    dvar: [0.00544488988817, 0.000200013208087, 4.38083297922e-05, 6.06178873568e-05, 6.30577414995e-05, 6.17668338236e-05]
    dvar2: [0.00510174408555, 0.000502219190821, 8.2062841102e-05, 0.000159842107678, 0.000163236123626, 0.000151934626047]
    kurt: [12.4510974884, 5.7270898819, -0.679677248001, 2.40887737274, 7.6270904541, 7.80289745331]
    max: [-0.331827878952, -0.874338924885, -0.91357666254, -0.904226183891, -0.901341855526, -0.900893270969]
    mean: [-0.398175597191, -0.944289207458, -0.940546870232, -0.925925552845, -0.91977584362, -0.916694223881]
    median: [-0.368629813194, -0.948024570942, -0.942309319973, -0.924627542496, -0.917341768742, -0.914760708809]
    min: [-0.983506917953, -0.969722151756, -0.965065598488, -0.965161919594, -0.962339818478, -0.961388230324]
    skew: [-3.60193419456, 2.22529315948, 0.0381185673177, -0.924572825432, -2.16125321388, -2.46489715576]
    var: [0.014625351876, 0.000304490298731, 0.00015460063878, 0.000112833324238, 8.73536992003e-05, 9.99688199954e-05]

SpecPeakAmp:
    dmean: [8.6015483248e-05, 0.00141208234709, 0.0014330111444, 2.03408944799e-06, 1.87522266515e-06]
    dmean2: [0.000131589011289, 0.00283665047027, 0.00292934174649, 2.84822272079e-06, 2.72363854492e-06]
    dvar: [1.52130709807e-07, 2.39879136643e-06, 2.45347700911e-06, 5.35204415508e-11, 4.74054719091e-11]
    dvar2: [3.90310020748e-07, 6.68080247124e-06, 6.18296735411e-06, 1.33680108649e-10, 1.20494295097e-10]
    kurt: [40.0102920532, -1.942522645, -1.99795341492, 30.3518104553, 35.3310203552]
    max: [0.00188542867545, 0.00315246288665, 0.00315253762528, 3.52399365511e-05, 3.36369521392e-05]
    mean: [5.85942107136e-05, 0.00141969625838, 0.00154287961777, 2.08517167266e-06, 1.93187224795e-06]
    median: [1.70276816789e-05, 1.42314866025e-06, 3.70233137801e-05, 1.04264813672e-06, 1.05693197838e-06]
    min: [6.10529968981e-06, 8.07315586826e-07, 4.87211934797e-07, 4.62237181864e-07, 3.61359809631e-07]
    skew: [6.48102521896, 0.207810819149, 0.0443986654282, 5.51812124252, 5.98908615112]
    var: [7.58592619832e-08, 2.40687177211e-06, 2.47552270594e-06, 2.8590458126e-11, 2.4229717191e-11]
