
metadata:
    version:
        essentia: "2.1-beta3"

Flux:
    dmean: 0.00365052977577
    dmean2: 0.00476751709357
    dvar: 0.000143035838846
    dvar2: 0.00027944878093
    kurt: 9.66747570038
    max: 0.069963760674
    mean: 0.0046525420621
    median: 4.16988114011e-05
    min: 9.59343924478e-06
    skew: 3.30408453941
    var: 0.000233281272813

Rms:
    dmean: 0.00155833770987
    dmean2: 0.00114230287727
    dvar: 2.54605820373e-05
    dvar2: 1.16202672871e-05
    kurt: 20.5744075775
    max: 0.0504637621343
    mean: 0.0483637861907
    median: 0.0500777065754
    min: 0.00981152802706
    skew: -4.5069565773
    var: 4.72479914606e-05

RollOff:
    dmean: 8.80903720856
    dmean2: 8.51312637329
    dvar: 2641.24487305
    dvar2: 2375.31958008
    kurt: 39.4445724487
    max: 538.330078125
    mean: 181.357421875
    median: 172.265625
    min: 172.265625
    skew: 6.41641044617
    var: 2915.79541016

SpecCent:
    dmean: 22.675951004
    dmean2: 18.9736690521
    dvar: 13927.6376953
    dvar2: 8969.60058594
    kurt: 37.4413833618
    max: 1116.34313965
    mean: 194.544204712
    median: 169.979141235
    min: 167.333908081
    skew: 6.20680904388
    var: 19924.3105469

Zcr:
    dmean: 0.00034401632729
    dmean2: 0.000374727474991
    dvar: 8.08233892258e-07
    dvar2: 5.08299763169e-07
    kurt: 17.1081447601
    max: 0.0078125
    mean: 0.00737847201526
    median: 0.0078125
    min: 0.00048828125
    skew: -4.09966039658
    var: 1.65538995134e-06

HarmonicAmpFreq:
    dmean: [0.0748856291175]
    dmean2: [0.101779319346]
    dvar: [0.094068698585]
    dvar2: [0.212814286351]
    kurt: [22.6537723541]
    max: [171.434921265]
    mean: [170.292877197]
    median: [170.289962769]
    min: [169.712188721]
    skew: [3.44614386559]
    var: [0.0398929640651]

HarmonicAmpMag:
    dmean: [0.00278111104853]
    dmean2: [0.00213054870255]
    dvar: [0.000107779356767]
    dvar2: [7.43293421692e-05]
    kurt: [15.5083789825]
    max: [0.0705774948001]
    mean: [0.0671690627933]
    median: [0.070562414825]
    min: [0]
    skew: [-4.05151939392]
    var: [0.000177307316335]

MfccCoeff:
    dmean: [14.202331543, 5.06034708023, 1.52257740498, 1.26103234291, 1.25113272667, 1.09404706955, 0.86940485239, 0.600362539291, 0.38618773222, 0.51998847723, 0.86820602417, 1.19639325142, 1.48368489742]
    dmean2: [21.0054073334, 6.76851129532, 2.04026794434, 1.82885313034, 2.34614729881, 1.75267601013, 1.43152689934, 0.834741830826, 0.455685138702, 0.469844728708, 0.777109086514, 1.1383150816, 1.37625014782]
    dvar: [3871.81542969, 405.158569336, 31.495464325, 24.3485889435, 31.9239807129, 20.613779068, 14.9413824081, 5.03195381165, 1.29389119148, 2.67502188683, 9.39584255219, 18.8994522095, 27.329536438]
    dvar2: [9744.39941406, 904.578674316, 44.2124786377, 34.1917877197, 65.2369613647, 36.6491928101, 27.1184654236, 7.59128570557, 2.19915103912, 2.52721190453, 7.95910978317, 17.1939029694, 24.8434581757]
    kurt: [38.1662368774, 16.0811958313, 11.056347847, 14.7115516663, 16.4672145844, 15.7435741425, 12.6958370209, 9.44237041473, 15.3889541626, 22.853717804, 20.1437911987, 16.8842315674, 15.2551345825]
    max: [-803.221984863, 143.537872314, 90.5749511719, 71.6199493408, 56.4320106506, 39.4080200195, 22.7417640686, 9.05360603333, -3.38372802734, -2.66803741455, -1.23593521118, 0.186065673828, 1.09781646729]
    mean: [-1080.86633301, 72.3518295288, 64.9327697754, 56.9503479004, 46.3034706116, 34.2597312927, 21.1346321106, 7.8898973465, -4.95251178741, -16.651222229, -26.7684192657, -34.8127593994, -40.5485420227]
    median: [-1087.4901123, 70.3887710571, 65.571685791, 57.8563690186, 47.6870918274, 35.6462097168, 22.4145698547, 8.7289981842, -4.66793823242, -17.0740509033, -27.8691310883, -36.5541801453, -42.7786216736]
    min: [-1116.37854004, 29.5521354675, 25.0407752991, 18.5829200745, 11.2126159668, 4.98819732666, -0.710361480713, -3.40115737915, -11.9661712646, -20.7072677612, -29.1871700287, -36.5576896667, -42.7806358337]
    skew: [6.25928783417, 2.78353834152, -2.21501064301, -3.4877307415, -4.18610191345, -4.12467765808, -3.76682448387, -3.34679412842, -3.91678309441, 4.61542272568, 4.50586414337, 4.1691570282, 3.97452139854]
    var: [1791.29724121, 187.619140625, 80.4903640747, 60.1199531555, 58.5177841187, 38.3969955444, 24.9718513489, 8.94219112396, 1.84301841259, 5.91775178909, 21.24741745, 44.4075279236, 66.5018310547]

SpecContrastCoeff:
    dmean: [0.0337341278791, 0.00931298639625, 0.00825366098434, 0.00694842915982, 0.00775505881757, 0.00888282712549]
    dmean2: [0.0251709092408, 0.015502627939, 0.012754346244, 0.0116245122626, 0.0122195109725, 0.0112316617742]
    dvar: [0.00764291547239, 0.000546570634469, 0.000225926196435, 7.70311889937e-05, 7.64851138229e-05, 5.64552392461e-05]
    dvar2: [0.00397068634629, 0.00123729777988, 0.000578463426791, 0.000194950349396, 0.000176360932528, 0.000112437883217]
    kurt: [19.1785964966, 11.888885498, 17.4465122223, 2.58025741577, 1.87213230133, -0.58512544632]
    max: [-0.150096148252, -0.818854570389, -0.894668400288, -0.937535583973, -0.929061472416, -0.925203084946]
    mean: [-0.209800586104, -0.946595609188, -0.962957262993, -0.963980674744, -0.958557486534, -0.948998749256]
    median: [-0.173683390021, -0.956516087055, -0.967536628246, -0.967894911766, -0.962981462479, -0.953526198864]
    min: [-0.982835292816, -0.958138644695, -0.985792040825, -0.969229340553, -0.965742111206, -0.964628636837]
    skew: [-4.3185915947, 3.57628583908, 3.67120361328, 1.91304731369, 1.71070659161, 0.857647240162]
    var: [0.0195254478604, 0.00082978780847, 0.000155725152581, 6.54445611872e-05, 8.81723244675e-05, 0.000126335900859]

SpecPeakAmp:
    dmean: [0.00465266732499, 0.0032168419566, 3.02277931041e-05, 2.61097393377e-05, 2.47519765253e-05]
    dmean2: [0.00732725998387, 0.00653439341113, 4.13266498072e-05, 3.92533256672e-05, 3.69204317394e-05]
    dvar: [0.000225808456889, 0.00021418974211, 1.13406573021e-08, 9.29610788347e-09, 9.03835584154e-09]
    dvar2: [0.000434937392129, 0.000415245449403, 2.88905717127e-08, 2.37106565493e-08, 2.3178673203e-08]
    kurt: [11.5129995346, 4.12530612946, 35.8841629028, 37.6683540344, 38.6789131165]
    max: [0.0705758184195, 0.0705774948001, 0.000533872807864, 0.000476993416669, 0.000468005891889]
    mean: [0.00447747251019, 0.0627430006862, 3.4926841181e-05, 2.44645252678e-05, 2.16177922994e-05]
    median: [3.46982233168e-05, 0.0705605894327, 2.19252251554e-05, 1.21865587062e-05, 1.00780134744e-05]
    min: [9.81372613751e-06, 2.24109116971e-05, 1.08133099275e-05, 3.99193322664e-06, 3.75437002731e-06]
    skew: [3.57579827309, -2.47491717339, 6.0376830101, 6.22454071045, 6.33222532272]
    var: [0.000242964742938, 0.000489303492941, 5.95537841264e-09, 4.78781236879e-09, 4.60132643099e-09]
