
metadata:
    version:
        essentia: "2.1-beta3"

Flux:
    dmean: 0.0323819406331
    dmean2: 0.0442506335676
    dvar: 0.0115785747766
    dvar2: 0.0227005295455
    kurt: 9.09767436981
    max: 0.628316819668
    mean: 0.0428142212331
    median: 0.000364770385204
    min: 3.99458876927e-05
    skew: 3.23238182068
    var: 0.019488317892

Rms:
    dmean: 0.0148077579215
    dmean2: 0.010976260528
    dvar: 0.00243889703415
    dvar2: 0.00111229054164
    kurt: 22.3541755676
    max: 0.464942961931
    mean: 0.445001631975
    median: 0.461406618357
    min: 0.0598410777748
    skew: -4.67571783066
    var: 0.00449272198603

RollOff:
    dmean: 21.533203125
    dmean2: 21.533203125
    dvar: 18146.703125
    dvar2: 17684.4941406
    kurt: 39.9318962097
    max: 1098.19335938
    mean: 193.798828125
    median: 172.265625
    min: 172.265625
    skew: 6.4718914032
    var: 18608.9765625

SpecCent:
    dmean: 32.7662506104
    dmean2: 29.5595817566
    dvar: 34297.6289062
    dvar2: 26916.5664062
    kurt: 38.9853477478
    max: 1560.92687988
    mean: 203.938461304
    median: 169.784805298
    min: 165.981338501
    skew: 6.36773300171
    var: 42365.6601562

Zcr:
    dmean: 0.00034401632729
    dmean2: 0.000386082858313
    dvar: 8.19071090064e-07
    dvar2: 5.27383463123e-07
    kurt: 17.1081447601
    max: 0.0078125
    mean: 0.00737847201526
    median: 0.0078125
    min: 0.00048828125
    skew: -4.09966039658
    var: 1.65538995134e-06

HarmonicAmpFreq:
    dmean: [0.0740089416504]
    dmean2: [0.0943081900477]
    dvar: [0.0751179233193]
    dvar2: [0.143974885345]
    kurt: [13.7991542816]
    max: [171.134414673]
    mean: [170.274185181]
    median: [170.289993286]
    min: [169.347595215]
    skew: [-0.844488561153]
    var: [0.0427967198193]

HarmonicAmpMag:
    dmean: [0.0254010017961]
    dmean2: [0.0190482195467]
    dvar: [0.00890915747732]
    dvar2: [0.00624073436484]
    kurt: [15.2889118195]
    max: [0.650257229805]
    mean: [0.618730187416]
    median: [0.650121331215]
    min: [0]
    skew: [-4.02063179016]
    var: [0.0150425285101]

MfccCoeff:
    dmean: [30.5734806061, 9.34565448761, 5.49324464798, 8.73917198181, 6.89962005615, 4.2692360878, 2.95276618004, 2.20730757713, 1.8063133955, 1.86425483227, 2.06777834892, 2.0685236454, 2.15547466278]
    dmean2: [38.5769538879, 7.57678556442, 6.67625236511, 7.34668731689, 7.50354576111, 5.30599403381, 3.70128321648, 2.73920750618, 2.5847837925, 2.55844187737, 2.3653652668, 2.12640357018, 2.36696219444]
    dvar: [8269.27246094, 77.8660964966, 76.1979675293, 36.2002296448, 34.6459312439, 23.4320926666, 7.34356069565, 3.03569507599, 1.32599377632, 5.30253791809, 15.3533363342, 25.7034835815, 32.5123977661]
    dvar2: [21658.9003906, 42.6560974121, 109.566818237, 21.4169960022, 43.00963974, 27.1644687653, 7.73086071014, 4.6199464798, 4.80220031738, 6.24503278732, 13.5809707642, 21.9173183441, 31.3872642517]
    kurt: [33.8504638672, 5.97829532623, 13.9558448792, 3.57672739029, 4.1639585495, 10.6758775711, 7.52725791931, 1.54269838333, -0.160534381866, 16.0568447113, 16.3635215759, 15.8432788849, 13.6611270905]
    max: [-566.373840332, 215.402801514, 117.42010498, 90.1265716553, 69.2584686279, 47.5075683594, 26.9139022827, 10.1976413727, -3.53741455078, 0.408599853516, 2.85322952271, 4.9539642334, 2.49434661865]
    mean: [-1015.08660889, 141.313232422, 100.745941162, 69.2154083252, 49.8878593445, 35.3216705322, 20.2469215393, 5.90454387665, -6.60328626633, -17.874622345, -28.0523147583, -36.1451950073, -42.0349998474]
    median: [-1022.41607666, 143.158203125, 105.561523438, 69.5730133057, 47.8958015442, 35.7102661133, 22.5908088684, 6.79216957092, -6.67665100098, -18.4580612183, -29.0077724457, -38.0167503357, -44.4294700623]
    min: [-1051.22180176, 110.428108215, 20.529296875, 4.58742141724, 0.701156616211, -7.33000183105, -6.09651947021, -6.79968261719, -11.4434509277, -21.4716110229, -31.8748226166, -39.7745170593, -45.5086784363]
    skew: [5.76645040512, 1.63434374332, -3.69994235039, -1.31799733639, -1.33304429054, -2.76055788994, -2.53925561905, -1.14890289307, -0.0142200030386, 3.75174069405, 3.97741580009, 4.00351572037, 3.78156161308]
    var: [4946.92675781, 292.888549805, 278.23727417, 268.339172363, 161.801361084, 79.2249145508, 36.8199729919, 13.0160970688, 3.03624272346, 11.896821022, 34.2290153503, 62.5650978088, 81.157913208]

SpecContrastCoeff:
    dmean: [0.0337479375303, 0.0133931152523, 0.00652102567255, 0.00545721547678, 0.00659175496548, 0.0115988068283]
    dmean2: [0.0264059007168, 0.02131251432, 0.0102011132985, 0.00917921215296, 0.0112251294777, 0.0206923373044]
    dvar: [0.0118473330513, 0.00123911770061, 9.28587032831e-05, 0.000113992486149, 0.000185309530934, 0.000502558075823]
    dvar2: [0.005118873436, 0.00280433590524, 0.000172840882442, 0.000193467683857, 0.000356649194146, 0.00121772289276]
    kurt: [24.220867157, 9.79051971436, 5.29767608643, 8.94198608398, 12.5683116913, 7.56200313568]
    max: [-0.0211547203362, -0.789245724678, -0.906385838985, -0.906268537045, -0.890860319138, -0.882695138454]
    mean: [-0.0695349425077, -0.934624969959, -0.954248189926, -0.958202362061, -0.955590844154, -0.950820326805]
    median: [-0.0331068336964, -0.946426272392, -0.960184156895, -0.962202250957, -0.959414124489, -0.957996249199]
    min: [-0.983658015728, -0.968191385269, -0.960621476173, -0.963373959064, -0.961695730686, -0.959434807301]
    skew: [-4.85280990601, 3.34739017487, 2.37611198425, 3.03608083725, 3.46663308144, 2.95324659348]
    var: [0.0241972133517, 0.00131397403311, 0.0001427463867, 0.000130606131279, 0.000166062600329, 0.000354811432771]
