
metadata:
    version:
        essentia: "2.1-beta3"

Flux:
    dmean: 0.0247682034969
    dmean2: 0
    dvar: 0
    dvar2: 0
    kurt: -2.00000023842
    max: 0.361504435539
    mean: 0.34912031889
    median: 0.34912031889
    min: 0.336736232042
    skew: 3.65129108104e-06
    var: 0.000153365981532

Rms:
    dmean: 0
    dmean2: 0
    dvar: 0
    dvar2: 0
    kurt: 0
    max: 0.125237941742
    mean: 0.125237941742
    median: 0.125237941742
    min: 0.125237941742
    skew: 0
    var: 0

RollOff:
    dmean: 43.06640625
    dmean2: 0
    dvar: 0
    dvar2: 0
    kurt: -2
    max: 322.998046875
    mean: 301.46484375
    median: 301.46484375
    min: 279.931640625
    skew: 0
    var: 463.678833008

SpecCent:
    dmean: 327.68572998
    dmean2: 0
    dvar: 0
    dvar2: 0
    kurt: -2.00000023842
    max: 566.145874023
    mean: 402.303009033
    median: 402.303009033
    min: 238.460128784
    skew: -1.70521275322e-07
    var: 26844.4882812

Zcr:
    dmean: 0.00048828125
    dmean2: 0
    dvar: 0
    dvar2: 0
    kurt: -2
    max: 0.00390625
    mean: 0.003662109375
    median: 0.003662109375
    min: 0.00341796875
    skew: 0
    var: 5.96046447754e-08

HarmonicAmpFreq:
    dmean: [24.5591278076]
    dmean2: [0]
    dvar: [0]
    dvar2: [0]
    kurt: [-2]
    max: [260.010742188]
    mean: [247.731170654]
    median: [247.731170654]
    min: [235.45161438]
    skew: [1.84594716757e-06]
    var: [150.787689209]

HarmonicAmpMag:
    dmean: [0.127518549562]
    dmean2: [0]
    dvar: [0]
    dvar2: [0]
    kurt: [-2]
    max: [0.13974057138]
    mean: [0.0759812965989]
    median: [0.0759812965989]
    min: [0.0122220255435]
    skew: [1.68426879554e-07]
    var: [0.00406524445862]

MfccCoeff:
    dmean: [402.571899414, 11.0133666992, 52.981590271, 0.225305557251, 10.8557357788, 21.1392478943, 23.4843215942, 25.6800231934, 18.6090831757, 12.8207912445, 7.05284118652, 3.25446128845, 1.12960624695]
    dmean2: [0, 0, 0, 0, 0, 0, 0, 0, 0, 0, 0, 0, 0]
    dvar: [0, 0, 0, 0, 0, 0, 0, 0, 0, 0, 0, 0, 0]
    dvar2: [0, 0, 0, 0, 0, 0, 0, 0, 0, 0, 0, 0, 0]
    kurt: [-2, -1.99999988079, -1.99999988079, -1.99999988079, -1.99999988079, -2, -2, -2, -2, -1.99999988079, -2, -1.99999988079, -2]
    max: [-599.097595215, 160.800170898, 90.5793457031, 31.3634529114, 11.854133606, 6.88479995728, -2.20251464844, -5.09474945068, -9.48108863831, -10.0592212677, -11.2170467377, -9.88892555237, -7.86671066284]
    mean: [-800.383544922, 155.293487549, 64.0885467529, 31.2508010864, 6.42626571655, -3.68482398987, -13.9446754456, -17.9347610474, -18.7856292725, -16.4696159363, -14.7434673309, -11.5161561966, -8.43151378632]
    median: [-800.383544922, 155.293487549, 64.0885467529, 31.2508010864, 6.42626571655, -3.68482398987, -13.9446754456, -17.9347610474, -18.7856292725, -16.4696159363, -14.7434673309, -11.5161561966, -8.43151378632]
    min: [-1001.66949463, 149.786804199, 37.5977554321, 31.1381473541, 0.998397827148, -14.254447937, -25.6868362427, -30.774772644, -28.090171814, -22.8800125122, -18.2698879242, -13.1433868408, -8.99631690979]
    skew: [0, 0, 4.72778367566e-07, -2.54061578744e-05, 0, 0, 0, 0, -2.65193676796e-07, -4.63399544515e-07, 0, 0, 0]
    var: [40516.0351562, 30.3235607147, 701.762207031, 0.0126906484365, 29.4617500305, 111.716949463, 137.878341675, 164.865890503, 86.5744934082, 41.093170166, 12.4356422424, 2.64787960052, 0.319002568722]

SpecContrastCoeff:
    dmean: [0.0524427890778, 0.116774439812, 0.0646584630013, 0.00630533695221, 0.0216616392136, 0.0227494239807]
    dmean2: [0, 0, 0, 0, 0, 0]
    dvar: [0, 0, 0, 0, 0, 0]
    dvar2: [0, 0, 0, 0, 0, 0]
    kurt: [-1.99999988079, -2, -2, -1.99999988079, -1.99999988079, -2]
    max: [-0.592625498772, -0.644680917263, -0.855960607529, -0.926048696041, -0.931980729103, -0.937075197697]
    mean: [-0.618846893311, -0.703068137169, -0.888289809227, -0.929201364517, -0.94281154871, -0.948449909687]
    median: [-0.618846893311, -0.703068137169, -0.888289809227, -0.929201364517, -0.94281154871, -0.948449909687]
    min: [-0.645068287849, -0.761455357075, -0.92061907053, -0.932354032993, -0.953642368317, -0.959824621677]
    skew: [0, 0, -2.85311898551e-06, 0, 0, 0]
    var: [0.000687561521772, 0.00340906740166, 0.00104517920408, 9.93931826088e-06, 0.000117306655739, 0.00012938407599]
