
metadata:
    version:
        essentia: "2.1-beta3"

Flux:
    dmean: 6.57128703097e-06
    dmean2: 9.35500702326e-06
    dvar: 5.33758037768e-10
    dvar2: 1.15223830477e-09
    kurt: 13.6125335693
    max: 0.000125156875583
    mean: 9.6765370472e-06
    median: 3.64584639101e-06
    min: 6.66107212055e-07
    skew: 3.81251955032
    var: 5.59863655436e-10

Rms:
    dmean: 2.05416927201e-06
    dmean2: 2.02881460609e-06
    dvar: 4.27287719096e-11
    dvar2: 3.22122536978e-11
    kurt: 19.3827514648
    max: 0.000101802223071
    mean: 9.94909132714e-05
    median: 0.000101231082226
    min: 5.88580114709e-05
    skew: -4.48356151581
    var: 5.68169712667e-11

RollOff:
    dmean: 1.00154435635
    dmean2: 1.025390625
    dvar: 20.5633563995
    dvar2: 21.0285148621
    kurt: 17.0475826263
    max: 366.064453125
    mean: 345.510040283
    median: 344.53125
    min: 344.53125
    skew: 4.36435222626
    var: 20.118303299

SpecCent:
    dmean: 6.44892787933
    dmean2: 8.1658821106
    dvar: 49.0539932251
    dvar2: 53.1117286682
    kurt: 9.07033920288
    max: 640.510864258
    mean: 599.687011719
    median: 598.284545898
    min: 589.774597168
    skew: 2.87174963951
    var: 92.544418335

Zcr:
    dmean: 0.000567768875044
    dmean2: 0.000767299090512
    dvar: 2.28360931942e-06
    dvar2: 2.02250475922e-06
    kurt: 16.3615379333
    max: 0.015625
    mean: 0.0150368427858
    median: 0.015380859375
    min: 0.00732421875
    skew: -4.20740175247
    var: 2.56386147157e-06

HarmonicAmpFreq:
    dmean: [0.572849690914]
    dmean2: [1.10727143288]
    dvar: [0.286024719477]
    dvar2: [0.537819623947]
    kurt: [-1.22708702087]
    max: [340.468322754]
    mean: [340.010284424]
    median: [340.367675781]
    min: [338.748962402]
    skew: [-0.714822769165]
    var: [0.283829659224]

HarmonicAmpMag:
    dmean: [6.84484111844e-05]
    dmean2: [0.000136199436383]
    dvar: [4.60989779683e-09]
    dvar2: [9.34739574632e-09]
    kurt: [-1.53678274155]
    max: [0.000139104828122]
    mean: [9.09911977942e-05]
    median: [0.000138827017508]
    min: [0]
    skew: [-0.646409273148]
    var: [4.16209555709e-09]

MfccCoeff:
    dmean: [0.134640708566, 0.174796164036, 0.130638659, 0.0654225870967, 0.0101293521002, 0.0831213667989, 0.141589149833, 0.176009953022, 0.18107676506, 0.156491830945, 0.107336357236, 0.0448454022408, 0.0293957013637]
    dmean2: [0.140345975757, 0.182080954313, 0.135801047087, 0.0674925297499, 0.0116159347817, 0.0877790898085, 0.148624241352, 0.184110194445, 0.188726872206, 0.162252694368, 0.110426947474, 0.0476942509413, 0.0337099358439]
    dvar: [0.417568951845, 0.704411506653, 0.394474297762, 0.0996760353446, 0.00210955017246, 0.156427577138, 0.457528442144, 0.710381507874, 0.755410015583, 0.567909419537, 0.268636763096, 0.0419660881162, 0.0177670586854]
    dvar2: [0.423690438271, 0.714789807796, 0.400377035141, 0.101252771914, 0.00212150393054, 0.158497184515, 0.46387976408, 0.720518350601, 0.766494214535, 0.576578497887, 0.272992670536, 0.0425615981221, 0.0178680568933]
    kurt: [28.3812274933, 28.3479290009, 28.2315196991, 27.8097648621, 33.6661300659, 29.1261825562, 28.7789974213, 28.5803527832, 28.3773822784, 28.0873165131, 27.5153903961, 25.2841644287, 33.6663856506]
    max: [-1134.39624023, 5.22440719604, 3.90460205078, 1.95378494263, -6.103515625e-05, 2.28881835938e-05, -2.67028808594e-05, -5.34057617188e-05, -4.57763671875e-05, -2.28881835938e-05, -2.67028808594e-05, -3.0517578125e-05, 0.873100280762]
    mean: [-1134.53039551, 5.05015420914, 3.77437877655, 1.88866949081, -0.290824532509, -2.39955687523, -4.08893013, -5.08426713943, -5.23148822784, -4.52166938782, -3.09055089951, -1.19275593758, 0.843787431717]
    median: [-1134.40209961, 5.21709823608, 3.8995513916, 1.95190811157, -0.299133300781, -2.47741699219, -4.22264480591, -5.25142669678, -5.40431213379, -4.67218780518, -3.19459533691, -1.2347869873, 0.86791229248]
    min: [-1138.42004395, 1.14440917969e-05, -6.103515625e-05, 8.01086425781e-05, -0.300933837891, -2.48242950439, -4.23009872437, -5.25975036621, -5.41200256348, -4.67763519287, -3.19713973999, -1.23638916016, -3.81469726562e-05]
    skew: [-5.35219049454, -5.3489780426, -5.33837175369, -5.30004358292, 5.84828996658, 5.42017936707, 5.38835191727, 5.37018728256, 5.35166072845, 5.32524776459, 5.27338266373, 5.07345867157, -5.84831190109]
    var: [0.411828130484, 0.694660782814, 0.388901203871, 0.0981703698635, 0.00210869242437, 0.154572546482, 0.451701134443, 0.700969576836, 0.745013654232, 0.559677243233, 0.264436274767, 0.0413538403809, 0.0177597682923]

SpecContrastCoeff:
    dmean: [0.0315359905362, 0.0220467783511, 0.015992699191, 0.0148472106084, 0.00993593316525, 0.0134753137827]
    dmean2: [0.0385533161461, 0.0284870546311, 0.0271583423018, 0.0234554875642, 0.0153661854565, 0.0221936609596]
    dvar: [0.00170427956618, 0.00208584032953, 0.000130010274006, 0.000277404120425, 0.000210283629713, 0.000209667996387]
    dvar2: [0.00165682821535, 0.00238619861193, 0.000296965736197, 0.00043548742542, 0.000241915520746, 0.000305862165987]
    kurt: [14.0655555725, 18.0855979919, 3.23030471802, 8.93596076965, 14.6880836487, 10.855137825]
    max: [-0.617046236992, -0.502547740936, -0.885789573193, -0.847245633602, -0.845870733261, -0.828003525734]
    mean: [-0.672934114933, -0.545416772366, -0.911522269249, -0.869950830936, -0.866800904274, -0.852043330669]
    median: [-0.665069103241, -0.538072884083, -0.91152882576, -0.865294337273, -0.86375439167, -0.848723053932]
    min: [-0.931753873825, -0.799927949905, -0.962421357632, -0.96365493536, -0.952841222286, -0.926998972893]
    skew: [-3.57856202126, -4.23459291458, -1.2824420929, -2.74733281136, -3.61967992783, -3.17797470093]
    var: [0.00269717280753, 0.00229922845028, 0.00019418237207, 0.000435006979387, 0.000282953114947, 0.000303802837152]

SpecPeakAmp:
    dmean: [2.83790427602e-07, 1.89570187104e-06, 5.57627618036e-06, 2.59176667896e-05, 7.10271851858e-05]
    dmean2: [3.06100588432e-07, 1.95074630938e-06, 8.98256166693e-06, 5.30106408405e-05, 0.000142125558341]
    dvar: [1.0584974737e-12, 1.40851316721e-10, 6.3447735954e-10, 2.91315815915e-09, 4.79963713218e-09]
    dvar2: [1.05345409045e-12, 1.44032050176e-10, 1.69474867473e-09, 8.21279222407e-09, 1.05105959491e-08]
    kurt: [17.2776298523, 39.002658844, 33.6166343689, 6.0990114212, -1.99167203903]
    max: [1.68849292095e-05, 7.89299811004e-05, 0.000136639224365, 0.000139040494105, 0.000139104828122]
    mean: [1.65316014318e-05, 1.92572906599e-06, 4.09062658946e-06, 1.28107058117e-05, 7.27366132196e-05]
    median: [1.67421130755e-05, 1.12484514148e-07, 1.2605752886e-07, 1.25802472439e-07, 0.000138780291309]
    min: [1.14094173114e-05, 4.15487981797e-08, 4.38797052027e-08, 5.93076912025e-08, 7.28209101908e-08]
    skew: [-4.36353540421, 6.40249347687, 5.84382915497, 2.8457570076, -0.091027803719]
    var: [1.09482637799e-12, 1.3793279019e-10, 4.38530128877e-10, 1.59098267893e-09, 4.79922412921e-09]
