
metadata:
    version:
        essentia: "2.1-beta3"

Flux:
    dmean: 0.000163748816703
    dmean2: 0.000212665778236
    dvar: 2.85417996793e-07
    dvar2: 5.56343081826e-07
    kurt: 9.75906848907
    max: 0.00313861691393
    mean: 0.000213545165025
    median: 8.4205157691e-06
    min: 4.38322149421e-06
    skew: 3.31509017944
    var: 4.64027266389e-07

Rms:
    dmean: 7.15791320545e-05
    dmean2: 5.81690874242e-05
    dvar: 5.13809368385e-08
    dvar2: 2.2953551948e-08
    kurt: 21.0726890564
    max: 0.00224988604896
    mean: 0.00215968349949
    median: 0.00223656697199
    min: 0.000403981830459
    skew: -4.55318164825
    var: 9.65571800293e-08

RollOff:
    dmean: 6.36208295822
    dmean2: 6.00926589966
    dvar: 1255.71704102
    dvar2: 1063.77819824
    kurt: 38.872215271
    max: 602.9296875
    mean: 351.23046875
    median: 344.53125
    min: 344.53125
    skew: 6.35273075104
    var: 1459.50073242

SpecCent:
    dmean: 13.0835323334
    dmean2: 13.3793945312
    dvar: 3671.69165039
    dvar2: 3009.90893555
    kurt: 39.2692718506
    max: 787.469177246
    mean: 351.067565918
    median: 340.538146973
    min: 336.031738281
    skew: 6.39718389511
    var: 4366.79003906

Zcr:
    dmean: 0.000710227293894
    dmean2: 0.000783521099947
    dvar: 3.26692475028e-06
    dvar2: 2.108501576e-06
    kurt: 17.0979709625
    max: 0.015625
    mean: 0.0147460941225
    median: 0.01513671875
    min: 0.0009765625
    skew: -4.14082622528
    var: 6.65028755975e-06

HarmonicAmpFreq:
    dmean: [0.454068958759]
    dmean2: [0.90907818079]
    dvar: [0.238406226039]
    dvar2: [0.436347216368]
    kurt: [-1.97022068501]
    max: [340.409973145]
    mean: [339.873718262]
    median: [339.508392334]
    min: [339.399749756]
    skew: [0.124023362994]
    var: [0.244308233261]

HarmonicAmpMag:
    dmean: [0.0014762878418]
    dmean2: [0.00292676687241]
    dvar: [2.25759708883e-06]
    dvar2: [4.21080540036e-06]
    kurt: [-1.96020948887]
    max: [0.00311255571432]
    mean: [0.00151038100012]
    median: [0.000845996837597]
    min: [0]
    skew: [0.0609350949526]
    var: [2.31961666941e-06]

MfccCoeff:
    dmean: [2.04814004898, 2.61607217789, 1.87655866146, 0.934733331203, 0.122476749122, 0.510847985744, 0.814131915569, 0.965300798416, 0.944303333759, 0.763985395432, 0.469150066376, 0.118422418833, 0.23615975678]
    dmean2: [2.76041579247, 3.52067661285, 2.51868319511, 1.2670571804, 0.224924847484, 0.508022546768, 0.769303321838, 0.814601480961, 0.707861423492, 0.519512951374, 0.303891062737, 0.0909170135856, 0.232755795121]
    dvar: [83.5332260132, 136.339416504, 70.1738739014, 17.2816848755, 0.394422978163, 6.79026460648, 15.3758430481, 17.3719081879, 14.2008943558, 8.67499923706, 3.17114257812, 0.194331899285, 0.88813328743]
    dvar2: [173.213180542, 281.815490723, 144.258590698, 36.4189491272, 0.845587074757, 6.29973220825, 12.4610652924, 10.1457834244, 6.59007167816, 4.20804738998, 1.70527148247, 0.0971764177084, 0.843903303146]
    kurt: [18.4493961334, 18.3824691772, 18.2717819214, 18.7907714844, 17.162612915, 35.6575546265, 34.7404708862, 31.8602790833, 28.1085472107, 25.0875053406, 23.3395614624, 22.9566421509, 20.4883327484]
    max: [-1083.53149414, 70.2244949341, 50.4982032776, 24.74817276, 0.367538452148, 2.28881835938e-05, -2.67028808594e-05, -5.34057617188e-05, -4.57763671875e-05, -2.28881835938e-05, -2.67028808594e-05, -3.0517578125e-05, 8.63140106201]
    mean: [-1111.98022461, 34.0879020691, 24.8255805969, 11.4076013565, -3.60612511635, -17.439239502, -27.65782547, -32.6192970276, -31.735452652, -25.5148296356, -15.3986110687, -3.43549799919, 8.13722419739]
    median: [-1111.87768555, 34.2335319519, 24.9492835999, 11.432559967, -3.79600524902, -17.9464645386, -28.507194519, -33.7217025757, -32.9013442993, -26.5115127563, -16.0252742767, -3.57991027832, 8.47592926025]
    min: [-1138.42004395, 1.14440917969e-05, -6.103515625e-05, 8.01086425781e-05, -3.86825561523, -18.0711898804, -28.6516647339, -33.8475265503, -32.9744491577, -26.5154190063, -16.027349472, -3.58179473877, -3.81469726562e-05]
    skew: [0.469965428114, 0.367646664381, 0.195919543505, 1.02520763874, 4.34505653381, 6.02504634857, 5.92412090302, 5.61895751953, 5.24916124344, 4.96398448944, 4.79623270035, 4.74036979675, -4.60660409927]
    var: [34.4482383728, 56.3950805664, 29.1904506683, 7.04642724991, 0.679175913334, 7.29875612259, 18.5830554962, 26.9199905396, 27.095582962, 18.5891990662, 7.03992986679, 0.352082133293, 2.18852233887]

SpecContrastCoeff:
    dmean: [0.0287246275693, 0.0310169756413, 0.0122517347336, 0.0137055907398, 0.0113099515438, 0.00882808770984]
    dmean2: [0.0434253364801, 0.0319283381104, 0.0192754529417, 0.0194038562477, 0.0177317932248, 0.0160701889545]
    dvar: [0.00078990397742, 0.00346562732011, 0.000150481573655, 7.90041158325e-05, 7.03603800503e-05, 7.61765477364e-05]
    dvar2: [0.00163420988247, 0.001942592673, 0.000400702498155, 0.00020605501777, 0.000199255213374, 0.000206015436561]
    kurt: [10.5412502289, 19.587978363, 2.19003391266, -0.257082939148, 4.99167442322, 11.4059724808]
    max: [-0.7640619874, -0.383343279362, -0.902357459068, -0.907592236996, -0.893339037895, -0.902069747448]
    mean: [-0.824823081493, -0.433087468147, -0.948142170906, -0.939124643803, -0.916979908943, -0.915567338467]
    median: [-0.82555937767, -0.415105998516, -0.949687123299, -0.938521325588, -0.916860878468, -0.914369940758]
    min: [-0.998048186302, -0.976905882359, -0.96894299984, -0.9620423913, -0.961989223957, -0.963464856148]
    skew: [-2.35423803329, -4.38414764404, 1.29357910156, 0.222017586231, -1.12001752853, -2.70586442947]
    var: [0.00126458401792, 0.00966560747474, 0.000175095148734, 0.000142073331517, 0.000116556977446, 9.24173218664e-05]

SpecPeakAmp:
    dmean: [8.42802037369e-05, 1.68796282196e-06, 0.000139488751302, 0.000161596981343, 0.00141476921272]
    dmean2: [0.000128309708089, 2.40276744989e-06, 0.000214405852603, 0.000310426548822, 0.00289402226917]
    dvar: [1.45058962175e-07, 1.29771991764e-11, 4.00786944965e-07, 4.29513704603e-07, 2.39281598624e-06]
    dvar2: [3.72080279476e-07, 3.13155959497e-11, 1.03115303318e-06, 1.26940835798e-06, 5.11484540766e-06]
    kurt: [40.014831543, 17.6426582336, 40.0121078491, 34.4069671631, -1.90079045296]
    max: [0.0018398539396, 1.75064105861e-05, 0.00305813550949, 0.00311134383082, 0.00311255571432]
    mean: [5.68261384615e-05, 2.34297613133e-06, 7.07749568392e-05, 9.00476734387e-05, 0.00131551828235]
    median: [1.64200191648e-05, 1.89114564364e-06, 2.06322465601e-06, 1.75016054982e-06, 2.75677575701e-06]
    min: [3.60440435543e-06, 6.84037672727e-07, 5.07276524786e-07, 3.71095779883e-07, 2.92922464951e-07]
    skew: [6.4815568924, 4.24510812759, 6.48124885559, 5.90778017044, 0.31491664052]
    var: [7.22609172499e-08, 8.47438438867e-12, 2.02850500841e-07, 2.22925706339e-07, 2.35623178924e-06]
