
metadata:
    version:
        essentia: "2.1-beta3"

Flux:
    dmean: 0.00366724352352
    dmean2: 0.00491965282708
    dvar: 0.000142851073178
    dvar2: 0.000282776978565
    kurt: 9.47985744476
    max: 0.0690717101097
    mean: 0.00470594316721
    median: 0.000111072222353
    min: 1.45088515637e-05
    skew: 3.28265118599
    var: 0.000231962243561

Rms:
    dmean: 0.00160973414313
    dmean2: 0.00127800542396
    dvar: 2.51684905379e-05
    dvar2: 1.07409059638e-05
    kurt: 20.5353374481
    max: 0.0503734350204
    mean: 0.0483456999063
    median: 0.0500937663019
    min: 0.00929646939039
    skew: -4.49924325943
    var: 4.84552510898e-05

RollOff:
    dmean: 15.6605110168
    dmean2: 15.5239372253
    dvar: 9260.1640625
    dvar2: 8849.26953125
    kurt: 39.8480453491
    max: 1012.06054688
    mean: 360.322265625
    median: 344.53125
    min: 344.53125
    skew: 6.46221637726
    var: 9673.37109375

SpecCent:
    dmean: 22.4108467102
    dmean2: 21.0991096497
    dvar: 12609.6396484
    dvar2: 9438.046875
    kurt: 38.6026878357
    max: 1201.85388184
    mean: 361.064727783
    median: 339.650085449
    min: 335.957244873
    skew: 6.32674789429
    var: 16339.5224609

Zcr:
    dmean: 0.000732421875
    dmean2: 0.000817587191705
    dvar: 3.40830206369e-06
    dvar2: 2.41435759563e-06
    kurt: 17.7800483704
    max: 0.015625
    mean: 0.0147460941225
    median: 0.01513671875
    min: 0.0009765625
    skew: -4.20863676071
    var: 6.50193805996e-06

HarmonicAmpFreq:
    dmean: [0.0511093139648]
    dmean2: [0.0569110251963]
    dvar: [0.0405211783946]
    dvar2: [0.0540532805026]
    kurt: [20.0721855164]
    max: [340.641387939]
    mean: [340.373016357]
    median: [340.405487061]
    min: [339.397460938]
    skew: [-4.41645002365]
    var: [0.031514365226]

HarmonicAmpMag:
    dmean: [0.00274688540958]
    dmean2: [0.00210039154626]
    dvar: [0.000104789920442]
    dvar2: [7.2901690146e-05]
    kurt: [15.4148159027]
    max: [0.0696780756116]
    mean: [0.0663072839379]
    median: [0.0696628242731]
    min: [0]
    skew: [-4.04008722305]
    var: [0.000173176405951]

MfccCoeff:
    dmean: [15.749048233, 7.29200792313, 4.02759408951, 3.92769217491, 4.09775257111, 3.68786215782, 3.8334043026, 3.4019370079, 2.6045050621, 1.94508254528, 1.5367757082, 0.992842435837, 1.23676300049]
    dmean2: [22.7817783356, 9.39447689056, 6.15616846085, 6.13871574402, 6.25947666168, 4.82978010178, 4.74836778641, 4.2237739563, 2.86714982986, 2.29402542114, 1.71115732193, 1.41411089897, 1.74522149563]
    dvar: [3715.48828125, 368.886444092, 35.0189552307, 13.1976985931, 7.44458293915, 5.57326078415, 18.9774608612, 40.7784957886, 44.5157966614, 29.6682605743, 9.0798034668, 0.795735538006, 8.75180721283]
    dvar2: [9232.96289062, 746.936523438, 57.8100128174, 24.5101795197, 17.3008308411, 3.99479222298, 9.26495170593, 33.5261230469, 37.7531585693, 24.978811264, 6.49009656906, 1.40306448936, 12.8254547119]
    kurt: [36.3956069946, 10.907169342, 9.03035354614, 5.90816402435, -0.69438624382, 8.25685596466, 14.9457855225, 15.3843746185, 16.5906944275, 17.4838867188, 20.1925106049, 1.00793886185, 11.3864574432]
    max: [-807.668579102, 135.722579956, 77.475769043, 34.8934516907, -1.77168273926, -13.0776748657, -13.6083908081, -10.2430725098, -5.25308227539, -0.976936340332, 1.16680526733, 1.08039093018, 21.1473007202]
    mean: [-1076.94458008, 72.6173171997, 50.6691207886, 22.8072719574, -7.94788122177, -35.1747283936, -54.4743003845, -62.6472854614, -59.1398277283, -45.3614273071, -24.7674102783, -1.69779133797, 19.309305191]
    median: [-1083.7902832, 70.4138870239, 50.621006012, 22.7715797424, -8.18940734863, -35.1020317078, -55.8625717163, -64.898223877, -61.8139877319, -47.4689788818, -26.0127315521, -1.77758026123, 20.575050354]
    min: [-1120.98754883, 21.4005851746, 12.822052002, 1.95305252075, -16.9059658051, -39.6971702576, -59.2219772339, -66.8896484375, -62.6727523804, -48.026763916, -26.7241725922, -4.36874771118, -0.289810180664]
    skew: [6.04878807068, 1.62470388412, -1.85415947437, -1.76414704323, -0.139615565538, 2.38840794563, 3.74112010002, 3.9618268013, 4.12738752365, 4.22659778595, 4.43272686005, -0.0327153541148, -3.5322227478]
    var: [1722.9798584, 209.308486938, 84.4918670654, 27.4050731659, 10.9971351624, 23.0504741669, 63.0603523254, 105.447341919, 105.992805481, 69.5979614258, 21.491071701, 0.890337109566, 20.2160205841]

SpecContrastCoeff:
    dmean: [0.0310168042779, 0.0341355241835, 0.0111706145108, 0.00871718581766, 0.00786126218736, 0.0182261597365]
    dmean2: [0.056143861264, 0.0315149910748, 0.0175369028002, 0.0153130358085, 0.0134528400376, 0.0330247990787]
    dvar: [0.00158691185061, 0.00669391034171, 0.000126984348753, 0.000105571976746, 7.91373604443e-05, 0.000342138460837]
    dvar2: [0.00362550583668, 0.00421899976209, 0.000245059170993, 0.000209498175536, 0.000169454506249, 0.000807869771961]
    kurt: [7.76311397552, 21.4553527832, 5.45974636078, 3.77100276947, 3.61000156403, 0.999991416931]
    max: [-0.744005322456, -0.209877312183, -0.889774739742, -0.916205048561, -0.921009004116, -0.900412976742]
    mean: [-0.914477527142, -0.259447365999, -0.948767244816, -0.957990884781, -0.958057045937, -0.948350846767]
    median: [-0.930427670479, -0.233075946569, -0.955730021, -0.964117646217, -0.963320076466, -0.956623256207]
    min: [-0.942013263702, -0.985011041164, -0.958801090717, -0.965110778809, -0.963953197002, -0.961604893208]
    skew: [2.89041423798, -4.59386301041, 2.31581473351, 2.10578274727, 2.02550792694, 1.46708393097]
    var: [0.00196480425075, 0.0163525510579, 0.000227179392823, 0.000148488019477, 9.82488199952e-05, 0.000289053481538]

SpecPeakAmp:
    dmean: [0.0018461109139, 6.04597153142e-05, 0.0315805338323, 0.0321212485433, 0.00322920223698]
    dmean2: [0.00282656098716, 8.35755490698e-05, 0.0629927814007, 0.065270781517, 0.00656867166981]
    dvar: [6.97545547155e-05, 3.24792033268e-08, 0.00119362876285, 0.00118035753258, 0.000209924008232]
    dvar2: [0.000179141527042, 8.12266236494e-08, 0.00174664170481, 0.00144935771823, 0.000633288582321]
    kurt: [40.0199127197, 30.8169784546, -1.33384799957, -1.80408084393, 40.0043869019]
    max: [0.0401929393411, 0.00091162341414, 0.0696608200669, 0.0696780756116, 0.0696577429771]
    mean: [0.000940778758377, 6.62472375552e-05, 0.0217034332454, 0.0422521643341, 0.00161159201525]
    median: [4.61487943539e-05, 4.15337817685e-05, 3.79879784305e-05, 0.0696628242731, 4.10718203057e-05]
    min: [1.02409467218e-05, 1.95211450773e-05, 1.7181475414e-05, 1.27088906083e-05, 6.68641814627e-06]
    skew: [6.48216247559, 5.53669595718, 0.816033422947, -0.425014823675, 6.48033809662]
    var: [3.50177870132e-05, 1.84175679152e-08, 0.00103484513238, 0.00113502412569, 0.000105256069219]
