
metadata:
    version:
        essentia: "2.1-beta3"

Flux:
    dmean: 0.0137670040131
    dmean2: 0
    dvar: 0
    dvar2: 0
    kurt: -2
    max: 0.295203834772
    mean: 0.288320332766
    median: 0.288320332766
    min: 0.281436830759
    skew: 0
    var: 4.73826003144e-05

Rms:
    dmean: 0
    dmean2: 0
    dvar: 0
    dvar2: 0
    kurt: 0
    max: 0.101431332529
    mean: 0.101431332529
    median: 0.101431332529
    min: 0.101431332529
    skew: 0
    var: 0

RollOff:
    dmean: 258.3984375
    dmean2: 0
    dvar: 0
    dvar2: 0
    kurt: -1.99999988079
    max: 1184.32617188
    mean: 1055.12695312
    median: 1055.12695312
    min: 925.927734375
    skew: 0
    var: 16692.4375

SpecCent:
    dmean: 10.8692016602
    dmean2: 0
    dvar: 0
    dvar2: 0
    kurt: -2
    max: 852.119262695
    mean: 846.684692383
    median: 846.684692383
    min: 841.250061035
    skew: -1.68263686646e-05
    var: 29.5348854065

Zcr:
    dmean: 0.00048828125
    dmean2: 0
    dvar: 0
    dvar2: 0
    kurt: -2
    max: 0.01171875
    mean: 0.011474609375
    median: 0.011474609375
    min: 0.01123046875
    skew: 0
    var: 5.96046447754e-08

HarmonicAmpFreq:
    dmean: [20.1263427734]
    dmean2: [0]
    dvar: [0]
    dvar2: [0]
    kurt: [-2]
    max: [850.674072266]
    mean: [840.610900879]
    median: [840.610900879]
    min: [830.547729492]
    skew: [0]
    var: [101.267417908]

HarmonicAmpMag:
    dmean: [0.0821499750018]
    dmean2: [0]
    dvar: [0]
    dvar2: [0]
    kurt: [-2]
    max: [0.0821499750018]
    mean: [0.0410749875009]
    median: [0.0410749875009]
    min: [0]
    skew: [0]
    var: [0.00168715463951]

MfccCoeff:
    dmean: [329.425720215, 69.1027450562, 18.151966095, 58.0035057068, 10.8015556335, 36.0943374634, 38.8385696411, 0.949396133423, 22.8683605194, 14.5581436157, 4.45011711121, 8.1662979126, 2.58555412292]
    dmean2: [0, 0, 0, 0, 0, 0, 0, 0, 0, 0, 0, 0, 0]
    dvar: [0, 0, 0, 0, 0, 0, 0, 0, 0, 0, 0, 0, 0]
    dvar2: [0, 0, 0, 0, 0, 0, 0, 0, 0, 0, 0, 0, 0]
    kurt: [-2, -2, -2, -2, -1.99999988079, -1.99999988079, -2, -1.99999988079, -2, -2, -2, -2, -2]
    max: [-664.712219238, 197.03817749, -2.76741027832, -40.8167228699, -48.1517524719, 19.9230957031, 48.4062728882, 22.0476417542, 12.5481929779, -0.332725524902, -4.26891708374, 2.02033996582, 1.48918914795]
    mean: [-829.425048828, 162.486801147, -11.8433933258, -69.8184738159, -53.5525283813, 1.87592697144, 28.9869880676, 21.5729446411, 1.1140127182, -7.61179733276, -6.49397563934, -2.06280899048, 0.196412086487]
    median: [-829.425048828, 162.486801147, -11.8433933258, -69.8184738159, -53.5525283813, 1.87592697144, 28.9869880676, 21.5729446411, 1.1140127182, -7.61179733276, -6.49397563934, -2.06280899048, 0.196412086487]
    min: [-994.137939453, 127.935432434, -20.9193763733, -98.8202285767, -58.9533081055, -16.1712417603, 9.56770324707, 21.0982456207, -10.3201675415, -14.8908691406, -8.71903419495, -6.14595794678, -1.09636497498]
    skew: [-5.5944514088e-07, 3.31460796588e-07, 0, -2.00169210984e-07, -1.01704563349e-06, 0, 0, -5.99012946623e-06, 0, 0, 0, 0, 0]
    var: [27130.3261719, 1193.79736328, 82.3734664917, 841.10168457, 29.1683998108, 325.700286865, 377.108612061, 0.225338250399, 130.740478516, 52.9848861694, 4.95088577271, 16.6721057892, 1.67127251625]

SpecContrastCoeff:
    dmean: [0.0146703720093, 0.0935150980949, 0.124011158943, 0.213371396065, 0.0142044425011, 0.0195336341858]
    dmean2: [0, 0, 0, 0, 0, 0]
    dvar: [0, 0, 0, 0, 0, 0]
    dvar2: [0, 0, 0, 0, 0, 0]
    kurt: [-2, -2, -1.99999988079, -2, -1.99999988079, -2]
    max: [-0.970298171043, -0.805968761444, -0.699204087257, -0.629930019379, -0.896719157696, -0.937242090702]
    mean: [-0.977633357048, -0.852726340294, -0.761209666729, -0.736615717411, -0.903821349144, -0.947008907795]
    median: [-0.977633357048, -0.852726340294, -0.761209666729, -0.736615717411, -0.903821349144, -0.947008907795]
    min: [-0.984968543053, -0.899483859539, -0.823215246201, -0.843301415443, -0.910923600197, -0.956775724888]
    skew: [0, 1.92175821212e-06, 0, 0, -1.25746782942e-05, 0]
    var: [5.38049534953e-05, 0.00218626833521, 0.00384469190612, 0.0113818384707, 5.04415438627e-05, 9.5390714705e-05]

SpecPeakAmp:
    dmean: [0.0820044651628, 0.0375592783093, 0.0170312058181, 0.0081562846899, 0.00489162746817]
    dmean2: [0, 0, 0, 0, 0]
    dvar: [0, 0, 0, 0, 0]
    dvar2: [0, 0, 0, 0, 0]
    kurt: [-2, -2, -1.99999988079, -2, -2]
    max: [0.0821499750018, 0.0377114936709, 0.0171975474805, 0.00834545958787, 0.0051177428104]
    mean: [0.0411477424204, 0.0189318545163, 0.00868194457144, 0.00426731724292, 0.00267192907631]
    median: [0.0411477424204, 0.0189318545163, 0.00868194457144, 0.00426731724292, 0.00267192907631]
    min: [0.000145509737195, 0.000152215943672, 0.000166341254953, 0.000189174432307, 0.000226115298574]
    skew: [0, 0, 0, -1.57142707735e-07, 0]
    var: [0.00168118311558, 0.000352674833266, 7.25154895918e-05, 1.66312474903e-05, 5.98200495006e-06]
