
metadata:
    version:
        essentia: "2.1-beta3"

Flux:
    dmean: 0.0330109260976
    dmean2: 0.0441950820386
    dvar: 0.0115305297077
    dvar2: 0.0221987646073
    kurt: 9.35041618347
    max: 0.638862431049
    mean: 0.0432708114386
    median: 0.00107283808757
    min: 4.67228637717e-05
    skew: 3.26145458221
    var: 0.0195555128157

Rms:
    dmean: 0.0148175517097
    dmean2: 0.0122712887824
    dvar: 0.00220089382492
    dvar2: 0.000997481285594
    kurt: 21.1878242493
    max: 0.46410754323
    mean: 0.445494771004
    median: 0.46122777462
    min: 0.0822655782104
    skew: -4.56631278992
    var: 0.00412101205438

RollOff:
    dmean: 3.42573690414
    dmean2: 3.00463294983
    dvar: 272.794525146
    dvar2: 185.0703125
    kurt: 35.6806869507
    max: 473.73046875
    mean: 348.359375
    median: 344.53125
    min: 344.53125
    skew: 6.01131391525
    var: 376.896484375

SpecCent:
    dmean: 3.51649832726
    dmean2: 4.78708791733
    dvar: 19.193277359
    dvar2: 19.9707508087
    kurt: 22.7874889374
    max: 368.539581299
    mean: 340.050201416
    median: 339.307037354
    min: 335.954071045
    skew: 4.3147354126
    var: 23.8735561371

Zcr:
    dmean: 0.000699129945133
    dmean2: 0.000772165716626
    dvar: 2.97370570479e-06
    dvar2: 1.68814449353e-06
    kurt: 17.0930347443
    max: 0.015625
    mean: 0.0147460941225
    median: 0.01513671875
    min: 0.00146484375
    skew: -4.14026641846
    var: 6.19464299234e-06

HarmonicAmpFreq:
    dmean: [0.0596896074712]
    dmean2: [0.0936123132706]
    dvar: [0.053901553154]
    dvar2: [0.123070210218]
    kurt: [15.0972137451]
    max: [340.411315918]
    mean: [340.335479736]
    median: [340.405853271]
    min: [338.981109619]
    skew: [-3.99113178253]
    var: [0.0722616538405]

HarmonicAmpMag:
    dmean: [0.0250543300062]
    dmean2: [0.01915198192]
    dvar: [0.0087015023455]
    dvar2: [0.00600039632991]
    kurt: [15.6442527771]
    max: [0.641971230507]
    mean: [0.611200988293]
    median: [0.641819894314]
    min: [0]
    skew: [-4.05997228622]
    var: [0.0144759267569]

MfccCoeff:
    dmean: [33.7156028748, 10.6735448837, 26.5262336731, 15.4248800278, 4.50358915329, 7.19529104233, 4.69240427017, 4.78477287292, 3.83981323242, 2.82440567017, 2.42743015289, 1.10790479183, 1.52656793594]
    dmean2: [48.9675521851, 17.997341156, 37.6260757446, 21.9748954773, 7.60249423981, 12.6537628174, 6.92122077942, 6.33180570602, 5.26498270035, 3.96643877029, 3.441883564, 1.84790754318, 1.85323381424]
    dvar: [4444.68603516, 318.560852051, 171.923446655, 60.4515380859, 17.8913078308, 29.9606990814, 40.3376808167, 54.1099014282, 49.596370697, 32.4167671204, 11.0960350037, 1.28698945045, 7.8018116951]
    dvar2: [9816.43066406, 654.300170898, 349.427947998, 182.092102051, 43.5169219971, 57.6907234192, 47.3908195496, 71.3139801025, 52.1734237671, 26.4158573151, 8.92447280884, 2.88909864426, 7.97339916229]
    kurt: [18.1137771606, 14.7624130249, -1.43937778473, -0.969081401825, 0.876031398773, 4.86488771439, 13.2316322327, 14.3673973083, 15.9861011505, 17.6365833282, 20.8555412292, 9.94107723236, 10.9548273087]
    max: [-698.838806152, 225.673721313, 105.012390137, 43.0624580383, -1.7958984375, -10.8176956177, -9.5376663208, -5.66377258301, -1.13488006592, 3.96559906006, 6.94759750366, 4.47229766846, 21.2493438721]
    mean: [-980.738220215, 162.039718628, 74.1951599121, 20.417175293, -14.3610486984, -42.2950401306, -58.5228309631, -63.8524208069, -59.234539032, -44.636806488, -24.3322963715, -1.60303509235, 19.0712947845]
    median: [-982.973876953, 162.026428223, 70.312286377, 19.3777656555, -13.1623039246, -42.6248283386, -60.4386520386, -65.7839355469, -61.4937973022, -46.4819793701, -25.2993679047, -1.58728790283, 20.4258804321]
    min: [-1045.7142334, 113.191139221, 41.4584732056, 1.1397895813, -26.2083091736, -55.6177024841, -68.4409484863, -73.8016204834, -67.5746231079, -50.5199584961, -29.2379512787, -4.90244293213, -2.22598266602]
    skew: [4.1020693779, 1.50625276566, 0.0572930127382, 0.364496320486, -0.516118228436, 1.76389181614, 3.55618143082, 3.78815150261, 3.99896860123, 4.21508598328, 4.44157218933, 1.64790511131, -3.42413544655]
    var: [2733.90698242, 166.918518066, 446.691131592, 146.918640137, 21.643787384, 68.8425064087, 99.7872619629, 135.683990479, 125.767578125, 82.9019241333, 30.7110538483, 1.64064061642, 21.388759613]

SpecContrastCoeff:
    dmean: [0.0448198951781, 0.0307483077049, 0.0145217962563, 0.00789781752974, 0.00535810552537, 0.0116886207834]
    dmean2: [0.0849047005177, 0.0275273323059, 0.0243988614529, 0.0154720209539, 0.0104733426124, 0.0222415551543]
    dvar: [0.00339501001872, 0.0103506976739, 0.00030928326305, 0.00012402725406, 6.84332262608e-05, 0.000237590968027]
    dvar2: [0.00737879844382, 0.00486385496333, 0.000760990020353, 0.000311477371724, 0.00019409894594, 0.00064548314549]
    kurt: [7.47734546661, 29.1815338135, 8.22663879395, 8.47672367096, 6.51678752899, 6.24232673645]
    max: [-0.658300757408, -0.051375284791, -0.837451994419, -0.898280918598, -0.918961465359, -0.896743118763]
    mean: [-0.918576478958, -0.0905083343387, -0.934940397739, -0.95035135746, -0.953022837639, -0.947977542877]
    median: [-0.9397367239, -0.0621938742697, -0.94380646944, -0.956247210503, -0.956256866455, -0.953204035759]
    min: [-0.984568059444, -0.932386398315, -0.948146700859, -0.956849455833, -0.957228779793, -0.955545067787]
    skew: [2.78704595566, -5.34696054459, 2.90065360069, 2.91924929619, 2.67904615402, 2.58356904984]
    var: [0.00415195012465, 0.0187066458166, 0.000529866141733, 0.0001687976619, 6.88620493747e-05, 0.00015572256234]

SpecPeakAmp:
    dmean: [0.0170228276402, 0.146026864648, 0.437494307756, 0.295921295881, 0.000459471746581]
    dmean2: [0.0261089354753, 0.29866746068, 0.880149066448, 0.600942134857, 0.000631593167782]
    dvar: [0.00596166867763, 0.0721879675984, 0.0888531953096, 0.100226089358, 1.43705005939e-06]
    dvar2: [0.0153173925355, 0.140427395701, 0.134071588516, 0.213617146015, 1.51034078044e-06]
    kurt: [40.0210075378, 0.841192007065, -1.99792349339, -0.915266513824, 33.054309845]
    max: [0.371431171894, 0.64181303978, 0.641971230507, 0.641955673695, 0.00830867514014]
    mean: [0.0086367437616, 0.114483237267, 0.313832432032, 0.175543919206, 0.00040043273475]
    median: [0.000387642445276, 0.000362098391633, 0.00332856108434, 0.000396731949877, 7.59032554924e-05]
    min: [9.25733547774e-05, 6.82501777192e-05, 3.02674307022e-05, 1.81007580977e-05, 1.25358928926e-05]
    skew: [6.48229074478, 1.68557584286, 0.0445102751255, 1.0297652483, 5.74080848694]
    var: [0.00299141881987, 0.0601146705449, 0.102627426386, 0.0798229277134, 1.55589964379e-06]
