
metadata:
    version:
        essentia: "2.1-beta3"

Flux:
    dmean: 0.0199147164822
    dmean2: 0
    dvar: 0
    dvar2: 0
    kurt: -2
    max: 0.3787099123
    mean: 0.368752539158
    median: 0.368752539158
    min: 0.358795195818
    skew: 4.49099343314e-06
    var: 9.91489796434e-05

Rms:
    dmean: 0
    dmean2: 0
    dvar: 0
    dvar2: 0
    kurt: 0
    max: 0.130388185382
    mean: 0.130388185382
    median: 0.130388185382
    min: 0.130388185382
    skew: 0
    var: 0

RollOff:
    dmean: 129.19921875
    dmean2: 0
    dvar: 0
    dvar2: 0
    kurt: -1.99999988079
    max: 624.462890625
    mean: 559.86328125
    median: 559.86328125
    min: 495.263671875
    skew: 0
    var: 4173.109375

SpecCent:
    dmean: 84.3247375488
    dmean2: 0
    dvar: 0
    dvar2: 0
    kurt: -1.99999988079
    max: 529.17565918
    mean: 487.013305664
    median: 487.013305664
    min: 444.850921631
    skew: -1.09447125851e-06
    var: 1777.6652832

Zcr:
    dmean: 0.00048828125
    dmean2: 0
    dvar: 0
    dvar2: 0
    kurt: -2
    max: 0.0068359375
    mean: 0.006591796875
    median: 0.006591796875
    min: 0.00634765625
    skew: 0
    var: 5.96046447754e-08

HarmonicAmpFreq:
    dmean: [72.4378051758]
    dmean2: [0]
    dvar: [0]
    dvar2: [0]
    kurt: [-2]
    max: [524.461181641]
    mean: [488.242279053]
    median: [488.242279053]
    min: [452.023376465]
    skew: [0]
    var: [1311.80895996]

HarmonicAmpMag:
    dmean: [0.116506658494]
    dmean2: [0]
    dvar: [0]
    dvar2: [0]
    kurt: [-1.99999988079]
    max: [0.126849874854]
    mean: [0.0685965418816]
    median: [0.0685965418816]
    min: [0.0103432154283]
    skew: [2.20840718157e-07]
    var: [0.00339345028624]

MfccCoeff:
    dmean: [367.775695801, 14.8077545166, 22.4994544983, 42.2657470703, 51.9112510681, 37.1182479858, 6.24748039246, 10.6835155487, 18.6093292236, 16.194360733, 10.6348018646, 1.45678138733, 4.21525764465]
    dmean2: [0, 0, 0, 0, 0, 0, 0, 0, 0, 0, 0, 0, 0]
    dvar: [0, 0, 0, 0, 0, 0, 0, 0, 0, 0, 0, 0, 0]
    dvar2: [0, 0, 0, 0, 0, 0, 0, 0, 0, 0, 0, 0, 0]
    kurt: [-2.00000023842, -2, -2, -2, -1.99999988079, -1.99999988079, -2, -2, -1.99999988079, -2, -2, -2, -2]
    max: [-626.739501953, 175.809402466, 63.6194190979, 16.2528305054, -13.9293861389, -21.4754219055, -25.8654117584, -8.23893737793, 7.09801101685, 14.7748661041, 15.1858024597, 9.950340271, 7.77568244934]
    mean: [-810.627319336, 168.405517578, 52.3696899414, -4.88004302979, -39.8850097656, -40.0345458984, -28.989151001, -13.5806951523, -2.20665359497, 6.67768573761, 9.8684015274, 9.22194957733, 5.66805362701]
    median: [-810.627319336, 168.405517578, 52.3696899414, -4.88004302979, -39.8850097656, -40.0345458984, -28.989151001, -13.5806951523, -2.20665359497, 6.67768573761, 9.8684015274, 9.22194957733, 5.66805362701]
    min: [-994.515197754, 161.001647949, 41.1199645996, -26.0129165649, -65.840637207, -58.5936698914, -32.1128921509, -18.9224529266, -11.5113182068, -1.41949462891, 4.55100059509, 8.49355888367, 3.56042480469]
    skew: [-4.4225581064e-07, 3.1204735933e-06, 4.71570643867e-07, 0, -2.23390955512e-07, 0, -9.38634627801e-07, 0, 0, 0, 0, 0, 0]
    var: [33814.7421875, 54.8173980713, 126.556365967, 446.598358154, 673.694458008, 344.441070557, 9.75775337219, 28.5343761444, 86.5767822266, 65.5643310547, 28.2747535706, 0.530552983284, 4.44209909439]

SpecContrastCoeff:
    dmean: [0.0552741885185, 0.149940013885, 0.166882574558, 0.0514652729034, 0.00686585903168, 0.0190528035164]
    dmean2: [0, 0, 0, 0, 0, 0]
    dvar: [0, 0, 0, 0, 0, 0]
    dvar2: [0, 0, 0, 0, 0, 0]
    kurt: [-2, -2, -1.99999988079, -2, -2, -2]
    max: [-0.851920068264, -0.601090729237, -0.705815374851, -0.87020611763, -0.932057142258, -0.940175175667]
    mean: [-0.879557132721, -0.676060736179, -0.789256691933, -0.895938754082, -0.935490071774, -0.949701547623]
    median: [-0.879557132721, -0.676060736179, -0.789256691933, -0.895938754082, -0.935490071774, -0.949701547623]
    min: [-0.907194256783, -0.751030743122, -0.872697949409, -0.921671390533, -0.938923001289, -0.959227979183]
    skew: [-3.27443717651e-06, 0, 1.10212249638e-06, 0, 0, -9.36932701734e-06]
    var: [0.000763808959164, 0.00562050193548, 0.00696244835854, 0.000662168604322, 1.17850049719e-05, 9.07523281057e-05]

SpecPeakAmp:
    dmean: [0.126519784331, 0.030857572332, 0.0129351560026, 0.00796390883625, 0.00337684107944]
    dmean2: [0, 0, 0, 0, 0]
    dvar: [0, 0, 0, 0, 0]
    dvar2: [0, 0, 0, 0, 0]
    kurt: [-2, -2, -2, -1.99999988079, -1.99999988079]
    max: [0.126849874854, 0.0312807708979, 0.0134437223896, 0.00884331669658, 0.0103432154283]
    mean: [0.0635899826884, 0.0158519856632, 0.00697614438832, 0.00486136227846, 0.00865479465574]
    median: [0.0635899826884, 0.0158519856632, 0.00697614438832, 0.00486136227846, 0.00865479465574]
    min: [0.000330084294546, 0.000423198740464, 0.000508565979544, 0.000879407802131, 0.00696637434885]
    skew: [-1.72447130353e-07, -1.85723195045e-07, -1.05057033295e-07, 0, 4.61315863731e-07]
    var: [0.00400181440637, 0.000238047447056, 4.18295676354e-05, 1.58559614647e-05, 2.85076384898e-06]
