
metadata:
    version:
        essentia: "2.1-beta3"

Flux:
    dmean: 6.4047703745e-06
    dmean2: 9.36147989705e-06
    dvar: 5.35886168773e-10
    dvar2: 1.16452281151e-09
    kurt: 14.0313606262
    max: 0.000125257574837
    mean: 8.4746925495e-06
    median: 2.53427538155e-06
    min: 3.81576455766e-07
    skew: 3.8607571125
    var: 5.56607704372e-10

Rms:
    dmean: 1.78088555458e-06
    dmean2: 1.6819258235e-06
    dvar: 4.15420545186e-11
    dvar2: 3.08580209996e-11
    kurt: 19.5019760132
    max: 0.000101460485894
    mean: 9.95116497506e-05
    median: 0.000101283294498
    min: 5.92277065152e-05
    skew: -4.4933719635
    var: 5.5464435128e-11

RollOff:
    dmean: 1.00154435635
    dmean2: 1.025390625
    dvar: 20.5633563995
    dvar2: 21.0285148621
    kurt: 17.0477027893
    max: 710.595703125
    mean: 690.041259766
    median: 689.0625
    min: 689.0625
    skew: 4.36437177658
    var: 20.118303299

SpecCent:
    dmean: 3.48028707504
    dmean2: 3.37797617912
    dvar: 60.7042503357
    dvar2: 45.3111343384
    kurt: 12.7441043854
    max: 954.788024902
    mean: 903.612548828
    median: 900.846008301
    min: 896.773742676
    skew: 3.67241334915
    var: 114.93447113

Zcr:
    dmean: 0.00085165334167
    dmean2: 0.000883556553163
    dvar: 1.00478791865e-05
    dvar2: 9.28966983338e-06
    kurt: 17.2965221405
    max: 0.03125
    mean: 0.0300181992352
    median: 0.03076171875
    min: 0.013671875
    skew: -4.36087608337
    var: 1.10375776785e-05

HarmonicAmpFreq:
    dmean: [0.0150714255869]
    dmean2: [0.0154302688316]
    dvar: [0.00477995537221]
    dvar2: [0.00488822627813]
    kurt: [20.8431434631]
    max: [679.097351074]
    mean: [678.724487305]
    median: [678.721801758]
    min: [678.449279785]
    skew: [2.06124138832]
    var: [0.0048879426904]

HarmonicAmpMag:
    dmean: [2.73395585282e-06]
    dmean2: [2.79905020761e-06]
    dvar: [1.76198791668e-10]
    dvar2: [1.8021188708e-10]
    kurt: [26.8121852875]
    max: [8.10035198811e-05]
    mean: [2.67182053904e-06]
    median: [0]
    min: [0]
    skew: [5.21000623703]
    var: [1.72360348216e-10]

MfccCoeff:
    dmean: [0.080424465239, 0.0836018398404, 0.00919430796057, 0.0701116546988, 0.112191133201, 0.0948064029217, 0.0272603593767, 0.0549083985388, 0.107625119388, 0.103377766907, 0.0443986393511, 0.0388156995177, 0.100348718464]
    dmean2: [0.082691013813, 0.0859883651137, 0.00953674316406, 0.0719698965549, 0.115294322371, 0.0975661501288, 0.0282512847334, 0.0560996644199, 0.110444292426, 0.106324516237, 0.045964922756, 0.0394737608731, 0.102696739137]
    dvar: [0.158557116985, 0.171201393008, 0.00201691454276, 0.120879650116, 0.308840274811, 0.219894856215, 0.0178013090044, 0.0743213370442, 0.284982651472, 0.261793226004, 0.0475510321558, 0.0364045351744, 0.248238191009]
    dvar2: [0.161136418581, 0.174032300711, 0.00206451094709, 0.122696384788, 0.313750773668, 0.223623409867, 0.0182118620723, 0.0752256661654, 0.289201676846, 0.266112983227, 0.0485795848072, 0.0366485640407, 0.251500070095]
    kurt: [30.0008773804, 29.9935455322, 29.7504920959, 30.0412101746, 30.0138893127, 29.9794807434, 29.775554657, 30.1326942444, 30.0486869812, 29.9944419861, 29.8232345581, 30.2869033813, 30.1021308899]
    max: [-1135.90966797, 2.60822677612, 0.282043457031, 8.01086425781e-05, -6.103515625e-05, 2.28881835938e-05, -2.67028808594e-05, 1.72509765625, 3.36821365356, 3.22535705566, 1.37102127075, -3.0517578125e-05, -3.81469726562e-05]
    mean: [-1135.99023438, 2.52427840233, 0.272206395864, -2.12389016151, -3.39240956306, -2.85972499847, -0.809348702431, 1.66994404793, 3.26185297966, 3.12157416344, 1.32426571846, -1.17507863045, -3.04921746254]
    median: [-1135.91235352, 2.60523605347, 0.280792236328, -2.19202804565, -3.50122070312, -2.95143127441, -0.834949493408, 1.72364044189, 3.36646270752, 3.2216796875, 1.36630630493, -1.21286392212, -3.14723205566]
    min: [-1138.42004395, 1.14440917969e-05, -6.103515625e-05, -2.19330978394, -3.50436401367, -2.95532989502, -0.838375091553, -5.34057617188e-05, -4.57763671875e-05, -2.28881835938e-05, -2.67028808594e-05, -1.21559143066, -3.14940643311]
    skew: [-5.50096750259, -5.50033521652, -5.47729206085, 5.50476074219, 5.50222492218, 5.4990196228, 5.47970438004, -5.51317119598, -5.50545358658, -5.50041532516, -5.48426294327, 5.52704572678, 5.51037549973]
    var: [0.156048044562, 0.168438255787, 0.00196785130538, 0.119154021144, 0.304101258516, 0.216237649322, 0.0173801891506, 0.0735455080867, 0.280993670225, 0.257582902908, 0.0464964732528, 0.0363143533468, 0.245312675834]

SpecContrastCoeff:
    dmean: [0.0302112773061, 0.0247472766787, 0.0208412464708, 0.0124147478491, 0.00899638235569, 0.00707190111279]
    dmean2: [0.0509313866496, 0.0430280640721, 0.0317502580583, 0.0163565147668, 0.0125141488388, 0.0094486689195]
    dvar: [0.00163534609601, 0.000697905605193, 0.00142464006785, 0.000194899956114, 0.000163471078849, 0.000170993385836]
    dvar2: [0.00187323591672, 0.000863046851009, 0.0012647935655, 0.000335620308761, 0.000201171656954, 0.000162696422194]
    kurt: [13.73579216, 11.6451444626, 18.7110137939, 8.46828079224, 9.80077838898, 11.8794441223]
    max: [-0.633838117123, -0.673561573029, -0.566672801971, -0.860734462738, -0.872664272785, -0.85057413578]
    mean: [-0.673870027065, -0.711412012577, -0.592526197433, -0.881879985332, -0.895076155663, -0.869273126125]
    median: [-0.664474129677, -0.706828713417, -0.583652019501, -0.879905104637, -0.894059062004, -0.867350578308]
    min: [-0.878201961517, -0.851484954357, -0.816914260387, -0.959161221981, -0.962253808975, -0.936414659023]
    skew: [-3.73381519318, -3.27393627167, -4.32531070709, -2.59723949432, -2.33598637581, -3.28629159927]
    var: [0.00199086382054, 0.000950067653321, 0.00174861215055, 0.000296445941785, 0.00019532153965, 0.000216017389903]

SpecPeakAmp:
    dmean: [1.33849539452e-06, 1.0305653575e-07, 1.02902895094e-07, 1.95340567188e-06, 9.30940757371e-07]
    dmean2: [2.56293287748e-06, 1.34594969836e-07, 1.34346237246e-07, 2.04567641049e-06, 9.88494889498e-07]
    dvar: [9.10122671671e-13, 8.79131362434e-14, 1.14505301942e-13, 1.4852628849e-10, 2.99885637156e-11]
    dvar2: [2.59513894749e-12, 8.93037475024e-14, 1.16455131129e-13, 1.52329218683e-10, 3.0604851986e-11]
    kurt: [6.885014534, 28.4448776245, 26.0719642639, 39.00938797, 38.7821044922]
    max: [1.78947047971e-05, 2.13574253394e-06, 2.25841290558e-06, 8.10035198811e-05, 3.6556586565e-05]
    mean: [1.66588652064e-05, 3.05204167717e-07, 2.19574616267e-07, 1.96911514649e-06, 9.91046817944e-07]
    median: [1.67359648913e-05, 2.47521995789e-07, 1.51849576469e-07, 9.7978201552e-08, 1.19075338034e-07]
    min: [1.22006758829e-05, 1.64623941146e-07, 8.06454920621e-08, 5.63239233031e-08, 6.38030286382e-08]
    skew: [-1.90264499187, 5.32057523727, 5.11425733566, 6.40328931808, 6.37699317932]
    var: [9.7835379121e-13, 9.08932895312e-14, 1.18350736654e-13, 1.45289988374e-10, 2.95012833607e-11]
