
metadata:
    version:
        essentia: "2.1-beta3"

Flux:
    dmean: 0.000162857308169
    dmean2: 0.000214943254832
    dvar: 2.85910658704e-07
    dvar2: 5.63319133562e-07
    kurt: 9.62617588043
    max: 0.00311178504489
    mean: 0.000213737745071
    median: 9.38038647291e-06
    min: 5.72515773456e-06
    skew: 3.29983568192
    var: 4.6222365313e-07

Rms:
    dmean: 6.39591380605e-05
    dmean2: 4.79193404317e-05
    dvar: 5.23625907078e-08
    dvar2: 2.35053985165e-08
    kurt: 21.0104160309
    max: 0.00223947572522
    mean: 0.0021594138816
    median: 0.00223847758025
    min: 0.000400832039304
    skew: -4.54894113541
    var: 9.70617577423e-08

RollOff:
    dmean: 4.89390993118
    dmean2: 4.50694942474
    dvar: 671.567932129
    dvar2: 529.632141113
    kurt: 38.0067481995
    max: 882.861328125
    mean: 694.326171875
    median: 689.0625
    min: 689.0625
    skew: 6.25828123093
    var: 827.523620605

SpecCent:
    dmean: 2.09564757347
    dmean2: 2.34304451942
    dvar: 138.269775391
    dvar2: 141.491714478
    kurt: 39.8848648071
    max: 758.055664062
    mean: 680.748413086
    median: 679.024658203
    min: 676.189941406
    skew: 6.46584320068
    var: 136.046417236

Zcr:
    dmean: 0.00102095166221
    dmean2: 0.000715388800018
    dvar: 1.42706348925e-05
    dvar2: 9.85110546026e-06
    kurt: 17.455696106
    max: 0.03076171875
    mean: 0.0294487848878
    median: 0.03076171875
    min: 0.00146484375
    skew: -4.20227622986
    var: 2.72308116109e-05

HarmonicAmpFreq:
    dmean: [1.95819509029]
    dmean2: [1.99355578423]
    dvar: [163.179260254]
    dvar2: [165.182952881]
    kurt: [40.020198822]
    max: [678.836486816]
    mean: [676.91192627]
    median: [678.836486816]
    min: [592.67590332]
    skew: [-6.48219585419]
    var: [161.270828247]

HarmonicAmpMag:
    dmean: [8.17726031528e-05]
    dmean2: [0.000125551319798]
    dvar: [1.40422073969e-07]
    dvar2: [3.60705001867e-07]
    kurt: [40.0224113464]
    max: [0.00180071254726]
    mean: [4.00920689572e-05]
    median: [0]
    min: [0]
    skew: [6.48245620728]
    var: [7.04499072413e-08]

MfccCoeff:
    dmean: [2.04611492157, 2.34505438805, 1.01061868668, 0.562193453312, 1.16290557384, 1.08715391159, 0.442254245281, 0.356503784657, 0.799849689007, 0.821209967136, 0.438219934702, 0.144746601582, 0.609697282314]
    dmean2: [2.79255437851, 3.23328590393, 1.4968624115, 0.490911453962, 1.31632459164, 1.25488233566, 0.525355935097, 0.317236304283, 0.711500585079, 0.663019239902, 0.295175433159, 0.153780028224, 0.436403393745]
    dvar: [83.0136260986, 108.706932068, 20.5249652863, 6.27005815506, 32.9461936951, 27.6641674042, 4.18987083435, 2.6329202652, 13.1559839249, 11.7433815002, 2.74586820602, 0.669514536858, 5.7330288887]
    dvar2: [177.013290405, 236.993362427, 50.7576713562, 4.02503728867, 43.0345077515, 38.305809021, 6.38831567764, 1.75187540054, 8.96550941467, 6.21459388733, 1.40793633461, 0.680132865906, 2.61055731773]
    kurt: [19.4540996552, 20.8609371185, 37.3173675537, 33.2739715576, 33.7035636902, 32.0813522339, 27.4944057465, 34.6694488525, 33.6046257019, 30.2423171997, 23.5636310577, 39.5653495789, 27.3690338135]
    max: [-1084.4654541, 60.9495620728, 23.4584350586, 8.01086425781e-05, -6.103515625e-05, 2.28881835938e-05, -2.67028808594e-05, 12.9652729034, 28.2860832214, 28.5973911285, 14.6888084412, -3.0517578125e-05, -3.81469726562e-05]
    mean: [-1114.29211426, 25.4112663269, 3.88294196129, -19.1459846497, -31.7543678284, -27.7483215332, -9.77701663971, 12.3688964844, 27.18384552, 27.5324363708, 14.113073349, -5.39103031158, -20.7524814606]
    median: [-1114.29309082, 25.3157463074, 3.54379272461, -19.7670707703, -32.531337738, -28.4043235779, -9.99835205078, 12.7527942657, 28.0570335388, 28.4998569489, 14.6877555847, -5.51636505127, -21.5175590515]
    min: [-1138.42004395, 1.14440917969e-05, -6.103515625e-05, -19.9586906433, -37.6557579041, -34.3501091003, -13.179107666, -5.34057617188e-05, -4.57763671875e-05, -2.28881835938e-05, -2.67028808594e-05, -5.74452972412, -21.7290153503]
    skew: [1.4108082056, 2.20096611977, 6.11832761765, 5.76317882538, 5.76385784149, 5.53450202942, 4.84273815155, -5.90572500229, -5.79886436462, -5.45591831207, -4.80741024017, 6.42911100388, 5.18850135803]
    var: [33.4637489319, 43.3052520752, 9.00359535217, 9.08485031128, 24.8559322357, 19.4401779175, 2.60869383812, 3.71849393845, 18.2300395966, 19.6649875641, 5.86868476868, 0.664066135883, 11.7609424591]

SpecContrastCoeff:
    dmean: [0.0510268323123, 0.034778688103, 0.0309553854167, 0.0150399627164, 0.00994283892214, 0.00765111623332]
    dmean2: [0.0995664596558, 0.0588534362614, 0.0445424839854, 0.0285827834159, 0.0181027185172, 0.0139226289466]
    dvar: [0.00110586278606, 0.00110475474503, 0.0025693832431, 6.47777414997e-05, 5.54928556085e-05, 4.64709628432e-05]
    dvar2: [0.00364910066128, 0.0012015394168, 0.00194501096848, 0.000261070090346, 0.000164341297932, 0.000130265514599]
    kurt: [3.13139724731, 19.9169845581, 19.5409679413, -0.418390035629, 1.35647726059, 5.43577671051]
    max: [-0.736869454384, -0.609516620636, -0.455004185438, -0.913430452347, -0.90999931097, -0.901032924652]
    mean: [-0.826341509819, -0.652648985386, -0.492054253817, -0.940307199955, -0.928669035435, -0.92212754488]
    median: [-0.835913777351, -0.644716084003, -0.476720392704, -0.941008746624, -0.927577197552, -0.921766102314]
    min: [-0.978780269623, -0.98397475481, -0.938013970852, -0.957976222038, -0.95377266407, -0.955197989941]
    skew: [-0.823328852654, -4.34431314468, -4.38630485535, 0.342735677958, -0.486744761467, -1.36093080044]
    var: [0.0016550256405, 0.00356788071804, 0.0065142037347, 0.000103334263258, 6.32038136246e-05, 6.52105154586e-05]

SpecPeakAmp:
    dmean: [4.18551053372e-06, 8.27265539556e-05, 1.68041697179e-06, 1.63666652497e-06, 1.39014048273e-06]
    dmean2: [5.98381438977e-06, 0.000127425038954, 2.91274795927e-06, 2.86099520963e-06, 2.42941450779e-06]
    dvar: [1.45677372942e-10, 1.40361180456e-07, 1.54810261832e-11, 1.4053546521e-11, 7.5767274399e-12]
    dvar2: [3.52452400598e-10, 3.6028905015e-07, 3.81911412217e-11, 3.50933691828e-11, 1.83706955897e-11]
    kurt: [33.3377532959, 40.0223274231, 37.4163742065, 36.7869911194, 34.1167984009]
    max: [6.97933210176e-05, 0.00180071254726, 2.07508637686e-05, 1.96199489437e-05, 1.4881646166e-05]
    mean: [1.75523764483e-05, 4.14241148974e-05, 1.95817642634e-06, 1.9885205802e-06, 1.97561757886e-06]
    median: [1.66794416145e-05, 1.54284964538e-06, 1.52602717662e-06, 1.68981409843e-06, 1.80671906946e-06]
    min: [3.43057513419e-06, 4.93106085742e-07, 3.05701092884e-07, 2.09694448472e-07, 1.59358449991e-07]
    skew: [5.56701469421, 6.4824461937, 6.16991662979, 6.09180259705, 5.76631116867]
    var: [6.76740954941e-11, 7.03434182014e-08, 8.28194023778e-12, 7.34780118694e-12, 4.077245052e-12]
