
metadata:
    version:
        essentia: "2.1-beta3"

Flux:
    dmean: 0.00363857578486
    dmean2: 0.00485397595912
    dvar: 0.000143175799167
    dvar2: 0.000284240115434
    kurt: 9.50279521942
    max: 0.0691328570247
    mean: 0.00473894225433
    median: 0.000157122660312
    min: 1.20324648378e-05
    skew: 3.28550338745
    var: 0.000231530924793

Rms:
    dmean: 0.00143393501639
    dmean2: 0.00107113306876
    dvar: 2.62436824414e-05
    dvar2: 1.17899207908e-05
    kurt: 20.8277111053
    max: 0.0501393117011
    mean: 0.0483416095376
    median: 0.0501183494925
    min: 0.00898327492177
    skew: -4.53126049042
    var: 4.88541591039e-05

RollOff:
    dmean: 5.38330078125
    dmean2: 5.0077214241
    dvar: 845.686950684
    dvar2: 686.615844727
    kurt: 38.3793106079
    max: 904.39453125
    mean: 694.8046875
    median: 689.0625
    min: 689.0625
    skew: 6.29871559143
    var: 1018.03265381

SpecCent:
    dmean: 5.04438638687
    dmean2: 4.96141004562
    dvar: 803.831481934
    dvar2: 677.926208496
    kurt: 39.3903083801
    max: 886.152770996
    mean: 683.566162109
    median: 678.53918457
    min: 676.882080078
    skew: 6.41130256653
    var: 939.698852539

Zcr:
    dmean: 0.00102095166221
    dmean2: 0.000749454949982
    dvar: 1.36420721901e-05
    dvar2: 8.89744114829e-06
    kurt: 18.471824646
    max: 0.03125
    mean: 0.0294921882451
    median: 0.03076171875
    min: 0.00146484375
    skew: -4.29969596863
    var: 2.63892325165e-05

HarmonicAmpFreq:
    dmean: [1.71287810802]
    dmean2: [1.7662396431]
    dvar: [121.200614929]
    dvar2: [122.456748962]
    kurt: [40.017326355]
    max: [679.067443848]
    mean: [677.378234863]
    median: [679.058288574]
    min: [604.72454834]
    skew: [-6.48185539246]
    var: [119.974769592]

HarmonicAmpMag:
    dmean: [0.0060947383754]
    dmean2: [0.0102847749367]
    dvar: [0.000321630184771]
    dvar2: [0.000750286970288]
    kurt: [3.64786529541]
    max: [0.0670041739941]
    mean: [0.0589526221156]
    median: [0.0669982284307]
    min: [0]
    skew: [-2.35048079491]
    var: [0.000450187042588]

MfccCoeff:
    dmean: [15.451169014, 11.0448646545, 6.07219409943, 5.38103437424, 3.34152531624, 2.93272256851, 4.66010093689, 5.26532936096, 4.43852567673, 2.1093890667, 2.15462088585, 1.71339452267, 1.81994581223]
    dmean2: [24.304807663, 18.2898025513, 12.0644359589, 9.62490558624, 4.83216762543, 4.76348114014, 9.23151683807, 9.383685112, 7.18493938446, 2.60001564026, 3.55402898788, 2.94765996933, 2.34757256508]
    dvar: [2708.49853516, 580.937072754, 9.78170394897, 12.8315486908, 28.4192523956, 25.3847904205, 6.7390370369, 7.82800626755, 32.678352356, 40.6425323486, 9.40947341919, 2.75502109528, 25.6956539154]
    dvar2: [6596.10986328, 1279.43664551, 35.1231575012, 25.1382865906, 12.439950943, 31.943063736, 21.2780380249, 21.6543827057, 26.4968013763, 44.6196556091, 14.4363870621, 4.61310434341, 26.9744625092]
    kurt: [36.1807518005, 22.986371994, -0.564235448837, 16.9915466309, 24.8762378693, 18.8569126129, 1.02116823196, 12.6055870056, 16.6477870941, 16.7080192566, 15.1389083862, 9.49096393585, 14.6514854431]
    max: [-848.17199707, 158.466247559, 19.5740966797, -6.78837203979, -14.6310844421, -14.619758606, -8.75630187988, 31.7349185944, 58.9313468933, 57.3909378052, 27.9170188904, -0.976013183594, -1.02359771729]
    mean: [-1077.28833008, 61.1734848022, 9.45351886749, -41.8484535217, -68.7356033325, -58.3842391968, -19.2090759277, 26.4493846893, 54.3989944458, 52.0855636597, 23.6522521973, -13.5949134827, -39.8427848816]
    median: [-1082.87646484, 58.3661880493, 8.72650146484, -43.6308670044, -71.3099975586, -60.4798851013, -20.2949752808, 26.8790988922, 56.4756278992, 54.3746566772, 24.846736908, -14.1249771118, -41.8587303162]
    min: [-1121.78100586, 18.5672111511, 1.88970947266, -47.0559463501, -76.1882019043, -65.544921875, -22.9261703491, -1.66622924805, 2.62102890015, 2.91609191895, 0.848514556885, -15.9964828491, -42.6997032166]
    skew: [5.99844694138, 4.04425907135, 0.467038571835, 3.74558019638, 4.93415784836, 4.40691518784, 1.10145175457, -3.10138988495, -4.09992456436, -4.16166400909, -3.87061452866, 3.06246638298, 3.93564653397]
    var: [1251.15209961, 282.998687744, 14.280828476, 41.6919746399, 84.4157791138, 67.4446716309, 11.3837175369, 31.1131534576, 98.7079772949, 89.3268966675, 20.1300506592, 8.24210929871, 60.6763458252]

SpecContrastCoeff:
    dmean: [0.0285240411758, 0.0418388396502, 0.0365580059588, 0.0124867921695, 0.00893401168287, 0.00924507994205]
    dmean2: [0.0548232756555, 0.0664510279894, 0.0479831919074, 0.0243122912943, 0.0180208608508, 0.0186753831804]
    dvar: [0.000759860908147, 0.00180725380778, 0.00470764888451, 7.85216252552e-05, 9.37938966672e-05, 0.00013566679263]
    dvar2: [0.00227097910829, 0.00132353848312, 0.00345774763264, 0.000315553479595, 0.000352656032192, 0.000509932811838]
    kurt: [1.39557695389, 22.4184417725, 21.2092380524, -0.210407972336, 1.22294950485, 3.9169754982]
    max: [-0.871608614922, -0.489919662476, -0.285535782576, -0.915736079216, -0.929012238979, -0.924890220165]
    mean: [-0.949443280697, -0.541378676891, -0.327653616667, -0.943409502506, -0.953943967819, -0.957193493843]
    median: [-0.958864629269, -0.532432854176, -0.30569344759, -0.947875738144, -0.958398640156, -0.961854219437]
    min: [-0.978461146355, -0.976881563663, -0.923015296459, -0.952783823013, -0.960026264191, -0.962681293488]
    skew: [1.52228939533, -4.58240175247, -4.55874967575, 0.96711742878, 1.58037567139, 2.18013453484]
    var: [0.000612454430666, 0.0057321600616, 0.0110651440918, 9.88567553577e-05, 7.76016022428e-05, 8.8680681074e-05]

SpecPeakAmp:
    dmean: [0.00182884640526, 3.53438917955e-05, 0.0365254729986, 0.0243675112724, 0.0213401596993]
    dmean2: [0.0028146028053, 5.37472806172e-05, 0.074707582593, 0.0498497821391, 0.0436556003988]
    dvar: [6.86034400132e-05, 1.18972343088e-08, 0.00110930029768, 0.00103552977089, 0.000971353671048]
    dvar2: [0.000176116911462, 2.95301330056e-08, 0.00296199624427, 0.00189106597099, 0.00289170537144]
    kurt: [40.022151947, 38.1526260376, -1.74579262733, -1.50000083447, 1.61271476746]
    max: [0.03984336555, 0.000572612101678, 0.0670041739941, 0.0670029968023, 0.066998526454]
    mean: [0.000922476989217, 5.14164203196e-05, 0.0253534708172, 0.0223798416555, 0.010464405641]
    median: [3.80493293051e-05, 4.01679317292e-05, 6.46397311357e-05, 6.32444716757e-05, 4.97742912557e-05]
    min: [1.02417216112e-05, 1.34727933983e-05, 7.62339413996e-06, 5.35067920282e-06, 4.1493194658e-06]
    skew: [6.4824256897, 6.26012611389, 0.504168570042, 0.707091569901, 1.90069830418]
    var: [3.44283071172e-05, 6.31278895824e-09, 0.00105310627259, 0.000995372538455, 0.000588706810959]
