
metadata:
    version:
        essentia: "2.1-beta3"

Flux:
    dmean: 0.0326335020363
    dmean2: 0.0433432348073
    dvar: 0.0116426758468
    dvar2: 0.0225797947496
    kurt: 9.33969688416
    max: 0.63769942522
    mean: 0.0436759144068
    median: 0.00162122049369
    min: 8.95852281246e-05
    skew: 3.26075315475
    var: 0.019525244832

Rms:
    dmean: 0.0131232561544
    dmean2: 0.00982941221446
    dvar: 0.0021928481292
    dvar2: 0.000987821025774
    kurt: 20.8592262268
    max: 0.461951762438
    mean: 0.445526152849
    median: 0.461769938469
    min: 0.0851978510618
    skew: -4.53401994705
    var: 0.00408999715

RollOff:
    dmean: 9.29842853546
    dmean2: 9.01389884949
    dvar: 2980.14233398
    dvar2: 2700.82275391
    kurt: 39.5065956116
    max: 1076.66015625
    mean: 698.6328125
    median: 689.0625
    min: 689.0625
    skew: 6.42339038849
    var: 3267.50439453

SpecCent:
    dmean: 14.4278621674
    dmean2: 13.5678386688
    dvar: 6987.13330078
    dvar2: 5695.47363281
    kurt: 39.2161026001
    max: 1298.15563965
    mean: 693.686035156
    median: 678.528564453
    min: 676.988952637
    skew: 6.39258956909
    var: 8383.28027344

Zcr:
    dmean: 0.00102095166221
    dmean2: 0.000715388800018
    dvar: 1.4270630345e-05
    dvar2: 9.52951722866e-06
    kurt: 18.1297626495
    max: 0.03076171875
    mean: 0.0294487848878
    median: 0.03076171875
    min: 0.0009765625
    skew: -4.26704406738
    var: 2.75381062238e-05

HarmonicAmpFreq:
    dmean: [1.20345795155]
    dmean2: [1.2421605587]
    dvar: [59.9128646851]
    dvar2: [60.638961792]
    kurt: [40.0170516968]
    max: [731.280456543]
    mean: [680.216247559]
    median: [679.059387207]
    min: [678.836608887]
    skew: [6.48182249069]
    var: [59.266494751]

HarmonicAmpMag:
    dmean: [0.0281080324203]
    dmean2: [0.0373886972666]
    dvar: [0.0123502612114]
    dvar2: [0.018098725006]
    kurt: [8.74352264404]
    max: [0.617351770401]
    mean: [0.570614755154]
    median: [0.617277681828]
    min: [0]
    skew: [-3.2330956459]
    var: [0.0245841052383]

MfccCoeff:
    dmean: [38.5417518616, 26.1832885742, 42.4144363403, 6.18406486511, 6.64682722092, 5.93306255341, 3.24905920029, 2.36385250092, 3.06903004646, 3.55587792397, 1.86806869507, 1.23802864552, 1.90419590473]
    dmean2: [64.9218292236, 50.9211997986, 85.6121368408, 11.5868644714, 11.6773691177, 11.0109014511, 6.40232896805, 3.40070462227, 4.46186876297, 5.30783939362, 2.40709733963, 2.2081053257, 2.74700450897]
    dvar: [6966.109375, 189.590835571, 564.730651855, 46.0002708435, 42.1369400024, 40.488445282, 10.0299539566, 12.1748771667, 43.7224121094, 40.9608306885, 11.4138679504, 3.22753739357, 23.7279472351]
    dvar2: [16660.2617188, 780.488525391, 2216.60668945, 132.573181152, 63.753326416, 86.4150085449, 37.6637573242, 12.313419342, 46.2773094177, 45.1043739319, 12.7613258362, 6.66290283203, 29.2849521637]
    kurt: [28.7463855743, 0.297245740891, -1.3778116703, 3.27431488037, 5.86976337433, 7.54480457306, 0.992536067963, 17.0979785919, 15.5612850189, 16.665927887, 19.0420856476, 8.3558139801, 12.9955539703]
    max: [-574.300048828, 174.086166382, 42.1842384338, -36.5050430298, -37.1897392273, -28.7601280212, -11.8708534241, 29.5605258942, 57.328212738, 54.7685165405, 25.0829277039, -3.27305603027, -4.28871917725]
    mean: [-951.335876465, 149.941085815, 4.65782117844, -60.3040161133, -80.5250396729, -60.8763122559, -18.0159397125, 25.9510803223, 52.5210227966, 49.4814567566, 21.9433002472, -13.9941568375, -39.0690803528]
    median: [-956.87121582, 155.360015869, 2.03869628906, -59.8676223755, -81.7149124146, -62.5776329041, -17.6187667847, 27.4076786041, 55.0796699524, 51.9205169678, 23.3134727478, -14.3883514404, -40.8510017395]
    min: [-1007.39758301, 92.9350662231, -33.0012397766, -74.6722488403, -98.1921386719, -71.1962890625, -25.8131866455, -3.61528015137, 2.03170013428, -0.925102233887, -5.43206596375, -17.7569732666, -43.4946212769]
    skew: [5.25783014297, -0.945405602455, 0.125340476632, 1.21233654022, 1.93316614628, 2.58387875557, -0.707231223583, -3.98260211945, -3.98652052879, -4.08185005188, -4.27511787415, 2.70645141602, 3.74552941322]
    var: [3784.40942383, 335.419647217, 615.114990234, 57.1465606689, 109.623023987, 63.849697113, 8.41764163971, 30.297203064, 96.9212493896, 91.5613098145, 24.6301212311, 6.09189033508, 53.7292823792]

SpecContrastCoeff:
    dmean: [0.0454028919339, 0.0494655258954, 0.0373473390937, 0.0169680286199, 0.0114834103733, 0.0066528711468]
    dmean2: [0.0858931019902, 0.0809494704008, 0.0443341471255, 0.0344075001776, 0.0211094785482, 0.011882151477]
    dvar: [0.00153360154945, 0.00355779076926, 0.00769704440609, 0.000134662594064, 0.000115438997454, 0.000123885329231]
    dvar2: [0.00588964298368, 0.00213474151678, 0.0037544418592, 0.000412418186897, 0.000410753855249, 0.00037012033863]
    kurt: [0.837820053101, 25.7633724213, 24.361946106, -0.261836051941, 3.00500011444, 5.05015945435]
    max: [-0.857125937939, -0.349643647671, -0.106667615473, -0.896080851555, -0.898107886314, -0.915897250175]
    mean: [-0.957184791565, -0.404006540775, -0.153578728437, -0.928882837296, -0.943312048912, -0.951845288277]
    median: [-0.976217627525, -0.39329174161, -0.125717505813, -0.935900986195, -0.950257480145, -0.955886304379]
    min: [-0.985458076, -0.922606170177, -0.915808200836, -0.940821826458, -0.950944662094, -0.957064986229]
    skew: [1.4609606266, -4.8740439415, -4.87099885941, 1.00354635715, 1.85191380978, 2.50120806694]
    var: [0.00146735180169, 0.00751231657341, 0.0167970135808, 0.000185996192158, 0.000144104837091, 0.000109716755105]

SpecPeakAmp:
    dmean: [0.000393648806494, 0.252637207508, 0.297124445438, 0.0282809492201, 0.000385819294024]
    dmean2: [0.000630254682619, 0.5167979002, 0.599440634251, 0.0573750659823, 0.000577997707296]
    dvar: [8.82956328496e-07, 0.0917891040444, 0.0907629206777, 0.0163458492607, 1.22889707654e-06]
    dvar2: [2.25393409892e-06, 0.228271588683, 0.233104854822, 0.0491641387343, 2.94162668979e-06]
    kurt: [31.2744636536, 0.249955892563, -1.17875564098, 40.0155410767, 30.5492515564]
    max: [0.0050584920682, 0.617338716984, 0.617351770401, 0.617314338684, 0.00565137853846]
    mean: [0.000462371157482, 0.123993694782, 0.433588445187, 0.0142576070502, 0.000291680626106]
    median: [0.000359303230653, 0.000573152618017, 0.617247700691, 0.000455042114481, 9.21667524381e-05]
    min: [3.54566072929e-05, 0.000211915059481, 0.000135619658977, 4.77546855109e-05, 3.06882902805e-05]
    skew: [5.52577018738, 1.49996745586, -0.889352440834, 6.48164796829, 5.48875665665]
    var: [5.39345421657e-07, 0.0608398579061, 0.0775046795607, 0.00826608669013, 7.42608960991e-07]
