
metadata:
    version:
        essentia: "2.1-beta3"

Flux:
    dmean: 0.0178043842316
    dmean2: 0
    dvar: 0
    dvar2: 0
    kurt: -2
    max: 0.391410648823
    mean: 0.382508456707
    median: 0.382508456707
    min: 0.373606264591
    skew: 0
    var: 7.92490245658e-05

Rms:
    dmean: 0
    dmean2: 0
    dvar: 0
    dvar2: 0
    kurt: 0
    max: 0.134205162525
    mean: 0.134205162525
    median: 0.134205162525
    min: 0.134205162525
    skew: 0
    var: 0

RollOff:
    dmean: 258.3984375
    dmean2: 0
    dvar: 0
    dvar2: 0
    kurt: -1.99999988079
    max: 1205.859375
    mean: 1076.66015625
    median: 1076.66015625
    min: 947.4609375
    skew: 0
    var: 16692.4375

SpecCent:
    dmean: 18.714050293
    dmean2: 0
    dvar: 0
    dvar2: 0
    kurt: -1.99999988079
    max: 866.942260742
    mean: 857.585205078
    median: 857.585205078
    min: 848.228210449
    skew: 9.79698506853e-06
    var: 87.5539169312

Zcr:
    dmean: 0
    dmean2: 0
    dvar: 0
    dvar2: 0
    kurt: 0
    max: 0.01171875
    mean: 0.01171875
    median: 0.01171875
    min: 0.01171875
    skew: 0
    var: 0

HarmonicAmpFreq:
    dmean: [26.5183105469]
    dmean2: [0]
    dvar: [0]
    dvar2: [0]
    kurt: [-1.99999988079]
    max: [873.293395996]
    mean: [860.034240723]
    median: [860.034240723]
    min: [846.775085449]
    skew: [0]
    var: [175.80519104]

HarmonicAmpMag:
    dmean: [0.107698880136]
    dmean2: [0]
    dvar: [0]
    dvar2: [0]
    kurt: [-2]
    max: [0.107698880136]
    mean: [0.053849440068]
    median: [0.053849440068]
    min: [0]
    skew: [0]
    var: [0.00289976224303]

MfccCoeff:
    dmean: [337.80456543, 62.8908996582, 19.6987266541, 61.2871704102, 5.25724411011, 41.6270065308, 35.5194320679, 7.44069480896, 23.4275436401, 10.99650383, 5.75465774536, 6.90745162964, 2.00054931641]
    dmean2: [0, 0, 0, 0, 0, 0, 0, 0, 0, 0, 0, 0, 0]
    dvar: [0, 0, 0, 0, 0, 0, 0, 0, 0, 0, 0, 0, 0]
    dvar2: [0, 0, 0, 0, 0, 0, 0, 0, 0, 0, 0, 0, 0]
    kurt: [-2, -2, -2, -1.99999988079, -1.99999988079, -2, -1.99999988079, -1.99999988079, -2, -2, -2, -1.99999988079, -2]
    max: [-639.616638184, 203.069641113, -6.56254577637, -43.3950271606, -48.1545906067, 27.9794464111, 47.6784439087, 22.5922088623, 10.8524093628, -2.32684516907, -3.49379348755, 1.75728607178, 2.00508117676]
    mean: [-808.518920898, 171.624191284, -16.4119091034, -74.0386123657, -50.7832107544, 7.16594314575, 29.9187278748, 18.8718605042, -0.861362457275, -7.82509708405, -6.37112236023, -1.69643974304, 1.00480651855]
    median: [-808.518920898, 171.624191284, -16.4119091034, -74.0386123657, -50.7832107544, 7.16594314575, 29.9187278748, 18.8718605042, -0.861362457275, -7.82509708405, -6.37112236023, -1.69643974304, 1.00480651855]
    min: [-977.421203613, 140.178741455, -26.2612724304, -104.682197571, -53.4118347168, -13.6475601196, 12.1590099335, 15.1515140533, -12.5751342773, -13.323348999, -9.24845123291, -5.15016555786, 0.00453186035156]
    skew: [0, 0, 0, 0, -2.20528613681e-06, 0, -1.74337955627e-07, 7.7785546182e-07, 0, 0, 0, 0, 0]
    var: [28527.9804688, 988.816345215, 97.0099563599, 939.029296875, 6.90965366364, 433.201904297, 315.407531738, 13.8409843445, 137.21244812, 30.2307739258, 8.27902126312, 11.9282217026, 1.00054943562]

SpecContrastCoeff:
    dmean: [0.00293803215027, 0.0997839570045, 0.0945482850075, 0.196654558182, 0.0147405266762, 0.0147878527641]
    dmean2: [0, 0, 0, 0, 0, 0]
    dvar: [0, 0, 0, 0, 0, 0]
    dvar2: [0, 0, 0, 0, 0, 0]
    kurt: [-2, -2, -1.99999988079, -1.99999988079, -2, -2]
    max: [-0.970054626465, -0.803359150887, -0.700010061264, -0.602618396282, -0.887656092644, -0.932863712311]
    mean: [-0.97152364254, -0.853251099586, -0.747284173965, -0.700945675373, -0.89502632618, -0.940257668495]
    median: [-0.97152364254, -0.853251099586, -0.747284173965, -0.700945675373, -0.89502632618, -0.940257668495]
    min: [-0.972992658615, -0.903143107891, -0.794558346272, -0.799272954464, -0.90239661932, -0.947651565075]
    skew: [0, -1.75759646481e-06, -1.89387753835e-06, 0, -1.21748962556e-05, 1.20935346786e-05]
    var: [2.15800832848e-06, 0.00248920964077, 0.00223484449089, 0.00966825336218, 5.43207825103e-05, 5.46701485291e-05]

SpecPeakAmp:
    dmean: [0.10751465708, 0.0506258942187, 0.0238241422921, 0.0113421725109, 0.00663304980844]
    dmean2: [0, 0, 0, 0, 0]
    dvar: [0, 0, 0, 0, 0]
    dvar2: [0, 0, 0, 0, 0]
    kurt: [-1.99999988079, -2, -2, -2, -1.99999988079]
    max: [0.107698880136, 0.0508334301412, 0.0240412726998, 0.0115775279701, 0.00689821736887]
    mean: [0.0539415515959, 0.0255204830319, 0.0121292015538, 0.00590644171461, 0.00358169246465]
    median: [0.0539415515959, 0.0255204830319, 0.0121292015538, 0.00590644171461, 0.00358169246465]
    min: [0.000184221484233, 0.000207535573281, 0.000217131280806, 0.000235355240875, 0.000265167385805]
    skew: [0, 0, 1.34517378569e-07, 0, -9.73891047806e-08]
    var: [0.0028898504097, 0.000640745274723, 0.000141897427966, 3.2161220588e-05, 1.09993379738e-05]
