
metadata:
    version:
        essentia: "2.1-beta3"

Flux:
    dmean: 6.63998071104e-06
    dmean2: 9.90951048152e-06
    dvar: 5.42021816319e-10
    dvar2: 1.15521447963e-09
    kurt: 13.7749423981
    max: 0.00012499706645
    mean: 7.36340189178e-06
    median: 1.0444949794e-06
    min: 3.24017634057e-07
    skew: 3.83909487724
    var: 5.74291669775e-10

Rms:
    dmean: 1.64423579463e-06
    dmean2: 1.49495770074e-06
    dvar: 4.29227729748e-11
    dvar2: 3.25865098794e-11
    kurt: 19.5731754303
    max: 0.000101365192677
    mean: 9.95044538286e-05
    median: 0.000101270939922
    min: 5.9059511841e-05
    skew: -4.50620365143
    var: 5.58883356261e-11

RollOff:
    dmean: 0
    dmean2: 0
    dvar: 0
    dvar2: 0
    kurt: 0
    max: 1378.125
    mean: 1378.125
    median: 1378.125
    min: 1378.125
    skew: 0
    var: 0

SpecCent:
    dmean: 2.32365393639
    dmean2: 2.47646665573
    dvar: 24.1453227997
    dvar2: 11.856628418
    kurt: 21.7865924835
    max: 1515.27685547
    mean: 1473.93371582
    median: 1472.61499023
    min: 1469.23791504
    skew: 4.55341482162
    var: 52.5824928284

Zcr:
    dmean: 0.00144213298336
    dmean2: 0.0014532180503
    dvar: 3.86787542084e-05
    dvar2: 3.68695873476e-05
    kurt: 17.4187927246
    max: 0.06201171875
    mean: 0.0601029843092
    median: 0.0615234375
    min: 0.02880859375
    skew: -4.3875541687
    var: 4.06267390645e-05

HarmonicAmpFreq:
    dmean: [0]
    dmean2: [0]
    dvar: [0]
    dvar2: [0]
    kurt: [-2]
    max: [1357.93676758]
    mean: [1357.93725586]
    median: [1357.93676758]
    min: [1357.93676758]
    skew: [-1]
    var: [2.38418579102e-07]

HarmonicAmpMag:
    dmean: [0]
    dmean2: [0]
    dvar: [0]
    dvar2: [0]
    kurt: [nan]
    max: [0]
    mean: [0]
    median: [0]
    min: [0]
    skew: [nan]
    var: [0]

MfccCoeff:
    dmean: [0.0867352187634, 0.0454697720706, 0.0886581763625, 0.11075823009, 0.00626355549321, 0.114096708596, 0.0778098851442, 0.0550993084908, 0.116655215621, 0.0314052477479, 0.0908318459988, 0.096578374505, 0.0181728620082]
    dmean2: [0.0885358527303, 0.0464085154235, 0.0905042365193, 0.113050915301, 0.00645374134183, 0.116472519934, 0.0794056504965, 0.0562947578728, 0.119072690606, 0.0320527218282, 0.0927678048611, 0.0985597893596, 0.0187159944326]
    dvar: [0.156845241785, 0.0427438095212, 0.165037199855, 0.254650145769, 0.00121866818517, 0.273412168026, 0.123524181545, 0.0669521763921, 0.283734619617, 0.0190998725593, 0.178221732378, 0.19115242362, 0.0102641694248]
    dvar2: [0.158872574568, 0.0432865209877, 0.167207211256, 0.25791695714, 0.00124507246073, 0.277011096478, 0.125044301152, 0.0679201260209, 0.287408322096, 0.0192984025925, 0.180702328682, 0.19353094697, 0.0104862358421]
    kurt: [21.5455169678, 21.0389308929, 21.9778881073, 21.2917728424, 36.9144248962, 21.9975261688, 20.2266769409, 24.791311264, 21.5581665039, 17.1638641357, 23.6364898682, 20.5034294128, 36.9138031006]
    max: [-1136.14306641, 1.17808151245, -6.103515625e-05, 8.01086425781e-05, 0.229873657227, 3.02741241455, 1.97157669067, -5.34057617188e-05, -4.57763671875e-05, -2.28881835938e-05, 2.50090408325, 2.46636962891, -3.81469726562e-05]
    mean: [-1136.23095703, 1.13212823868, -2.2619702816, -2.77627205849, 0.223624140024, 2.91231989861, 1.89276814461, -1.49902307987, -2.94469046593, -0.654398500919, 2.40958499908, 2.3686208725, -0.649211525917]
    median: [-1136.14758301, 1.17570114136, -2.34700012207, -2.88242721558, 0.229675292969, 3.0217590332, 1.96728897095, -1.55200958252, -3.05653381348, -0.684310913086, 2.49682235718, 2.46113204956, -0.666763305664]
    min: [-1138.42004395, 1.14440917969e-05, -2.35140991211, -2.88816452026, -6.103515625e-05, 2.28881835938e-05, -2.67028808594e-05, -1.55429840088, -3.06246948242, -0.686561584473, -2.67028808594e-05, -3.0517578125e-05, -0.667358398438]
    skew: [-4.7456240654, -4.70286846161, 4.78385686874, 4.72463130951, -6.1752166748, -4.7855553627, -4.63321590424, 5.0298333168, 4.74758863449, 4.3737154007, -4.92823934555, -4.65690803528, 6.17515516281]
    var: [0.15511983633, 0.0422847345471, 0.163181677461, 0.251879572868, 0.00119417719543, 0.270337343216, 0.122249312699, 0.0661035180092, 0.280607908964, 0.0189406052232, 0.176067486405, 0.189151331782, 0.0100581683218]

SpecContrastCoeff:
    dmean: [0.0268652513623, 0.0278828982264, 0.0133561398834, 0.0201745349914, 0.0138597004116, 0.0136714540422]
    dmean2: [0.0346565842628, 0.043650586158, 0.02285451442, 0.029156781733, 0.022625759244, 0.0224749129266]
    dvar: [0.00226246309467, 0.000634400930721, 0.00014345573436, 0.00134110602085, 0.000147842234583, 0.000171787891304]
    dvar2: [0.00274917320348, 0.00107259955257, 0.000277168670436, 0.00125305785332, 0.000257815292571, 0.000218266373849]
    kurt: [12.8492908478, 4.52115392685, 3.92749261856, 15.0040817261, 4.49547338486, 6.45805740356]
    max: [-0.59842634201, -0.846089661121, -0.871091187, -0.569573819637, -0.85557192564, -0.831518828869]
    mean: [-0.645821809769, -0.881477594376, -0.888095319271, -0.599926650524, -0.885814845562, -0.859396696091]
    median: [-0.638656020164, -0.875092625618, -0.884974658489, -0.589440345764, -0.883392572403, -0.857917666435]
    min: [-0.870149731636, -0.993569374084, -0.943740844727, -0.796292901039, -0.946020245552, -0.923628687859]
    skew: [-3.5332069397, -1.88116836548, -1.71789193153, -3.94587016106, -1.56922721863, -2.08511519432]
    var: [0.00242085685022, 0.00080206169514, 0.000194182401174, 0.00168877956457, 0.000222442205995, 0.000261630601017]

SpecPeakAmp:
    dmean: [2.68772453182e-07, 1.00014041493e-07, 9.10218673766e-08, 1.2049017073e-07, 1.41563589295e-07]
    dmean2: [2.40730400947e-07, 1.19492966633e-07, 1.12658895546e-07, 1.82104002988e-07, 2.0750970009e-07]
    dvar: [6.55177355511e-13, 5.6063755526e-14, 4.13773494092e-14, 5.91817176862e-14, 8.43734262145e-14]
    dvar2: [6.77297573495e-13, 5.62102820615e-14, 4.38057217182e-14, 6.19806398046e-14, 9.45574727459e-14]
    kurt: [10.2192821503, 26.238609314, 26.8131275177, 26.902721405, 31.189956665]
    max: [1.73806820385e-05, 1.61222055794e-06, 1.56434907694e-06, 1.63002619047e-06, 2.11415976992e-06]
    mean: [1.66136724147e-05, 1.62189280672e-07, 2.58595918012e-07, 1.30660922082e-07, 2.10769925957e-07]
    median: [1.67923972185e-05, 1.06610471562e-07, 2.47518244123e-07, 4.03094304602e-08, 1.90329856764e-07]
    min: [1.24669022625e-05, 3.70131019167e-08, 2.48025600058e-08, 5.68686164826e-09, 1.52788910412e-08]
    skew: [-3.01430654526, 5.03580093384, 4.87808179855, 4.98261880875, 5.45355796814]
    var: [8.5839950599e-13, 5.9220687978e-14, 4.72342434263e-14, 6.20672607819e-14, 9.34685204126e-14]
