
metadata:
    version:
        essentia: "2.1-beta3"

Flux:
    dmean: 0.000162791329785
    dmean2: 0.000216341300984
    dvar: 2.84846805698e-07
    dvar2: 5.6236524415e-07
    kurt: 9.52595424652
    max: 0.00309463660233
    mean: 0.000210869708098
    median: 5.0073363127e-06
    min: 2.933780479e-06
    skew: 3.28791832924
    var: 4.62807093982e-07

Rms:
    dmean: 6.32622104604e-05
    dmean2: 4.6124583605e-05
    dvar: 5.2382578275e-08
    dvar2: 2.35909052293e-08
    kurt: 20.8674240112
    max: 0.00223944196478
    mean: 0.00215920433402
    median: 0.00223868340254
    min: 0.000400717719458
    skew: -4.53454351425
    var: 9.74108331775e-08

RollOff:
    dmean: 5.38330078125
    dmean2: 5.5084939003
    dvar: 1246.13684082
    dvar2: 1274.42700195
    kurt: 40.0227241516
    max: 1614.99023438
    mean: 1383.38867188
    median: 1378.125
    min: 1378.125
    skew: 6.48249340057
    var: 1219.07470703

SpecCent:
    dmean: 3.46777629852
    dmean2: 3.25711989403
    dvar: 420.644836426
    dvar2: 369.640594482
    kurt: 39.5610656738
    max: 1503.69885254
    mean: 1359.27355957
    median: 1355.67749023
    min: 1355.37609863
    skew: 6.43001270294
    var: 476.627044678

Zcr:
    dmean: 0.00206409790553
    dmean2: 0.00147619913332
    dvar: 5.70022493775e-05
    dvar2: 3.80193305318e-05
    kurt: 18.1236419678
    max: 0.06201171875
    mean: 0.0589084215462
    median: 0.0615234375
    min: 0.001953125
    skew: -4.26630115509
    var: 0.000110214619781

HarmonicAmpFreq:
    dmean: [0.755906522274]
    dmean2: [0.773485779762]
    dvar: [24.5699748993]
    dvar2: [25.1277675629]
    kurt: [40.0219306946]
    max: [1357.70727539]
    mean: [1356.96801758]
    median: [1357.70727539]
    min: [1324.4473877]
    skew: [-6.482401371]
    var: [24.0363883972]

HarmonicAmpMag:
    dmean: [7.45282733305e-08]
    dmean2: [7.62614931205e-08]
    dvar: [2.38841932343e-13]
    dvar2: [2.44264190038e-13]
    kurt: [40.0227279663]
    max: [3.27924408339e-06]
    mean: [7.2872090584e-08]
    median: [0]
    min: [0]
    skew: [6.48249387741]
    var: [2.33655027835e-13]

MfccCoeff:
    dmean: [1.3186173439, 0.779674172401, 1.11663973331, 1.53834164143, 0.192381426692, 1.06807625294, 0.809488117695, 0.307016730309, 0.765075147152, 0.277975440025, 0.534722924232, 0.669506132603, 0.138015568256]
    dmean2: [1.73257517815, 1.03979063034, 1.42249286175, 1.98394191265, 0.297912240028, 1.26471745968, 0.962065935135, 0.315092742443, 0.772819340229, 0.225321754813, 0.510183811188, 0.527823388577, 0.203952521086]
    dvar: [34.3741836548, 11.9235687256, 25.2133808136, 47.3297462463, 0.776758253574, 25.0273132324, 14.2461242676, 2.60756015778, 15.6405706406, 1.31156241894, 6.72942399979, 7.40894508362, 0.40284755826]
    dvar2: [67.7754364014, 24.3467388153, 46.0326309204, 89.1627197266, 2.01437091827, 37.5740432739, 21.6144657135, 2.68779993057, 15.5077571869, 0.714185297489, 5.74750804901, 3.79878592491, 0.980329394341]
    kurt: [17.9289112091, 17.7858638763, 20.4150772095, 19.1379299164, 39.782875061, 28.5686035156, 28.0657176971, 33.9724998474, 33.6117095947, 28.84998703, 33.3844184875, 28.4372386932, 35.4553527832]
    max: [-1102.5736084, 20.8239860535, -6.103515625e-05, 8.01086425781e-05, 0.229766845703, 32.3128967285, 24.3375740051, -5.34057617188e-05, -4.57763671875e-05, -2.28881835938e-05, 18.276058197, 22.7264347076, -3.81469726562e-05]
    mean: [-1119.25891113, 10.3432979584, -19.0845241547, -24.7139492035, 0.127951055765, 24.3567581177, 18.1667556763, -10.1509904861, -25.2700405121, -9.02769184113, 17.7176895142, 21.9211826324, -0.711624801159]
    median: [-1119.06860352, 10.4116020203, -19.3732948303, -25.042427063, 0.229690551758, 24.9076843262, 18.5742530823, -10.4480895996, -26.02759552, -9.35595703125, 18.2757530212, 22.7259998322, -0.666816711426]
    min: [-1138.42004395, 1.14440917969e-05, -31.4220695496, -42.6820449829, -4.11477661133, 2.28881835938e-05, -2.67028808594e-05, -10.4966583252, -26.0280838013, -9.35618591309, -2.67028808594e-05, -3.0517578125e-05, -3.36178588867]
    skew: [-0.972433388233, 0.0351760312915, 2.72774076462, 2.08370685577, -6.45504808426, -5.00377750397, -4.91947031021, 5.86620330811, 5.83139896393, 5.31764125824, -5.79775238037, -5.27565002441, -5.82291841507]
    var: [15.0459308624, 5.02216863632, 12.1930503845, 21.9442844391, 0.41025352478, 15.8745384216, 8.91269683838, 2.53220200539, 15.7754364014, 2.16339731216, 7.77718782425, 12.8448524475, 0.169272512197]

SpecContrastCoeff:
    dmean: [0.0299587789923, 0.0186164807528, 0.012333214283, 0.0201560091227, 0.00999046023935, 0.00932989921421]
    dmean2: [0.0484927967191, 0.0293153058738, 0.0207550339401, 0.0249446444213, 0.0171602256596, 0.0164426863194]
    dvar: [0.00204965565354, 0.000154160778038, 7.20072057447e-05, 0.0028415559791, 4.60706323793e-05, 6.30748909316e-05]
    dvar2: [0.00446504168212, 0.000434179586591, 0.000188670295756, 0.00291021028534, 0.000142329445225, 0.000135263282573]
    kurt: [9.19334030151, 1.73230457306, 0.800887584686, 16.0680179596, 0.989634037018, 7.68529319763]
    max: [-0.6729362607, -0.873635411263, -0.892136156559, -0.407405734062, -0.890340030193, -0.892316639423]
    mean: [-0.72924476862, -0.912705421448, -0.928850889206, -0.442003667355, -0.907942354679, -0.909669756889]
    median: [-0.719140648842, -0.911843597889, -0.929785430431, -0.420753180981, -0.907838344574, -0.905941665173]
    min: [-0.979778409004, -0.983384728432, -0.948944270611, -0.873568356037, -0.934656023979, -0.965983211994]
    skew: [-2.96954417229, -0.856567263603, 0.613488674164, -4.0768995285, -0.66928589344, -2.61913108826]
    var: [0.00315679307096, 0.000416091788793, 0.000133141904371, 0.00700554717332, 8.81636588019e-05, 0.00018647275283]

SpecPeakAmp:
    dmean: [1.28498675167e-06, 1.48449407789e-06, 1.56632165726e-06, 1.60292620421e-06, 1.62749211086e-06]
    dmean2: [1.80535209893e-06, 2.24375753533e-06, 2.38785514739e-06, 2.37725680563e-06, 2.50942252933e-06]
    dvar: [2.37453095381e-11, 3.3374823738e-11, 3.77073060276e-11, 3.94997576314e-11, 4.04069694371e-11]
    dvar2: [4.75463869665e-11, 8.78939282467e-11, 9.76971559208e-11, 1.02434997984e-10, 1.03408795415e-10]
    kurt: [17.7050132751, 38.5787086487, 39.4687423706, 39.3686103821, 39.6095542908]
    max: [3.09439928969e-05, 2.9710950912e-05, 3.01051641145e-05, 3.06560214085e-05, 3.11487892759e-05]
    mean: [1.65835299413e-05, 1.39824567214e-06, 1.10299458811e-06, 1.1926759953e-06, 1.18233583635e-06]
    median: [1.67018242792e-05, 6.97147754636e-07, 4.11270889344e-07, 4.42662809519e-07, 4.7228212452e-07]
    min: [1.05311983134e-06, 2.44577677222e-07, 9.45264844177e-08, 1.28279310729e-07, 1.16014518881e-07]
    skew: [-0.573323667049, 6.31833696365, 6.41893482208, 6.40712833405, 6.43436908722]
    var: [1.04150290822e-11, 1.85325348817e-11, 1.92409057437e-11, 1.98811765661e-11, 2.05076476634e-11]
