
metadata:
    version:
        essentia: "2.1-beta3"

Flux:
    dmean: 0.00364320795052
    dmean2: 0.00479596294463
    dvar: 0.000143331577419
    dvar2: 0.000281417946098
    kurt: 9.59138393402
    max: 0.0696529373527
    mean: 0.00463827513158
    median: 1.52245802383e-05
    min: 1.07040659714e-05
    skew: 3.29530525208
    var: 0.000233351354836

Rms:
    dmean: 0.00140851561446
    dmean2: 0.00102656660601
    dvar: 2.5931843993e-05
    dvar2: 1.1698988601e-05
    kurt: 20.7973747253
    max: 0.0501390583813
    mean: 0.0483528710902
    median: 0.0501165390015
    min: 0.00931392144412
    skew: -4.52842855453
    var: 4.81110473629e-05

RollOff:
    dmean: 7.34086465836
    dmean2: 7.51158237457
    dvar: 2317.19702148
    dvar2: 2369.80249023
    kurt: 40.0227279663
    max: 1701.12304688
    mean: 1385.30273438
    median: 1378.125
    min: 1378.125
    skew: 6.48249435425
    var: 2266.87426758

SpecCent:
    dmean: 8.62031936646
    dmean2: 8.17245960236
    dvar: 2712.35180664
    dvar2: 2378.84692383
    kurt: 39.6148071289
    max: 1730.31835938
    mean: 1364.29406738
    median: 1355.47619629
    min: 1353.41394043
    skew: 6.4362411499
    var: 3059.40942383

Zcr:
    dmean: 0.00206409790553
    dmean2: 0.00146484375
    dvar: 5.69480580452e-05
    dvar2: 3.85905404983e-05
    kurt: 17.9537525177
    max: 0.06201171875
    mean: 0.0588975697756
    median: 0.0615234375
    min: 0.001953125
    skew: -4.24952697754
    var: 0.000110777611553

HarmonicAmpFreq:
    dmean: [0.6887845397]
    dmean2: [0.707837462425]
    dvar: [20.2212486267]
    dvar2: [20.8594799042]
    kurt: [40.0210113525]
    max: [1387.75256348]
    mean: [1358.37182617]
    median: [1357.70703125]
    min: [1357.57653809]
    skew: [6.48229074478]
    var: [19.6192035675]

HarmonicAmpMag:
    dmean: [0.00185283494648]
    dmean2: [0.0028448223602]
    dvar: [7.20930111129e-05]
    dvar2: [0.000185189244803]
    kurt: [40.0223960876]
    max: [0.0408026278019]
    mean: [0.000908514368348]
    median: [0]
    min: [0]
    skew: [6.48245429993]
    var: [3.61715137842e-05]

MfccCoeff:
    dmean: [13.0377311707, 2.79566216469, 2.89824271202, 1.31002819538, 0.0826761052012, 1.09633946419, 0.732051610947, 0.448279470205, 1.21990549564, 0.491677373648, 0.974952697754, 1.24119007587, 0.131543338299]
    dmean2: [19.2977962494, 3.92327857018, 3.73926782608, 1.171916008, 0.0738506764174, 0.851782441139, 0.675267159939, 0.465563118458, 1.28596830368, 0.61146235466, 1.15602505207, 1.44875872135, 0.241094142199]
    dvar: [3317.94042969, 140.323013306, 135.833190918, 32.1716194153, 0.0872836634517, 16.7232666016, 8.65631008148, 2.63212299347, 19.5473957062, 4.11544513702, 12.0591897964, 23.3810920715, 0.27922603488]
    dvar2: [8358.05566406, 337.704772949, 297.55279541, 32.8085861206, 0.0768101960421, 8.21974658966, 6.75844764709, 2.57675409317, 20.5636253357, 5.46772670746, 15.7014970779, 28.4297161102, 0.596770465374]
    kurt: [38.618850708, 30.9057617188, 16.1095046997, 21.9718608856, 21.1653289795, 22.9926834106, 21.7624893188, 17.6566429138, 20.8740844727, 15.8224563599, 18.3569545746, 16.0943546295, 12.6847686768]
    max: [-838.353820801, 69.0037689209, -10.730682373, -12.9636650085, 2.81854248047, 60.5009460449, 39.314125061, -5.28805541992, -9.84055328369, -2.12442016602, 38.8353538513, 44.2955856323, -0.666809082031]
    mean: [-1096.07983398, 20.7382640839, -37.3513832092, -47.1201667786, 0.327781766653, 46.2898445129, 34.3861312866, -19.0571079254, -47.6612243652, -17.2566223145, 32.9909629822, 41.2571296692, -0.851203083992]
    median: [-1101.99182129, 19.6464347839, -36.3975486755, -47.1998062134, 0.229690551758, 46.791015625, 35.1792984009, -19.3430252075, -48.9959793091, -18.0266876221, 34.0527763367, 42.9885177612, -0.666816711426]
    min: [-1127.72265625, 5.55445480347, -77.4860229492, -67.6560745239, -0.00876235961914, 12.2642669678, 7.69037246704, -24.2404556274, -55.0715255737, -18.0267333984, 6.21818161011, 5.33971405029, -3.75255584717]
    skew: [6.31167888641, 5.24728965759, -2.44241857529, 3.00215697289, 4.61250448227, -4.01328086853, -4.65201568604, 3.7024333477, 4.61078119278, 4.10751104355, -4.32201433182, -4.11619138718, -3.739757061]
    var: [1535.03869629, 59.968585968, 61.2113075256, 37.0790672302, 0.19730001688, 34.578666687, 22.4333438873, 6.58382987976, 46.7007980347, 9.16602516174, 25.4890384674, 49.5822906494, 0.448359638453]

SpecContrastCoeff:
    dmean: [0.0194101948291, 0.0077791470103, 0.00736388843507, 0.0211312696338, 0.0047378311865, 0.0067199524492]
    dmean2: [0.0260194018483, 0.0123774968088, 0.0106970733032, 0.0192631743848, 0.00662445882335, 0.0107080433518]
    dvar: [0.000343636842445, 0.000104098508018, 0.000376010400942, 0.00489830924198, 3.13522723445e-05, 8.59563006088e-05]
    dvar2: [0.000646966567729, 0.000210713726119, 0.000723145785742, 0.0041271164082, 5.42859525012e-05, 0.000262874702457]
    kurt: [0.998635530472, 1.72780275345, 5.30342388153, 16.8227005005, 2.09303808212, 0.8657579422]
    max: [-0.743854880333, -0.915295362473, -0.846775233746, -0.2366091609, -0.894789874554, -0.908001661301]
    mean: [-0.849523305893, -0.969374597073, -0.936605513096, -0.274096429348, -0.937710762024, -0.925810992718]
    median: [-0.852467119694, -0.975777983665, -0.945031821728, -0.246865734458, -0.942562043667, -0.925664126873]
    min: [-0.990370452404, -0.986749112606, -0.955059528351, -0.845618486404, -0.951399505138, -0.956755459309]
    skew: [-0.298705667257, 1.43677723408, 2.52321052551, -4.14025497437, 1.40155875683, -0.508340001106]
    var: [0.00242086290382, 0.000245330447797, 0.00069114100188, 0.0117734447122, 0.000138029208756, 9.37040094868e-05]

SpecPeakAmp:
    dmean: [1.90472110262e-05, 1.60396684805e-05, 1.57943813974e-05, 0.00185458443593, 3.07556038024e-05]
    dmean2: [3.08149938064e-05, 2.44890725298e-05, 2.48199921771e-05, 0.00284648034722, 4.69560181955e-05]
    dvar: [5.11586195628e-09, 5.06327735295e-09, 4.94908336535e-09, 7.21892429283e-05, 1.91253537452e-08]
    dvar2: [1.31226629563e-08, 1.30950148503e-08, 1.31395649916e-08, 0.000185383672942, 4.92860934287e-08]
    kurt: [39.8370094299, 39.8113708496, 36.4333877563, 40.0226974487, 39.9508476257]
    max: [0.000358002260327, 0.000350667687599, 0.000377640477382, 0.0408026278019, 0.000673048722092]
    mean: [2.42263831751e-05, 1.03474649222e-05, 1.25004535221e-05, 0.00090955349151, 1.77638503374e-05]
    median: [1.67379457707e-05, 2.32358434005e-06, 2.51733763434e-06, 2.4063795081e-06, 2.47377033702e-06]
    min: [8.39808490127e-06, 4.5456334874e-07, 4.957257147e-07, 5.82551422212e-07, 7.24341305158e-07]
    skew: [6.46040248871, 6.45789527893, 6.10332870483, 6.48249053955, 6.47407197952]
    var: [2.53745557899e-09, 2.63871879902e-09, 3.16700043967e-09, 3.61695019819e-05, 9.7672216981e-09]
