
metadata:
    version:
        essentia: "2.1-beta3"

Flux:
    dmean: 5.99724035055e-06
    dmean2: 9.16036788112e-06
    dvar: 3.0128832762e-10
    dvar2: 6.50173304084e-10
    kurt: 14.1962375641
    max: 9.56188960117e-05
    mean: 7.30284182282e-06
    median: 3.0863466236e-06
    min: 3.19540674809e-07
    skew: 3.87616062164
    var: 3.16921766608e-10

Rms:
    dmean: 1.34580977829e-06
    dmean2: 1.28557849166e-06
    dvar: 2.48529859886e-11
    dvar2: 1.85052806412e-11
    kurt: 19.5756015778
    max: 7.74680665927e-05
    mean: 7.58950482123e-05
    median: 7.72424682509e-05
    min: 4.47427264589e-05
    skew: -4.500415802
    var: 3.30719687747e-11

RollOff:
    dmean: 0
    dmean2: 0
    dvar: 0
    dvar2: 0
    kurt: 0
    max: 1335.05859375
    mean: 1335.05859375
    median: 1335.05859375
    min: 1335.05859375
    skew: 0
    var: 0

SpecCent:
    dmean: 3.57494258881
    dmean2: 4.77689027786
    dvar: 7.26788043976
    dvar2: 7.9296746254
    kurt: 15.8098220825
    max: 1480.03588867
    mean: 1453.4564209
    median: 1452.94628906
    min: 1447.7989502
    skew: 3.51632833481
    var: 24.9919185638

Zcr:
    dmean: 0.00163517438341
    dmean2: 0.00184849335346
    dvar: 3.56616874342e-05
    dvar2: 3.21131265082e-05
    kurt: 17.4156799316
    max: 0.06005859375
    mean: 0.0583718046546
    median: 0.0595703125
    min: 0.02734375
    skew: -4.37617874146
    var: 3.93982081732e-05

HarmonicAmpFreq:
    dmean: [0]
    dmean2: [0]
    dvar: [0]
    dvar2: [0]
    kurt: [-2]
    max: [1319.66918945]
    mean: [1319.66882324]
    median: [1319.66918945]
    min: [1319.66918945]
    skew: [1]
    var: [1.34110450745e-07]

HarmonicAmpMag:
    dmean: [0]
    dmean2: [0]
    dvar: [0]
    dvar2: [0]
    kurt: [nan]
    max: [0]
    mean: [0]
    median: [0]
    min: [0]
    skew: [nan]
    var: [0]

MfccCoeff:
    dmean: [0.0584745183587, 0.0328283980489, 0.0564497113228, 0.0773819312453, 0.00558471679688, 0.0724505037069, 0.0623768642545, 0.02209171094, 0.0786595866084, 0.0403694324195, 0.0449976362288, 0.0747414529324, 0.0162067860365]
    dmean2: [0.0676531121135, 0.0377851203084, 0.0655866339803, 0.089287891984, 0.00584956584498, 0.0841979980469, 0.0713083148003, 0.0268674585968, 0.0909976065159, 0.0450797304511, 0.053465526551, 0.0856385007501, 0.0169783085585]
    dvar: [0.043347992003, 0.0139817455783, 0.0395705550909, 0.0768102481961, 0.000590589479543, 0.0651177912951, 0.0520549491048, 0.00481951981783, 0.0784183219075, 0.0241861846298, 0.0225701387972, 0.0739799067378, 0.0049737142399]
    dvar2: [0.0426440238953, 0.0137767223641, 0.0388691835105, 0.0756227597594, 0.000600770581514, 0.0639594122767, 0.0514041483402, 0.00465811556205, 0.0771400555968, 0.0240590460598, 0.0219999793917, 0.0730023235083, 0.00505946716294]
    kurt: [16.9842910767, 16.9918880463, 16.9788665771, 16.9886474609, 17.0535888672, 16.9785423279, 17.0001735687, 16.8843536377, 16.9851150513, 17.0232200623, 16.9401092529, 16.9975204468, 17.0535850525]
    max: [-1137.39172363, 0.583202362061, -6.103515625e-05, 8.01086425781e-05, -6.103515625e-05, 1.26201629639, 1.12315750122, -5.34057617188e-05, -4.57763671875e-05, -2.28881835938e-05, 0.747928619385, 1.33977508545, 0.339492797852]
    mean: [-1137.4486084, 0.551213026047, -0.928956449032, -1.2923989296, -0.111552499235, 1.19167089462, 1.06220138073, -0.327328950167, -1.30661582947, -0.721158087254, 0.704606831074, 1.26680266857, 0.323512524366]
    median: [-1137.4029541, 0.577098846436, -0.972663879395, -1.35313034058, -0.116790771484, 1.24773406982, 1.1120262146, -0.342876434326, -1.3680305481, -0.754844665527, 0.737911224365, 1.32624435425, 0.338714599609]
    min: [-1138.42004395, 1.14440917969e-05, -0.983779907227, -1.3677482605, -0.117065429688, 2.28881835938e-05, -2.67028808594e-05, -0.348411560059, -1.38313293457, -0.760963439941, -2.67028808594e-05, -3.0517578125e-05, -3.81469726562e-05]
    skew: [-4.35276937485, -4.35411310196, 4.35180854797, 4.3535399437, 4.36469316483, -4.35175085068, -4.35557699203, 4.33500909805, 4.35291481018, 4.35962915421, -4.34493112564, -4.35510778427, -4.36469221115]
    var: [0.0445611849427, 0.0143388267606, 0.0407693125308, 0.0788632929325, 0.000580710766371, 0.0670977979898, 0.0532109178603, 0.00509640434757, 0.0806179568172, 0.0244641415775, 0.0235327966511, 0.075702548027, 0.00489054061472]

SpecContrastCoeff:
    dmean: [0.0227539949119, 0.0242779199034, 0.0139807546511, 0.0158361047506, 0.0127777745947, 0.0118401702493]
    dmean2: [0.0322729125619, 0.0398198068142, 0.024020768702, 0.0228267461061, 0.0184614397585, 0.0186895709485]
    dvar: [0.00169225223362, 0.000483276526211, 7.37316950108e-05, 0.000805231044069, 0.000165222736541, 0.00013619341189]
    dvar2: [0.00168508221395, 0.000899543636478, 0.000219601337449, 0.000750022649299, 0.000179477734491, 0.000225735406275]
    kurt: [16.4273147583, 5.60974788666, -0.703011989594, 16.5535640717, 11.4470119476, 9.85356616974]
    max: [-0.661025285721, -0.84009295702, -0.902921676636, -0.579863190651, -0.826934635639, -0.827272295952]
    mean: [-0.696206450462, -0.874628067017, -0.923017084599, -0.613502979279, -0.857131540775, -0.85807210207]
    median: [-0.688341736794, -0.869451344013, -0.920950949192, -0.606472611427, -0.855681538582, -0.858939766884]
    min: [-0.91372179985, -0.987518668175, -0.952196538448, -0.780003249645, -0.941893577576, -0.928414404392]
    skew: [-4.08043432236, -2.02063655853, -0.305606812239, -4.06328725815, -2.94789528847, -2.27006721497]
    var: [0.001837142976, 0.00071962090442, 0.000133302179165, 0.00105054536834, 0.000311351293931, 0.000223091250518]

SpecPeakAmp:
    dmean: [1.35766995868e-07, 1.30446665025e-07, 9.90027260173e-08, 9.01872638792e-08, 7.5119565679e-08]
    dmean2: [1.69256310301e-07, 1.86924069112e-07, 1.45241074279e-07, 1.27972271002e-07, 9.43610061199e-08]
    dvar: [1.87594406155e-13, 3.42610156554e-14, 3.79637558098e-14, 5.98505823352e-14, 7.52245962461e-14]
    dvar2: [1.87981493436e-13, 3.71377360559e-14, 4.35927064845e-14, 7.22936792895e-14, 7.49915334366e-14]
    kurt: [16.8972644806, 19.6724834442, 29.4067077637, 34.5543327332, 33.9152183533]
    max: [8.45447175379e-06, 1.36959999963e-06, 1.43560987453e-06, 1.6970005845e-06, 1.86361808119e-06]
    mean: [8.2905016825e-06, 1.90951311652e-07, 1.88952654412e-07, 1.31240867063e-07, 1.04102674925e-07]
    median: [8.38583036966e-06, 1.7433450239e-07, 1.63262939168e-07, 8.34804652072e-08, 4.78314561292e-08]
    min: [6.23505366093e-06, 2.11131787609e-08, 5.88468047624e-08, 2.81692393855e-08, 1.8022669579e-08]
    skew: [-4.3323392868, 4.05859422684, 5.27854633331, 5.88336658478, 5.86041545868]
    var: [1.9258742821e-13, 4.44937902982e-14, 4.12217663974e-14, 6.0324338027e-14, 7.69180251718e-14]
