
metadata:
    version:
        essentia: "2.1-beta3"

Flux:
    dmean: 0.0325951613486
    dmean2: 0.0432498790324
    dvar: 0.0116079803556
    dvar2: 0.0223553869873
    kurt: 9.34708499908
    max: 0.639102816582
    mean: 0.0426853857934
    median: 0.000113577305456
    min: 3.4251697798e-05
    skew: 3.26111268997
    var: 0.019638357684

Rms:
    dmean: 0.0129951033741
    dmean2: 0.00948892440647
    dvar: 0.00222387746908
    dvar2: 0.001006484963
    kurt: 21.0962314606
    max: 0.461951911449
    mean: 0.445492565632
    median: 0.461790442467
    min: 0.082351051271
    skew: -4.55677461624
    var: 0.00412751175463

RollOff:
    dmean: 4.89390993118
    dmean2: 5.0077214241
    dvar: 1029.86523438
    dvar2: 1053.24560547
    kurt: 40.0227241516
    max: 1593.45703125
    mean: 1382.91015625
    median: 1378.125
    min: 1378.125
    skew: 6.48249387741
    var: 1007.49975586

SpecCent:
    dmean: 1.62331318855
    dmean2: 1.51210772991
    dvar: 89.339630127
    dvar2: 78.17552948
    kurt: 39.5190200806
    max: 1423.91760254
    mean: 1357.06750488
    median: 1355.43225098
    min: 1355.14025879
    skew: 6.42536067963
    var: 102.167175293

Zcr:
    dmean: 0.00204190332443
    dmean2: 0.00144213298336
    dvar: 5.71367236262e-05
    dvar2: 3.88450898754e-05
    kurt: 17.6214256287
    max: 0.0615234375
    mean: 0.0589084215462
    median: 0.0615234375
    min: 0.0029296875
    skew: -4.21888494492
    var: 0.000108370848466

HarmonicAmpFreq:
    dmean: [8.32108402252]
    dmean2: [15.9856357574]
    dvar: [1149.3034668]
    dvar2: [3391.45166016]
    kurt: [34.1185798645]
    max: [1357.70666504]
    mean: [1353.14013672]
    median: [1357.70666504]
    min: [1197.0793457]
    skew: [-5.88019704819]
    var: [597.250854492]

HarmonicAmpMag:
    dmean: [1.84878317668e-05]
    dmean2: [2.20856418309e-05]
    dvar: [1.02932169455e-08]
    dvar2: [1.08260884701e-08]
    kurt: [39.1638526917]
    max: [0.000677246716805]
    mean: [1.65634592122e-05]
    median: [0]
    min: [0]
    skew: [6.38699293137]
    var: [1.00212513843e-08]

MfccCoeff:
    dmean: [24.8962936401, 6.74433898926, 1.99330174923, 2.46462726593, 0.861201226711, 2.31452012062, 1.76624310017, 1.39382898808, 1.84736979008, 1.30052757263, 1.82748901844, 2.03137874603, 0.337570101023]
    dmean2: [34.6825752258, 7.87618970871, 2.09038734436, 3.80568742752, 0.655829310417, 2.83834385872, 1.65910732746, 1.57105755806, 2.72135734558, 1.49434399605, 1.51028764248, 2.0858476162, 0.442814528942]
    dvar: [8603.15527344, 462.50289917, 38.0014076233, 62.1432151794, 0.860915124416, 51.9990577698, 28.0775032043, 9.09365940094, 54.3676147461, 10.7580480576, 30.9612178802, 47.8242645264, 0.439486026764]
    dvar2: [21642.5488281, 831.587402344, 56.8018417358, 149.063934326, 2.36915874481, 78.4947967529, 31.8579616547, 21.6953048706, 87.2600402832, 26.1591682434, 26.1841983795, 53.2124023438, 0.881908178329]
    kurt: [25.2104701996, 11.6248512268, 12.4885692596, 11.5774774551, -1.09160268307, 12.3871765137, 13.88164711, 4.31852293015, 10.556596756, 8.68573188782, 16.4220561981, 12.0937137604, 8.90445613861]
    max: [-617.654785156, 162.574981689, -32.9606437683, -47.2715873718, 5.06628417969, 79.8743362427, 52.9677658081, -11.6939849854, -24.3968200684, -5.2636051178, 45.8056907654, 56.0517120361, 0.436096191406]
    mean: [-1064.15161133, 38.2778358459, -56.019733429, -70.9757919312, -0.306055873632, 66.013168335, 48.7805595398, -25.6001167297, -64.2647705078, -23.8116760254, 41.9107055664, 52.7106437683, -0.422364592552]
    median: [-1082.26391602, 30.5424003601, -55.2496757507, -71.2752456665, -0.120590209961, 67.978553772, 50.9157028198, -25.5852584839, -67.212638855, -25.184715271, 43.8559379578, 55.7359771729, -0.0897979736328]
    min: [-1082.79589844, 29.2699699402, -84.734375, -101.321296692, -3.7241973877, 24.5282592773, 6.45837783813, -32.8659286499, -67.4159469604, -26.4469528198, -3.01840591431, 1.77484130859, -4.28590393066]
    skew: [4.99204349518, 3.52843499184, -1.45404720306, -0.302764832973, 0.111118972301, -3.4896736145, -3.7717499733, 1.5074160099, 3.49593520164, 2.94108486176, -4.06656837463, -3.61324286461, -3.01345562935]
    var: [5703.44824219, 716.447631836, 38.1409950256, 45.9028167725, 5.24928236008, 75.6265411377, 73.7027893066, 12.37068367, 97.5329208374, 17.7881889343, 73.3619613647, 116.761329651, 0.839244425297]

SpecContrastCoeff:
    dmean: [0.0183355677873, 0.00580390356481, 0.00784539803863, 0.0227264277637, 0.00740520935506, 0.00836087111384]
    dmean2: [0.0302734263241, 0.00615529948846, 0.0109522175044, 0.0159078426659, 0.0100805908442, 0.00892382021993]
    dvar: [0.000423177232733, 8.23760565254e-05, 0.000345552078215, 0.00607454637066, 0.000179736365681, 7.56658773753e-05]
    dvar2: [0.000765084347222, 0.000145421989146, 0.000792288919911, 0.00294545874931, 0.000346789573086, 6.89334628987e-05]
    kurt: [4.6682715416, 2.79988145828, 5.94446372986, 21.5188026428, 2.78512954712, 0.20593047142]
    max: [-0.864544153214, -0.923776447773, -0.828091204166, -0.093292273581, -0.862711250782, -0.869523763657]
    mean: [-0.954006254673, -0.974737882614, -0.927220642567, -0.128297716379, -0.928937017918, -0.924692630768]
    median: [-0.96350222826, -0.981793224812, -0.936454236507, -0.10022290051, -0.937553942204, -0.934886395931]
    min: [-0.993234455585, -0.987096786499, -0.945702672005, -0.787484943867, -0.944921791553, -0.944651126862]
    skew: [2.18069720268, 1.78296327591, 2.57706189156, -4.59115362167, 1.75449621677, 1.1438986063]
    var: [0.00067102489993, 0.00023297862208, 0.000731139210984, 0.0133983157575, 0.000365329382475, 0.000460376759293]

SpecPeakAmp:
    dmean: [0.000341697246768, 0.000321523984894, 0.000335740216542, 0.000338876066962, 0.000345690670656]
    dmean2: [0.000520165485796, 0.000486694829306, 0.000501811329741, 0.000506795069668, 0.0005168049247]
    dvar: [2.01225066121e-06, 1.89607953871e-06, 2.06116897061e-06, 2.11672477235e-06, 2.19029084292e-06]
    dvar2: [5.18932074556e-06, 4.94735559187e-06, 5.30113766217e-06, 5.43741771253e-06, 5.62274544791e-06]
    kurt: [38.5712471008, 38.0573310852, 38.5778999329, 38.7572174072, 38.6122360229]
    max: [0.00694042211398, 0.00694605428725, 0.00695930048823, 0.00702510541305, 0.00713314162567]
    mean: [0.000207697274163, 0.000207729332033, 0.000197487053811, 0.000197142609977, 0.00020257246797]
    median: [2.93430694001e-05, 2.15087911783e-05, 2.16300613829e-05, 2.19772391574e-05, 2.27407454076e-05]
    min: [1.0670147276e-05, 2.17362685362e-06, 3.35797926709e-06, 4.53885331808e-06, 6.16645866103e-06]
    skew: [6.32275533676, 6.26389026642, 6.32406282425, 6.34322929382, 6.32787084579]
    var: [1.04811726942e-06, 1.0564101558e-06, 1.05711387732e-06, 1.07556161311e-06, 1.11007625492e-06]
