
metadata:
    version:
        essentia: "2.1-beta3"

Flux:
    dmean: 0.017560094595
    dmean2: 0
    dvar: 0
    dvar2: 0
    kurt: -2
    max: 0.390191942453
    mean: 0.381411910057
    median: 0.381411910057
    min: 0.372631847858
    skew: -5.08095081386e-06
    var: 7.70892293076e-05

Rms:
    dmean: 0
    dmean2: 0
    dvar: 0
    dvar2: 0
    kurt: 0
    max: 0.133885681629
    mean: 0.133885681629
    median: 0.133885681629
    min: 0.133885681629
    skew: 0
    var: 0

RollOff:
    dmean: 495.263671875
    dmean2: 0
    dvar: 0
    dvar2: 0
    kurt: -2
    max: 2433.25195312
    mean: 2185.62011719
    median: 2185.62011719
    min: 1937.98828125
    skew: 0
    var: 61321.5273438

SpecCent:
    dmean: 149.329467773
    dmean2: 0
    dvar: 0
    dvar2: 0
    kurt: -1.99999988079
    max: 1861.79443359
    mean: 1787.12963867
    median: 1787.12963867
    min: 1712.46496582
    skew: 2.4399830636e-06
    var: 5574.82226562

Zcr:
    dmean: 0
    dmean2: 0
    dvar: 0
    dvar2: 0
    kurt: 0
    max: 0.0234375
    mean: 0.0234375
    median: 0.0234375
    min: 0.0234375
    skew: 0
    var: 0

HarmonicAmpFreq:
    dmean: [121.912231445]
    dmean2: [0]
    dvar: [0]
    dvar2: [0]
    kurt: [-2]
    max: [1740.22692871]
    mean: [1679.27075195]
    median: [1679.27075195]
    min: [1618.31469727]
    skew: [3.00094075101e-06]
    var: [3715.64794922]

HarmonicAmpMag:
    dmean: [0.0878566280007]
    dmean2: [0]
    dvar: [0]
    dvar2: [0]
    kurt: [-2]
    max: [0.0878566280007]
    mean: [0.0439283140004]
    median: [0.0439283140004]
    min: [0]
    skew: [0]
    var: [0.00192969676573]

MfccCoeff:
    dmean: [408.787109375, 20.7937278748, 46.8801116943, 13.2280883789, 64.6450424194, 19.7462387085, 32.7958984375, 23.0334014893, 20.6621074677, 14.8578128815, 4.64950180054, 9.67154884338, 0.638164520264]
    dmean2: [0, 0, 0, 0, 0, 0, 0, 0, 0, 0, 0, 0, 0]
    dvar: [0, 0, 0, 0, 0, 0, 0, 0, 0, 0, 0, 0, 0]
    dvar2: [0, 0, 0, 0, 0, 0, 0, 0, 0, 0, 0, 0, 0]
    kurt: [-2, -2, -2, -1.99999988079, -2, -1.99999988079, -1.99999988079, -2, -1.99999988079, -2, -2, -2, -2]
    max: [-589.870727539, 45.0633621216, -109.297409058, -38.4108352661, 84.1837463379, 32.6940841675, -9.10710906982, 3.49443817139, 19.5036506653, 9.42234230042, 0.961395263672, 7.36424255371, -0.864070892334]
    mean: [-794.264282227, 34.6664962769, -132.737457275, -45.0248794556, 51.8612251282, 22.8209648132, -25.5050582886, -8.02226257324, 9.17259693146, 1.99343585968, -1.3633556366, 2.52846813202, -1.18315315247]
    median: [-794.264282227, 34.6664962769, -132.737457275, -45.0248794556, 51.8612251282, 22.8209648132, -25.5050582886, -8.02226257324, 9.17259693146, 1.99343585968, -1.3633556366, 2.52846813202, -1.18315315247]
    min: [-998.657836914, 24.2696342468, -156.177520752, -51.638923645, 19.5387058258, 12.947845459, -41.9030075073, -19.5389633179, -1.15845680237, -5.43547058105, -3.68810653687, -2.30730628967, -1.5022354126]
    skew: [0, 5.43091459804e-07, -9.85751512417e-07, 0, 1.73514479229e-07, 0, 0, 0, 0, 0, 0, 0, 0]
    var: [41776.7265625, 108.094779968, 549.436218262, 43.7455787659, 1044.74523926, 97.4784851074, 268.892730713, 132.634399414, 106.730674744, 55.1886520386, 5.40446662903, 23.3847141266, 0.101813487709]

SpecContrastCoeff:
    dmean: [0.000917077064514, 0.0348352789879, 0.0892919301987, 0.00217282772064, 0.259521305561, 0.0275538563728]
    dmean2: [0, 0, 0, 0, 0, 0]
    dvar: [0, 0, 0, 0, 0, 0]
    dvar2: [0, 0, 0, 0, 0, 0]
    kurt: [-2, -2, -2, -1.99999988079, -2.00000023842, -2]
    max: [-0.956347942352, -0.914405047894, -0.819665908813, -0.750029265881, -0.543612837791, -0.927318274975]
    mean: [-0.956806480885, -0.931822657585, -0.864311873913, -0.751115679741, -0.67337346077, -0.941095232964]
    median: [-0.956806480885, -0.931822657585, -0.864311873913, -0.751115679741, -0.67337346077, -0.941095232964]
    min: [-0.957265019417, -0.949240326881, -0.908957839012, -0.752202093601, -0.803134143353, -0.954872131348]
    skew: [0, -5.16361114933e-06, 0, 0, -7.45948909753e-07, 6.4779751483e-06]
    var: [2.10257582012e-07, 0.000303374166833, 0.001993262209, 1.18029504392e-06, 0.0168378278613, 0.000189803744433]

SpecPeakAmp:
    dmean: [0.087835624814, 0.0565634593368, 0.0400369130075, 0.0286699719727, 0.0205498374999]
    dmean2: [0, 0, 0, 0, 0]
    dvar: [0, 0, 0, 0, 0]
    dvar2: [0, 0, 0, 0, 0]
    kurt: [-2, -1.99999988079, -1.99999988079, -2, -2]
    max: [0.0878566280007, 0.0565897263587, 0.0400652773678, 0.0287021007389, 0.0205871146172]
    mean: [0.0439388155937, 0.0283079966903, 0.0200468208641, 0.0143671147525, 0.0103121958673]
    median: [0.0439388155937, 0.0283079966903, 0.0200468208641, 0.0143671147525, 0.0103121958673]
    min: [2.10055986827e-05, 2.62672165263e-05, 2.83634053631e-05, 3.2128085877e-05, 3.72774338757e-05]
    skew: [1.28842557956e-07, 0, -1.70059010429e-07, -3.85938676573e-08, 0]
    var: [0.0019287741743, 0.000799856206868, 0.000400738616008, 0.000205491844099, 0.000105573955807]
