
metadata:
    version:
        essentia: "2.1-beta3"

Flux:
    dmean: 6.52125345368e-06
    dmean2: 9.67527194007e-06
    dvar: 5.39153777179e-10
    dvar2: 1.15144438428e-09
    kurt: 13.8016109467
    max: 0.000124879516079
    mean: 7.75181979407e-06
    median: 1.53522637447e-06
    min: 2.79590437913e-07
    skew: 3.84231734276
    var: 5.68833369297e-10

Rms:
    dmean: 1.65684957665e-06
    dmean2: 1.50076846239e-06
    dvar: 4.29798731327e-11
    dvar2: 3.25124163703e-11
    kurt: 19.5695667267
    max: 0.0001013893052
    mean: 9.95032969513e-05
    median: 0.000101279918454
    min: 5.89448645769e-05
    skew: -4.50466775894
    var: 5.61817294076e-11

RollOff:
    dmean: 0
    dmean2: 0
    dvar: 0
    dvar2: 0
    kurt: -2
    max: 2734.71679688
    mean: 2734.71826172
    median: 2734.71679688
    min: 2734.71679688
    skew: -1
    var: 2.14576721191e-06

SpecCent:
    dmean: 1.26324033737
    dmean2: 1.17940843105
    dvar: 3.9403989315
    dvar2: 1.74242043495
    kurt: 21.3601169586
    max: 2735.3972168
    mean: 2717.17822266
    median: 2716.65380859
    min: 2714.10229492
    skew: 4.35799074173
    var: 10.2562856674

Zcr:
    dmean: 0.0029296875
    dmean2: 0.00296456483193
    dvar: 0.000155825953698
    dvar2: 0.000147188213305
    kurt: 17.3915958405
    max: 0.12353515625
    mean: 0.120183773339
    median: 0.123046875
    min: 0.05712890625
    skew: -4.38366556168
    var: 0.00016518724442

HarmonicAmpFreq:
    dmean: [0]
    dmean2: [0]
    dvar: [0]
    dvar2: [0]
    kurt: [-2]
    max: [2719.82104492]
    mean: [2719.82055664]
    median: [2719.82104492]
    min: [2719.82104492]
    skew: [1]
    var: [2.38418579102e-07]

HarmonicAmpMag:
    dmean: [0]
    dmean2: [0]
    dvar: [0]
    dvar2: [0]
    kurt: [nan]
    max: [0]
    mean: [0]
    median: [0]
    min: [0]
    skew: [nan]
    var: [0]

MfccCoeff:
    dmean: [0.0518429763615, 0.0143020981923, 0.0677337646484, 0.0407310314476, 0.0518440417945, 0.0609617009759, 0.0280577186495, 0.0719075724483, 0, 0.0719075724483, 0.0280575416982, 0.0609606355429, 0.0518420897424]
    dmean2: [0.053443543613, 0.0147399902344, 0.0698191300035, 0.0419834665954, 0.0534395501018, 0.0628385990858, 0.0289190374315, 0.074120298028, 0, 0.0741208419204, 0.0289206728339, 0.062837511301, 0.0534380972385]
    dvar: [0.0557695925236, 0.00424516014755, 0.0952076166868, 0.0344276987016, 0.055772382766, 0.0771143138409, 0.0163353141397, 0.107297375798, 0, 0.107298053801, 0.016335170716, 0.0771144405007, 0.0557717941701]
    dvar2: [0.0562703385949, 0.00428332015872, 0.0960670188069, 0.0347370579839, 0.0562751106918, 0.0778093710542, 0.0164827015251, 0.108265526593, 0, 0.108265720308, 0.0164825581014, 0.0778098404408, 0.0562752559781]
    kurt: [22.5822792053, 22.5779304504, 22.5779457092, 22.5781726837, 22.5778961182, 22.5779399872, 22.5780773163, 22.5779705048, nan, 22.5779647827, 22.5778617859, 22.5779590607, 22.5778865814]
    max: [-1137.03991699, 1.14440917969e-05, -6.103515625e-05, 1.08446121216, 1.38011169434, 2.28881835938e-05, -2.67028808594e-05, 1.91427612305, -4.57763671875e-05, -2.28881835938e-05, 0.746906280518, 1.62286376953, -3.81469726562e-05]
    mean: [-1137.09130859, -0.366571247578, -1.73607742786, 1.04403030872, 1.32864761353, -1.56236124039, -0.719118654728, 1.84289777279, -4.57763671875e-05, -1.84297645092, 0.719058454037, 1.56235122681, -1.32873106003]
    median: [-1137.04125977, -0.380405426025, -1.80156707764, 1.0834236145, 1.37877655029, -1.62130737305, -0.746250152588, 1.91242599487, -4.57763671875e-05, -1.91250610352, 0.746189117432, 1.62129592896, -1.37885665894]
    min: [-1138.42004395, -0.380756378174, -1.80331420898, 8.01086425781e-05, -6.103515625e-05, -1.62287139893, -0.746974945068, -5.34057617188e-05, -4.57763671875e-05, -1.91435241699, -2.67028808594e-05, -3.0517578125e-05, -1.38019561768]
    skew: [-4.83652973175, 4.83580827713, 4.83581066132, -4.83582878113, -4.83580541611, 4.8358092308, 4.83582162857, -4.83581066132, nan, 4.83581066132, -4.83580160141, -4.83581113815, 4.83580541611]
    var: [0.0552236810327, 0.00420361524448, 0.0942727997899, 0.0340906605124, 0.0552254207432, 0.0763579905033, 0.0161750707775, 0.106244444847, 0, 0.106244750321, 0.0161748658866, 0.0763577148318, 0.0552241317928]

SpecContrastCoeff:
    dmean: [0.0283048935235, 0.0312836915255, 0.0266614295542, 0.026719905436, 0.0216726195067, 0.0284022390842]
    dmean2: [0.0394036695361, 0.0517613328993, 0.0440630242229, 0.0446421578526, 0.0333966612816, 0.0500086434186]
    dvar: [0.00183898361865, 0.00105362036265, 0.0008313585422, 0.000613884767517, 0.000924352498259, 0.000629020039923]
    dvar2: [0.00174089090433, 0.00185208732728, 0.00140078051481, 0.00113011198118, 0.000920441641938, 0.00169924576767]
    kurt: [13.2280788422, 7.52336978912, 7.57130146027, 6.17044258118, 12.5169286728, 2.49262905121]
    max: [-0.586839199066, -0.763863146305, -0.794544219971, -0.780872941017, -0.598984181881, -0.790112316608]
    mean: [-0.630716979504, -0.806777775288, -0.847239434719, -0.823517084122, -0.632528543472, -0.842847466469]
    median: [-0.620615124702, -0.796746730804, -0.846444249153, -0.818635165691, -0.626889288425, -0.845335841179]
    min: [-0.849481523037, -0.970826685429, -0.985285401344, -0.954133629799, -0.800362825394, -0.939769625664]
    skew: [-3.65503430367, -2.63808894157, -2.39198541641, -2.31267309189, -3.52124786377, -0.892116844654]
    var: [0.00241891830228, 0.00162611762062, 0.00117575272452, 0.00110666255932, 0.00132900930475, 0.000767141231336]

SpecPeakAmp:
    dmean: [1.95280719595e-07, 6.83907472876e-08, 1.01666863372e-07, 2.57174207263e-07, 4.71327808782e-07]
    dmean2: [2.19508521582e-07, 9.84573631513e-08, 1.43405188169e-07, 4.78137053506e-07, 8.5067171085e-07]
    dvar: [6.25640706776e-13, 1.38687489075e-15, 2.04148492815e-14, 3.92357587392e-14, 1.06452912078e-13]
    dvar2: [6.42272205472e-13, 3.84161544129e-15, 2.21554647187e-14, 8.22298568755e-14, 2.94142368882e-13]
    kurt: [18.7698001862, -0.467377185822, 18.1297607422, -0.200602769852, -1.30627548695]
    max: [1.67995967786e-05, 1.14026227038e-06, 1.06561981283e-06, 7.8784029256e-07, 1.0481235222e-06]
    mean: [1.6592159227e-05, 1.008654408e-06, 1.48010258272e-07, 2.3005596006e-07, 4.81621214021e-07]
    median: [1.67611851793e-05, 9.94132733467e-07, 1.17707116942e-07, 1.41728236258e-07, 3.81720127507e-07]
    min: [1.25124734041e-05, 8.92143248166e-07, 1.23601653357e-08, 6.66945876304e-09, 6.36529362552e-09]
    skew: [-4.50690078735, 0.437947422266, 3.9168241024, 0.876649558544, 0.239652574062]
    var: [6.13262370573e-13, 3.33120799859e-15, 2.81298676166e-14, 4.70422854316e-14, 1.35211259506e-13]
