
metadata:
    version:
        essentia: "2.1-beta3"

Flux:
    dmean: 0.000163339005667
    dmean2: 0.000215944688534
    dvar: 2.84970923303e-07
    dvar2: 5.60627995583e-07
    kurt: 9.59387397766
    max: 0.00310772540979
    mean: 0.000211985927308
    median: 6.67232325213e-06
    min: 3.42276553056e-06
    skew: 3.29586815834
    var: 4.63134682605e-07

Rms:
    dmean: 6.30476060905e-05
    dmean2: 4.60271585325e-05
    dvar: 5.17402973799e-08
    dvar2: 2.33429648944e-08
    kurt: 20.7901592255
    max: 0.00223942031153
    mean: 0.00215960061178
    median: 0.00223841657862
    min: 0.000415070651798
    skew: -4.52765226364
    var: 9.60915542692e-08

RollOff:
    dmean: 6.36208295822
    dmean2: 6.51003837585
    dvar: 1740.47192383
    dvar2: 1779.98510742
    kurt: 40.0218048096
    max: 3014.6484375
    mean: 2740.93896484
    median: 2734.71679688
    min: 2734.71679688
    skew: 6.48238706589
    var: 1702.67443848

SpecCent:
    dmean: 3.65353679657
    dmean2: 3.47697138786
    dvar: 444.977020264
    dvar2: 402.625396729
    kurt: 39.7079315186
    max: 2848.45605469
    mean: 2701.78515625
    median: 2698.27392578
    min: 2696.69848633
    skew: 6.44633388519
    var: 490.717102051

Zcr:
    dmean: 0.004150390625
    dmean2: 0.00295239826664
    dvar: 0.000230296092923
    dvar2: 0.000156934387633
    kurt: 17.7861461639
    max: 0.12353515625
    mean: 0.11777343601
    median: 0.123046875
    min: 0.00390625
    skew: -4.23356866837
    var: 0.000445520621724

HarmonicAmpFreq:
    dmean: [0.0744795352221]
    dmean2: [0.0762116163969]
    dvar: [0.238529637456]
    dvar2: [0.243944853544]
    kurt: [39.9738121033]
    max: [2723.03198242]
    mean: [2719.82861328]
    median: [2719.75488281]
    min: [2719.75488281]
    skew: [6.47683286667]
    var: [0.233350351453]

HarmonicAmpMag:
    dmean: [8.07176618878e-08]
    dmean2: [8.25948234251e-08]
    dvar: [2.80159684514e-13]
    dvar2: [2.86519966823e-13]
    kurt: [40.022731781]
    max: [3.55157726517e-06]
    mean: [7.89239393839e-08]
    median: [0]
    min: [0]
    skew: [6.48249435425]
    var: [2.74075467183e-13]

MfccCoeff:
    dmean: [0.782945096493, 0.214419275522, 1.00526165962, 0.589659273624, 0.729682564735, 0.822395503521, 0.360173821449, 0.870959222317, 0.189986139536, 0.750847578049, 0.439027607441, 0.522884428501, 0.583986341953]
    dmean2: [0.958811223507, 0.249462753534, 1.23695480824, 0.684202313423, 0.91771787405, 0.949959933758, 0.49615380168, 1.00226640701, 0.231902360916, 0.867677569389, 0.366844534874, 0.625417470932, 0.511898934841]
    dvar: [13.0385093689, 1.01089525223, 21.5052700043, 7.69650316238, 11.3519926071, 15.1690158844, 2.89392852783, 17.3321762085, 0.584943532944, 13.1479949951, 3.15425562859, 6.4851436615, 6.25511980057]
    dvar2: [21.3964824677, 1.4471347332, 35.7152519226, 10.9339962006, 19.8921947479, 21.2717533112, 6.13740634918, 24.0290393829, 0.734010219574, 18.3947677612, 1.89388668537, 9.87955284119, 4.18849277496]
    kurt: [25.6063194275, 29.1274719238, 25.2793159485, 29.4403953552, 23.5025215149, 30.0255889893, 20.0096054077, 30.7942619324, 13.0966243744, 31.5329551697, 26.1033096313, 30.9269714355, 28.9853973389]
    max: [-1115.30395508, 1.14440917969e-05, -6.103515625e-05, 17.933429718, 21.3961181641, 2.28881835938e-05, -2.67028808594e-05, 27.0489597321, -4.57763671875e-05, -2.28881835938e-05, 13.7622032166, 16.6175327301, -3.81469726562e-05]
    mean: [-1122.3918457, -5.07886600494, -20.318775177, 14.1189565659, 13.8191308975, -20.0792999268, -4.66815042496, 21.7465648651, -5.06398248672, -18.9315071106, 13.2534265518, 12.4775094986, -18.2385368347]
    median: [-1122.078125, -5.20238113403, -20.7045021057, 14.4639015198, 14.0420837402, -20.5726547241, -4.65439987183, 22.279794693, -5.34043884277, -19.3806381226, 13.7611961365, 12.7294006348, -18.8911170959]
    min: [-1138.42004395, -6.49257278442, -29.6565513611, 8.01086425781e-05, -6.103515625e-05, -25.2278862, -10.1428146362, -5.34057617188e-05, -5.34098815918, -23.6511459351, -2.67028808594e-05, -3.0517578125e-05, -18.8922996521]
    skew: [-4.3100194931, 5.17976093292, 4.20027971268, -5.22626304626, -3.57105350494, 5.30820703506, -1.12116074562, -5.40308380127, 3.78870940208, 5.46211719513, -5.05941963196, -5.20730352402, 5.34900474548]
    var: [7.31282901764, 0.683148443699, 11.8528432846, 5.25110197067, 5.78117656708, 10.5167503357, 1.15160512924, 12.1821298599, 1.13050591946, 9.12566566467, 4.91044521332, 4.01066970825, 8.82694625854]

SpecContrastCoeff:
    dmean: [0.0222813021392, 0.0216501019895, 0.0151203805581, 0.0102392872795, 0.0155906416476, 0.0118074119091]
    dmean2: [0.0379379838705, 0.0372303575277, 0.0225841719657, 0.0161449983716, 0.0192628856748, 0.0216513965279]
    dvar: [0.00177512876689, 0.000359255092917, 0.000174652959686, 4.69922670163e-05, 0.00200091325678, 7.60055190767e-05]
    dvar2: [0.00323758786544, 0.00080824183533, 0.000436457135947, 0.000105147621071, 0.00222330354154, 0.000159658258781]
    kurt: [11.4868297577, 5.47603034973, 2.33004999161, -0.271985292435, 15.8471069336, 4.85338926315]
    max: [-0.675337791443, -0.855309665203, -0.87199139595, -0.897430598736, -0.482553243637, -0.874085068703]
    mean: [-0.71380507946, -0.894168198109, -0.910021901131, -0.921219229698, -0.511524200439, -0.892517030239]
    median: [-0.701514184475, -0.890899300575, -0.908276200294, -0.922524809837, -0.49459156394, -0.889154434204]
    min: [-0.95752120018, -0.994093596935, -0.985634744167, -0.946454048157, -0.860605299473, -0.945565104485]
    skew: [-3.50591468811, -1.73229539394, -0.76567196846, 0.12535661459, -4.06726694107, -2.07965087891]
    var: [0.00320261856541, 0.000542018213309, 0.000419270567363, 0.000116454713861, 0.00466297520325, 0.00019380406593]

SpecPeakAmp:
    dmean: [7.59342526635e-07, 7.51395248244e-07, 8.42378540256e-07, 8.46839554924e-07, 7.71031238855e-07]
    dmean2: [9.40135180372e-07, 1.25872759327e-06, 1.38759605761e-06, 1.42879571285e-06, 1.3707585822e-06]
    dvar: [1.02512720535e-11, 4.16595967792e-12, 4.05624969377e-12, 3.82055454981e-12, 2.92004051147e-12]
    dvar2: [1.50959036938e-11, 1.08302681059e-11, 1.07572978303e-11, 9.63695703099e-12, 7.94913267155e-12]
    kurt: [30.0722541809, 37.916973114, 35.0126457214, 35.1506233215, 30.0098114014]
    max: [2.12882277992e-05, 1.03948468677e-05, 1.02626709122e-05, 1.02953599708e-05, 1.02825952126e-05]
    mean: [1.64162447618e-05, 6.65601703531e-07, 7.49526066102e-07, 7.51642062369e-07, 8.11297638847e-07]
    median: [1.67726630025e-05, 4.01593354127e-07, 4.88209309424e-07, 4.23902520197e-07, 5.46361206943e-07]
    min: [3.46987491184e-07, 1.24325694628e-07, 8.69251977065e-08, 8.42777438947e-08, 1.05294333252e-07]
    skew: [-5.20181846619, 6.23501729965, 5.8849568367, 5.90313625336, 5.38891553879]
    var: [6.73311103053e-12, 2.20607278105e-12, 2.1884896239e-12, 2.19855318846e-12, 2.33603392706e-12]
