
metadata:
    version:
        essentia: "2.1-beta3"

Flux:
    dmean: 0.00363759859465
    dmean2: 0.00479647656903
    dvar: 0.000143286131788
    dvar2: 0.000281680288026
    kurt: 9.57238769531
    max: 0.0695530325174
    mean: 0.0046421168372
    median: 2.25519615924e-05
    min: 1.33908179123e-05
    skew: 3.29311752319
    var: 0.000233118975302

Rms:
    dmean: 0.00141205778345
    dmean2: 0.00102954439353
    dvar: 2.59494772763e-05
    dvar2: 1.17020981634e-05
    kurt: 20.7811737061
    max: 0.0501390397549
    mean: 0.0483511649072
    median: 0.0501163713634
    min: 0.00927750114352
    skew: -4.52672243118
    var: 4.82168870803e-05

RollOff:
    dmean: 6.36208295822
    dmean2: 6.51003837585
    dvar: 1740.47192383
    dvar2: 1779.98510742
    kurt: 40.0218048096
    max: 3014.6484375
    mean: 2740.93896484
    median: 2734.71679688
    min: 2734.71679688
    skew: 6.48238706589
    var: 1702.67443848

SpecCent:
    dmean: 4.40383625031
    dmean2: 4.1623249054
    dvar: 654.352600098
    dvar2: 585.12322998
    kurt: 39.6612510681
    max: 2881.54541016
    mean: 2702.60131836
    median: 2698.39038086
    min: 2697.62084961
    skew: 6.44124937057
    var: 730.828796387

Zcr:
    dmean: 0.004150390625
    dmean2: 0.00298646441661
    dvar: 0.000227673488553
    dvar2: 0.000154164939886
    kurt: 17.8678035736
    max: 0.12353515625
    mean: 0.117816843092
    median: 0.123046875
    min: 0.00439453125
    skew: -4.24147796631
    var: 0.000440826668637

HarmonicAmpFreq:
    dmean: [0.0822920352221]
    dmean2: [0.0842058062553]
    dvar: [0.291195094585]
    dvar2: [0.297805905342]
    kurt: [39.9699478149]
    max: [2723.37695312]
    mean: [2719.83764648]
    median: [2719.75610352]
    min: [2719.75610352]
    skew: [6.47638607025]
    var: [0.284872412682]

HarmonicAmpMag:
    dmean: [1.79819301138e-06]
    dmean2: [1.84001146408e-06]
    dvar: [1.39040418068e-10]
    dvar2: [1.42196976416e-10]
    kurt: [40.0227241516]
    max: [7.91204947745e-05]
    mean: [1.75823322479e-06]
    median: [0]
    min: [0]
    skew: [6.48249387741]
    var: [1.36020888997e-10]

MfccCoeff:
    dmean: [10.6172933578, 0.646894812584, 2.89134573936, 0.946027219296, 0.773446619511, 0.956280529499, 0.363043963909, 1.07560908794, 0.261951625347, 0.983697712421, 0.685789108276, 0.695419609547, 0.973417818546]
    dmean2: [15.8618984222, 0.870831251144, 3.88096022606, 1.12203836441, 0.620861649513, 0.587327361107, 0.288279920816, 0.659978508949, 0.249707818031, 0.951622188091, 0.785023152828, 0.729025483131, 1.11214435101]
    dvar: [2348.94042969, 9.86804199219, 186.022491455, 27.8430252075, 13.2762565613, 18.5313987732, 2.21483922005, 21.6700763702, 0.918361067772, 18.6152019501, 7.81850862503, 9.32754135132, 16.0001907349]
    dvar2: [5835.06103516, 19.7358989716, 375.600311279, 39.5242424011, 7.17715263367, 7.52286911011, 1.10638034344, 12.4316978455, 0.828741490841, 17.4480667114, 9.23063087463, 9.60155391693, 18.8562145233]
    kurt: [37.9856491089, 19.8296737671, 19.4802627563, 36.1896324158, 34.8845481873, 28.6829299927, 30.0111236572, 24.9602088928, 13.0013923645, 21.3763942719, 17.3929805756, 20.7662353516, 17.6201972961]
    max: [-883.276977539, -1.68263626099, -7.84341430664, 39.694065094, 39.686542511, -6.83631134033, -2.98270797729, 52.6787109375, -0.112434387207, -7.16544342041, 25.9516029358, 33.6736679077, -4.66372680664]
    mean: [-1094.27026367, -11.9160900116, -51.2977333069, 32.8018989563, 35.6694984436, -46.3727111816, -15.1944522858, 50.7997550964, -6.56574010849, -45.3906517029, 24.9040584564, 32.1658630371, -36.4057769775]
    median: [-1098.36328125, -11.9391975403, -51.2844963074, 33.2887153625, 36.4268379211, -47.6711845398, -15.4663162231, 52.3451004028, -6.92001342773, -46.8898468018, 25.9455833435, 33.2236251831, -37.8875083923]
    min: [-1132.36340332, -20.9528808594, -91.1998901367, 4.71678543091, 5.83647155762, -47.9208488464, -18.7947463989, 7.67534828186, -6.92874145508, -47.2916717529, 2.82501602173, 5.53875732422, -37.8902854919]
    skew: [6.21049451828, 0.879282951355, 0.599756419659, -5.94052457809, -5.92314481735, 5.37729120255, 5.21948337555, -5.04499912262, 3.76379513741, 4.73165369034, -4.27444982529, -4.67951107025, 4.30151844025]
    var: [1037.16296387, 4.14327335358, 77.6582489014, 18.8168773651, 21.5812034607, 41.9331283569, 3.89186000824, 54.1037750244, 1.7884002924, 47.4264602661, 18.0238170624, 23.589176178, 36.9802207947]

SpecContrastCoeff:
    dmean: [0.0385504439473, 0.0144969085231, 0.00852513685822, 0.00732186157256, 0.0190351642668, 0.00722491322085]
    dmean2: [0.044828094542, 0.0209171250463, 0.0111038256437, 0.00866785738617, 0.0168590564281, 0.00772037077695]
    dvar: [0.00172920641489, 0.000274771417025, 0.000156875277753, 0.000114521506475, 0.00316763226874, 4.32216511399e-05]
    dvar2: [0.00448835315183, 0.000639334903099, 0.000258020590991, 0.000284609734081, 0.00284260837361, 0.000109806882392]
    kurt: [0.550952196121, 2.08116149902, 7.35933208466, 1.90256690979, 16.806848526, -0.839241266251]
    max: [-0.720163047314, -0.90716278553, -0.902054846287, -0.894808292389, -0.324560254812, -0.908577561378]
    mean: [-0.843540787697, -0.971473276615, -0.974284589291, -0.944209218025, -0.359629958868, -0.932986021042]
    median: [-0.851700484753, -0.978355884552, -0.980956733227, -0.948479115963, -0.339046239853, -0.937740802765]
    min: [-0.989732265472, -0.991440951824, -0.989273309708, -0.959564328194, -0.827730536461, -0.947671175003]
    skew: [0.265511870384, 1.52590358257, 2.44643092155, 1.52964913845, -4.14240169525, 0.680506885052]
    var: [0.00299403443933, 0.000361219717888, 0.000257554405835, 0.000258850108366, 0.00794823840261, 0.000134802074172]

SpecPeakAmp:
    dmean: [6.45975933367e-06, 6.69578867019e-06, 6.55216854284e-06, 6.52645439914e-06, 5.23660582985e-06]
    dmean2: [9.12586892809e-06, 9.99533949653e-06, 9.77839408733e-06, 9.85488168226e-06, 8.54171412357e-06]
    dvar: [6.90794921265e-10, 7.66856966816e-10, 7.39248162684e-10, 7.33457572455e-10, 5.18870946209e-10]
    dvar2: [1.7473165137e-09, 1.9879773383e-09, 1.92477789263e-09, 1.92493776474e-09, 1.3637877494e-09]
    kurt: [38.367477417, 39.6099662781, 39.4834518433, 38.727394104, 24.1030235291]
    max: [0.00013885035878, 0.000137858922244, 0.000136799018946, 0.000139701369335, 0.000142931152368]
    mean: [1.89389102161e-05, 5.23947755937e-06, 5.28803775524e-06, 5.50629329155e-06, 7.01411499904e-06]
    median: [1.64753000718e-05, 2.26341967391e-06, 2.21275900003e-06, 2.22513926929e-06, 2.35561719819e-06]
    min: [6.3470679379e-06, 2.40514737015e-07, 4.18866648033e-07, 2.52994482253e-07, 4.83370342863e-07]
    skew: [6.28161764145, 6.43421220779, 6.41992759705, 6.33712911606, 4.96829128265]
    var: [3.33291644283e-10, 4.01658983851e-10, 3.95560917354e-10, 4.15599832326e-10, 5.49545908779e-10]
