
metadata:
    version:
        essentia: "2.1-beta3"

Flux:
    dmean: 0.0325803607702
    dmean2: 0.043042909354
    dvar: 0.0116100348532
    dvar2: 0.0223140046
    kurt: 9.38066101074
    max: 0.640360176563
    mean: 0.0427302792668
    median: 0.00019441760378
    min: 6.61109079374e-05
    skew: 3.26497817039
    var: 0.0196423716843

Rms:
    dmean: 0.0129666561261
    dmean2: 0.00947168003768
    dvar: 0.00219997134991
    dvar2: 0.000995910842903
    kurt: 20.9848175049
    max: 0.461946249008
    mean: 0.445552110672
    median: 0.461744606495
    min: 0.0849554017186
    skew: -4.54641532898
    var: 0.00408275378868

RollOff:
    dmean: 6.85147380829
    dmean2: 7.01081037521
    dvar: 2018.53588867
    dvar2: 2064.36132812
    kurt: 40.0218772888
    max: 3036.18164062
    mean: 2741.41748047
    median: 2734.71679688
    min: 2734.71679688
    skew: 6.48239564896
    var: 1974.69934082

SpecCent:
    dmean: 4.94400835037
    dmean2: 4.63833141327
    dvar: 814.046325684
    dvar2: 721.290039062
    kurt: 39.5968208313
    max: 2903.69238281
    mean: 2703.19628906
    median: 2698.36279297
    min: 2697.61547852
    skew: 6.43398809433
    var: 918.166381836

Zcr:
    dmean: 0.00419477978721
    dmean2: 0.00302053056657
    dvar: 0.000229947327171
    dvar2: 0.000155285495566
    kurt: 17.7813396454
    max: 0.12353515625
    mean: 0.117795139551
    median: 0.123046875
    min: 0.00390625
    skew: -4.23303794861
    var: 0.000445759593276

HarmonicAmpFreq:
    dmean: [0.0513472110033]
    dmean2: [0.052541334182]
    dvar: [0.113371044397]
    dvar2: [0.115944862366]
    kurt: [39.9584655762]
    max: [2722.0144043]
    mean: [2719.80615234]
    median: [2719.75512695]
    min: [2719.75512695]
    skew: [6.47505617142]
    var: [0.11090965569]

HarmonicAmpMag:
    dmean: [1.63392924151e-05]
    dmean2: [1.67192756635e-05]
    dvar: [1.14798162087e-08]
    dvar2: [1.17404361788e-08]
    kurt: [40.022731781]
    max: [0.000718928873539]
    mean: [1.59761966643e-05]
    median: [0]
    min: [0]
    skew: [6.48249483109]
    var: [1.12305098554e-08]

MfccCoeff:
    dmean: [23.136390686, 3.27432489395, 2.63348460197, 2.1185529232, 2.27244400978, 2.86435937881, 1.54082286358, 2.56594562531, 0.830046713352, 2.09619927406, 1.09472966194, 1.3227711916, 1.85730433464]
    dmean2: [32.6445465088, 4.29019546509, 3.46649384499, 2.73100614548, 2.8985812664, 3.32434654236, 1.12981343269, 3.05617785454, 0.676046252251, 2.51664042473, 1.5633701086, 1.92078518867, 1.79942321777]
    dvar: [7466.31835938, 110.239501953, 60.9762077332, 20.2510986328, 40.592666626, 57.2352676392, 4.65818548203, 69.6958236694, 0.795819461346, 54.6477622986, 15.3794364929, 25.0112667084, 33.1746711731]
    dvar2: [18050.8027344, 250.882949829, 141.468093872, 50.3487510681, 71.0470199585, 90.0726699829, 3.17994785309, 95.8261489868, 0.790904283524, 71.671546936, 26.0004234314, 41.120426178, 32.104763031]
    kurt: [24.584815979, 20.2375888824, 9.836353302, 10.3268260956, 11.0544166565, 11.0221271515, 8.6575756073, 12.5871591568, 1.65563774109, 12.0414676666, 10.5303525925, 10.9069833755, 13.9842662811]
    max: [-667.31652832, 4.7872505188, -69.536026001, 62.0906448364, 65.7070465088, -25.4146690369, -6.83545684814, 77.1048583984, 0.131767272949, -11.9583511353, 32.7210960388, 45.174697876, 0.286056518555]
    mean: [-1056.29003906, -18.9467105865, -87.2707214355, 50.6452522278, 59.1870765686, -69.230796814, -26.5204906464, 72.6178894043, -5.72900342941, -62.291179657, 30.6646747589, 42.8757858276, -44.4784317017]
    median: [-1070.96569824, -18.6480903625, -86.2835083008, 51.2334899902, 61.3924751282, -71.6260375977, -27.0668106079, 75.996673584, -5.36923217773, -65.4612045288, 32.0519523621, 44.818031311, -46.5250816345]
    min: [-1071.57543945, -59.4573440552, -113.414131165, 27.858789444, 23.1933937073, -76.5834960938, -29.9051589966, 16.7395877838, -8.01368713379, -65.7976150513, 8.99899864197, 13.900680542, -47.7347831726]
    skew: [5.00809860229, -2.87095475197, -2.0538687706, -2.73792052269, -3.4351940155, 3.44288253784, 2.72385430336, -3.70604324341, 0.741795361042, 3.64331936836, -3.47598457336, -3.51619362831, 3.83410525322]
    var: [4441.77734375, 53.9047355652, 33.6466407776, 25.9246120453, 73.6122589111, 95.1323318481, 18.7618980408, 143.912811279, 2.65926074982, 120.037307739, 27.8783740997, 48.5398483276, 81.5494689941]

SpecContrastCoeff:
    dmean: [0.0255374591798, 0.01218232885, 0.00887102540582, 0.00985829439014, 0.0224022641778, 0.0098932525143]
    dmean2: [0.0384162962437, 0.0192002076656, 0.0098416544497, 0.0119049521163, 0.0154088707641, 0.0120800817385]
    dvar: [0.00116659933701, 0.000403114099754, 0.000177403228008, 0.000238631982938, 0.00478823157027, 0.000101870318758]
    dvar2: [0.00299913762137, 0.00110075122211, 0.00044437951874, 0.000661216618028, 0.00304958294146, 0.000215490581468]
    kurt: [3.30187225342, 8.06910896301, 5.69394779205, 4.57616615295, 18.1255989075, -0.564784765244]
    max: [-0.837126016617, -0.89905244112, -0.907553374767, -0.85136705637, -0.182529732585, -0.894084393978]
    mean: [-0.947822213173, -0.98544293642, -0.978823423386, -0.933383584023, -0.219286814332, -0.926943957806]
    median: [-0.961424767971, -0.993916869164, -0.985526263714, -0.938510000706, -0.19518725574, -0.933778822422]
    min: [-0.979719400406, -0.996698796749, -0.991161465645, -0.951535344124, -0.790169358253, -0.94158321619]
    skew: [2.04040598869, 2.68653821945, 2.36142539978, 2.08516311646, -4.25714874268, 0.937260210514]
    var: [0.0011766825337, 0.000356093340088, 0.000320661783917, 0.000465002085548, 0.011080076918, 0.0002387133718]

SpecPeakAmp:
    dmean: [2.44750754064e-05, 2.42750284087e-05, 2.54119877354e-05, 2.59454936895e-05, 2.58809068328e-05]
    dmean2: [3.10514951707e-05, 3.12312513415e-05, 3.34499418386e-05, 3.52084643964e-05, 2.54373135249e-05]
    dvar: [5.34839461608e-09, 5.31809218884e-09, 6.0955684944e-09, 6.76673694855e-09, 7.21395299053e-09]
    dvar2: [1.25778631954e-08, 1.24198509255e-08, 1.45581511291e-08, 1.64819589088e-08, 7.65458274543e-09]
    kurt: [18.1298046112, 18.448600769, 19.3539562225, 19.1775093079, 17.3592720032]
    max: [0.000346064800397, 0.000345969572663, 0.000385924155125, 0.000438022689195, 0.000718928873539]
    mean: [4.04083984904e-05, 3.06768633891e-05, 3.21509905916e-05, 3.48066314473e-05, 4.85567798023e-05]
    median: [2.9550106774e-05, 2.02830651688e-05, 2.00185986614e-05, 1.99909009098e-05, 1.99273672479e-05]
    min: [9.64510672929e-06, 1.71509714164e-06, 2.02900423574e-06, 2.5046808787e-06, 3.15410102303e-06]
    skew: [4.35855531693, 4.39380788803, 4.44671821594, 4.36716222763, 4.23048114777]
    var: [3.44574502265e-09, 3.59829521734e-09, 4.26501900463e-09, 5.40205613575e-09, 1.61979443192e-08]
