
metadata:
    version:
        essentia: "2.1-beta3"

Flux:
    dmean: 0.0172422528267
    dmean2: 0
    dvar: 0
    dvar2: 0
    kurt: -2
    max: 0.390559703112
    mean: 0.381938576698
    median: 0.381938576698
    min: 0.373317450285
    skew: 0
    var: 7.43238197174e-05

Rms:
    dmean: 0
    dmean2: 0
    dvar: 0
    dvar2: 0
    kurt: 0
    max: 0.133996188641
    mean: 0.133996188641
    median: 0.133996188641
    min: 0.133996188641
    skew: 0
    var: 0

RollOff:
    dmean: 861.328125
    dmean2: 0
    dvar: 0
    dvar2: 0
    kurt: -2
    max: 2562.45117188
    mean: 2131.78710938
    median: 2131.78710938
    min: 1701.12304688
    skew: 0
    var: 185471.53125

SpecCent:
    dmean: 64.5031738281
    dmean2: 0
    dvar: 0
    dvar2: 0
    kurt: -1.99999988079
    max: 2177.17700195
    mean: 2144.92529297
    median: 2144.92529297
    min: 2112.67382812
    skew: 1.13530204544e-05
    var: 1040.16479492

Zcr:
    dmean: 0.00048828125
    dmean2: 0
    dvar: 0
    dvar2: 0
    kurt: -2
    max: 0.0166015625
    mean: 0.016357421875
    median: 0.016357421875
    min: 0.01611328125
    skew: 0
    var: 5.96046447754e-08

HarmonicAmpFreq:
    dmean: [0]
    dmean2: [0]
    dvar: [0]
    dvar2: [0]
    kurt: [nan]
    max: [2288.33544922]
    mean: [2288.33544922]
    median: [2288.33544922]
    min: [2288.33544922]
    skew: [nan]
    var: [0]

HarmonicAmpMag:
    dmean: [0]
    dmean2: [0]
    dvar: [0]
    dvar2: [0]
    kurt: [nan]
    max: [0]
    mean: [0]
    median: [0]
    min: [0]
    skew: [nan]
    var: [0]

MfccCoeff:
    dmean: [302.759033203, 119.939758301, 44.1955108643, 60.62449646, 18.9336681366, 4.4709148407, 5.60570335388, 10.0556488037, 4.69431495667, 1.11135292053, 0.446338653564, 3.71514320374, 0.886775970459]
    dmean2: [0, 0, 0, 0, 0, 0, 0, 0, 0, 0, 0, 0, 0]
    dvar: [0, 0, 0, 0, 0, 0, 0, 0, 0, 0, 0, 0, 0]
    dvar2: [0, 0, 0, 0, 0, 0, 0, 0, 0, 0, 0, 0, 0]
    kurt: [-2, -2, -2, -2, -1.99999988079, -2, -2, -2, -2, -1.99999988079, -2, -2, -2]
    max: [-566.200561523, 182.857025146, -80.9422607422, -13.6109867096, 27.9504528046, -0.902627944946, -14.1175937653, 10.1036300659, 7.46639823914, -4.10317993164, -2.24647903442, 5.35810279846, 0.445823669434]
    mean: [-717.580078125, 122.887145996, -103.040016174, -43.9232330322, 18.4836196899, -3.1380853653, -16.9204444885, 5.07580566406, 5.1192407608, -4.65885639191, -2.46964836121, 3.50053119659, 0.0024356842041]
    median: [-717.580078125, 122.887145996, -103.040016174, -43.9232330322, 18.4836196899, -3.1380853653, -16.9204444885, 5.07580566406, 5.1192407608, -4.65885639191, -2.46964836121, 3.50053119659, 0.0024356842041]
    min: [-868.959594727, 62.9172706604, -125.137771606, -74.2354812622, 9.01678466797, -5.37354278564, -19.7232971191, 0.047981262207, 2.77208328247, -5.21453285217, -2.69281768799, 1.64295959473, -0.440952301025]
    skew: [0, 1.08670533905e-07, 0, -7.01254450064e-08, -3.23726538909e-07, 0, -9.96156472866e-07, 0, 0, 0, 0, 0, 0]
    var: [22915.7578125, 3596.38623047, 488.310791016, 918.832336426, 89.6209411621, 4.99727010727, 7.85597753525, 25.2790184021, 5.50914812088, 0.308776319027, 0.0498045496643, 3.45057225227, 0.196592912078]

SpecContrastCoeff:
    dmean: [0.0481587052345, 0.0765325427055, 0.128450930119, 0.0618240833282, 0.173425018787, 0.040009200573]
    dmean2: [0, 0, 0, 0, 0, 0]
    dvar: [0, 0, 0, 0, 0, 0]
    dvar2: [0, 0, 0, 0, 0, 0]
    kurt: [-2, -2, -2, -2, -2, -2]
    max: [-0.890538871288, -0.817610442638, -0.857149064541, -0.838248074055, -0.548838317394, -0.894358754158]
    mean: [-0.914618253708, -0.855876684189, -0.921374559402, -0.869160115719, -0.63555085659, -0.914363384247]
    median: [-0.914618253708, -0.855876684189, -0.921374559402, -0.869160115719, -0.63555085659, -0.914363384247]
    min: [-0.938697576523, -0.894142985344, -0.985599994659, -0.900072157383, -0.722263336182, -0.934367954731]
    skew: [3.7131337649e-06, -2.33729861066e-06, 1.42814303672e-06, 0, 1.02667434021e-06, 4.4875328058e-06]
    var: [0.000579815241508, 0.00146430754103, 0.00412491057068, 0.000955554307438, 0.00751905934885, 0.000400184042519]

SpecPeakAmp:
    dmean: [0.00286615965888, 0.000173694686964, 0.00010914215818, 0.000743364915252, 0.00185754848644]
    dmean2: [0, 0, 0, 0, 0]
    dvar: [0, 0, 0, 0, 0]
    dvar2: [0, 0, 0, 0, 0]
    kurt: [-1.99999988079, -2, -2, -2, -2]
    max: [0.00329114403576, 0.00372761138715, 0.00401528691873, 0.00468950951472, 0.00571719603613]
    mean: [0.00185806420632, 0.00364076392725, 0.00396071560681, 0.00431782705709, 0.00478842202574]
    median: [0.00185806420632, 0.00364076392725, 0.00396071560681, 0.00431782705709, 0.00478842202574]
    min: [0.000424984376878, 0.00355391670018, 0.00390614476055, 0.00394614459947, 0.00385964754969]
    skew: [0, 4.05514856539e-06, 1.28009151013e-05, 0, -7.27510098386e-07]
    var: [2.05371770789e-06, 7.54246087808e-09, 2.9780027333e-09, 1.38147854045e-07, 8.6262161858e-07]
