
metadata:
    version:
        essentia: "2.1-beta3"

Flux:
    dmean: 6.3242705437e-06
    dmean2: 9.26709890336e-06
    dvar: 5.14915998728e-10
    dvar2: 1.12047604528e-09
    kurt: 14.2784729004
    max: 0.000124152691569
    mean: 7.4867366493e-06
    median: 1.43999932334e-06
    min: 1.87988860034e-07
    skew: 3.88464665413
    var: 5.45877731906e-10

Rms:
    dmean: 1.79453775218e-06
    dmean2: 1.58508748882e-06
    dvar: 3.93372869001e-11
    dvar2: 2.99299404705e-11
    kurt: 20.525478363
    max: 0.000102156729554
    mean: 9.95099835563e-05
    median: 0.000101084980997
    min: 5.90874151385e-05
    skew: -4.57287073135
    var: 5.35997496387e-11

RollOff:
    dmean: 0
    dmean2: 0
    dvar: 0
    dvar2: 0
    kurt: 0
    max: 193.798828125
    mean: 193.798828125
    median: 193.798828125
    min: 193.798828125
    skew: 0
    var: 0

SpecCent:
    dmean: 3.44758439064
    dmean2: 2.86780810356
    dvar: 31.5599384308
    dvar2: 36.0078163147
    kurt: 10.1907653809
    max: 458.332763672
    mean: 422.871856689
    median: 422.281555176
    min: 414.62789917
    skew: 2.92125058174
    var: 58.6479721069

Zcr:
    dmean: 0.000306595204165
    dmean2: 0.000372023816453
    dvar: 6.76701290558e-07
    dvar2: 5.20087667155e-07
    kurt: 15.0588569641
    max: 0.00830078125
    mean: 0.00772372167557
    median: 0.0078125
    min: 0.00341796875
    skew: -3.96161007881
    var: 8.37420486732e-07

HarmonicAmpFreq:
    dmean: [0.0345292203128]
    dmean2: [0.0446457639337]
    dvar: [0.0197625420988]
    dvar2: [0.0223271008581]
    kurt: [36.3496131897]
    max: [174.218704224]
    mean: [174.053466797]
    median: [174.070159912]
    min: [173.19128418]
    skew: [-6.04545307159]
    var: [0.0178774874657]

HarmonicAmpMag:
    dmean: [3.71395799448e-06]
    dmean2: [3.74238470613e-06]
    dvar: [2.9373023458e-10]
    dvar2: [2.87747853323e-10]
    kurt: [23.7548294067]
    max: [0.000140866643051]
    mean: [0.00013715334353]
    median: [0.000140827236464]
    min: [3.75506933779e-05]
    skew: [-4.93693113327]
    var: [2.99782365598e-10]

MfccCoeff:
    dmean: [0.138055846095, 0.190239489079, 0.175566911697, 0.152048513293, 0.121010713279, 0.0842519327998, 0.0439733453095, 0.00250669964589, 0.0396398492157, 0.0778732299805, 0.111181214452, 0.137936264277, 0.156949415803]
    dmean2: [0.14137776196, 0.194779902697, 0.179716557264, 0.155577883124, 0.123758226633, 0.0860919058323, 0.0450334101915, 0.00286937900819, 0.0411211661994, 0.0802574157715, 0.114309221506, 0.141605019569, 0.160930454731]
    dvar: [0.490848273039, 0.93243843317, 0.794786572456, 0.596985816956, 0.379158318043, 0.184567347169, 0.0504169352353, 0.000154487192049, 0.0388448610902, 0.153024896979, 0.314282655716, 0.48600140214, 0.63150280714]
    dvar2: [0.498144090176, 0.946252167225, 0.806470572948, 0.6056407094, 0.384504854679, 0.187016308308, 0.0509478487074, 0.000140992720844, 0.0396184213459, 0.155692830682, 0.319473683834, 0.493748307228, 0.641271650791]
    kurt: [31.7996063232, 31.8095588684, 31.8289260864, 31.8668785095, 31.935295105, 32.0717811584, 32.4545288086, 38.7242546082, 30.8239364624, 31.3125076294, 31.49036026, 31.6003265381, 31.6894340515]
    max: [-1133.94116211, 6.17353439331, 5.70068359375, 4.94261550903, 3.94148254395, 2.7537612915, 1.44501113892, 0.0891189575195, -4.57763671875e-05, -2.28881835938e-05, -2.67028808594e-05, -3.0517578125e-05, -3.81469726562e-05]
    mean: [-1134.07800293, 5.98511791229, 5.52680826187, 4.79203939438, 3.82169961929, 2.67045879364, 1.40177571774, 0.0851671025157, -1.20860183239, -2.41160178185, -3.4627661705, -4.31120729446, -4.91912508011]
    median: [-1133.9432373, 6.17063522339, 5.69804382324, 4.94035720825, 3.93980407715, 2.7527923584, 1.44473648071, 0.0870819091797, -1.24686050415, -2.48714828491, -3.57086181641, -4.44546890259, -5.07201766968]
    min: [-1138.42004395, 1.14440917969e-05, -6.103515625e-05, 8.01086425781e-05, -6.103515625e-05, 2.28881835938e-05, -2.67028808594e-05, -5.34057617188e-05, -1.24794769287, -2.4888381958, -3.57299423218, -4.44792175293, -5.0746383667]
    skew: [-5.66954278946, -5.67063570023, -5.67246961594, -5.67606544495, -5.68255710602, -5.69552755356, -5.732006073, -6.36976528168, 5.57777070999, 5.62366724014, 5.64044189453, 5.65082931519, 5.65926074982]
    var: [0.483708888292, 0.91891348362, 0.783350884914, 0.588524460793, 0.373936921358, 0.182183280587, 0.0499056726694, 0.000169500926859, 0.0380705706775, 0.150377720594, 0.309154719114, 0.478370398283, 0.62190747261]

SpecContrastCoeff:
    dmean: [0.0203880704939, 0.0150200435892, 0.0129838651046, 0.0160844139755, 0.00959675852209, 0.00779212778434]
    dmean2: [0.0229373648763, 0.0243481509387, 0.0202486142516, 0.0264218710363, 0.0126926442608, 0.0106818135828]
    dvar: [0.00302484398708, 0.000176239947905, 0.000260075263213, 0.000230114645092, 0.000280775188003, 0.000121508441225]
    dvar2: [0.00272717769258, 0.000363491417374, 0.000312235206366, 0.000254190323176, 0.000274357153103, 0.000147326165461]
    kurt: [13.8844738007, 5.092710495, 10.7625465393, 12.7030506134, 12.6876335144, 10.6362895966]
    max: [-0.522516906261, -0.853125870228, -0.86510014534, -0.844148159027, -0.815914988518, -0.863760352135]
    mean: [-0.552363932133, -0.883205592632, -0.884870707989, -0.864021718502, -0.839747071266, -0.880553007126]
    median: [-0.536372303963, -0.879089951515, -0.882492303848, -0.861436724663, -0.835976004601, -0.880042910576]
    min: [-0.859872341156, -0.953152358532, -0.972553133965, -0.969800233841, -0.933887839317, -0.935734927654]
    skew: [-3.87852859497, -1.88283991814, -3.14257049561, -3.34819984436, -3.55927610397, -3.01832699776]
    var: [0.00434906361625, 0.000309615628794, 0.000413615896832, 0.000465507037006, 0.00041511451127, 0.0001638202084]

SpecPeakAmp:
    dmean: [3.04486945879e-07, 2.97689111903e-05, 2.6257996069e-05, 1.24302928839e-07, 1.19470698223e-07]
    dmean2: [3.92006342054e-07, 5.7223609474e-05, 5.3654279327e-05, 1.60729726417e-07, 1.69920838289e-07]
    dvar: [1.00953783094e-12, 3.08908920665e-09, 2.98503688434e-09, 1.34874262366e-13, 7.72562962497e-14]
    dvar2: [1.09513808612e-12, 9.33982402529e-09, 8.43367242709e-09, 1.57383803798e-13, 9.89261569797e-14]
    kurt: [19.8728733063, 3.79971504211, 6.09743404388, 30.8048400879, 16.8027076721]
    max: [2.0808643967e-05, 0.000140866643051, 0.000140846692375, 2.56275711763e-06, 1.66499773968e-06]
    mean: [1.67436392076e-05, 0.000124356069136, 1.31541537485e-05, 1.87206069313e-07, 1.62233106948e-07]
    median: [1.67628732015e-05, 0.000140822259709, 2.81071606878e-07, 1.02185005346e-07, 8.05688671335e-08]
    min: [1.15636175906e-05, 5.40424629492e-08, 2.18989711698e-07, 3.8404113667e-08, 4.2670986744e-08]
    skew: [-1.6476534605, -2.36273741722, 2.84530115128, 5.49414968491, 4.0658326149]
    var: [9.93344404128e-13, 1.84318560414e-09, 1.63054325597e-09, 1.46571611185e-13, 8.11412636842e-14]
