
metadata:
    version:
        essentia: "2.1-beta3"

Flux:
    dmean: 0.000163003205671
    dmean2: 0.00021357476362
    dvar: 2.84827450514e-07
    dvar2: 5.57806913548e-07
    kurt: 9.65227222443
    max: 0.00312033621594
    mean: 0.000211633334402
    median: 6.34912294117e-06
    min: 1.69170471054e-06
    skew: 3.30243992805
    var: 4.63734778577e-07

Rms:
    dmean: 6.83750331518e-05
    dmean2: 4.91638675157e-05
    dvar: 5.05665518347e-08
    dvar2: 2.25031566714e-08
    kurt: 20.4440994263
    max: 0.00225283717737
    mean: 0.00215974473394
    median: 0.00223814300261
    min: 0.000423699384555
    skew: -4.49148511887
    var: 9.60535331274e-08

RollOff:
    dmean: 8.31964683533
    dmean2: 8.01235485077
    dvar: 2639.08959961
    dvar2: 2372.81176758
    kurt: 39.7260856628
    max: 559.86328125
    mean: 202.412109375
    median: 193.798828125
    min: 193.798828125
    skew: 6.44867610931
    var: 2913.96386719

SpecCent:
    dmean: 23.2081375122
    dmean2: 19.4553852081
    dvar: 14991.8847656
    dvar2: 9826.13476562
    kurt: 37.5384521484
    max: 1156.27233887
    mean: 202.588775635
    median: 177.037002563
    min: 174.850402832
    skew: 6.21672821045
    var: 21300.4023438

Zcr:
    dmean: 0.00034401632729
    dmean2: 0.000374727474991
    dvar: 9.0576884304e-07
    dvar2: 5.52656615582e-07
    kurt: 18.02693367
    max: 0.00830078125
    mean: 0.00758463563398
    median: 0.0078125
    min: 0.00048828125
    skew: -4.20005989075
    var: 1.71237559243e-06

HarmonicAmpFreq:
    dmean: [0.0847639590502]
    dmean2: [0.126588687301]
    dvar: [0.105291001499]
    dvar2: [0.264556646347]
    kurt: [23.7553462982]
    max: [175.815109253]
    mean: [174.137512207]
    median: [174.068649292]
    min: [174.065734863]
    skew: [4.82096815109]
    var: [0.0824877172709]

HarmonicAmpMag:
    dmean: [0.000124274738482]
    dmean2: [9.5004812465e-05]
    dvar: [2.15218236121e-07]
    dvar2: [1.48882662643e-07]
    kurt: [15.4586143494]
    max: [0.00315451715142]
    mean: [0.00300199585035]
    median: [0.00315389456227]
    min: [0]
    skew: [-4.04580497742]
    var: [3.54784276624e-07]

MfccCoeff:
    dmean: [2.22346639633, 2.76333069801, 1.82884013653, 0.810980021954, 0.501110434532, 0.34103307128, 0.237831816077, 0.230828896165, 0.270272344351, 0.385473936796, 0.528969049454, 0.642203390598, 0.718973219395]
    dmean2: [3.11955499649, 3.83766627312, 2.4355802536, 0.925081849098, 0.31693392992, 0.498784989119, 0.430352509022, 0.327148616314, 0.296920597553, 0.354236155748, 0.424998313189, 0.455148905516, 0.466031730175]
    dvar: [105.476509094, 164.374649048, 75.5897521973, 19.5969200134, 4.59334897995, 3.02018594742, 1.56069910526, 0.772391915321, 1.50960934162, 3.19855427742, 4.88217449188, 6.3392701149, 7.63074159622]
    dvar2: [233.772964478, 356.321990967, 148.362060547, 25.5459384918, 1.89993906021, 4.62500762939, 3.53798794746, 1.92599964142, 1.94594800472, 2.5085041523, 2.58208560944, 2.86282515526, 3.90023136139]
    kurt: [22.7979011536, 21.054605484, 20.2861175537, 37.947517395, 28.4450283051, 18.470369339, 17.8757839203, 30.0555000305, 27.8837928772, 32.829624176, 30.3702392578, 26.7968254089, 24.2950973511]
    max: [-1078.83642578, 75.4868850708, 53.7775001526, 29.5546455383, 20.6590423584, 14.3379364014, 7.87118911743, 1.75485229492, -4.57763671875e-05, -2.28881835938e-05, -2.67028808594e-05, -3.0517578125e-05, -3.81469726562e-05]
    mean: [-1114.70495605, 32.5188674927, 29.6125221252, 25.1980056763, 19.7062587738, 13.4949207306, 6.84434127808, 0.0396898053586, -6.57073450089, -12.5986261368, -17.6925830841, -21.5967178345, -24.1574954987]
    median: [-1114.95959473, 32.3135185242, 29.7718238831, 25.7068061829, 20.3601226807, 14.0562896729, 7.16769790649, 0.0926361083984, -6.75991821289, -13.0087280273, -18.316778183, -22.4147109985, -25.1164512634]
    min: [-1138.42004395, 1.14440917969e-05, -6.103515625e-05, 8.01086425781e-05, -6.103515625e-05, 2.28881835938e-05, -1.17861557007, -4.09519958496, -7.8807144165, -13.0215911865, -18.3268947601, -22.421913147, -25.1206321716]
    skew: [2.75554585457, 1.91997027397, -1.41945195198, -6.21121644974, -5.35218667984, -4.49660158157, -4.42849063873, -4.83347988129, 5.20744991302, 5.73625040054, 5.46852064133, 5.12448406219, 4.89456319809]
    var: [41.2099838257, 64.6689682007, 32.5461196899, 14.7980833054, 10.4625587463, 6.99239110947, 2.59774136543, 0.449821561575, 1.17145311832, 3.96329951286, 8.10388469696, 12.8601074219, 16.9755725861]

SpecContrastCoeff:
    dmean: [0.0296571031213, 0.0123341819271, 0.0108675099909, 0.00880452431738, 0.00709771038964, 0.00741359870881]
    dmean2: [0.0288727972656, 0.0170827880502, 0.0163804870099, 0.0143972747028, 0.0114627573639, 0.0123639758676]
    dvar: [0.00489674694836, 0.000134694870212, 6.88127547619e-05, 4.90726888529e-05, 6.44793908577e-05, 5.42491688975e-05]
    dvar2: [0.00346662732773, 0.000272336037597, 0.000149599625729, 0.000105026309029, 0.000163223798154, 0.000127012928715]
    kurt: [15.0860977173, 3.88839960098, 3.50741386414, 4.38804578781, 6.92479038239, 7.97836780548]
    max: [-0.345417827368, -0.866269409657, -0.913891911507, -0.905285477638, -0.900722503662, -0.903670608997]
    mean: [-0.396198600531, -0.946115374565, -0.936240613461, -0.927619934082, -0.925392687321, -0.925491273403]
    median: [-0.364531040192, -0.950600504875, -0.93712836504, -0.925798416138, -0.924683094025, -0.925510585308]
    min: [-0.988191902637, -0.971123218536, -0.98699837923, -0.974630355835, -0.971048891544, -0.971504867077]
    skew: [-3.86489486694, 1.82893395424, -1.12832450867, -1.6244174242, -1.94856953621, -2.25635266304]
    var: [0.0130170704797, 0.000431960565038, 0.000165690813446, 0.000148443752551, 0.000123035613797, 0.000115648224892]

SpecPeakAmp:
    dmean: [0.000102481899376, 0.000429789535701, 0.00028809759533, 1.38795212479e-06, 1.25261612993e-06]
    dmean2: [0.000147581056808, 0.000803207571153, 0.000588629802223, 2.03543299904e-06, 1.74208298631e-06]
    dvar: [1.56143855179e-07, 1.15705233839e-06, 8.20779803234e-07, 2.23431828594e-11, 1.90639171116e-11]
    dvar2: [3.79649321758e-07, 1.86788770407e-06, 1.50313428549e-06, 5.67549097996e-11, 4.8926005608e-11]
    kurt: [27.2452869415, -1.13218355179, -0.214314460754, 34.8847579956, 35.5976524353]
    max: [0.00183288508561, 0.00315451482311, 0.00315451715142, 2.3645157853e-05, 2.18170880544e-05]
    mean: [7.53118947614e-05, 0.00224258704111, 0.000702537945472, 1.72205614035e-06, 1.51388860559e-06]
    median: [1.66590343724e-05, 0.0031534798909, 1.25775682136e-06, 1.14214412861e-06, 9.99681788016e-07]
    min: [4.77628418594e-06, 9.51232607349e-07, 5.33592753982e-07, 3.95644576656e-07, 3.06803428884e-07]
    skew: [5.2497177124, -0.93145775795, 1.33627963066, 5.93262815475, 6.00060653687]
    var: [8.52996606682e-08, 2.03593299375e-06, 1.71740009591e-06, 1.16524307564e-11, 9.89721152256e-12]
