
metadata:
    version:
        essentia: "2.1-beta3"

Flux:
    dmean: 0.00360495015047
    dmean2: 0.00494080549106
    dvar: 0.000142689386848
    dvar2: 0.000286461930955
    kurt: 9.24125385284
    max: 0.067992195487
    mean: 0.00464616902173
    median: 3.47908098774e-05
    min: 8.6215641204e-06
    skew: 3.25474905968
    var: 0.000230976074818

Rms:
    dmean: 0.00161629123613
    dmean2: 0.00116854917724
    dvar: 2.95739318972e-05
    dvar2: 1.3070726709e-05
    kurt: 21.7715950012
    max: 0.0504315160215
    mean: 0.0482678636909
    median: 0.050109885633
    min: 0.00592318084091
    skew: -4.61774301529
    var: 5.51050070499e-05

RollOff:
    dmean: 24.4695491791
    dmean2: 24.5378360748
    dvar: 24713.8886719
    dvar2: 24253.2363281
    kurt: 39.9883422852
    max: 1270.45898438
    mean: 218.203125
    median: 193.798828125
    min: 193.798828125
    skew: 6.47847604752
    var: 25174.6699219

SpecCent:
    dmean: 31.8067340851
    dmean2: 29.1941661835
    dvar: 33773.0898438
    dvar2: 27773.6855469
    kurt: 39.2715034485
    max: 1532.18017578
    mean: 207.644790649
    median: 174.676010132
    min: 172.536102295
    skew: 6.39858198166
    var: 40225.9414062

Zcr:
    dmean: 0.000332919036737
    dmean2: 0.000352016708348
    dvar: 8.10327208001e-07
    dvar2: 5.13715519901e-07
    kurt: 18.0653247833
    max: 0.00830078125
    mean: 0.00758463563398
    median: 0.0078125
    min: 0.00048828125
    skew: -4.19367027283
    var: 1.70177895598e-06

HarmonicAmpFreq:
    dmean: [0.0325577482581]
    dmean2: [0.0526296943426]
    dvar: [0.0194313991815]
    dvar2: [0.0485172718763]
    kurt: [19.3699092865]
    max: [174.94593811]
    mean: [174.106430054]
    median: [174.068634033]
    min: [174.067321777]
    skew: [4.46385765076]
    var: [0.0239162519574]

HarmonicAmpMag:
    dmean: [0.00278258719482]
    dmean2: [0.00208134367131]
    dvar: [0.000107015184767]
    dvar2: [7.5709867815e-05]
    kurt: [15.0401821136]
    max: [0.070627771318]
    mean: [0.0671703442931]
    median: [0.0706151276827]
    min: [0]
    skew: [-3.99742698669]
    var: [0.000180194954737]

MfccCoeff:
    dmean: [13.7667789459, 5.91497850418, 1.96724355221, 1.65286815166, 1.39638185501, 1.16152310371, 0.911986351013, 0.609666764736, 0.296842396259, 0.615762174129, 0.960316717625, 1.26666939259, 1.55455982685]
    dmean2: [20.220872879, 7.87778425217, 1.47930967808, 1.37490832806, 1.46629440784, 0.975476562977, 0.871952950954, 0.443150728941, 0.334814190865, 0.703040361404, 0.946473777294, 1.28334474564, 1.54528164864]
    dvar: [3625.32446289, 582.52911377, 43.4807624817, 36.0897789001, 27.9004096985, 18.0446605682, 10.3697290421, 3.24884176254, 1.01357316971, 3.99260497093, 11.5742397308, 21.8433818817, 30.4546508789]
    dvar2: [9020.98925781, 1264.50866699, 23.0838108063, 18.5200176239, 25.9094867706, 13.315943718, 9.47931289673, 1.90212655067, 1.09875786304, 4.71372365952, 11.1639223099, 21.9375858307, 30.7675266266]
    kurt: [36.9427337646, 15.426990509, 17.6949634552, 22.5033817291, 20.7488193512, 22.8760929108, 16.7895812988, 10.2430763245, 17.7720661163, 19.108297348, 20.452917099, 17.0805339813, 14.7331542969]
    max: [-821.341491699, 150.14440918, 90.4902954102, 71.8898468018, 53.1289863586, 35.5647888184, 20.3520393372, 6.78972053528, -4.23991394043, -1.58501434326, 0.551067352295, 1.6566696167, 1.70227813721]
    mean: [-1083.3170166, 69.6199569702, 62.2305603027, 54.3010139465, 43.7264938354, 31.77318573, 18.7620010376, 5.66433286667, -6.9869017601, -18.4424972534, -28.2662811279, -35.9727172852, -41.3362579346]
    median: [-1089.34191895, 67.7734146118, 62.9683570862, 55.2755584717, 45.1450080872, 33.1638793945, 20.0228767395, 6.46521759033, -6.75894165039, -18.9465560913, -29.4723110199, -37.8361167908, -43.6919059753]
    min: [-1130.61889648, 9.69065475464, 6.07952880859, 1.29433059692, -3.27493286133, -6.41553497314, -7.47714233398, -6.52701568604, -15.3630523682, -23.8831863403, -31.5547084808, -37.8426475525, -43.6956748962]
    skew: [6.09370565414, 1.85909044743, -3.1326084137, -4.25973272324, -4.57188367844, -4.82780313492, -4.15989255905, -3.38539814949, -4.1395072937, 4.21147680283, 4.57046699524, 4.20430231094, 3.92629384995]
    var: [1619.71557617, 260.70098877, 108.748603821, 84.6497039795, 72.1367416382, 44.6631736755, 25.1480026245, 8.15241241455, 2.56234645844, 9.65119361877, 27.2098522186, 51.5120697021, 73.204788208]

SpecContrastCoeff:
    dmean: [0.0323233045638, 0.0106639228761, 0.00641778111458, 0.00692976312712, 0.0104112150148, 0.0101566882804]
    dmean2: [0.0298244673759, 0.0153944240883, 0.00796240568161, 0.0091219143942, 0.0136294104159, 0.0126887708902]
    dvar: [0.00742569705471, 0.000676948344335, 6.59413126414e-05, 0.000152815002366, 0.000284499110421, 0.000261992885498]
    dvar2: [0.00617480138317, 0.00136822462082, 0.000100054137874, 0.000189253740245, 0.000424096360803, 0.000302753032884]
    kurt: [15.3101119995, 12.4367513657, 6.11459732056, 13.7418231964, 13.6615848541, 11.2965650558]
    max: [-0.145401954651, -0.803524971008, -0.914951682091, -0.892025411129, -0.862098932266, -0.854148328304]
    mean: [-0.207692056894, -0.949953556061, -0.961700677872, -0.962455511093, -0.954926550388, -0.944173753262]
    median: [-0.173266723752, -0.95973944664, -0.967497587204, -0.967802584171, -0.963067233562, -0.951502084732]
    min: [-0.931473851204, -0.982924640179, -0.968517363071, -0.969378888607, -0.965451002121, -0.959763765335]
    skew: [-3.94781494141, 3.614610672, 2.45467710495, 3.56978273392, 3.35034394264, 2.82515764236]
    var: [0.0198328010738, 0.000977345509455, 0.000133449953864, 0.000191790153622, 0.000319240789395, 0.000322724954458]

SpecPeakAmp:
    dmean: [0.00449699210003, 0.00322533748113, 4.97725668538e-05, 4.49381550425e-05, 3.68390901713e-05]
    dmean2: [0.00711846351624, 0.00651368824765, 7.03280020389e-05, 6.75273186062e-05, 5.57010062039e-05]
    dvar: [0.000215425752685, 0.000212920349441, 3.670527704e-08, 3.33554588394e-08, 2.28984617934e-08]
    dvar2: [0.000570164062083, 0.00041329965461, 9.37652018251e-08, 8.57747437522e-08, 5.8933977698e-08]
    kurt: [20.9211082458, 6.34909248352, 35.9685783386, 38.8787689209, 39.3876609802]
    max: [0.0692589581013, 0.070627771318, 0.000934208335821, 0.000889440707397, 0.00073736847844]
    mean: [0.00286364392377, 0.0643780007958, 4.40201001766e-05, 3.45013468177e-05, 2.77462022495e-05]
    median: [3.60126032319e-05, 0.0706151276827, 1.93388459593e-05, 1.18438429126e-05, 9.71642839431e-06]
    min: [1.08626982183e-05, 2.08663823287e-05, 9.6634912552e-06, 6.08094342169e-06, 2.93866537504e-06]
    skew: [4.5879368782, -2.88940310478, 6.05421924591, 6.35495519638, 6.4102973938]
    var: [0.000140445510624, 0.000398909556679, 1.89381701432e-08, 1.68377791709e-08, 1.15301483916e-08]
