
metadata:
    version:
        essentia: "2.1-beta3"

Flux:
    dmean: 0.000124723985209
    dmean2: 0.000165663805092
    dvar: 1.66911704014e-07
    dvar2: 3.2990061527e-07
    kurt: 9.54495620728
    max: 0.00236986856908
    mean: 0.0001629844337
    median: 6.16709530732e-06
    min: 4.09283302361e-06
    skew: 3.29032540321
    var: 2.70579192829e-07

Rms:
    dmean: 5.00817004649e-05
    dmean2: 3.78340519092e-05
    dvar: 3.02834131105e-08
    dvar2: 1.34478428393e-08
    kurt: 20.8632392883
    max: 0.00171566044446
    mean: 0.00165269919671
    median: 0.00171316449996
    min: 0.000310084229568
    skew: -4.53356122971
    var: 5.67814666397e-08

RollOff:
    dmean: 4.89390993118
    dmean2: 5.0077214241
    dvar: 1029.86523438
    dvar2: 1053.24560547
    kurt: 40.0227241516
    max: 1550.390625
    mean: 1339.84375
    median: 1335.05859375
    min: 1335.05859375
    skew: 6.48249387741
    var: 1007.49975586

SpecCent:
    dmean: 4.5691447258
    dmean2: 5.79398775101
    dvar: 59.6916885376
    dvar2: 45.5998573303
    kurt: 33.3264961243
    max: 1380.29992676
    mean: 1319.07531738
    median: 1317.69494629
    min: 1312.57763672
    skew: 5.68226528168
    var: 92.7443008423

Zcr:
    dmean: 0.00224165478721
    dmean2: 0.00190770346671
    dvar: 5.37451487617e-05
    dvar2: 3.61599231837e-05
    kurt: 17.8545646667
    max: 0.06005859375
    mean: 0.0572699643672
    median: 0.0595703125
    min: 0.00244140625
    skew: -4.23946428299
    var: 0.00010308817582

HarmonicAmpFreq:
    dmean: [0.905076444149]
    dmean2: [0.926124751568]
    dvar: [35.2240257263]
    dvar2: [36.0236968994]
    kurt: [40.021987915]
    max: [1319.53149414]
    mean: [1318.6463623]
    median: [1319.53149414]
    min: [1279.70812988]
    skew: [-6.48240756989]
    var: [34.4590682983]

HarmonicAmpMag:
    dmean: [5.83880215288e-08]
    dmean2: [5.9745879355e-08]
    dvar: [1.46593932197e-13]
    dvar2: [1.49921958528e-13]
    kurt: [40.022731781]
    max: [2.56907287621e-06]
    mean: [5.70905100972e-08]
    median: [0]
    min: [0]
    skew: [6.48249387741]
    var: [1.43410335148e-13]

MfccCoeff:
    dmean: [1.00825643539, 0.604092657566, 0.871621072292, 1.26674008369, 0.22019161284, 0.923111498356, 0.864805221558, 0.277071684599, 0.763733625412, 0.398946076632, 0.494409918785, 0.64363694191, 0.0436675325036]
    dmean2: [1.27097332478, 0.777311086655, 1.0625795126, 1.58501875401, 0.336607098579, 1.06307435036, 1.05697202682, 0.207553952932, 0.80021828413, 0.469094395638, 0.418858915567, 0.580183267593, 0.0630734488368]
    dvar: [20.4237670898, 7.21818256378, 15.7756280899, 32.4647903442, 1.01792299747, 19.0358028412, 15.5195770264, 1.17159962654, 15.1068725586, 3.48001241684, 4.39679861069, 8.40312862396, 0.0411317385733]
    dvar2: [36.3783454895, 13.5515375137, 25.7025775909, 56.710811615, 2.60125136375, 26.5251293182, 25.4541816711, 0.574951887131, 16.3793373108, 5.13134145737, 2.67612957954, 6.09479618073, 0.0959026888013]
    kurt: [21.0038032532, 18.9121780396, 24.843296051, 21.8692245483, 39.9717941284, 29.8285217285, 24.6536216736, 26.0390453339, 32.7402305603, 28.6520881653, 29.6934432983, 31.4341011047, 29.0979652405]
    max: [-1110.0411377, 16.6548881531, -6.103515625e-05, 8.01086425781e-05, -6.103515625e-05, 28.222366333, 25.1128768921, -5.34057617188e-05, -4.57763671875e-05, -2.28881835938e-05, 16.5022239685, 21.5728931427, 1.12756347656]
    mean: [-1120.63928223, 9.67032337189, -17.6205272675, -23.0824661255, -0.220531210303, 22.5508575439, 17.3517780304, -8.88686180115, -23.6252326965, -9.20341014862, 15.9351959229, 20.8680877686, 0.348720282316]
    median: [-1120.34020996, 9.80433273315, -17.9827919006, -23.4922294617, -0.116806030273, 23.1128997803, 17.7034645081, -9.23024749756, -24.3174057007, -9.4186706543, 16.5016136169, 21.5721073151, 0.338768005371]
    min: [-1138.42004395, 1.14440917969e-05, -25.3333702087, -35.9259109497, -4.90173339844, 2.28881835938e-05, -2.67028808594e-05, -9.23059844971, -25.1375045776, -12.0416564941, -2.67028808594e-05, -3.0517578125e-05, -3.81469726562e-05]
    skew: [-3.10654377937, -2.11461734772, 4.26961421967, 3.41235113144, -6.47635746002, -5.29979372025, -4.21014070511, 5.03926467896, 5.74688243866, 5.06257772446, -5.40694189072, -5.59246349335, 4.60058784485]
    var: [10.2462930679, 3.37007570267, 8.96592330933, 16.7350788116, 0.498333573341, 13.3090686798, 8.73697376251, 2.20553994179, 13.9695587158, 2.26232361794, 6.65011644363, 11.1029539108, 0.0162785258144]

SpecContrastCoeff:
    dmean: [0.0388619452715, 0.0207111760974, 0.0113158849999, 0.0229556187987, 0.00838079489768, 0.00547351734713]
    dmean2: [0.062262672931, 0.031727347523, 0.0175249762833, 0.0276937242597, 0.0128543460742, 0.00836751051247]
    dvar: [0.0010776873678, 0.000165321151144, 0.000102367135696, 0.00194135634229, 3.5049233702e-05, 3.01811833197e-05]
    dvar2: [0.00295253959484, 0.000470614322694, 0.000141809287015, 0.00181450613309, 9.11061360966e-05, 5.35233884875e-05]
    kurt: [6.70627307892, -0.561311721802, 6.86445617676, 17.1855201721, -0.46849155426, 7.19786453247]
    max: [-0.708663344383, -0.913316726685, -0.871523857117, -0.461427718401, -0.914899945259, -0.913624644279]
    mean: [-0.803655922413, -0.949910402298, -0.943683981895, -0.506710350513, -0.929849267006, -0.922157347202]
    median: [-0.805970668793, -0.952591359615, -0.949862599373, -0.491319328547, -0.930264174938, -0.920422434807]
    min: [-0.988853275776, -0.984757423401, -0.959419608116, -0.867634415627, -0.944062113762, -0.955970704556]
    skew: [-1.7551099062, 0.386180877686, 2.56819295883, -4.15574264526, 0.196078017354, -2.67728590965]
    var: [0.00184853305109, 0.000301125197439, 0.000307770329528, 0.00463922601193, 5.04472045577e-05, 7.40793038858e-05]

SpecPeakAmp:
    dmean: [1.75988122919e-06, 1.30398632336e-06, 1.38040365982e-06, 1.3926731981e-06, 1.4237899677e-06]
    dmean2: [2.7830531053e-06, 2.03469994631e-06, 2.14191231862e-06, 2.12663849197e-06, 2.17927663471e-06]
    dvar: [2.65872723143e-11, 2.47503684214e-11, 2.69731910418e-11, 2.87557495177e-11, 2.91983902334e-11]
    dvar2: [6.34583011139e-11, 6.49600442881e-11, 6.93151994136e-11, 7.42305938939e-11, 7.4809068662e-11]
    kurt: [30.3398170471, 39.2448539734, 39.7965202332, 39.8503990173, 39.7854728699]
    max: [2.95682802971e-05, 2.55349132203e-05, 2.57099018199e-05, 2.63180409092e-05, 2.66218758043e-05]
    mean: [8.62276374392e-06, 1.14572071652e-06, 1.16617798085e-06, 1.15245825327e-06, 1.12489169624e-06]
    median: [8.35099217511e-06, 5.76526929308e-07, 6.61779495204e-07, 6.17724992935e-07, 5.58091073799e-07]
    min: [8.67124128945e-07, 1.79287098945e-07, 1.75219327048e-07, 2.39366471533e-07, 1.76634330273e-07]
    skew: [5.00139188766, 6.39356851578, 6.45565700531, 6.46204471588, 6.4543390274]
    var: [1.14336951365e-11, 1.36429912506e-11, 1.37269796224e-11, 1.44222932208e-11, 1.48158933039e-11]
