
metadata:
    version:
        essentia: "2.1-beta3"

Flux:
    dmean: 0.032657597214
    dmean2: 0.0435958132148
    dvar: 0.0116698946804
    dvar2: 0.0226136501878
    kurt: 9.30590438843
    max: 0.637597858906
    mean: 0.0428601279855
    median: 0.000320720602758
    min: 6.57386772218e-05
    skew: 3.25679683685
    var: 0.0196571778506

Rms:
    dmean: 0.0141119845212
    dmean2: 0.0102670695633
    dvar: 0.00222562951967
    dvar2: 0.00101937737782
    kurt: 21.3812980652
    max: 0.464618444443
    mean: 0.445445626974
    median: 0.461312741041
    min: 0.0800967440009
    skew: -4.58170366287
    var: 0.00414545787498

RollOff:
    dmean: 7.34086465836
    dmean2: 7.51158237457
    dvar: 2317.19702148
    dvar2: 2369.80249023
    kurt: 40.0227279663
    max: 516.796875
    mean: 200.9765625
    median: 193.798828125
    min: 193.798828125
    skew: 6.48249435425
    var: 2266.87426758

SpecCent:
    dmean: 2.74993228912
    dmean2: 2.40590071678
    dvar: 126.995475769
    dvar2: 114.789581299
    kurt: 38.6552963257
    max: 254.331451416
    mean: 176.496078491
    median: 174.858352661
    min: 172.557022095
    skew: 6.31999063492
    var: 139.935638428

Zcr:
    dmean: 0.00034401632729
    dmean2: 0.000386082858313
    dvar: 8.19071146907e-07
    dvar2: 5.27383463123e-07
    kurt: 17.7780532837
    max: 0.00830078125
    mean: 0.00762803805992
    median: 0.0078125
    min: 0.0009765625
    skew: -4.1474032402
    var: 1.50774724261e-06

HarmonicAmpFreq:
    dmean: [0.0733493492007]
    dmean2: [0.105435751379]
    dvar: [0.106504112482]
    dvar2: [0.24758887291]
    kurt: [28.5604248047]
    max: [174.628387451]
    mean: [174.053619385]
    median: [174.068695068]
    min: [172.805511475]
    skew: [-4.4873919487]
    var: [0.0422552749515]

HarmonicAmpMag:
    dmean: [0.0254428144544]
    dmean2: [0.019259635359]
    dvar: [0.00897684600204]
    dvar2: [0.00622659502551]
    kurt: [15.4483623505]
    max: [0.650720715523]
    mean: [0.619314432144]
    median: [0.65059030056]
    min: [0]
    skew: [-4.03973245621]
    var: [0.0150059079751]

MfccCoeff:
    dmean: [25.5133056641, 10.4113702774, 6.99393749237, 9.95467472076, 7.53774595261, 4.19786024094, 3.00707530975, 2.61935353279, 2.0799202919, 1.86729574203, 2.29860138893, 2.57278466225, 2.52701973915]
    dmean2: [31.9596881866, 11.5605478287, 7.33322143555, 8.43541908264, 7.61222219467, 4.75270748138, 3.57739758492, 2.55432987213, 2.42785763741, 2.43191337585, 2.58629703522, 2.59355950356, 2.59461665154]
    dvar: [4783.63330078, 305.577819824, 145.605255127, 84.9047851562, 44.2971153259, 19.3818721771, 8.11576461792, 2.76821565628, 1.5281637907, 4.77706336975, 13.2391290665, 26.0702228546, 36.5297393799]
    dvar2: [11911.6035156, 823.574645996, 291.906158447, 179.989608765, 88.6440505981, 27.300031662, 9.27946949005, 5.49949789047, 5.13264608383, 5.17229604721, 9.12574481964, 22.6741333008, 35.8108139038]
    kurt: [19.4136390686, 5.1202249527, 8.58635902405, 2.44137859344, 1.14356184006, 5.40044116974, 4.76212358475, 0.145993709564, -0.122515916824, 10.1286773682, 14.8322715759, 14.3004455566, 13.6395454407]
    max: [-718.860839844, 204.52166748, 132.056640625, 92.803817749, 67.3648834229, 46.1495056152, 25.7704849243, 8.32332038879, -4.99508666992, -2.62835693359, 1.98308181763, 4.19985961914, 4.00015258789]
    mean: [-1021.59515381, 136.571716309, 98.8776168823, 68.5667648315, 48.0105743408, 33.3000717163, 18.5136547089, 4.20922136307, -8.54641819, -19.6412220001, -29.6362285614, -37.7295303345, -43.4098892212]
    median: [-1028.35217285, 138.854309082, 102.259033203, 67.01612854, 45.3873939514, 33.1853637695, 20.8093605042, 5.7982711792, -8.16321563721, -20.2556381226, -30.6189479828, -39.2364463806, -45.6934165955]
    min: [-1054.21643066, 114.352546692, 40.4821205139, 11.8593330383, 9.23648071289, 0.855278015137, -4.84763717651, -6.72312927246, -15.6124267578, -23.5968704224, -34.450553894, -42.8510093689, -48.1715354919]
    skew: [4.39813661575, 1.73340594769, -2.20138883591, -0.927750587463, -0.455210030079, -1.48463845253, -1.97685420513, -0.889635562897, -0.472535967827, 2.9985935688, 3.78472852707, 3.8066239357, 3.77089047432]
    var: [3095.02783203, 278.881500244, 167.228408813, 222.790145874, 137.30519104, 59.4019470215, 33.0409240723, 13.6921319962, 5.98173284531, 13.6310768127, 38.0624656677, 69.2800445557, 91.9480361938]

SpecContrastCoeff:
    dmean: [0.034367993474, 0.0159672796726, 0.00983604229987, 0.00556358275935, 0.00304270884953, 0.00659585790709]
    dmean2: [0.0253070611507, 0.0256365537643, 0.015237855725, 0.00944037083536, 0.00533435354009, 0.0108260875568]
    dvar: [0.0113948881626, 0.00187329680193, 0.000430247862823, 0.000106602281448, 2.71072731266e-05, 8.97825448192e-05]
    dvar2: [0.00526195438579, 0.00475889351219, 0.00112998334225, 0.000283056957414, 7.46419609641e-05, 0.000236218169448]
    kurt: [21.8210220337, 10.9991369247, 16.3268699646, 9.82987689972, 8.99374389648, 4.76349592209]
    max: [-0.014205547981, -0.76108777523, -0.864146769047, -0.917112350464, -0.936265826225, -0.920877993107]
    mean: [-0.0703798085451, -0.936286151409, -0.954168617725, -0.959203958511, -0.958756029606, -0.953711271286]
    median: [-0.0336879044771, -0.950271189213, -0.960699737072, -0.962588191032, -0.960106134415, -0.957673728466]
    min: [-0.983645558357, -0.950521349907, -0.960943818092, -0.963731050491, -0.962087869644, -0.959599137306]
    skew: [-4.61845016479, 3.51144313812, 3.95922613144, 3.14462995529, 2.88987278938, 2.33526062965]
    var: [0.0255241524428, 0.00165576057043, 0.000293605640763, 8.90572482604e-05, 2.32225793297e-05, 7.69624311943e-05]

SpecPeakAmp:
    dmean: [0.0757968649268, 0.0633342713118, 0.000266753166215, 0.000207798686461, 0.00017559985281]
    dmean2: [0.131286382675, 0.125039353967, 0.0003403473238, 0.000288681039819, 0.000249009171966]
    dvar: [0.0383201651275, 0.0351018384099, 6.43742680495e-07, 4.45003564664e-07, 3.47891614183e-07]
    dvar2: [0.0866688415408, 0.0832021534443, 1.25695248698e-06, 9.85568362921e-07, 8.11794677702e-07]
    kurt: [7.75144863129, 2.95463466644, 17.9161720276, 18.4295158386, 21.5492897034]
    max: [0.650498330593, 0.650720715523, 0.00379029475152, 0.00294478586875, 0.00270284875296]
    mean: [0.0518220104277, 0.568052172661, 0.000319017941365, 0.000185144046554, 0.000148273305967]
    median: [0.000270610471489, 0.65059030056, 0.000185213328223, 6.71591915307e-05, 4.88177101943e-05]
    min: [2.20443853323e-05, 0.000141250711749, 5.38407221029e-05, 1.78944883373e-05, 1.73994449142e-05]
    skew: [3.08041644096, -2.20954275131, 4.42210578918, 4.48133945465, 4.74775600433]
    var: [0.0282663851976, 0.0449241735041, 4.77771038732e-07, 2.90778132239e-07, 2.10542651757e-07]
