
metadata:
    version:
        essentia: "2.1-beta3"

Flux:
    dmean: 0.0255284011364
    dmean2: 0
    dvar: 0
    dvar2: 0
    kurt: -2
    max: 0.381845086813
    mean: 0.369080901146
    median: 0.369080901146
    min: 0.356316685677
    skew: -3.44405316355e-06
    var: 0.000162924814504

Rms:
    dmean: 0
    dmean2: 0
    dvar: 0
    dvar2: 0
    kurt: 0
    max: 0.131427526474
    mean: 0.131427526474
    median: 0.131427526474
    min: 0.131427526474
    skew: 0
    var: 0

RollOff:
    dmean: 21.533203125
    dmean2: 0
    dvar: 0
    dvar2: 0
    kurt: -2
    max: 322.998046875
    mean: 312.231445312
    median: 312.231445312
    min: 301.46484375
    skew: 0
    var: 115.919708252

SpecCent:
    dmean: 558.143066406
    dmean2: 0
    dvar: 0
    dvar2: 0
    kurt: -2
    max: 788.739440918
    mean: 509.667907715
    median: 509.667907715
    min: 230.596389771
    skew: 0
    var: 77880.921875

Zcr:
    dmean: 0
    dmean2: 0
    dvar: 0
    dvar2: 0
    kurt: 0
    max: 0.0029296875
    mean: 0.0029296875
    median: 0.0029296875
    min: 0.0029296875
    skew: 0
    var: 0

HarmonicAmpFreq:
    dmean: [21.9269256592]
    dmean2: [0]
    dvar: [0]
    dvar2: [0]
    kurt: [-2]
    max: [266.055725098]
    mean: [255.092254639]
    median: [255.092254639]
    min: [244.128799438]
    skew: [2.13056432585e-06]
    var: [120.197517395]

HarmonicAmpMag:
    dmean: [0.141414746642]
    dmean2: [0]
    dvar: [0]
    dvar2: [0]
    kurt: [-2]
    max: [0.153754472733]
    mean: [0.0830470994115]
    median: [0.0830470994115]
    min: [0.0123397214338]
    skew: [-1.64659184065e-07]
    var: [0.00499953329563]

MfccCoeff:
    dmean: [424.770446777, 26.1755371094, 46.9767837524, 1.94424438477, 0.525177001953, 16.994184494, 21.5108604431, 20.9362335205, 16.2337417603, 12.1703281403, 4.43958854675, 0.591226577759, 2.98422050476]
    dmean2: [0, 0, 0, 0, 0, 0, 0, 0, 0, 0, 0, 0, 0]
    dvar: [0, 0, 0, 0, 0, 0, 0, 0, 0, 0, 0, 0, 0]
    dvar2: [0, 0, 0, 0, 0, 0, 0, 0, 0, 0, 0, 0, 0]
    kurt: [-2, -2, -1.99999976158, -2, -2, -2, -1.99999988079, -2, -1.99999988079, -2, -1.99999988079, -2, -2]
    max: [-562.944335938, 162.444641113, 72.6607971191, 22.8926582336, 3.26501464844, -0.252405166626, -8.11053085327, -9.95584106445, -13.5135040283, -13.4304485321, -14.1096878052, -12.4214076996, -8.29700088501]
    mean: [-775.329589844, 149.356872559, 49.1724052429, 21.9205360413, 3.00242614746, -8.74949741364, -18.8659610748, -20.4239578247, -21.6303749084, -19.5156135559, -16.3294830322, -12.7170209885, -9.78911113739]
    median: [-775.329589844, 149.356872559, 49.1724052429, 21.9205360413, 3.00242614746, -8.74949741364, -18.8659610748, -20.4239578247, -21.6303749084, -19.5156135559, -16.3294830322, -12.7170209885, -9.78911113739]
    min: [-987.714782715, 136.269104004, 25.684015274, 20.9484138489, 2.73983764648, -17.2465896606, -29.6213912964, -30.892074585, -29.7472457886, -25.6007766724, -18.5492763519, -13.0126342773, -11.2812213898]
    skew: [4.69720617957e-07, 0, 1.13039845928e-07, 0, 0, 0, 0, 0, 0, 4.74025029007e-07, 1.26424129121e-06, 0, 0]
    var: [45107.484375, 171.28968811, 551.704467773, 0.945021569729, 0.0689527243376, 72.2005767822, 115.679275513, 109.581466675, 65.8835906982, 37.0292205811, 4.92748641968, 0.0873872190714, 2.22639298439]

SpecContrastCoeff:
    dmean: [0.144762545824, 0.127419352531, 0.0520470738411, 0.0127112269402, 0.0273980498314, 0.0256193876266]
    dmean2: [0, 0, 0, 0, 0, 0]
    dvar: [0, 0, 0, 0, 0, 0]
    dvar2: [0, 0, 0, 0, 0, 0]
    kurt: [-2, -1.99999988079, -2, -2, -2, -2]
    max: [-0.427526563406, -0.64044123888, -0.865133166313, -0.927996575832, -0.927515387535, -0.933147311211]
    mean: [-0.499907851219, -0.704150915146, -0.891156673431, -0.9343521595, -0.941214442253, -0.945957005024]
    median: [-0.499907851219, -0.704150915146, -0.891156673431, -0.9343521595, -0.941214442253, -0.945957005024]
    min: [-0.57228910923, -0.767860591412, -0.917180240154, -0.940707802773, -0.954913437366, -0.958766698837]
    skew: [5.75615786147e-07, 0, -3.4576098642e-06, -1.41152295328e-05, 6.54489849694e-06, 0]
    var: [0.00523904897273, 0.00405892264098, 0.000677224481478, 4.03938247473e-05, 0.000187663288671, 0.000164088254678]
