
metadata:
    version:
        essentia: "2.1-beta3"

Flux:
    dmean: 6.35080368738e-06
    dmean2: 9.30043916014e-06
    dvar: 5.3376292275e-10
    dvar2: 1.1391840804e-09
    kurt: 13.6018600464
    max: 0.000123696532683
    mean: 7.89459954831e-06
    median: 1.87194689261e-06
    min: 4.79546997667e-07
    skew: 3.82143259048
    var: 5.62219215627e-10

Rms:
    dmean: 2.01242232833e-06
    dmean2: 1.91386197912e-06
    dvar: 4.25473545285e-11
    dvar2: 3.12670792035e-11
    kurt: 19.698223114
    max: 0.000102010279079
    mean: 9.94944639388e-05
    median: 0.000101171819551
    min: 5.83175933571e-05
    skew: -4.50695610046
    var: 5.74778211138e-11

RollOff:
    dmean: 0.500772178173
    dmean2: 0.5126953125
    dvar: 10.5324554443
    dvar2: 10.7771167755
    kurt: 39.023349762
    max: 387.59765625
    mean: 366.553833008
    median: 366.064453125
    min: 366.064453125
    skew: 6.40495061874
    var: 10.2986516953

SpecCent:
    dmean: 7.02072763443
    dmean2: 7.76176834106
    dvar: 143.730575562
    dvar2: 135.051620483
    kurt: 14.7040729523
    max: 682.95703125
    mean: 610.596862793
    median: 608.38104248
    min: 599.499755859
    skew: 3.80846905708
    var: 212.400085449

Zcr:
    dmean: 0.000556413491722
    dmean2: 0.000767299090512
    dvar: 2.62350681624e-06
    dvar2: 2.53340158451e-06
    kurt: 16.3412590027
    max: 0.01611328125
    mean: 0.0154585400596
    median: 0.015625
    min: 0.0078125
    skew: -4.2259683609
    var: 2.66533652393e-06

HarmonicAmpFreq:
    dmean: [0.477240979671]
    dmean2: [0.926210701466]
    dvar: [0.306183248758]
    dvar2: [0.645457267761]
    kurt: [-1.0633790493]
    max: [349.990081787]
    mean: [348.657043457]
    median: [348.272247314]
    min: [348.259918213]
    skew: [0.853951215744]
    var: [0.310693740845]

HarmonicAmpMag:
    dmean: [5.9321137087e-05]
    dmean2: [0.000117058363685]
    dvar: [4.53249704435e-09]
    dvar2: [9.40445588071e-09]
    kurt: [-1.37775957584]
    max: [0.000139346608194]
    mean: [9.44535640883e-05]
    median: [0.00013928640692]
    min: [0]
    skew: [-0.757191419601]
    var: [4.03398869864e-09]

MfccCoeff:
    dmean: [0.114618346095, 0.14829698205, 0.109313964844, 0.0519231744111, 0.0141448974609, 0.0769536197186, 0.126196220517, 0.153405830264, 0.154159903526, 0.128680035472, 0.0817823186517, 0.02215593867, 0.0410450771451]
    dmean2: [0.117986768484, 0.152662009001, 0.112604774535, 0.0535924993455, 0.0144733246416, 0.0789729505777, 0.129674270749, 0.157762080431, 0.15867832303, 0.132639572024, 0.0845327824354, 0.0232772827148, 0.0419963672757]
    dvar: [0.307052671909, 0.513181805611, 0.27693259716, 0.060868896544, 0.0056669563055, 0.14413510263, 0.380693733692, 0.556473910809, 0.555496811867, 0.380457013845, 0.148166120052, 0.00929740723222, 0.0477280579507]
    dvar2: [0.312237679958, 0.521915555, 0.281754344702, 0.0620181001723, 0.00570020172745, 0.146251320839, 0.386663287878, 0.565533518791, 0.564900577068, 0.387268841267, 0.151139721274, 0.00958230067044, 0.0480083785951]
    kurt: [27.587562561, 27.4949016571, 27.1531524658, 25.8090000153, 35.3083953857, 29.4960899353, 28.6622123718, 28.1432933807, 27.5794887543, 26.7119407654, 24.7726707458, 17.0422344208, 35.3089332581]
    max: [-1135.00280762, 4.41398239136, 3.23126220703, 1.49336624146, -6.103515625e-05, 2.28881835938e-05, -2.67028808594e-05, -5.34057617188e-05, -4.57763671875e-05, -2.28881835938e-05, -2.67028808594e-05, 0.000221252441406, 1.43672943115]
    mean: [-1135.11523438, 4.26821279526, 3.12376952171, 1.44221806526, -0.481101632118, -2.30830693245, -3.72093820572, -4.47505521774, -4.44475412369, -3.64354777336, -2.22100543976, -0.434802830219, 1.39599108696]
    median: [-1135.00402832, 4.41231918335, 3.2299041748, 1.49249649048, -0.494888305664, -2.38336181641, -3.84380722046, -4.62431335449, -4.594581604, -3.76839828491, -2.30000305176, -0.455451965332, 1.43600463867]
    min: [-1138.42004395, 1.14440917969e-05, -6.103515625e-05, 8.01086425781e-05, -0.495147705078, -2.38397979736, -3.84487533569, -4.62567138672, -4.59625244141, -3.77017974854, -2.30170059204, -0.461563110352, -3.81469726562e-05]
    skew: [-5.28032255173, -5.27154159546, -5.24067735672, -5.12021446228, 6.01106548309, 5.45430374146, 5.37770700455, 5.33035850525, 5.27919054031, 5.20097923279, 5.02826976776, 4.36337709427, -6.01112174988]
    var: [0.301949411631, 0.504575490952, 0.272170633078, 0.0597230754793, 0.00564047833905, 0.142090260983, 0.374872595072, 0.547595977783, 0.546240329742, 0.373705357313, 0.145188719034, 0.00900771934539, 0.0475048869848]

SpecContrastCoeff:
    dmean: [0.0224065557122, 0.0198603719473, 0.0108453594148, 0.0164529420435, 0.0111586656421, 0.0119648836553]
    dmean2: [0.0293097384274, 0.0261305123568, 0.0169277824461, 0.0270253326744, 0.0174834355712, 0.0196819994599]
    dvar: [0.00121738528833, 0.00182417361066, 0.000144116595038, 0.000182563962881, 0.000179916183697, 0.00015184302174]
    dvar2: [0.00114178238437, 0.00180724530946, 0.000207534030778, 0.000355276657501, 0.000221515583689, 0.000139332129038]
    kurt: [12.1067886353, 20.6192436218, 8.85222053528, 7.45627307892, 13.3906612396, 11.2303419113]
    max: [-0.622885584831, -0.499637573957, -0.871496856213, -0.849453747272, -0.860049903393, -0.842887997627]
    mean: [-0.671954274178, -0.554909467697, -0.89534085989, -0.879552662373, -0.876900136471, -0.863447010517]
    median: [-0.666392683983, -0.547417879105, -0.894605875015, -0.876553416252, -0.872171998024, -0.862041771412]
    min: [-0.861776530743, -0.821519374847, -0.965151011944, -0.965975880623, -0.963438212872, -0.938384473324]
    skew: [-3.37989544868, -4.42865753174, -2.46424055099, -2.20205020905, -3.4330842495, -3.18867683411]
    var: [0.00174009159673, 0.00228673196398, 0.000238217093283, 0.000374148774426, 0.000293867371511, 0.000277188082691]

SpecPeakAmp:
    dmean: [2.23324079229e-07, 1.95264897229e-06, 1.62009868632e-07, 4.43947246822e-05, 7.76838205638e-05]
    dmean2: [2.5572532536e-07, 2.02287992579e-06, 2.18048597844e-07, 8.84604742168e-05, 0.000158994953381]
    dvar: [5.26078150227e-13, 1.47485523794e-10, 1.80255807568e-13, 4.08803080276e-09, 4.75897676822e-09]
    dvar2: [5.35462787391e-13, 1.51084339484e-10, 1.70282963619e-13, 1.14377636251e-08, 8.80846062756e-09]
    kurt: [17.8013706207, 38.9685592651, 24.4224815369, 1.37242031097, -1.99994122982]
    max: [1.69068916875e-05, 8.07237811387e-05, 2.85681471723e-06, 0.000139327763463, 0.000139346608194]
    mean: [1.6597996364e-05, 2.01428110813e-06, 2.68576030749e-07, 2.31931571761e-05, 6.98380245012e-05]
    median: [1.67439757206e-05, 1.31686846316e-07, 1.73892871658e-07, 2.532782446e-07, 7.05826969352e-05]
    min: [1.28584561025e-05, 8.96978136211e-08, 8.23967312158e-08, 1.08394473841e-07, 1.68772984921e-07]
    skew: [-4.39362812042, 6.39848899841, 4.94081497192, 1.82295680046, -4.35276160715e-05]
    var: [5.43999686877e-13, 1.44167996985e-10, 1.97608463338e-13, 2.56615506622e-09, 4.82626028031e-09]
