
metadata:
    version:
        essentia: "2.1-beta3"

Flux:
    dmean: 0.00016280534328
    dmean2: 0.000214914165554
    dvar: 2.85183801907e-07
    dvar2: 5.61904641927e-07
    kurt: 9.59431743622
    max: 0.00310562434606
    mean: 0.000213411040022
    median: 8.11780591903e-06
    min: 4.86877388539e-06
    skew: 3.29604125023
    var: 4.62224846842e-07

Rms:
    dmean: 7.07932413206e-05
    dmean2: 5.56626910111e-05
    dvar: 5.15671416679e-08
    dvar2: 2.26204850406e-08
    kurt: 21.057384491
    max: 0.00224956404418
    mean: 0.00215916498564
    median: 0.00223750481382
    min: 0.000391319626942
    skew: -4.5501332283
    var: 9.78803669227e-08

RollOff:
    dmean: 2.93634581566
    dmean2: 3.00463294983
    dvar: 370.751464844
    dvar2: 379.168457031
    kurt: 40.022731781
    max: 495.263671875
    mean: 368.935546875
    median: 366.064453125
    min: 366.064453125
    skew: 6.48249483109
    var: 362.699859619

SpecCent:
    dmean: 3.15184783936
    dmean2: 3.65718317032
    dvar: 8.87275791168
    dvar2: 6.7767534256
    kurt: 17.7660293579
    max: 374.196105957
    mean: 350.652374268
    median: 349.905273438
    min: 346.213287354
    skew: 3.61329674721
    var: 18.2116451263

Zcr:
    dmean: 0.000699129945133
    dmean2: 0.000738099566661
    dvar: 3.27714747073e-06
    dvar2: 1.84493956112e-06
    kurt: 17.8495922089
    max: 0.01611328125
    mean: 0.0151801211759
    median: 0.015625
    min: 0.0009765625
    skew: -4.21525812149
    var: 6.89636044626e-06

HarmonicAmpFreq:
    dmean: [0.40782096982]
    dmean2: [0.785219430923]
    dvar: [0.222638711333]
    dvar2: [0.546853780746]
    kurt: [-0.128210783005]
    max: [349.239135742]
    mean: [348.473907471]
    median: [348.271850586]
    min: [347.968170166]
    skew: [1.30876743793]
    var: [0.158893540502]

HarmonicAmpMag:
    dmean: [0.00125739094801]
    dmean2: [0.0024159506429]
    dvar: [2.18414766096e-06]
    dvar2: [5.64450692764e-06]
    kurt: [-0.226472616196]
    max: [0.00312070036307]
    mean: [0.00241509079933]
    median: [0.00311958556995]
    min: [0]
    skew: [-1.30338895321]
    var: [1.6029712242e-06]

MfccCoeff:
    dmean: [1.9406349659, 2.52829742432, 1.94089317322, 1.14373016357, 0.401438623667, 0.56973785162, 0.876414120197, 1.01352500916, 0.963560640812, 0.746090948582, 0.412475466728, 0.0887685269117, 0.327389448881]
    dmean2: [2.57342672348, 3.35972690582, 2.60447454453, 1.59286677837, 0.660938680172, 0.437389284372, 0.769888877869, 0.869790554047, 0.76753538847, 0.533191621304, 0.28468850255, 0.141640603542, 0.228883072734]
    dvar: [75.396697998, 127.812278748, 74.9253616333, 25.7598438263, 3.20278310776, 5.35445404053, 15.5968294144, 19.972990036, 16.027639389, 8.54176235199, 2.46628403664, 0.13741979003, 1.61424684525]
    dvar2: [151.18951416, 257.565795898, 154.436035156, 57.462600708, 8.4777097702, 2.57816410065, 10.4621782303, 12.5151968002, 8.2705411911, 3.94911336899, 1.57580566406, 0.362717330456, 0.754083156586]
    kurt: [18.1165332794, 18.086315155, 18.2050647736, 22.9002227783, 26.043176651, 28.8688983917, 32.7074127197, 32.0557022095, 29.8498725891, 26.4954185486, 21.9525852203, 26.9282398224, 26.1435050964]
    max: [-1085.55566406, 68.6919631958, 52.083896637, 29.2096443176, 5.62448120117, 2.28881835938e-05, -2.67028808594e-05, -5.34057617188e-05, -4.57763671875e-05, -2.28881835938e-05, -2.67028808594e-05, 1.25678253174, 11.4715652466]
    mean: [-1110.98718262, 35.2758522034, 25.4144744873, 11.1599340439, -4.70854568481, -19.1644077301, -29.5579833984, -34.1371002197, -32.3602867126, -24.9424095154, -13.6385850906, -0.827216267586, 11.0072689056]
    median: [-1110.77355957, 35.5340690613, 25.5404701233, 11.0680580139, -5.08706665039, -19.8587417603, -30.5338973999, -35.2861099243, -33.5099563599, -25.8915328979, -14.2069759369, -0.905166625977, 11.4265823364]
    min: [-1138.42004395, 1.14440917969e-05, -6.103515625e-05, 8.01086425781e-05, -5.10905456543, -19.896156311, -30.5766220093, -35.322227478, -33.5295639038, -25.8930740356, -14.2088375092, -0.907066345215, -3.81469726562e-05]
    skew: [-0.551409482956, -0.405972898006, 0.290371119976, 3.03526115417, 5.11532497406, 5.32128572464, 5.70918893814, 5.64081001282, 5.41678237915, 5.09359550476, 4.67884635925, 5.16059684753, -5.06694364548]
    var: [32.2295265198, 54.3411140442, 31.1336650848, 10.2200183868, 3.01661109924, 9.74818897247, 21.8351154327, 29.4017124176, 27.3387260437, 17.2483406067, 5.74170207977, 0.119848676026, 3.38635873795]

SpecContrastCoeff:
    dmean: [0.0272448174655, 0.0290813166648, 0.0132458573207, 0.0123586198315, 0.00736441137269, 0.00668878853321]
    dmean2: [0.0381473042071, 0.0281282495707, 0.018350912258, 0.0185504574329, 0.0124618690461, 0.0105220759287]
    dvar: [0.000461551331682, 0.00364035274833, 0.000114500588097, 7.12671171641e-05, 3.2605657907e-05, 4.82279720018e-05]
    dvar2: [0.000883163302206, 0.00202446943149, 0.000278503692243, 0.000171893509105, 8.60873624333e-05, 7.73882202338e-05]
    kurt: [7.73668384552, 18.6204299927, 6.73426151276, -0.574972629547, 0.966533184052, 11.277636528]
    max: [-0.757942795753, -0.377268195152, -0.876036703587, -0.903434455395, -0.906151294708, -0.90187817812]
    mean: [-0.829239308834, -0.423174411058, -0.945837080479, -0.926311671734, -0.922936916351, -0.920007944107]
    median: [-0.831833064556, -0.401785522699, -0.950176537037, -0.925471305847, -0.924057126045, -0.920167565346]
    min: [-0.992229521275, -0.963773310184, -0.965563416481, -0.949331879616, -0.945605516434, -0.966103792191]
    skew: [-1.96336877346, -4.27585887909, 2.08780932426, 0.0163198634982, -0.160922139883, -2.39509606361]
    var: [0.00130325218197, 0.00977520737797, 0.000241459725657, 0.000115535425721, 5.99925406277e-05, 8.60434520291e-05]

SpecPeakAmp:
    dmean: [8.28400443424e-05, 1.66758911746e-06, 0.000143623867189, 0.000971489178482, 0.00184341147542]
    dmean2: [0.000126347018522, 2.17985802919e-06, 0.00029232740053, 0.00193592859432, 0.00377063010819]
    dvar: [1.40938482218e-07, 1.23695220733e-11, 4.21250092586e-07, 2.03354466066e-06, 2.34530580201e-06]
    dvar2: [3.61586501185e-07, 2.77459166753e-11, 1.27115481519e-06, 4.81055622004e-06, 4.31989747085e-06]
    kurt: [40.0158576965, 16.3044319153, 40.0118331909, 0.192430019379, -1.98209798336]
    max: [0.00181272404734, 1.73174903466e-05, 0.00311947753653, 0.00312066194601, 0.00312070036307]
    mean: [5.63197972951e-05, 2.44281682171e-06, 7.22007607692e-05, 0.00064323580591, 0.00166558672208]
    median: [1.67352409335e-05, 2.02890851142e-06, 1.96506402972e-06, 2.05137484954e-06, 0.00311916205101]
    min: [3.94837115891e-06, 3.61182856068e-07, 1.73330462871e-07, 1.10231773931e-07, 7.88065435131e-08]
    skew: [6.4816775322, 4.12114572525, 6.48121118546, 1.4692606926, -0.133658930659]
    var: [7.01182472085e-08, 8.98577479785e-12, 2.11069846046e-07, 1.54155895871e-06, 2.41691486735e-06]
