
metadata:
    version:
        essentia: "2.1-beta3"

Flux:
    dmean: 0.00366894295439
    dmean2: 0.00487537868321
    dvar: 0.000142835298902
    dvar2: 0.000281206186628
    kurt: 9.560131073
    max: 0.0694451332092
    mean: 0.0046919696033
    median: 9.30473179324e-05
    min: 1.27677849378e-05
    skew: 3.29183149338
    var: 0.000232376463828

Rms:
    dmean: 0.00158641603775
    dmean2: 0.00126075255685
    dvar: 2.54910864896e-05
    dvar2: 1.13543310363e-05
    kurt: 20.5985412598
    max: 0.0503615364432
    mean: 0.0483518317342
    median: 0.0500831529498
    min: 0.00944000668824
    skew: -4.50880670547
    var: 4.80807175336e-05

RollOff:
    dmean: 13.2135562897
    dmean2: 13.0200767517
    dvar: 6959.73291016
    dvar2: 6580.77929688
    kurt: 39.9048728943
    max: 947.4609375
    mean: 379.462890625
    median: 366.064453125
    min: 366.064453125
    skew: 6.46887207031
    var: 7342.3828125

SpecCent:
    dmean: 22.483877182
    dmean2: 21.1384353638
    dvar: 13133.2128906
    dvar2: 9966.53808594
    kurt: 38.7101402283
    max: 1224.35888672
    mean: 371.197814941
    median: 349.722106934
    min: 345.8956604
    skew: 6.33812332153
    var: 16802.0371094

Zcr:
    dmean: 0.000699129945133
    dmean2: 0.000738099566661
    dvar: 3.42886846738e-06
    dvar2: 2.15543809645e-06
    kurt: 17.8708000183
    max: 0.01611328125
    mean: 0.015169271268
    median: 0.015625
    min: 0.0009765625
    skew: -4.21759748459
    var: 6.88129011905e-06

HarmonicAmpFreq:
    dmean: [0.0550925508142]
    dmean2: [0.0870666503906]
    dvar: [0.0479760728776]
    dvar2: [0.111350856721]
    kurt: [15.8334007263]
    max: [349.635345459]
    mean: [348.335479736]
    median: [348.269897461]
    min: [348.265991211]
    skew: [4.07706832886]
    var: [0.0650665909052]

HarmonicAmpMag:
    dmean: [0.00275328988209]
    dmean2: [0.00210850383155]
    dvar: [0.000105404877104]
    dvar2: [7.31077379896e-05]
    kurt: [15.4577198029]
    max: [0.0698649063706]
    mean: [0.0664901286364]
    median: [0.0698508173227]
    min: [0]
    skew: [-4.04506731033]
    var: [0.000173887528945]

MfccCoeff:
    dmean: [15.3343954086, 6.52582740784, 3.31597423553, 2.87121295929, 3.06083917618, 3.09391856194, 3.30125284195, 3.06950092316, 2.52005648613, 2.02724051476, 1.44429469109, 0.987879514694, 1.31827974319]
    dmean2: [22.7339477539, 8.96894264221, 5.11329364777, 4.40559720993, 4.56526136398, 3.99281215668, 4.07631587982, 3.82195043564, 2.89322519302, 2.33677268028, 1.67869484425, 1.50390839577, 1.83171188831]
    dvar: [3732.22045898, 330.489196777, 32.6397361755, 10.3587226868, 6.82716035843, 7.46202898026, 22.9502487183, 42.3789672852, 46.0986595154, 31.4565448761, 10.2107582092, 1.37048196793, 11.6008796692]
    dvar2: [9349.56347656, 703.052490234, 53.9510879517, 16.2424411774, 13.4957485199, 5.91921043396, 19.6677837372, 43.5630264282, 43.2050666809, 27.6054172516, 7.28980064392, 3.04853606224, 18.7939472198]
    kurt: [37.3715324402, 12.1915712357, 10.395907402, 7.82488250732, 4.18797159195, 13.6174144745, 19.4385566711, 18.6482563019, 18.4849185944, 17.5917396545, 18.5772418976, 8.72449684143, 11.7539491653]
    max: [-807.903625488, 130.764648438, 76.3405151367, 35.3580207825, -5.12739562988, -14.2442398071, -14.5030288696, -10.6788253784, -5.29222106934, -0.847198486328, 1.23000717163, 1.59876251221, 23.979347229]
    mean: [-1076.84924316, 72.5870285034, 50.3921966553, 22.0319461823, -9.42090129852, -37.2888031006, -56.8494644165, -64.69165802, -60.3012275696, -45.3253326416, -23.5383605957, 0.441511452198, 21.8717422485]
    median: [-1083.84545898, 69.9162979126, 50.0820655823, 21.6985206604, -9.53434753418, -38.1342277527, -58.5311813354, -67.2365722656, -63.0991897583, -47.2794189453, -24.8307247162, 0.279083251953, 23.0987243652]
    min: [-1120.21044922, 22.2461967468, 12.3815383911, 0.442367553711, -22.148317337, -42.1847496033, -63.8985366821, -71.5115661621, -65.2629318237, -48.2854766846, -25.5030879974, -4.51016616821, -0.51496887207]
    skew: [6.15439510345, 1.14708185196, -2.39565944672, -2.13799118996, -1.32125341892, 3.19330811501, 4.28999185562, 4.33525657654, 4.32446670532, 4.22455787659, 4.26515007019, -2.39140605927, -3.57293701172]
    var: [1697.63659668, 168.086700439, 86.584274292, 29.824798584, 9.41147708893, 19.8385639191, 58.9711532593, 100.480751038, 103.520179749, 69.0693054199, 20.4335308075, 1.12740433216, 25.8774013519]

SpecContrastCoeff:
    dmean: [0.0298995263875, 0.0324261412024, 0.00964994076639, 0.00802375655621, 0.00839520152658, 0.0183726195246]
    dmean2: [0.0530488006771, 0.0272503178567, 0.0125726126134, 0.0132576702163, 0.0147487912327, 0.0313783660531]
    dvar: [0.0024568119552, 0.00649144686759, 7.58596943342e-05, 7.48310267227e-05, 0.000103896323708, 0.000300810555927]
    dvar2: [0.00631849002093, 0.00359053560533, 0.000100960496638, 0.000149843341205, 0.00024619398755, 0.000791961967479]
    kurt: [9.44856548309, 21.4583930969, 5.93029308319, 5.94533348083, 3.45394802094, 0.370226144791]
    max: [-0.682029366493, -0.200924530625, -0.887399435043, -0.915574729443, -0.919987440109, -0.901389241219]
    mean: [-0.919665336609, -0.250593066216, -0.948529243469, -0.95907074213, -0.958051204681, -0.947194814682]
    median: [-0.938151657581, -0.223768502474, -0.95542794466, -0.963699758053, -0.963219940662, -0.956117928028]
    min: [-0.951522231102, -0.985080063343, -0.958651483059, -0.965240478516, -0.964032292366, -0.960366308689]
    skew: [3.10393166542, -4.60005712509, 2.33354854584, 2.31689453125, 2.03527522087, 1.34119510651]
    var: [0.00276182196103, 0.0167859606445, 0.000214435640373, 0.000100576915429, 0.00010368511721, 0.000283184839645]

SpecPeakAmp:
    dmean: [0.00185718212742, 4.40432741016e-05, 0.0189852379262, 0.0159142501652, 0.00363590940833]
    dmean2: [0.00284603098407, 6.27914414508e-05, 0.0372140035033, 0.0325387977064, 0.00698547111824]
    dvar: [7.08856241545e-05, 1.78404029327e-08, 0.00095828861231, 0.000854530371726, 0.000216566433664]
    dvar2: [0.000182087984285, 4.53527455591e-08, 0.00255479896441, 0.00257073319517, 0.000640062964521]
    kurt: [40.0215682983, 34.7508621216, -0.21428155899, 2.65353441238, 34.4239807129]
    max: [0.0404987558722, 0.000680751982145, 0.0698647126555, 0.0698649063706, 0.0698568895459]
    mean: [0.000942243321333, 5.44453359907e-05, 0.0543308220804, 0.00937222875655, 0.00201148027554]
    median: [4.20843280153e-05, 3.88292355638e-05, 0.0698461979628, 4.04028760386e-05, 2.73491677945e-05]
    min: [1.07555215436e-05, 1.88898939086e-05, 1.78130867425e-05, 1.31723963932e-05, 1.04934197225e-05]
    skew: [6.48235607147, 5.91430091858, -1.33620560169, 2.15714550018, 5.90932941437]
    var: [3.55622432835e-05, 9.52725542902e-09, 0.000839487358462, 0.000562823843211, 0.00011238497973]
