
metadata:
    version:
        essentia: "2.1-beta3"

Flux:
    dmean: 0.0329889915884
    dmean2: 0.0438518039882
    dvar: 0.0115988515317
    dvar2: 0.0223006289452
    kurt: 9.39753913879
    max: 0.640873730183
    mean: 0.0432139486074
    median: 0.000874596182257
    min: 2.32008078456e-05
    skew: 3.26714801788
    var: 0.0196197368205

Rms:
    dmean: 0.0145346783102
    dmean2: 0.0114525519311
    dvar: 0.00218189833686
    dvar2: 0.000961655634455
    kurt: 21.2300033569
    max: 0.46400347352
    mean: 0.445492565632
    median: 0.461499094963
    min: 0.0812157988548
    skew: -4.56699323654
    var: 0.00413615908474

RollOff:
    dmean: 2.93634581566
    dmean2: 3.00463294983
    dvar: 370.751464844
    dvar2: 379.168457031
    kurt: 40.022731781
    max: 495.263671875
    mean: 368.935546875
    median: 366.064453125
    min: 366.064453125
    skew: 6.48249483109
    var: 362.699859619

SpecCent:
    dmean: 3.08501648903
    dmean2: 3.65187883377
    dvar: 7.59811544418
    dvar2: 5.79366159439
    kurt: 16.2996368408
    max: 371.525787354
    mean: 349.697845459
    median: 349.001037598
    min: 345.892608643
    skew: 3.41033697128
    var: 16.2513599396

Zcr:
    dmean: 0.000721324584447
    dmean2: 0.000749454949982
    dvar: 3.57073577106e-06
    dvar2: 2.13300199903e-06
    kurt: 17.2223091125
    max: 0.01611328125
    mean: 0.0151475695893
    median: 0.015625
    min: 0.00048828125
    skew: -4.15598106384
    var: 7.50741855882e-06

HarmonicAmpFreq:
    dmean: [0.0575117617846]
    dmean2: [0.0648299828172]
    dvar: [0.0492438338697]
    dvar2: [0.0663785040379]
    kurt: [15.8120880127]
    max: [349.237335205]
    mean: [348.305236816]
    median: [348.269805908]
    min: [347.972259521]
    skew: [3.98091578484]
    var: [0.0382821522653]

HarmonicAmpMag:
    dmean: [0.025139182806]
    dmean2: [0.0192304030061]
    dvar: [0.00877939816564]
    dvar2: [0.00604823371395]
    kurt: [15.6568107605]
    max: [0.643694400787]
    mean: [0.612858772278]
    median: [0.643572747707]
    min: [0]
    skew: [-4.06223392487]
    var: [0.0145633276552]

MfccCoeff:
    dmean: [30.2995223999, 13.2933206558, 26.6023082733, 16.4163036346, 5.16267347336, 7.5723156929, 5.34165430069, 4.78321409225, 4.11519575119, 2.7841398716, 2.32401061058, 1.03476572037, 1.40583205223]
    dmean2: [43.3779563904, 22.5266857147, 34.239025116, 21.8060855865, 7.84106874466, 12.9180755615, 7.0538020134, 6.40431594849, 5.44353675842, 3.62785100937, 3.23495769501, 1.8904556036, 1.60441112518]
    dvar: [3907.26196289, 692.043151855, 227.523864746, 66.7624740601, 14.6997442245, 32.381893158, 40.0935401917, 58.5636100769, 49.3276023865, 34.0390968323, 11.4137353897, 0.68863093853, 10.8355417252]
    dvar2: [8319.57519531, 1548.89807129, 667.828552246, 214.65020752, 38.4744415283, 52.1662254333, 38.8020362854, 70.473236084, 45.6424484253, 26.5453243256, 6.59700632095, 1.88836622238, 9.82198619843]
    kurt: [15.1542472839, 24.985212326, -1.24798285961, -1.12425386906, 0.409850597382, 5.0562953949, 12.642165184, 13.7655010223, 15.1412239075, 16.720697403, 21.044084549, 2.4045085907, 13.1027641296]
    max: [-739.846679688, 268.883911133, 114.605957031, 43.1835212708, -3.08958435059, -10.9035415649, -9.59972381592, -6.08503723145, -0.966865539551, 5.24444580078, 8.17087936401, 4.04866027832, 23.8241577148]
    mean: [-983.905395508, 161.732040405, 75.0068283081, 19.7752037048, -16.5348949432, -44.9180221558, -61.5172729492, -65.9048614502, -60.4297637939, -44.7012863159, -23.0359764099, 0.577184438705, 21.7212314606]
    median: [-989.80682373, 160.781860352, 74.1797790527, 17.454990387, -15.0515861511, -45.4840507507, -63.2941055298, -68.100479126, -62.7470321655, -46.684967041, -23.9194850922, 0.713027954102, 23.2065353394]
    min: [-1043.60546875, 114.727241516, 34.0260314941, -0.453685760498, -27.5399131775, -57.6696434021, -71.4048995972, -75.2026824951, -68.6895523071, -49.9570922852, -26.9784755707, -1.93607330322, -4.12902069092]
    skew: [3.88211250305, 4.18065738678, -0.0327025875449, 0.28012123704, -0.449570775032, 1.81631314754, 3.43270015717, 3.73807811737, 3.87913155556, 4.12111091614, 4.47362518311, 0.149321660399, -3.70998311043]
    var: [2500.59277344, 329.62878418, 491.86706543, 181.486175537, 24.8106765747, 80.2677154541, 112.660110474, 148.333572388, 134.959335327, 90.4555969238, 30.3831863403, 0.977449059486, 27.9483394623]

SpecContrastCoeff:
    dmean: [0.042936578393, 0.0303545221686, 0.0151513256133, 0.0127550298348, 0.010808294639, 0.0220238212496]
    dmean2: [0.0726451575756, 0.0265554208308, 0.0238772612065, 0.0231221336871, 0.0195425786078, 0.0394256785512]
    dvar: [0.00209051906131, 0.0107518574223, 0.000404229736887, 0.000540519075003, 0.000432834931416, 0.00095089658862]
    dvar2: [0.00474227173254, 0.00501698395237, 0.000862657267135, 0.0013715880923, 0.00118036183994, 0.00264024292119]
    kurt: [4.99119281769, 28.4671573639, 9.73212146759, 10.1338310242, 12.0107107162, 5.57539749146]
    max: [-0.701625287533, -0.0470655448735, -0.811547398567, -0.847456395626, -0.862783074379, -0.844923257828]
    mean: [-0.926055490971, -0.0872179269791, -0.933595120907, -0.947325229645, -0.950028002262, -0.941737890244]
    median: [-0.951701879501, -0.0576942227781, -0.944044470787, -0.956485807896, -0.956534147263, -0.952673256397]
    min: [-0.986315667629, -0.93844884634, -0.947999119759, -0.956982195377, -0.957615733147, -0.954642176628]
    skew: [2.26721215248, -5.27513122559, 3.13088154793, 3.1848449707, 3.42648053169, 2.53136992455]
    var: [0.00334974285215, 0.0193562023342, 0.000723953125998, 0.000462458527181, 0.000323271931848, 0.000607962952927]

SpecPeakAmp:
    dmean: [0.0171175878495, 0.175668671727, 0.175544023514, 0.0581033080816, 0.0336325764656]
    dmean2: [0.0262341275811, 0.359325021505, 0.358817964792, 0.104296155274, 0.064434915781]
    dvar: [0.00604447769001, 0.0819682478905, 0.0819084569812, 0.0334319397807, 0.0184570085257]
    dvar2: [0.0155293205753, 0.159558311105, 0.140288963914, 0.0930481180549, 0.0543981418014]
    kurt: [40.0213661194, -1.90080344677, -1.94998967648, 17.5489940643, 33.8635864258]
    max: [0.373984932899, 0.643694400787, 0.643693506718, 0.643620729446, 0.643661737442]
    mean: [0.00866042915732, 0.272045969963, 0.286373376846, 0.0288536846638, 0.018611388281]
    median: [0.000359285477316, 0.00046726904111, 0.00130389817059, 0.000270065676887, 0.00010317084525]
    min: [8.07638207334e-05, 7.43665659684e-05, 3.55290139851e-05, 2.23948627536e-05, 1.60794388648e-05]
    skew: [6.48233270645, 0.314936697483, 0.223595663905, 4.42100763321, 5.85583400726]
    var: [0.00303327501751, 0.100871130824, 0.102084003389, 0.0172850750387, 0.00961622223258]
