
metadata:
    version:
        essentia: "2.1-beta3"

Flux:
    dmean: 0.0191789269447
    dmean2: 0
    dvar: 0
    dvar2: 0
    kurt: -2
    max: 0.391097456217
    mean: 0.381507992744
    median: 0.381507992744
    min: 0.371918529272
    skew: 0
    var: 9.19578087633e-05

Rms:
    dmean: 0
    dmean2: 0
    dvar: 0
    dvar2: 0
    kurt: 0
    max: 0.134001687169
    mean: 0.134001687169
    median: 0.134001687169
    min: 0.134001687169
    skew: 0
    var: 0

RollOff:
    dmean: 129.19921875
    dmean2: 0
    dvar: 0
    dvar2: 0
    kurt: -1.99999988079
    max: 624.462890625
    mean: 559.86328125
    median: 559.86328125
    min: 495.263671875
    skew: 0
    var: 4173.109375

SpecCent:
    dmean: 8.91702270508
    dmean2: 0
    dvar: 0
    dvar2: 0
    kurt: -1.99999988079
    max: 446.272583008
    mean: 441.814086914
    median: 441.814086914
    min: 437.355560303
    skew: -1.02439498733e-05
    var: 19.8783226013

Zcr:
    dmean: 0
    dmean2: 0
    dvar: 0
    dvar2: 0
    kurt: 0
    max: 0.005859375
    mean: 0.005859375
    median: 0.005859375
    min: 0.005859375
    skew: 0
    var: 0

HarmonicAmpFreq:
    dmean: [85.4873657227]
    dmean2: [0]
    dvar: [0]
    dvar2: [0]
    kurt: [-1.99999988079]
    max: [542.601867676]
    mean: [499.858184814]
    median: [499.858184814]
    min: [457.114501953]
    skew: [0]
    var: [1827.02246094]

HarmonicAmpMag:
    dmean: [0.118094339967]
    dmean2: [0]
    dvar: [0]
    dvar2: [0]
    kurt: [-2]
    max: [0.128279432654]
    mean: [0.069232262671]
    median: [0.069232262671]
    min: [0.0101850898936]
    skew: [-7.06842797626e-08]
    var: [0.00348656857386]

MfccCoeff:
    dmean: [292.156433105, 74.8880767822, 18.4598121643, 39.4811401367, 51.5628013611, 37.4501838684, 2.25432777405, 16.9653320312, 21.7846755981, 14.1691913605, 7.30840301514, 0.799425125122, 2.95798683167]
    dmean2: [0, 0, 0, 0, 0, 0, 0, 0, 0, 0, 0, 0, 0]
    dvar: [0, 0, 0, 0, 0, 0, 0, 0, 0, 0, 0, 0, 0]
    dvar2: [0, 0, 0, 0, 0, 0, 0, 0, 0, 0, 0, 0, 0]
    kurt: [-1.99999988079, -2, -1.99999988079, -2, -2, -2, -1.99999988079, -2, -2, -2, -2, -2, -2]
    max: [-704.171081543, 235.638381958, 66.4147033691, 14.7011947632, -17.1422462463, -23.933921814, -27.3348827362, -1.6166305542, 11.8528556824, 14.8997745514, 13.6338157654, 9.95850372314, 7.33850288391]
    mean: [-850.249267578, 198.194335938, 57.1847991943, -5.03937530518, -42.9236450195, -42.6590118408, -28.4620475769, -10.0992965698, 0.960517883301, 7.81517887115, 9.97961425781, 9.55879116058, 5.85950946808]
    median: [-850.249267578, 198.194335938, 57.1847991943, -5.03937530518, -42.9236450195, -42.6590118408, -28.4620475769, -10.0992965698, 0.960517883301, 7.81517887115, 9.97961425781, 9.55879116058, 5.85950946808]
    min: [-996.327514648, 160.750305176, 47.9548912048, -24.7799453735, -68.7050476074, -61.3841056824, -29.5892105103, -18.5819625854, -9.93181991577, 0.730583190918, 6.32541275024, 9.15907859802, 4.38051605225]
    skew: [-6.01512908815e-07, 6.32456874428e-07, -6.20980870281e-07, 0, -1.70962849211e-07, -3.34665287482e-07, 2.53891857938e-06, 0, 0, 0, 0, 0, 0]
    var: [21338.84375, 1402.05603027, 85.1911621094, 389.690093994, 664.680664062, 350.629089355, 1.27049839497, 71.955619812, 118.64302063, 50.1914978027, 13.3531885147, 0.159770131111, 2.18742156029]

SpecContrastCoeff:
    dmean: [0.0658981204033, 0.111547231674, 0.151986002922, 0.0364829301834, 0.0279714465141, 0.00342255830765]
    dmean2: [0, 0, 0, 0, 0, 0]
    dvar: [0, 0, 0, 0, 0, 0]
    dvar2: [0, 0, 0, 0, 0, 0]
    kurt: [-2, -2, -1.99999988079, -2, -2, -2]
    max: [-0.861419260502, -0.626044273376, -0.68657541275, -0.857470870018, -0.884770452976, -0.937798380852]
    mean: [-0.894368290901, -0.681817889214, -0.762568414211, -0.87571233511, -0.898756146431, -0.939509630203]
    median: [-0.894368290901, -0.681817889214, -0.762568414211, -0.87571233511, -0.898756146431, -0.939509630203]
    min: [-0.927317380905, -0.737591505051, -0.838561415672, -0.893953800201, -0.91274189949, -0.941220939159]
    skew: [-2.69511269835e-06, 0, 0, 0, -6.39994323137e-06, -5.22385853401e-05]
    var: [0.00108564062975, 0.0031106963288, 0.00577493617311, 0.000332751049427, 0.000195600456209, 2.92847653327e-06]

SpecPeakAmp:
    dmean: [0.127873942256, 0.0316958539188, 0.0117141818628, 0.00290357042104, 0.00503501156345]
    dmean2: [0, 0, 0, 0, 0]
    dvar: [0, 0, 0, 0, 0]
    dvar2: [0, 0, 0, 0, 0]
    kurt: [-1.99999988079, -2, -2, -2, -2]
    max: [0.128279432654, 0.0321403779089, 0.0122612863779, 0.0101850898936, 0.00534812640399]
    mean: [0.0643424615264, 0.0162924509495, 0.00640419544652, 0.00873330421746, 0.00283062062226]
    median: [0.0643424615264, 0.0162924509495, 0.00640419544652, 0.00873330421746, 0.00283062062226]
    min: [0.000405492202844, 0.000444524310296, 0.000547104922589, 0.0072815194726, 0.000313115044264]
    skew: [0, 0, 1.41450456681e-07, 9.79640844889e-07, 1.11331694086e-07]
    var: [0.00408793613315, 0.000251156801824, 3.43055107805e-05, 2.10768030229e-06, 6.33783474768e-06]
