
metadata:
    version:
        essentia: "2.1-beta3"

Flux:
    dmean: 6.55114172332e-06
    dmean2: 9.40031350183e-06
    dvar: 5.43100453498e-10
    dvar2: 1.17667575683e-09
    kurt: 13.8911075592
    max: 0.000125333943288
    mean: 8.49778825796e-06
    median: 2.52717086369e-06
    min: 4.23819017215e-07
    skew: 3.84990715981
    var: 5.63455726521e-10

Rms:
    dmean: 1.77959361736e-06
    dmean2: 1.70930888999e-06
    dvar: 4.23943866124e-11
    dvar2: 3.16456895411e-11
    kurt: 19.6174526215
    max: 0.000101570229162
    mean: 9.94989168248e-05
    median: 0.000101179684862
    min: 5.88232323935e-05
    skew: -4.50707435608
    var: 5.63650202901e-11

RollOff:
    dmean: 1.00154435635
    dmean2: 1.025390625
    dvar: 20.5633563995
    dvar2: 21.0285148621
    kurt: 17.0477027893
    max: 732.12890625
    mean: 711.574462891
    median: 710.595703125
    min: 710.595703125
    skew: 4.36437177658
    var: 20.118303299

SpecCent:
    dmean: 3.83657336235
    dmean2: 5.56919765472
    dvar: 29.0410671234
    dvar2: 12.7504825592
    kurt: 26.3233165741
    max: 970.569030762
    mean: 919.008972168
    median: 917.926696777
    min: 913.050720215
    skew: 5.00702190399
    var: 74.6464309692

Zcr:
    dmean: 0.000863008724991
    dmean2: 0.000999814015813
    dvar: 1.00117749753e-05
    dvar2: 9.45673218666e-06
    kurt: 17.2241020203
    max: 0.03173828125
    mean: 0.0309392753989
    median: 0.03173828125
    min: 0.01513671875
    skew: -4.36316347122
    var: 1.05564331534e-05

HarmonicAmpFreq:
    dmean: [2.76382517815]
    dmean2: [2.82963061333]
    dvar: [313.986083984]
    dvar2: [321.275817871]
    kurt: [39.0135879517]
    max: [698.981018066]
    mean: [696.279846191]
    median: [698.981018066]
    min: [581.387207031]
    skew: [-6.40378808975]
    var: [307.019317627]

HarmonicAmpMag:
    dmean: [1.90190576177e-06]
    dmean2: [1.9471892756e-06]
    dvar: [1.46992099048e-10]
    dvar2: [1.50403717258e-10]
    kurt: [39.0007400513]
    max: [8.04640585557e-05]
    mean: [1.85868054814e-06]
    median: [0]
    min: [0]
    skew: [6.40226793289]
    var: [1.43731707092e-10]

MfccCoeff:
    dmean: [0.0830929800868, 0.0863008722663, 0.00921488925815, 0.0727560371161, 0.116075739264, 0.0977158620954, 0.0274374317378, 0.0574239678681, 0.111770898104, 0.106727071106, 0.0449742153287, 0.0406762063503, 0.10471291095]
    dmean2: [0.0870332270861, 0.0903974249959, 0.00964573491365, 0.0762060284615, 0.121580578387, 0.102350510657, 0.0287399291992, 0.0601472407579, 0.117072425783, 0.111788615584, 0.0471078790724, 0.0426052622497, 0.109679445624]
    dvar: [0.161728963256, 0.17442163825, 0.0019911674317, 0.123975709081, 0.315543353558, 0.223619416356, 0.0176270902157, 0.0772259831429, 0.292571634054, 0.266764819622, 0.0473690852523, 0.0387490019202, 0.256791114807]
    dvar2: [0.163913562894, 0.176779955626, 0.0020180712454, 0.125656098127, 0.319812387228, 0.226644650102, 0.0178649574518, 0.0782710313797, 0.296531051397, 0.270375102758, 0.0480100475252, 0.0392732173204, 0.260266214609]
    kurt: [29.9517974854, 29.9505310059, 29.9510536194, 29.9502639771, 29.9503440857, 29.9504699707, 29.9502258301, 29.950302124, 29.950378418, 29.9503974915, 29.9504241943, 29.9502868652, 29.9503326416]
    max: [-1135.87988281, 2.63795089722, 0.281799316406, 8.01086425781e-05, -6.103515625e-05, 2.28881835938e-05, -2.67028808594e-05, 1.75521850586, 3.4164390564, 3.26230621338, 1.37468338013, -3.0517578125e-05, -3.81469726562e-05]
    mean: [-1135.96118164, 2.55352473259, 0.272764712572, -2.15271544456, -3.43458771706, -2.89127659798, -0.811796367168, 1.69904327393, 3.30709981918, 3.15789937973, 1.3306876421, -1.20359241962, -3.09836363792]
    median: [-1135.88256836, 2.63523483276, 0.281494140625, -2.22158432007, -3.54447937012, -2.98378753662, -0.83776473999, 1.75340652466, 3.41291427612, 3.25893783569, 1.37326431274, -1.24209976196, -3.19749450684]
    min: [-1138.42004395, 1.14440917969e-05, -6.103515625e-05, -2.22388839722, -3.54814147949, -2.98686981201, -0.838634490967, -5.34057617188e-05, -4.57763671875e-05, -2.28881835938e-05, -2.67028808594e-05, -1.24338531494, -3.20080566406]
    skew: [-5.49649953842, -5.49629878998, -5.49634695053, 5.49627256393, 5.49627637863, 5.49628925323, 5.49626588821, -5.49627447128, -5.496281147, -5.49628305435, -5.49628353119, 5.49627065659, 5.49627780914]
    var: [0.159939005971, 0.172492295504, 0.00196906505153, 0.122602961957, 0.312053203583, 0.221146479249, 0.0174325630069, 0.0763714835048, 0.289335101843, 0.263813644648, 0.046845074743, 0.0383205749094, 0.253950387239]

SpecContrastCoeff:
    dmean: [0.0263086631894, 0.0229967106134, 0.0174448788166, 0.014289307408, 0.00990336295217, 0.00941915716976]
    dmean2: [0.0413178503513, 0.0423978231847, 0.0267596468329, 0.0253718178719, 0.0131944604218, 0.0138557851315]
    dvar: [0.00201408634894, 0.000160644427524, 0.0013856892474, 0.000126184386318, 0.000148384147906, 0.000104964019556]
    dvar2: [0.00195612222888, 0.000620465143584, 0.00164139200933, 0.000205420263228, 0.000196626249817, 0.000140139527502]
    kurt: [16.8205909729, 0.498952627182, 21.641494751, 5.92228984833, 7.33568096161, 8.36190223694]
    max: [-0.62201488018, -0.843100130558, -0.564773142338, -0.855875313282, -0.845286905766, -0.845190823078]
    mean: [-0.671673715115, -0.88994115591, -0.5855935812, -0.878954470158, -0.871077954769, -0.859523952007]
    median: [-0.664074778557, -0.890179514885, -0.579078495502, -0.876679182053, -0.870225071907, -0.856668412685]
    min: [-0.926248729229, -0.913756966591, -0.789624333382, -0.934620916843, -0.932850599289, -0.917589664459]
    skew: [-4.11029100418, 0.807956755161, -4.63811826706, -2.0282022953, -2.30404114723, -2.74261879921]
    var: [0.00245620100759, 0.000238642052864, 0.00131631572731, 0.00020254086121, 0.000225157724344, 0.000187733618077]

SpecPeakAmp:
    dmean: [2.78119273389e-07, 1.31451102447e-07, 1.92260563381e-06, 1.37985082915e-07, 9.07123762772e-08]
    dmean2: [3.17060909083e-07, 1.61468108217e-07, 1.99742544282e-06, 2.0509271792e-07, 1.36257028771e-07]
    dvar: [8.72579623574e-13, 2.37464480588e-13, 1.46586284777e-10, 8.42868865523e-14, 4.02967962547e-14]
    dvar2: [8.89801145092e-13, 2.32850224562e-13, 1.50279344524e-10, 7.80156307937e-14, 4.44932244802e-14]
    kurt: [17.0881061554, 32.2945785522, 39.0164756775, 21.2142925262, 21.3742103577]
    max: [1.68943552126e-05, 3.53790801455e-06, 8.04640585557e-05, 1.89011836937e-06, 1.31788397084e-06]
    mean: [1.65590754477e-05, 4.64857208726e-07, 1.93813798433e-06, 2.00375922077e-07, 1.76112678218e-07]
    median: [1.67578800756e-05, 3.76156208404e-07, 9.9225282213e-08, 1.42331288089e-07, 1.30008032784e-07]
    min: [1.20609383885e-05, 3.14257022183e-07, 3.5527843778e-08, 5.2820933405e-08, 7.81846694053e-08]
    skew: [-4.35018348694, 5.71014690399, 6.40413093567, 4.61558294296, 4.63503074646]
    var: [8.76273934056e-13, 2.40372934231e-13, 1.43414363718e-10, 9.16799256412e-14, 4.16493350767e-14]
