
metadata:
    version:
        essentia: "2.1-beta3"

Flux:
    dmean: 0.000163128308486
    dmean2: 0.000214273808524
    dvar: 2.8589613521e-07
    dvar2: 5.62674131288e-07
    kurt: 9.64848804474
    max: 0.00311659276485
    mean: 0.000214587416849
    median: 9.67579762801e-06
    min: 5.45809143659e-06
    skew: 3.30247092247
    var: 4.62361725795e-07

Rms:
    dmean: 6.55656695017e-05
    dmean2: 5.11240868946e-05
    dvar: 5.2471023082e-08
    dvar2: 2.36474999582e-08
    kurt: 20.9488525391
    max: 0.00224086246453
    mean: 0.00215941225179
    median: 0.00223844009452
    min: 0.000401778670494
    skew: -4.54439067841
    var: 9.71525082605e-08

RollOff:
    dmean: 5.87269163132
    dmean2: 5.5084939003
    dvar: 1040.40332031
    dvar2: 864.664428711
    kurt: 38.6582298279
    max: 947.4609375
    mean: 716.81640625
    median: 710.595703125
    min: 710.595703125
    skew: 6.32920122147
    var: 1228.69165039

SpecCent:
    dmean: 5.35780763626
    dmean2: 7.27045536041
    dvar: 440.80859375
    dvar2: 414.294250488
    kurt: 39.6962661743
    max: 845.098327637
    mean: 702.06628418
    median: 698.893066406
    min: 696.903320312
    skew: 6.44389724731
    var: 466.735168457

Zcr:
    dmean: 0.001220703125
    dmean2: 0.00104469479993
    dvar: 1.48957424244e-05
    dvar2: 9.83151312539e-06
    kurt: 17.4841194153
    max: 0.03173828125
    mean: 0.0302734375
    median: 0.03173828125
    min: 0.0009765625
    skew: -4.20072841644
    var: 2.97864280583e-05

HarmonicAmpFreq:
    dmean: [0.964770257473]
    dmean2: [0.970297157764]
    dvar: [38.6446456909]
    dvar2: [38.1555747986]
    kurt: [39.9983444214]
    max: [698.528991699]
    mean: [697.569702148]
    median: [698.528991699]
    min: [656.079101562]
    skew: [-6.479637146]
    var: [39.1354217529]

HarmonicAmpMag:
    dmean: [8.21220237412e-05]
    dmean2: [0.000126087426906]
    dvar: [1.41624695971e-07]
    dvar2: [3.63792878488e-07]
    kurt: [40.0224189758]
    max: [0.00180839002132]
    mean: [4.02622426918e-05]
    median: [0]
    min: [0]
    skew: [6.48245668411]
    var: [7.1051978523e-08]

MfccCoeff:
    dmean: [2.03031229973, 2.29324245453, 0.902935385704, 0.625509083271, 1.21892678738, 1.03825461864, 0.318041205406, 0.503491342068, 0.864661574364, 0.743808746338, 0.232190385461, 0.376220881939, 0.730359077454]
    dmean2: [2.76550579071, 3.16010403633, 1.35873627663, 0.582517385483, 1.39018845558, 1.21361505985, 0.411655694246, 0.444123595953, 0.76233291626, 0.607371151447, 0.160140275955, 0.290305376053, 0.493684202433]
    dvar: [81.6530609131, 103.982933044, 16.8098011017, 8.73167133331, 35.5653762817, 25.0949993134, 2.18727087975, 5.04691123962, 14.9752168655, 9.78796005249, 0.840187251568, 2.185090065, 7.85696840286]
    dvar2: [173.315795898, 226.187454224, 42.1851730347, 6.84607076645, 47.406085968, 35.6312217712, 3.98634195328, 3.42496657372, 9.99588871002, 5.20530653, 0.376752316952, 1.09230518341, 3.91148734093]
    kurt: [19.2190055847, 20.7074985504, 38.9730072021, 33.9280395508, 33.1164550781, 32.1311836243, 23.2477321625, 31.8697891235, 32.7637634277, 31.2066955566, 27.6537628174, 26.4921779633, 24.6647357941]
    max: [-1084.78137207, 59.7019729614, 20.7037658691, 8.01086425781e-05, -6.103515625e-05, 2.28881835938e-05, -2.67028808594e-05, 17.2033023834, 30.1358909607, 26.3314151764, 8.7647895813, -3.0517578125e-05, -3.81469726562e-05]
    mean: [-1114.12036133, 25.0915718079, 2.44488191605, -21.0102977753, -32.4583320618, -26.0065383911, -5.79321241379, 16.6422901154, 29.044960022, 25.2497997284, 8.26596450806, -11.9072399139, -24.2167835236]
    median: [-1114.10327148, 25.0062675476, 2.08227539062, -21.6723442078, -33.2459983826, -26.5936698914, -5.85963439941, 17.2021427155, 30.0012321472, 26.1141605377, 8.5571937561, -12.3653869629, -25.1718559265]
    min: [-1138.42004395, 1.14440917969e-05, -6.103515625e-05, -21.7708854675, -39.0588340759, -32.7486534119, -9.35902404785, -5.34057617188e-05, -4.57763671875e-05, -2.28881835938e-05, -2.67028808594e-05, -12.3673782349, -25.2041282654]
    skew: [1.25240087509, 2.11812067032, 6.34764814377, 5.84135103226, 5.68589639664, 5.49983978271, 3.1109855175, -5.62789821625, -5.7142124176, -5.55350112915, -5.25031375885, 5.08306312561, 4.92217254639]
    var: [33.0300292969, 41.4472198486, 7.67235565186, 10.8457326889, 26.191368103, 17.067155838, 1.04435837269, 7.01040792465, 21.0656108856, 16.2922000885, 1.8639806509, 3.92499804497, 16.8940353394]

SpecContrastCoeff:
    dmean: [0.0491064153612, 0.0281043760478, 0.0309799201787, 0.0170393679291, 0.0155787700787, 0.00884541496634]
    dmean2: [0.0926955938339, 0.0512373670936, 0.0436693280935, 0.032037883997, 0.0301046315581, 0.0166181176901]
    dvar: [0.000812827027403, 0.000353050767444, 0.00259575783275, 0.000100030119938, 8.30591015983e-05, 4.4207143219e-05]
    dvar2: [0.00224733143114, 0.000734395172913, 0.00196648482233, 0.000381951889722, 0.000287755421596, 0.000134056812385]
    kurt: [3.51314878464, 6.12728023529, 20.9238910675, -0.382347345352, -0.0622763633728, 5.57092952728]
    max: [-0.769651651382, -0.768986403942, -0.446048915386, -0.911283910275, -0.898921728134, -0.908659398556]
    mean: [-0.826497793198, -0.880328476429, -0.483833134174, -0.940364003181, -0.925017893314, -0.923051953316]
    median: [-0.831042468548, -0.886747956276, -0.467108726501, -0.943779826164, -0.926857352257, -0.923010349274]
    min: [-0.984520435333, -0.977165341377, -0.946472227573, -0.955438554287, -0.950963556767, -0.960483372211]
    skew: [-1.42743170261, 0.942201375961, -4.53454685211, 0.750852823257, 0.136770933867, -1.62726247311]
    var: [0.00174808071461, 0.000843178888317, 0.00676159607247, 0.000137326598633, 0.000103542319266, 7.71861305111e-05]

SpecPeakAmp:
    dmean: [4.20309834226e-06, 8.28450283734e-05, 1.88383819477e-06, 1.64124435287e-06, 1.52965901634e-06]
    dmean2: [6.07965148447e-06, 0.000127378560137, 3.15582110488e-06, 2.6866416647e-06, 2.42627857006e-06]
    dvar: [1.73544081883e-10, 1.41581395496e-07, 2.25437446488e-11, 1.7179885986e-11, 1.15661265288e-11]
    dvar2: [4.34360686308e-10, 3.63428426908e-07, 5.64933690106e-11, 4.19726892131e-11, 2.71879168484e-11]
    kurt: [34.4357261658, 40.0223731995, 37.1123962402, 35.1806526184, 27.6304130554]
    max: [7.36403817427e-05, 0.00180839002132, 2.45655191975e-05, 2.14650335693e-05, 1.78667014552e-05]
    mean: [1.76740286406e-05, 4.17913106503e-05, 2.09697668652e-06, 1.97385725187e-06, 2.13404791793e-06]
    median: [1.6645024516e-05, 1.75110108103e-06, 1.71364001744e-06, 1.56349187819e-06, 1.6912904357e-06]
    min: [3.41093914358e-06, 6.97525877058e-07, 4.06838779554e-07, 2.89562393618e-07, 2.27675258202e-07]
    skew: [5.72067308426, 6.48245239258, 6.14202165604, 5.94240379333, 5.18800926208]
    var: [7.64770399786e-11, 7.0929175422e-08, 1.18837691424e-11, 9.17098948866e-12, 6.73549323954e-12]
