
metadata:
    version:
        essentia: "2.1-beta3"

Flux:
    dmean: 0.00368231185712
    dmean2: 0.00483698071912
    dvar: 0.000143248573295
    dvar2: 0.000282023946056
    kurt: 9.63099384308
    max: 0.0697301477194
    mean: 0.00474586058408
    median: 0.000162380223628
    min: 1.55277666636e-05
    skew: 3.30032062531
    var: 0.000232272490393

Rms:
    dmean: 0.00146803632379
    dmean2: 0.00114415271673
    dvar: 2.63086512859e-05
    dvar2: 1.18485731946e-05
    kurt: 20.9519119263
    max: 0.0501690022647
    mean: 0.0483468957245
    median: 0.0501156039536
    min: 0.00897691957653
    skew: -4.54455089569
    var: 4.87386605528e-05

RollOff:
    dmean: 5.87269163132
    dmean2: 5.5084939003
    dvar: 1040.40332031
    dvar2: 864.664428711
    kurt: 38.6582298279
    max: 947.4609375
    mean: 716.81640625
    median: 710.595703125
    min: 710.595703125
    skew: 6.32920122147
    var: 1228.69165039

SpecCent:
    dmean: 4.94766378403
    dmean2: 6.90211105347
    dvar: 340.300720215
    dvar2: 321.914489746
    kurt: 39.6394882202
    max: 826.340332031
    mean: 701.125976562
    median: 698.458312988
    min: 696.324707031
    skew: 6.43710136414
    var: 357.932952881

Zcr:
    dmean: 0.00119850854389
    dmean2: 0.00104469479993
    dvar: 1.46134816532e-05
    dvar2: 9.85369115369e-06
    kurt: 17.8014373779
    max: 0.03173828125
    mean: 0.0303168408573
    median: 0.03173828125
    min: 0.00146484375
    skew: -4.23183488846
    var: 2.85765599983e-05

HarmonicAmpFreq:
    dmean: [1.24824666977]
    dmean2: [1.43235743046]
    dvar: [51.2046737671]
    dvar2: [52.0289154053]
    kurt: [39.8951377869]
    max: [698.529296875]
    mean: [696.867553711]
    median: [697.813476562]
    min: [649.648803711]
    skew: [-6.46727275848]
    var: [50.7484283447]

HarmonicAmpMag:
    dmean: [0.0153308901936]
    dmean2: [0.0291796866804]
    dvar: [0.000748785212636]
    dvar2: [0.00149641721509]
    kurt: [0.122181892395]
    max: [0.0674429908395]
    mean: [0.0533513538539]
    median: [0.0674333646894]
    min: [0]
    skew: [-1.43996286392]
    var: [0.000727087608539]

MfccCoeff:
    dmean: [13.623415947, 11.5446081161, 5.38862895966, 5.08826875687, 3.0437643528, 3.06833934784, 4.71920919418, 5.37188243866, 4.18801164627, 1.8791282177, 2.26442146301, 2.05842351913, 2.0956568718]
    dmean2: [21.1691207886, 18.533203125, 10.2561693192, 8.67730426788, 4.17810201645, 5.25217437744, 9.36950492859, 9.326795578, 6.64479255676, 2.22103095055, 4.02778434753, 3.5265045166, 2.71967101097]
    dvar: [2161.94604492, 871.545898438, 10.3744726181, 13.7851037979, 30.3326740265, 23.3230953217, 5.05740308762, 9.33955287933, 34.9462852478, 37.0237159729, 6.16553354263, 4.52370548248, 28.9178829193]
    dvar2: [5278.84521484, 2027.04602051, 25.6541919708, 18.9542045593, 13.8276691437, 30.3794746399, 16.7686100006, 19.4371948242, 31.088262558, 42.1500320435, 9.28409194946, 5.0641951561, 28.6258850098]
    kurt: [35.5643997192, 27.9153652191, 5.55079746246, 19.3283615112, 25.3836555481, 18.4518222809, -0.450279474258, 14.4137229919, 17.6043891907, 16.8339080811, 11.7551412582, 14.2756919861, 15.2745323181]
    max: [-876.274902344, 183.012161255, 24.6003456116, -8.32099533081, -16.0162467957, -14.8975448608, -6.58797836304, 36.4651298523, 61.5449028015, 54.4844894409, 20.1737480164, -1.56777191162, -1.11460876465]
    mean: [-1078.21618652, 60.762260437, 7.47571277618, -44.2117538452, -69.6898422241, -56.5084533691, -14.7155599594, 31.4006690979, 56.7702789307, 49.9461975098, 17.6549797058, -20.3127326965, -43.4102516174]
    median: [-1082.81420898, 57.8500137329, 6.52947998047, -45.9791641235, -71.991394043, -58.672328949, -15.1612167358, 31.9331760406, 58.9644737244, 52.1195602417, 18.864528656, -20.795463562, -45.4786186218]
    min: [-1121.03320312, 19.0887565613, 2.43914413452, -49.2174453735, -76.6518249512, -62.4039573669, -18.4578018188, -0.0531845092773, 3.8320350647, 3.15595245361, 0.32368850708, -22.9636001587, -46.4882926941]
    skew: [5.91394519806, 4.86599969864, 1.87338650227, 4.05230569839, 5.00380325317, 4.38207817078, 0.599726676941, -3.43536138535, -4.23105669022, -4.18609571457, -3.4271042347, 3.74373102188, 4.00293207169]
    var: [980.016296387, 404.122406006, 15.4493541718, 41.1424713135, 82.2936782837, 62.518989563, 9.15401172638, 36.8169975281, 100.937324524, 81.1500320435, 13.4596099854, 14.2487850189, 69.9682388306]

SpecContrastCoeff:
    dmean: [0.0285917352885, 0.0390284433961, 0.0350319668651, 0.0147264162078, 0.0115780327469, 0.0125106284395]
    dmean2: [0.0544554628432, 0.0701943486929, 0.044741962105, 0.0273645762354, 0.0204799491912, 0.0229873862118]
    dvar: [0.00066258746665, 0.000719313102309, 0.00465346686542, 0.000100671852124, 0.000106206905912, 0.000142914883327]
    dvar2: [0.00196433253586, 0.00150650378782, 0.00274887261912, 0.000237236105022, 0.000231519559748, 0.000356773729436]
    kurt: [1.13662290573, 6.22956371307, 23.5596256256, 1.83718633652, 1.79367351532, 0.397861003876]
    max: [-0.887122511864, -0.691052317619, -0.270731836557, -0.888838291168, -0.908332169056, -0.924273312092]
    mean: [-0.950509727001, -0.845159471035, -0.315084993839, -0.939274609089, -0.951314628124, -0.953650057316]
    median: [-0.96020925045, -0.853173196316, -0.293804556131, -0.945480108261, -0.958154857159, -0.960017561913]
    min: [-0.980298101902, -0.970947623253, -0.929805874825, -0.951751172543, -0.959822416306, -0.962566196918]
    skew: [1.44788968563, 0.999377191067, -4.79822015762, 1.48643100262, 1.61389887333, 1.38501787186]
    var: [0.000507356540766, 0.00148260977585, 0.0111540611833, 0.000219997105887, 0.000154416382429, 0.000144492732943]

SpecPeakAmp:
    dmean: [8.28789561638e-05, 0.00185230851639, 0.0337205566466, 0.0337179079652, 0.0245225895196]
    dmean2: [0.000133646506583, 0.00284464191645, 0.0689886584878, 0.0689874738455, 0.050152990967]
    dvar: [8.47225933853e-08, 7.08956431481e-05, 0.00113307614811, 0.00113338336814, 0.00104963197373]
    dvar2: [2.15735184383e-07, 0.000181996758329, 0.00263119465671, 0.00200032978319, 0.00297448248602]
    kurt: [39.6354370117, 40.0222625732, -1.13221931458, -1.3341037035, 0.841190576553]
    max: [0.00147786934394, 0.0404611416161, 0.0674428120255, 0.0674425363541, 0.0674429908395]
    mean: [6.84095357428e-05, 0.00093432306312, 0.0195234715939, 0.0210269931704, 0.0120307989419]
    median: [3.60687663488e-05, 3.68540349882e-05, 5.49475225853e-05, 6.2171719037e-05, 4.82794930576e-05]
    min: [1.10041410153e-05, 8.9440800366e-06, 8.72070268088e-06, 6.18067588221e-06, 4.82323184769e-06]
    skew: [6.43666601181, 6.48243808746, 0.931532621384, 0.816011488438, 1.68557488918]
    var: [4.53544082291e-08, 3.5508590372e-05, 0.000932497379836, 0.00097272254061, 0.000663834216539]
