
metadata:
    version:
        essentia: "2.1-beta3"

Flux:
    dmean: 0.00279987300746
    dmean2: 0.00373290409334
    dvar: 8.37594561744e-05
    dvar2: 0.000165378194652
    kurt: 9.5229434967
    max: 0.053020182997
    mean: 0.00358148757368
    median: 6.08567715972e-05
    min: 1.23693489513e-05
    skew: 3.287566185
    var: 0.000136085393024

Rms:
    dmean: 0.00112033158075
    dmean2: 0.000847239978611
    dvar: 1.51442536662e-05
    dvar2: 6.71685620546e-06
    kurt: 20.8098049164
    max: 0.0384108349681
    mean: 0.0370026677847
    median: 0.0383529178798
    min: 0.006993196439
    skew: -4.52851247787
    var: 2.84112811642e-05

RollOff:
    dmean: 6.85147380829
    dmean2: 6.51003837585
    dvar: 1744.54382324
    dvar2: 1521.18762207
    kurt: 39.586265564
    max: 1636.5234375
    mean: 1342.23632812
    median: 1335.05859375
    min: 1335.05859375
    skew: 6.43311929703
    var: 1978.36315918

SpecCent:
    dmean: 9.25473022461
    dmean2: 10.4146442413
    dvar: 1401.13781738
    dvar2: 1215.36132812
    kurt: 39.2151489258
    max: 1593.11523438
    mean: 1323.96679688
    median: 1317.52478027
    min: 1313.94580078
    skew: 6.38964653015
    var: 1662.07885742

Zcr:
    dmean: 0.00224165478721
    dmean2: 0.00189634808339
    dvar: 5.36909647053e-05
    dvar2: 3.67631546396e-05
    kurt: 18.0337371826
    max: 0.06005859375
    mean: 0.0572482645512
    median: 0.0595703125
    min: 0.001953125
    skew: -4.25610160828
    var: 0.000104174672742

HarmonicAmpFreq:
    dmean: [0.153076171875]
    dmean2: [0.156636089087]
    dvar: [1.00758957863]
    dvar2: [1.03046417236]
    kurt: [40.0327072144]
    max: [1326.26708984]
    mean: [1319.68103027]
    median: [1319.53173828]
    min: [1319.53173828]
    skew: [6.48364877701]
    var: [0.985707938671]

HarmonicAmpMag:
    dmean: [1.3141193449e-06]
    dmean2: [1.34468029955e-06]
    dvar: [7.42571212853e-11]
    dvar2: [7.5942939437e-11]
    kurt: [40.0227279663]
    max: [5.78212529945e-05]
    mean: [1.28491672058e-06]
    median: [0]
    min: [0]
    skew: [6.48249387741]
    var: [7.26444876475e-11]

MfccCoeff:
    dmean: [11.840839386, 3.62342000008, 2.48842763901, 1.37794137001, 0.242585271597, 1.03353893757, 0.839225530624, 0.496921032667, 1.1998333931, 0.46820050478, 0.885086417198, 1.20588481426, 0.0847095176578]
    dmean2: [17.5186901093, 5.18652820587, 3.22032737732, 1.2967312336, 0.291796654463, 0.889742493629, 0.543539643288, 0.428586661816, 1.01769649982, 0.511201024055, 0.933105826378, 1.29684698582, 0.136097490788]
    dvar: [2771.35083008, 244.413528442, 113.565628052, 38.99036026, 0.74906027317, 20.2547779083, 9.60267925262, 3.43008327484, 19.6433773041, 2.88598918915, 11.9157075882, 20.1459331512, 0.125468954444]
    dvar2: [6943.13964844, 596.208007812, 239.001541138, 42.1477661133, 1.04260468483, 10.5035915375, 4.48453855515, 2.82310128212, 15.2723245621, 3.10579991341, 12.6391401291, 22.2287330627, 0.333279579878]
    kurt: [38.3299255371, 33.9455909729, 16.741027832, 26.0912322998, 24.157585144, 31.1100845337, 22.8619499207, 20.7895259857, 23.2537994385, 20.3471126556, 18.5679416656, 18.4791679382, 26.9753913879]
    max: [-865.334533691, 85.8732147217, -5.60134887695, -7.63712692261, -0.116744995117, 52.0824279785, 42.5133743286, -1.70419311523, -6.1342010498, -3.01100158691, 33.0786094666, 44.5694046021, 2.3669128418]
    mean: [-1098.14575195, 20.4722061157, -35.4890937805, -45.4155921936, -0.335099279881, 44.2031669617, 33.6842422485, -17.4711322784, -45.9152565002, -17.6303424835, 31.0291690826, 40.2848358154, 0.417206585407]
    median: [-1103.26342773, 19.0390739441, -35.0069541931, -45.6494827271, -0.116806030273, 44.99609375, 34.3084182739, -18.1251754761, -47.2856369019, -18.0893096924, 32.2785453796, 41.8345413208, 0.338775634766]
    min: [-1132.46813965, 3.36420822144, -69.1166763306, -63.6825332642, -5.69151306152, 6.608543396, 5.58821487427, -18.7946166992, -51.9496078491, -21.2267684937, 2.94379806519, 4.49405670166, 0.338592529297]
    skew: [6.26898145676, 5.67208480835, -0.847326993942, 4.08113956451, -4.90884542465, -5.42456960678, -4.4527220726, 4.5851726532, 4.8524518013, 4.50094127655, -4.38652420044, -4.36456871033, 5.11857795715]
    var: [1257.11462402, 105.163284302, 48.5501747131, 40.5381889343, 0.842916190624, 36.1915435791, 23.674118042, 7.98724555969, 47.9778862, 7.0643901825, 27.6093921661, 44.8430519104, 0.104337282479]

SpecContrastCoeff:
    dmean: [0.0338291525841, 0.0152249364182, 0.0146750509739, 0.0264236554503, 0.0124427974224, 0.0120386425406]
    dmean2: [0.0593974851072, 0.0267175156623, 0.0234877038747, 0.0292255654931, 0.0210238937289, 0.0217270962894]
    dvar: [0.00102335843258, 0.000155113972141, 0.000276693317574, 0.00309545453638, 8.28066258691e-05, 0.00013256931561]
    dvar2: [0.00287086842582, 0.000270581484074, 0.000470539584057, 0.00229821586981, 0.000184303207789, 0.000330507260514]
    kurt: [1.42822504044, 0.898090362549, 5.35433864594, 19.5301780701, -0.00148034095764, 1.11052656174]
    max: [-0.864953279495, -0.927330851555, -0.835375249386, -0.313300967216, -0.909239888191, -0.922684907913]
    mean: [-0.948957920074, -0.97343724966, -0.931565582752, -0.359273195267, -0.939689815044, -0.954103529453]
    median: [-0.957447886467, -0.980786263943, -0.939375936985, -0.340267717838, -0.944188773632, -0.95966142416]
    min: [-0.991205811501, -0.986952424049, -0.950026094913, -0.846395432949, -0.949733376503, -0.962179720402]
    skew: [1.4452123642, 1.33179152012, 2.4744644165, -4.41023159027, 1.04293060303, 1.52441060543]
    var: [0.000865907059051, 0.000250476063229, 0.000674509967212, 0.00781889259815, 0.00011456223001, 0.000115935094072]

SpecPeakAmp:
    dmean: [2.23360530072e-05, 2.0793364456e-05, 2.17036686081e-05, 2.25160310947e-05, 2.27428499784e-05]
    dmean2: [3.5993190977e-05, 3.25482687913e-05, 3.34695396305e-05, 3.44984364347e-05, 3.48297107848e-05]
    dvar: [5.73475800181e-09, 5.26233323583e-09, 5.97485039222e-09, 6.58630172623e-09, 7.05194436179e-09]
    dvar2: [1.47213441437e-08, 1.40060043563e-08, 1.55921604517e-08, 1.71154415085e-08, 1.83071122706e-08]
    kurt: [39.3370819092, 37.9063682556, 39.4660224915, 39.4408302307, 39.5963935852]
    max: [0.000380862591555, 0.000381578109227, 0.000383892212994, 0.000400001299568, 0.000412052933825]
    mean: [2.14291576413e-05, 1.78318114195e-05, 1.70295243151e-05, 1.7610280338e-05, 1.79873240995e-05]
    median: [1.325285848e-05, 8.94386357686e-06, 9.18128353078e-06, 9.33458250074e-06, 9.31857812247e-06]
    min: [4.92488061354e-06, 1.22281255699e-06, 1.6755705019e-06, 2.3405398224e-06, 2.57476813204e-06]
    skew: [6.40146923065, 6.24541330338, 6.41713428497, 6.41481208801, 6.43258619308]
    var: [2.95990920662e-09, 3.08416159278e-09, 3.07883696316e-09, 3.34598104779e-09, 3.54690610216e-09]
