
metadata:
    version:
        essentia: "2.1-beta3"

Flux:
    dmean: 0.03297245875
    dmean2: 0.0431346222758
    dvar: 0.0116156665608
    dvar2: 0.0223619993776
    kurt: 9.44915866852
    max: 0.642428398132
    mean: 0.0435879342258
    median: 0.00140792364255
    min: 5.680407412e-05
    skew: 3.2732489109
    var: 0.0195883698761

Rms:
    dmean: 0.0134687777609
    dmean2: 0.0105239031836
    dvar: 0.00222560181282
    dvar2: 0.00100670638494
    kurt: 21.1509609222
    max: 0.462224513292
    mean: 0.445526719093
    median: 0.46171104908
    min: 0.0826873481274
    skew: -4.56383371353
    var: 0.00411660922691

RollOff:
    dmean: 5.38330078125
    dmean2: 5.0077214241
    dvar: 845.686950684
    dvar2: 686.615844727
    kurt: 38.3793106079
    max: 925.927734375
    mean: 716.337890625
    median: 710.595703125
    min: 710.595703125
    skew: 6.29871559143
    var: 1018.03265381

SpecCent:
    dmean: 4.89261817932
    dmean2: 6.85032606125
    dvar: 330.763336182
    dvar2: 313.10067749
    kurt: 39.6413879395
    max: 824.457336426
    mean: 701.070861816
    median: 698.438354492
    min: 696.392822266
    skew: 6.43731021881
    var: 347.551269531

Zcr:
    dmean: 0.00117631396279
    dmean2: 0.000987917883322
    dvar: 1.46445127029e-05
    dvar2: 9.89701493381e-06
    kurt: 18.1294937134
    max: 0.03173828125
    mean: 0.0303168408573
    median: 0.03173828125
    min: 0.0009765625
    skew: -4.26361131668
    var: 2.92229360639e-05

HarmonicAmpFreq:
    dmean: [1.1353815794]
    dmean2: [1.18505144119]
    dvar: [52.9852180481]
    dvar2: [54.0808486938]
    kurt: [39.9862442017]
    max: [698.528381348]
    mean: [696.755554199]
    median: [697.811035156]
    min: [648.916809082]
    skew: [-6.47813224792]
    var: [52.0345153809]

HarmonicAmpMag:
    dmean: [0.0282938294113]
    dmean2: [0.0376850515604]
    dvar: [0.0125226760283]
    dvar2: [0.0183243062347]
    kurt: [8.76369476318]
    max: [0.621381282806]
    mean: [0.574389100075]
    median: [0.621310353279]
    min: [0]
    skew: [-3.23636770248]
    var: [0.0248869527131]

MfccCoeff:
    dmean: [33.5362815857, 26.3472957611, 39.6194877625, 6.25689220428, 6.85779285431, 5.92048931122, 2.90992188454, 2.5818567276, 2.98297524452, 3.28962159157, 1.57179188728, 1.25944137573, 1.96833217144]
    dmean2: [56.7566261292, 48.8973464966, 79.2958984375, 11.5317735672, 11.1764593124, 10.9829950333, 5.36295604706, 3.30884861946, 3.82084965706, 4.7748003006, 1.95718741417, 2.14682936668, 2.69234061241]
    dvar: [5300.29541016, 239.946578979, 500.390319824, 48.087890625, 67.6399230957, 39.4345359802, 8.77171134949, 14.6316623688, 43.4480018616, 36.9863967896, 7.03400754929, 6.75613689423, 28.3237800598]
    dvar2: [13004.0957031, 705.217834473, 1784.5123291, 107.518348694, 86.8202590942, 73.338470459, 24.0273132324, 16.7855415344, 45.289226532, 37.8960227966, 5.36259937286, 11.442196846, 32.160282135]
    kurt: [30.5646591187, 1.32176208496, -1.22940969467, 6.89247322083, 7.15165615082, 10.2380847931, 1.49685573578, 15.409526825, 15.8228359222, 16.6768226624, 18.5928611755, 9.7546749115, 14.1149787903]
    max: [-632.905334473, 214.787780762, 38.8264198303, -30.0783462524, -30.6361351013, -19.9205551147, -6.57333564758, 35.7398643494, 60.2970924377, 51.8194503784, 18.1646537781, -6.85112190247, -3.08126831055]
    mean: [-954.741394043, 152.115982056, 3.70669126511, -63.2561378479, -80.8815231323, -58.7606735229, -13.3383779526, 30.907125473, 54.826625824, 47.4243392944, 16.2621746063, -20.4037132263, -42.4512481689]
    median: [-958.987670898, 156.646636963, 5.4599609375, -63.2021560669, -82.3099060059, -60.7430686951, -12.7627410889, 32.443687439, 57.3210334778, 49.6641845703, 17.3857383728, -20.9881210327, -44.3921012878]
    min: [-1017.55737305, 117.713539124, -35.7142448425, -78.1429214478, -100.001800537, -69.501159668, -21.1062164307, 1.39725494385, 4.02906417847, -1.15691375732, -6.16589164734, -24.1480484009, -46.8250083923]
    skew: [5.36918497086, 0.370981276035, -0.0548193752766, 2.09906792641, 2.25735116005, 3.01276874542, -0.571353971958, -3.77662038803, -4.02171373367, -4.09135198593, -4.22305822372, 3.20832180977, 3.87331271172]
    var: [2671.57177734, 341.940826416, 539.118591309, 75.9822006226, 136.992752075, 75.5027770996, 8.14977550507, 31.7982959747, 97.392250061, 85.0904159546, 16.7258033752, 11.2800388336, 64.0515365601]

SpecContrastCoeff:
    dmean: [0.0401198938489, 0.0477043166757, 0.0344569459558, 0.0166067518294, 0.0109075754881, 0.00709073524922]
    dmean2: [0.0776114165783, 0.0881696939468, 0.0399406440556, 0.0327111966908, 0.0197582431138, 0.0116576096043]
    dvar: [0.00145900028292, 0.00178641895764, 0.00827850867063, 0.000173413995071, 0.000128561296151, 0.000145199504914]
    dvar2: [0.00427866075188, 0.00381132937036, 0.0039039645344, 0.000362961087376, 0.000282722146949, 0.000275708793197]
    kurt: [1.81009054184, 4.0252737999, 27.8317832947, 3.62059116364, 4.2990026474, 8.16030216217]
    max: [-0.857267022133, -0.665337026119, -0.0959318876266, -0.86449432373, -0.889958381653, -0.897903621197]
    mean: [-0.962271809578, -0.803816378117, -0.139299094677, -0.926110982895, -0.943044602871, -0.950617074966]
    median: [-0.977927327156, -0.813098430634, -0.113300338387, -0.933704435825, -0.949885904789, -0.955223679543]
    min: [-0.985950112343, -0.962563276291, -0.910195529461, -0.93963432312, -0.950649261475, -0.956656098366]
    skew: [1.72487843037, 0.34136530757, -5.21179008484, 1.94769322872, 2.17767214775, 2.88510107994]
    var: [0.00114825321361, 0.00206194561906, 0.016056381166, 0.000328594498569, 0.000183573531103, 0.000139606272569]

SpecPeakAmp:
    dmean: [0.00077255780343, 0.129908069968, 0.225834608078, 0.0850090906024, 0.000289957912173]
    dmean2: [0.00121876876801, 0.257118046284, 0.461771130562, 0.173761606216, 0.000458376365714]
    dvar: [7.31554064259e-06, 0.0594901069999, 0.0890253856778, 0.0453287102282, 5.27751353729e-07]
    dvar2: [1.87438909052e-05, 0.165074214339, 0.234555006027, 0.131110027432, 1.29523346004e-06]
    kurt: [38.8006706238, 2.01740121841, -1.13215219975, 10.0709562302, 24.4560623169]
    max: [0.0136234341189, 0.621380507946, 0.621381282806, 0.621352374554, 0.00351731851697]
    mean: [0.000610657676589, 0.0915607959032, 0.442086458206, 0.0419339388609, 0.000223724302487]
    median: [0.000299600011203, 0.000528449076228, 0.62128919363, 0.000484121759655, 8.44474561745e-05]
    min: [2.84983816528e-05, 0.000138594259624, 7.99559857114e-05, 3.04642526316e-05, 2.66628503596e-05]
    skew: [6.34341573715, 1.9833189249, -0.931569397449, 3.47428750992, 4.8857293129]
    var: [3.90442255593e-06, 0.0461734719574, 0.0790781453252, 0.0239776074886, 3.14688492153e-07]
