
metadata:
    version:
        essentia: "2.1-beta3"

Flux:
    dmean: 0.017824023962
    dmean2: 0
    dvar: 0
    dvar2: 0
    kurt: -2
    max: 0.387751698494
    mean: 0.378839671612
    median: 0.378839671612
    min: 0.369927674532
    skew: 5.01918111695e-06
    var: 7.94239604147e-05

Rms:
    dmean: 0
    dmean2: 0
    dvar: 0
    dvar2: 0
    kurt: 0
    max: 0.133131340146
    mean: 0.133131340146
    median: 0.133131340146
    min: 0.133131340146
    skew: 0
    var: 0

RollOff:
    dmean: 279.931640625
    dmean2: 0
    dvar: 0
    dvar2: 0
    kurt: -2
    max: 1248.92578125
    mean: 1108.95996094
    median: 1108.95996094
    min: 968.994140625
    skew: 0
    var: 19590.4316406

SpecCent:
    dmean: 0.281921386719
    dmean2: 0
    dvar: 0
    dvar2: 0
    kurt: -1.99999976158
    max: 884.176452637
    mean: 884.035522461
    median: 884.035522461
    min: 883.89453125
    skew: -0.000649477122352
    var: 0.0198699180037

Zcr:
    dmean: 0
    dmean2: 0
    dvar: 0
    dvar2: 0
    kurt: 0
    max: 0.0126953125
    mean: 0.0126953125
    median: 0.0126953125
    min: 0.0126953125
    skew: 0
    var: 0

HarmonicAmpFreq:
    dmean: [26.0123291016]
    dmean2: [0]
    dvar: [0]
    dvar2: [0]
    kurt: [-2]
    max: [898.691101074]
    mean: [885.684936523]
    median: [885.684936523]
    min: [872.678771973]
    skew: [0]
    var: [169.160308838]

HarmonicAmpMag:
    dmean: [0.105747289956]
    dmean2: [0]
    dvar: [0]
    dvar2: [0]
    kurt: [-2]
    max: [0.105747289956]
    mean: [0.0528736449778]
    median: [0.0528736449778]
    min: [0]
    skew: [0]
    var: [0.0027956222184]

MfccCoeff:
    dmean: [314.915161133, 87.91015625, 11.2222251892, 62.1749916077, 0.134963989258, 43.1119651794, 33.2686042786, 12.1704826355, 23.9338645935, 8.1449546814, 8.72339820862, 6.66728591919, 0.604856491089]
    dmean2: [0, 0, 0, 0, 0, 0, 0, 0, 0, 0, 0, 0, 0]
    dvar: [0, 0, 0, 0, 0, 0, 0, 0, 0, 0, 0, 0, 0]
    dvar2: [0, 0, 0, 0, 0, 0, 0, 0, 0, 0, 0, 0, 0]
    kurt: [-2, -2, -2, -2, -2, -1.99999988079, -2, -2, -2, -2, -2, -2, -2]
    max: [-662.088256836, 226.365966797, -19.2661743164, -43.6194801331, -48.557723999, 33.5301513672, 48.0490951538, 23.3092021942, 8.41788864136, -4.45181655884, -1.31377792358, 2.71981048584, 1.72365570068]
    mean: [-819.545837402, 182.410888672, -24.877286911, -74.7069778442, -48.6252059937, 11.9741687775, 31.4147930145, 17.2239608765, -3.5490436554, -8.52429389954, -5.67547702789, -0.613832473755, 1.42122745514]
    median: [-819.545837402, 182.410888672, -24.877286911, -74.7069778442, -48.6252059937, 11.9741687775, 31.4147930145, 17.2239608765, -3.5490436554, -8.52429389954, -5.67547702789, -0.613832473755, 1.42122745514]
    min: [-977.003417969, 138.455810547, -30.4883995056, -105.794471741, -48.6926879883, -9.58181381226, 14.7804908752, 11.1387195587, -15.5159759521, -12.5967712402, -10.0371761322, -3.94747543335, 1.11879920959]
    skew: [0, 0, 0, 1.95026700567e-07, 0, 0, 0, 0, 0, 0, 0, 0, 0]
    var: [24792.890625, 1932.0489502, 31.4845848083, 966.432373047, 0.00455381954089, 464.660400391, 276.700012207, 37.0301628113, 143.207473755, 16.5850715637, 19.0244197845, 11.1131753922, 0.0914628431201]

SpecContrastCoeff:
    dmean: [0.00176405906677, 0.0908047556877, 0.0474051237106, 0.175612449646, 0.0168280005455, 0.00817865133286]
    dmean2: [0, 0, 0, 0, 0, 0]
    dvar: [0, 0, 0, 0, 0, 0]
    dvar2: [0, 0, 0, 0, 0, 0]
    kurt: [-2, -1.99999988079, -2, -2, -2, -2]
    max: [-0.972350478172, -0.821479856968, -0.729656755924, -0.581935942173, -0.867119729519, -0.91172426939]
    mean: [-0.973232507706, -0.866882205009, -0.75335931778, -0.669742166996, -0.875533699989, -0.915813565254]
    median: [-0.973232507706, -0.866882205009, -0.75335931778, -0.669742166996, -0.875533699989, -0.915813565254]
    min: [-0.974114537239, -0.912284612656, -0.777061879635, -0.757548391819, -0.883947730064, -0.919902920723]
    skew: [0, -1.94354402083e-06, 0, 0, -1.05924300442e-05, -2.18719342229e-05]
    var: [7.77976083555e-07, 0.00206137588248, 0.000561811437365, 0.0077099329792, 7.07954022801e-05, 1.67225844052e-05]

SpecPeakAmp:
    dmean: [0.105545632541, 0.0502260252833, 0.0240905079991, 0.0113666411489, 0.0064056571573]
    dmean2: [0, 0, 0, 0, 0]
    dvar: [0, 0, 0, 0, 0]
    dvar2: [0, 0, 0, 0, 0]
    kurt: [-2, -2, -2, -2, -1.99999988079]
    max: [0.105747289956, 0.0504321828485, 0.0243085250258, 0.0116048259661, 0.00667625805363]
    mean: [0.052974473685, 0.0253191702068, 0.0122632710263, 0.0059215053916, 0.00347342947498]
    median: [0.052974473685, 0.0253191702068, 0.0122632710263, 0.0059215053916, 0.00347342947498]
    min: [0.000201657545404, 0.000206156822969, 0.000218016211875, 0.000238184671616, 0.000270600925433]
    skew: [0, 0, -1.30104481855e-07, 0, 0]
    var: [0.00278497021645, 0.000630663416814, 0.000145088153658, 3.23001331708e-05, 1.02581107058e-05]
