
metadata:
    version:
        essentia: "2.1-beta3"

Flux:
    dmean: 6.54698669678e-06
    dmean2: 9.69741540757e-06
    dvar: 5.4227744517e-10
    dvar2: 1.16216625212e-09
    kurt: 13.8696269989
    max: 0.00012512790272
    mean: 7.46406749386e-06
    median: 1.21091943583e-06
    min: 2.42952779672e-07
    skew: 3.84821152687
    var: 5.71128977445e-10

Rms:
    dmean: 1.66861752859e-06
    dmean2: 1.54655867846e-06
    dvar: 4.25411234017e-11
    dvar2: 3.19806681137e-11
    kurt: 19.6126556396
    max: 0.000101390985947
    mean: 9.95011578198e-05
    median: 0.000101266166894
    min: 5.89352202951e-05
    skew: -4.50760650635
    var: 5.60833081364e-11

RollOff:
    dmean: 1.00154435635
    dmean2: 1.025390625
    dvar: 20.5633563995
    dvar2: 21.0285148621
    kurt: 17.0510482788
    max: 1421.19140625
    mean: 1400.6361084
    median: 1399.65820312
    min: 1399.65820312
    skew: 4.36493968964
    var: 20.1182975769

SpecCent:
    dmean: 3.03078722954
    dmean2: 3.04961585999
    dvar: 25.4199962616
    dvar2: 14.0663537979
    kurt: 15.1704349518
    max: 1552.59973145
    mean: 1511.51416016
    median: 1510.01342773
    min: 1506.1126709
    skew: 3.77403283119
    var: 62.8024787903

Zcr:
    dmean: 0.00161246361677
    dmean2: 0.0016973586753
    dvar: 4.17125374952e-05
    dvar2: 3.83199949283e-05
    kurt: 17.3657932281
    max: 0.0634765625
    mean: 0.0618008710444
    median: 0.0634765625
    min: 0.02880859375
    skew: -4.37395095825
    var: 4.49353610747e-05

HarmonicAmpFreq:
    dmean: [0]
    dmean2: [0]
    dvar: [0]
    dvar2: [0]
    kurt: [-2]
    max: [1396.91491699]
    mean: [1396.91430664]
    median: [1396.91491699]
    min: [1396.91491699]
    skew: [1]
    var: [3.72529029846e-07]

HarmonicAmpMag:
    dmean: [0]
    dmean2: [0]
    dvar: [0]
    dvar2: [0]
    kurt: [nan]
    max: [0]
    mean: [0]
    median: [0]
    min: [0]
    skew: [nan]
    var: [0]

MfccCoeff:
    dmean: [0.0688306242228, 0.0336970835924, 0.0740345790982, 0.0849531292915, 0.0152293359861, 0.0954923406243, 0.0508724488318, 0.0602770075202, 0.0925961881876, 0.00382232666016, 0.0899525135756, 0.0660904273391, 0.0442015193403]
    dmean2: [0.0706496462226, 0.0345967598259, 0.0760076642036, 0.0872214213014, 0.0156344454736, 0.0980373546481, 0.0522304698825, 0.0618827454746, 0.0950624346733, 0.00392459705472, 0.0923494622111, 0.0678521990776, 0.0453792735934]
    dvar: [0.110407404602, 0.0264545343816, 0.127679273486, 0.16809502244, 0.00540379853919, 0.21241338551, 0.0602830573916, 0.0846342518926, 0.199731916189, 0.000340358295944, 0.188478782773, 0.101746447384, 0.0455117449164]
    dvar2: [0.111650049686, 0.0267533026636, 0.12912389636, 0.169994562864, 0.00546498131007, 0.214815571904, 0.0609647482634, 0.0855919644237, 0.201991811395, 0.000344172178302, 0.190610915422, 0.102897562087, 0.0460265018046]
    kurt: [27.8014602661, 27.791021347, 27.7900562286, 27.7901649475, 27.7896327972, 27.7901115417, 27.79022789, 27.7901191711, 27.7900543213, 27.7895374298, 27.7900543213, 27.7901325226, 27.7900905609]
    max: [-1136.35925293, 1.00876998901, -6.103515625e-05, 8.01086425781e-05, 0.455841064453, 2.85842132568, 1.5227394104, -5.34057617188e-05, -4.57763671875e-05, -2.28881835938e-05, 2.6925163269, 1.97826385498, -3.81469726562e-05]
    mean: [-1136.42724609, 0.975382387638, -2.14284682274, -2.45857691765, 0.440762966871, 2.76384329796, 1.47234928608, -1.74463689327, -2.68008613586, -0.110659167171, 2.60342502594, 1.91280639172, -1.2793636322]
    median: [-1136.3605957, 1.00806808472, -2.21463775635, -2.54095077515, 0.455535888672, 2.85643768311, 1.52167892456, -1.80308532715, -2.76987457275, -0.114368438721, 2.69064712524, 1.97689437866, -1.32222747803]
    min: [-1138.42004395, 1.14440917969e-05, -2.21617126465, -2.54270553589, -6.103515625e-05, 2.28881835938e-05, -2.67028808594e-05, -1.80433654785, -2.77178955078, -0.114448547363, -2.67028808594e-05, -3.0517578125e-05, -1.32314300537]
    skew: [-5.29984140396, -5.29826450348, 5.29817581177, 5.29818820953, -5.29814004898, -5.29818248749, -5.29819345474, 5.29818153381, 5.29817771912, 5.29812717438, -5.29817390442, -5.29818439484, 5.29818058014]
    var: [0.10932585597, 0.0261940956116, 0.126424014568, 0.166443675756, 0.00535064609721, 0.210325136781, 0.0596908815205, 0.083802126348, 0.197767406702, 0.000337032426614, 0.186625570059, 0.100745886564, 0.0450644381344]

SpecContrastCoeff:
    dmean: [0.0232361666858, 0.014460475184, 0.0138890864328, 0.0145930564031, 0.00870646443218, 0.00724419485778]
    dmean2: [0.0367595367134, 0.0236201435328, 0.0247366335243, 0.0181037914008, 0.0135006029159, 0.0112637411803]
    dvar: [0.00143198517617, 0.000160649986356, 7.67138044466e-05, 0.00117939361371, 9.38503508223e-05, 0.000121909259178]
    dvar2: [0.00165184075013, 0.000333806732669, 0.000199214671738, 0.00106297666207, 0.000104402948637, 0.000146768245031]
    kurt: [13.5630874634, 1.99437761307, -0.816680431366, 16.9969367981, 13.3342075348, 12.179473877]
    max: [-0.627430796623, -0.88699644804, -0.893594801426, -0.59483808279, -0.8675532341, -0.855476438999]
    mean: [-0.657510340214, -0.931420922279, -0.916704237461, -0.616432189941, -0.885150194168, -0.874464213848]
    median: [-0.648793458939, -0.929581224918, -0.916667640209, -0.607326209545, -0.88488805294, -0.873530030251]
    min: [-0.853722631931, -0.986873209476, -0.942428410053, -0.808084249496, -0.949328958988, -0.935312151909]
    skew: [-3.71940159798, -0.356591761112, -0.127237856388, -4.20806646347, -3.14801692963, -3.24440407753]
    var: [0.00193583930377, 0.000278007268207, 0.000156721187523, 0.0014104800066, 0.000159409886692, 0.000167672158568]

SpecPeakAmp:
    dmean: [2.66321904974e-07, 1.2549106998e-07, 1.06578077919e-07, 6.88477044264e-08, 7.82775160246e-08]
    dmean2: [3.85005705539e-07, 2.04394552838e-07, 1.81382191045e-07, 1.02790387757e-07, 1.12813431485e-07]
    dvar: [5.00713240401e-13, 3.25178794482e-14, 2.41366239604e-14, 2.25040628222e-14, 3.11402989441e-14]
    dvar2: [4.89040611392e-13, 3.62976487788e-14, 3.13436512259e-14, 2.34457720301e-14, 3.52132128252e-14]
    kurt: [24.5040416718, 12.0344018936, 9.26856803894, 22.9155521393, 16.3638191223]
    max: [1.68943843164e-05, 1.14645979465e-06, 1.13627697829e-06, 1.01308819467e-06, 1.04134983303e-06]
    mean: [1.6613965272e-05, 1.79922196253e-07, 3.31319398583e-07, 1.1780784348e-07, 1.65948364383e-07]
    median: [1.67613616213e-05, 1.08838904112e-07, 3.64999920066e-07, 7.88470515545e-08, 1.36241396831e-07]
    min: [1.23998333947e-05, 3.63826941907e-08, 4.11574347936e-08, 3.89719581051e-08, 4.41411991403e-08]
    skew: [-4.97740888596, 3.10316729546, 1.76970481873, 4.70591497421, 4.17298126221]
    var: [5.24610411536e-13, 3.67785263236e-14, 2.91622533955e-14, 2.42543632341e-14, 3.19729323312e-14]
