
metadata:
    version:
        essentia: "2.1-beta3"

Flux:
    dmean: 0.000163155942573
    dmean2: 0.000214799292735
    dvar: 2.85474754946e-07
    dvar2: 5.60937053251e-07
    kurt: 9.6154499054
    max: 0.00311253522523
    mean: 0.000211284335819
    median: 5.67691722608e-06
    min: 3.83859560316e-06
    skew: 3.29833936691
    var: 4.63736427037e-07

Rms:
    dmean: 6.34070020169e-05
    dmean2: 4.63241303805e-05
    dvar: 5.12984996703e-08
    dvar2: 2.31316619193e-08
    kurt: 20.7596931458
    max: 0.00224055023864
    mean: 0.00215973495506
    median: 0.00223798281513
    min: 0.00041968957521
    skew: -4.52438688278
    var: 9.56703019028e-08

RollOff:
    dmean: 7.83025550842
    dmean2: 7.51158237457
    dvar: 2025.24182129
    dvar2: 1787.50793457
    kurt: 39.2822608948
    max: 1722.65625
    mean: 1407.79211426
    median: 1399.65820312
    min: 1399.65820312
    skew: 6.39822864532
    var: 2272.82763672

SpecCent:
    dmean: 7.57311439514
    dmean2: 6.89842319489
    dvar: 1392.13085938
    dvar2: 1222.00549316
    kurt: 39.2598266602
    max: 1667.95874023
    mean: 1401.33886719
    median: 1395.37719727
    min: 1389.79101562
    skew: 6.39499330521
    var: 1630.13232422

Zcr:
    dmean: 0.00223055761307
    dmean2: 0.00170330668334
    dvar: 6.10286042502e-05
    dvar2: 4.13558700529e-05
    kurt: 17.815656662
    max: 0.0634765625
    mean: 0.0606336817145
    median: 0.0634765625
    min: 0.001953125
    skew: -4.23542547226
    var: 0.000118184521853

HarmonicAmpFreq:
    dmean: [0.393818259239]
    dmean2: [0.400208950043]
    dvar: [6.57589149475]
    dvar2: [6.63241624832]
    kurt: [40.0237922668]
    max: [1414.48510742]
    mean: [1397.54431152]
    median: [1397.15710449]
    min: [1397.15710449]
    skew: [6.48260784149]
    var: [6.52243232727]

HarmonicAmpMag:
    dmean: [8.27427502372e-05]
    dmean2: [0.00012704290566]
    dvar: [1.43773760897e-07]
    dvar2: [3.6932152625e-07]
    kurt: [40.0223808289]
    max: [0.00182216404937]
    mean: [4.05735845561e-05]
    median: [0]
    min: [0]
    skew: [6.48245382309]
    var: [7.21381212543e-08]

MfccCoeff:
    dmean: [1.18707549572, 0.610209405422, 1.16753327847, 1.35892677307, 0.125031217933, 1.18671953678, 0.658058166504, 0.506893336773, 0.801289975643, 0.0702480003238, 0.708319425583, 0.542244017124, 0.290414720774]
    dmean2: [1.48997318745, 0.772173523903, 1.44021725655, 1.67871642113, 0.117759525776, 1.38153159618, 0.767429769039, 0.517232656479, 0.799175858498, 0.0719554796815, 0.605330169201, 0.419848829508, 0.238799780607]
    dvar: [28.7677173615, 7.54224824905, 28.3398208618, 38.329410553, 0.340586125851, 31.5478897095, 9.65532112122, 6.86717510223, 16.3743305206, 0.12256205827, 9.24920558929, 4.72040987015, 1.44227004051]
    dvar2: [50.3334732056, 13.489449501, 47.3109016418, 64.2801971436, 0.272339224815, 44.9099731445, 13.843460083, 6.89107275009, 15.599240303, 0.125473216176, 5.6843752861, 2.34622740746, 0.788432836533]
    kurt: [22.4418487549, 21.3944263458, 24.622543335, 24.3663692474, 33.5328636169, 30.3157577515, 29.9215698242, 34.0476341248, 33.7321243286, 31.3195762634, 30.9956512451, 27.8859138489, 30.1691741943]
    max: [-1104.52905273, 17.2690238953, -6.103515625e-05, 8.01086425781e-05, 4.28401184082, 36.431640625, 20.1315193176, -5.34057617188e-05, -4.57763671875e-05, -2.28881835938e-05, 24.1921043396, 18.4239749908, -3.81469726562e-05]
    mean: [-1116.60681152, 10.7995548248, -23.0847606659, -26.6787452698, 4.10936737061, 28.7336368561, 15.7748098373, -16.7067298889, -26.3877086639, -2.16530203819, 23.2694301605, 17.7343177795, -9.55867004395]
    median: [-1116.23522949, 10.9727287292, -23.522731781, -27.1817092896, 4.23896789551, 29.4150085449, 16.1488990784, -17.1981124878, -27.1858139038, -2.23321533203, 24.0702018738, 18.3919696808, -9.89357376099]
    min: [-1138.42004395, 1.14440917969e-05, -33.932674408, -39.4256362915, -6.103515625e-05, 2.28881835938e-05, -2.67028808594e-05, -17.3117828369, -27.2987747192, -2.24661254883, -2.67028808594e-05, -3.0517578125e-05, -9.98260879517]
    skew: [-3.46544241905, -3.1076977253, 4.09655284882, 4.03640031815, -5.80387544632, -5.3112154007, -5.25691175461, 5.8730340004, 5.84054517746, 5.61688804626, -5.53441238403, -5.22143173218, 5.44832038879]
    var: [14.7468967438, 3.74973416328, 15.5200090408, 20.8603916168, 0.417304515839, 21.4339733124, 6.5025510788, 6.85155105591, 17.1699104309, 0.12003043294, 13.8844385147, 8.48858070374, 2.37299418449]

SpecContrastCoeff:
    dmean: [0.0247119497508, 0.0154713308439, 0.010366612114, 0.0180407091975, 0.00595031678677, 0.00668232422322]
    dmean2: [0.0388411991298, 0.0248579308391, 0.0169749837369, 0.0207539256662, 0.00927748065442, 0.0108198439702]
    dvar: [0.00149016384967, 0.000129877778818, 0.000114347225463, 0.0025002444163, 3.47261375282e-05, 4.31891494372e-05]
    dvar2: [0.00252627651207, 0.000247126823524, 0.000243210641202, 0.00237739016302, 9.60624893196e-05, 0.000128636922454]
    kurt: [9.42570495605, 0.119772195816, 2.93144226074, 16.6277656555, 3.77935409546, 12.1555452347]
    max: [-0.69628739357, -0.891993105412, -0.895884037018, -0.446300059557, -0.900696098804, -0.909949421883]
    mean: [-0.751824080944, -0.93130427599, -0.94254720211, -0.476596713066, -0.922972023487, -0.923919141293]
    median: [-0.742397606373, -0.929872512817, -0.945261895657, -0.458256214857, -0.923749089241, -0.923965513706]
    min: [-0.976162612438, -0.979600012302, -0.960689902306, -0.880300223827, -0.938685595989, -0.959447085857]
    skew: [-3.08964848518, -0.223784565926, 1.69501531124, -4.14651584625, 1.05029809475, -2.50168585777]
    var: [0.00293513666838, 0.000347839697497, 0.000199532092665, 0.0060147671029, 3.4657510696e-05, 4.95626554766e-05]

SpecPeakAmp:
    dmean: [1.60132117344e-06, 1.26742031625e-06, 1.19321953207e-06, 8.30541612231e-05, 1.64530217717e-06]
    dmean2: [2.38013876697e-06, 2.00409999707e-06, 1.90280832157e-06, 0.000127539082314, 2.56791054198e-06]
    dvar: [2.47756190563e-11, 1.99340058349e-11, 1.92227501278e-11, 1.43898390093e-07, 3.77737875701e-11]
    dvar2: [4.88258877773e-11, 5.11390096936e-11, 5.11486721033e-11, 3.69507858977e-07, 9.68986557659e-11]
    kurt: [17.1366176605, 39.1497573853, 38.117603302, 40.0226135254, 39.7059631348]
    max: [3.14739845635e-05, 2.23818569793e-05, 2.32424572459e-05, 0.00182216404937, 3.05321154883e-05]
    mean: [1.66058271134e-05, 1.05984111087e-06, 1.24579435123e-06, 4.12073022744e-05, 1.42435681028e-06]
    median: [1.66842564795e-05, 5.28438135916e-07, 6.93776712524e-07, 7.10387666913e-07, 7.85676945725e-07]
    min: [5.78481603952e-07, 2.04233060686e-07, 2.44070236022e-07, 2.39619453168e-07, 2.0037364834e-07]
    skew: [-0.550182700157, 6.38188743591, 6.26983118057, 6.48248052597, 6.44512939453]
    var: [1.12848523928e-11, 1.04390593392e-11, 1.12494787791e-11, 7.20866140114e-08, 1.93273331367e-11]
