
metadata:
    version:
        essentia: "2.1-beta3"

Flux:
    dmean: 0.00364485825412
    dmean2: 0.00479224789888
    dvar: 0.000143355704495
    dvar2: 0.000281408982119
    kurt: 9.60266304016
    max: 0.0696841403842
    mean: 0.00464614713565
    median: 2.83390781988e-05
    min: 1.12337484097e-05
    skew: 3.29666566849
    var: 0.000233269893215

Rms:
    dmean: 0.00141983677167
    dmean2: 0.00103766424581
    dvar: 2.57231313299e-05
    dvar2: 1.1597872799e-05
    kurt: 20.7643032074
    max: 0.0501639842987
    mean: 0.0483545400202
    median: 0.0501063577831
    min: 0.0093875201419
    skew: -4.52481794357
    var: 4.79723603348e-05

RollOff:
    dmean: 7.34086465836
    dmean2: 7.01081037521
    dvar: 1748.13659668
    dvar2: 1525.20007324
    kurt: 39.1740150452
    max: 1701.12304688
    mean: 1407.31359863
    median: 1399.65820312
    min: 1399.65820312
    skew: 6.38616132736
    var: 1981.56872559

SpecCent:
    dmean: 7.41224527359
    dmean2: 6.74485588074
    dvar: 1317.61413574
    dvar2: 1156.66491699
    kurt: 39.2443962097
    max: 1660.39038086
    mean: 1400.94274902
    median: 1395.14587402
    min: 1389.3614502
    skew: 6.3931479454
    var: 1543.89135742

Zcr:
    dmean: 0.00223055761307
    dmean2: 0.00170330668334
    dvar: 6.10286042502e-05
    dvar2: 4.13558700529e-05
    kurt: 17.815656662
    max: 0.0634765625
    mean: 0.0606336817145
    median: 0.0634765625
    min: 0.001953125
    skew: -4.23542547226
    var: 0.000118184521853

HarmonicAmpFreq:
    dmean: [0.37647870183]
    dmean2: [0.382721662521]
    dvar: [6.01384544373]
    dvar2: [6.06983709335]
    kurt: [40.0232810974]
    max: [1413.72253418]
    mean: [1397.52758789]
    median: [1397.1574707]
    min: [1397.1574707]
    skew: [6.48254966736]
    var: [5.96078634262]

HarmonicAmpMag:
    dmean: [0.00185254821554]
    dmean2: [0.00284439441748]
    dvar: [7.20707103028e-05]
    dvar2: [0.000185132870683]
    kurt: [40.0223846436]
    max: [0.0407968387008]
    mean: [0.000908408721443]
    median: [0]
    min: [0]
    skew: [6.48245286942]
    var: [3.61612110282e-05]

MfccCoeff:
    dmean: [12.7140474319, 3.43589496613, 2.02920079231, 1.31301033497, 0.363605499268, 1.33017838001, 0.688739180565, 0.885581076145, 1.39592826366, 0.125978648663, 1.33365476131, 1.06185901165, 0.594663202763]
    dmean2: [18.8340244293, 4.87912225723, 2.53979277611, 0.96928781271, 0.350130647421, 0.832558393478, 0.750726997852, 0.994513571262, 1.59762430191, 0.210623458028, 1.66641390324, 1.30452954769, 0.707085072994]
    dvar: [3207.55615234, 211.703384399, 94.9171600342, 28.252702713, 2.02593684196, 28.2102546692, 8.79946994781, 13.3272314072, 31.7521076202, 0.23802280426, 31.1606674194, 18.3419303894, 5.84056520462]
    dvar2: [7988.15136719, 505.387359619, 170.045959473, 12.8107652664, 1.93715155125, 15.9179067612, 9.23088932037, 15.3293218613, 37.4000434875, 0.479415357113, 41.1146888733, 23.5925312042, 7.44125556946]
    kurt: [37.8681526184, 30.3446121216, 24.5767726898, 29.2787666321, 11.8998088837, 25.3886833191, 20.7269706726, 18.5516796112, 18.4138870239, 12.5670909882, 16.3101081848, 15.1745052338, 16.2903270721]
    max: [-837.81640625, 83.3961791992, -10.9005432129, -12.5582389832, 9.72210693359, 65.3582229614, 35.4314498901, -6.33692932129, -9.78207397461, -0.928169250488, 51.0045585632, 37.6702651978, -2.28226470947]
    mean: [-1085.40942383, 24.7327060699, -50.6089134216, -57.229259491, 9.24853897095, 61.4236717224, 32.7439537048, -36.0898246765, -55.2295608521, -3.31758618355, 48.9450416565, 35.681552887, -20.8829593658]
    median: [-1090.61987305, 23.4852409363, -50.8428764343, -58.2062149048, 9.72100830078, 63.1415710449, 33.7014541626, -37.421875, -57.2517776489, -3.42832946777, 51.0032157898, 37.2353134155, -21.820110321]
    min: [-1127.86523438, 5.27576828003, -72.9841918945, -70.3254470825, 1.60858154297, 12.5034179688, 6.84396743774, -37.7144775391, -58.5981521606, -4.41622161865, 7.07820510864, 4.92028808594, -21.8226737976]
    skew: [6.20339488983, 5.15143918991, 3.53776288033, 5.14938116074, -3.67530941963, -5.07004261017, -4.67519140244, 4.41157102585, 4.39619398117, 3.42118597031, -4.16531610489, -4.02338886261, 4.15443706512]
    var: [1430.10656738, 89.45262146, 46.9687385559, 52.7022132874, 3.20317387581, 68.7872695923, 22.3658180237, 31.5188426971, 73.9625854492, 0.304902285337, 68.6940917969, 38.2112579346, 13.4942541122]

SpecContrastCoeff:
    dmean: [0.031006840989, 0.0106554534286, 0.0103732431307, 0.0208897497505, 0.00835408549756, 0.0124855218455]
    dmean2: [0.0379783883691, 0.0142262727022, 0.0124922953546, 0.0177343897521, 0.0100258216262, 0.0165593586862]
    dvar: [0.000690235523507, 0.000182569361641, 0.00025711741182, 0.00397866871208, 7.05272614141e-05, 0.00013531256991]
    dvar2: [0.00147491518874, 0.000443721801275, 0.000563911220524, 0.00321812438779, 0.000100484539871, 0.000278676045127]
    kurt: [-0.558415412903, 4.37104558945, 5.1167755127, 18.7793083191, 1.37266302109, -1.18009030819]
    max: [-0.829254746437, -0.913316011429, -0.864180743694, -0.282207131386, -0.889953911304, -0.909410178661]
    mean: [-0.9106092453, -0.976487278938, -0.940132379532, -0.316833019257, -0.935893952847, -0.937284171581]
    median: [-0.929083704948, -0.981629192829, -0.944843411446, -0.295676529408, -0.939442634583, -0.941694200039]
    min: [-0.994174838066, -0.989381074905, -0.956196188927, -0.845626592636, -0.948270142078, -0.955113053322]
    skew: [0.651924550533, 1.84517514706, 2.29820561409, -4.35163116455, 1.31934189796, 0.686508595943]
    var: [0.00162019499112, 0.000230102261412, 0.000434470013715, 0.00945389550179, 0.000184657677892, 0.000244146387558]

SpecPeakAmp:
    dmean: [3.04714376398e-05, 2.37853855651e-05, 0.00185454194434, 3.22883970512e-05, 3.09628267132e-05]
    dmean2: [4.98178778798e-05, 3.5231187212e-05, 0.00284600513987, 4.82957802888e-05, 4.62773205072e-05]
    dvar: [9.21044396307e-09, 9.5826040436e-09, 7.20481475582e-05, 1.87870892177e-08, 1.73733400999e-08]
    dvar2: [2.31274288609e-08, 2.47531772857e-08, 0.000185074502951, 4.85071538492e-08, 4.47696955064e-08]
    kurt: [39.382938385, 39.3925971985, 40.0223731995, 39.6792106628, 39.749168396]
    max: [0.000487842189614, 0.000484382733703, 0.0407968387008, 0.000674512295518, 0.000645142165013]
    mean: [2.75716265605e-05, 1.69718987308e-05, 0.000914159114473, 2.14905539906e-05, 2.06661843549e-05]
    median: [1.56198402692e-05, 6.38377150608e-06, 6.48722425467e-06, 6.51241725791e-06, 6.57483724353e-06]
    min: [9.08313904802e-06, 1.35729465001e-06, 1.47098228354e-06, 1.57288127411e-06, 1.84528755653e-06]
    skew: [6.40702819824, 6.41058349609, 6.4824514389, 6.44290399551, 6.45092105865]
    var: [4.85100803971e-09, 5.00210184384e-09, 3.61507882189e-05, 9.73071490051e-09, 8.8912956997e-09]
