
metadata:
    version:
        essentia: "2.1-beta3"

Flux:
    dmean: 0.0326681025326
    dmean2: 0.0429715774953
    dvar: 0.0116255721077
    dvar2: 0.0222983304411
    kurt: 9.4232711792
    max: 0.642035543919
    mean: 0.0427494421601
    median: 0.000208403551369
    min: 5.02769544255e-05
    skew: 3.26998066902
    var: 0.0196674857289

Rms:
    dmean: 0.0130270281807
    dmean2: 0.00954032875597
    dvar: 0.00217639375478
    dvar2: 0.00098582287319
    kurt: 20.9596557617
    max: 0.462182849646
    mean: 0.445598065853
    median: 0.461656779051
    min: 0.0864707827568
    skew: -4.54383134842
    var: 0.00405211187899

RollOff:
    dmean: 7.34086465836
    dmean2: 7.01081037521
    dvar: 1748.13659668
    dvar2: 1525.20007324
    kurt: 39.1740150452
    max: 1701.12304688
    mean: 1407.31359863
    median: 1399.65820312
    min: 1399.65820312
    skew: 6.38616132736
    var: 1981.56872559

SpecCent:
    dmean: 7.3378739357
    dmean2: 6.66734409332
    dvar: 1284.98303223
    dvar2: 1128.31140137
    kurt: 39.2408256531
    max: 1657.09851074
    mean: 1400.86535645
    median: 1395.08947754
    min: 1389.52087402
    skew: 6.39272212982
    var: 1505.9354248

Zcr:
    dmean: 0.00223055761307
    dmean2: 0.00170330668334
    dvar: 6.10286042502e-05
    dvar2: 4.13558700529e-05
    kurt: 17.815656662
    max: 0.0634765625
    mean: 0.0606336817145
    median: 0.0634765625
    min: 0.001953125
    skew: -4.23542547226
    var: 0.000118184521853

HarmonicAmpFreq:
    dmean: [39.3906517029]
    dmean2: [80.0159225464]
    dvar: [5083.64794922]
    dvar2: [12591.7382812]
    kurt: [1.60393762589]
    max: [1413.50109863]
    mean: [1370.98730469]
    median: [1397.15686035]
    min: [1222.61035156]
    skew: [-1.89466404915]
    var: [3872.51293945]

HarmonicAmpMag:
    dmean: [0.194317057729]
    dmean2: [0.388946831226]
    dvar: [0.0837968662381]
    dvar2: [0.198958575726]
    kurt: [0.512518644333]
    max: [0.649806201458]
    mean: [0.12391538918]
    median: [0]
    min: [0]
    skew: [1.56702256203]
    var: [0.0628467053175]

MfccCoeff:
    dmean: [27.9537734985, 10.0626096725, 8.57292175293, 3.72312307358, 3.43220114708, 3.12826824188, 2.63477420807, 2.24607181549, 2.7012526989, 1.06027328968, 2.18265342712, 1.74464654922, 1.45405244827]
    dmean2: [38.0667228699, 9.69167423248, 8.93107795715, 5.41728210449, 2.99138903618, 4.25361967087, 3.72456264496, 2.88353347778, 3.41397809982, 1.01605141163, 3.24356794357, 2.64873504639, 1.56339693069]
    dvar: [8292.53515625, 104.321662903, 51.606502533, 112.733833313, 3.11578726768, 77.0102539062, 25.0553703308, 27.9897689819, 59.2154388428, 0.560837030411, 48.5926055908, 21.0476207733, 10.5185289383]
    dvar2: [20477.1816406, 155.267715454, 109.692970276, 183.272796631, 6.08922338486, 93.6128463745, 38.8339347839, 39.6304626465, 77.6642456055, 1.246712327, 75.1520462036, 34.2923583984, 7.85063266754]
    kurt: [26.8671131134, 2.77916955948, -1.0379806757, 11.1194124222, -1.18263232708, 13.0231056213, 10.7247104645, 10.6220808029, 12.7872533798, 0.607169866562, 11.4447927475, 10.7192173004, 16.769777298]
    max: [-593.919250488, 123.50843811, -57.9741630554, -38.0920791626, 20.2843933105, 90.8813552856, 45.5840835571, -11.500617981, -12.4582748413, 2.04750061035, 58.6769981384, 42.0894775391, 4.77392578125]
    mean: [-1016.54504395, 64.055557251, -83.200630188, -95.2209854126, 12.0390796661, 84.9002914429, 41.5148048401, -44.7961502075, -64.1785430908, -2.86334609985, 54.9058876038, 39.0094947815, -23.071346283]
    median: [-1026.66723633, 68.4336624146, -78.6587371826, -97.9884719849, 10.6870880127, 87.6480178833, 43.1446914673, -47.06640625, -66.7466049194, -2.51308441162, 57.3165855408, 40.6881942749, -24.3905296326]
    min: [-1042.10314941, 43.581615448, -110.34336853, -111.171852112, 4.55049133301, 23.0898284912, 12.0582771301, -48.3284454346, -68.8038253784, -5.26641845703, 13.7501792908, 12.6953811646, -25.1915092468]
    skew: [5.18170976639, 0.964823246002, -0.211510494351, 3.4778137207, 0.363438904285, -3.75293111801, -3.42004513741, 3.40387821198, 3.73357391357, 0.374208301306, -3.59984874725, -3.49166798592, 4.09862232208]
    var: [4957.34472656, 236.531082153, 146.851547241, 171.072479248, 23.4149799347, 169.028060913, 45.9595794678, 58.8535270691, 121.067314148, 2.263661623, 90.450920105, 40.9495010376, 27.6878471375]

SpecContrastCoeff:
    dmean: [0.0135073624551, 0.0129093741998, 0.0131413433701, 0.0239626485854, 0.00941682700068, 0.0128539167345]
    dmean2: [0.0173717942089, 0.0176181420684, 0.0173821151257, 0.0162388309836, 0.0102296927944, 0.0181474555284]
    dvar: [0.000271630618954, 0.000294084224151, 0.000495706161018, 0.00596537766978, 6.99889205862e-05, 0.000162474592798]
    dvar2: [0.000641406048089, 0.000707520695869, 0.0011791465804, 0.00322283501737, 9.84305952443e-05, 0.000371737318346]
    kurt: [2.28196525574, 4.75169801712, 5.55329227448, 21.7766399384, 2.264564991, -0.161799669266]
    max: [-0.905994951725, -0.898152470589, -0.832353234291, -0.125455051661, -0.865653753281, -0.896761953831]
    mean: [-0.969772338867, -0.972822546959, -0.926044225693, -0.160871297121, -0.92418551445, -0.935281395912]
    median: [-0.975262582302, -0.978899300098, -0.932624459267, -0.135287493467, -0.929736852646, -0.942594826221]
    min: [-0.991354644299, -0.9868465662, -0.945324003696, -0.805624902248, -0.937959313393, -0.949731349945]
    skew: [1.57191097736, 1.92584085464, 2.42567777634, -4.62132263184, 1.51890563965, 1.12916243076]
    var: [0.000304852117551, 0.000312969496008, 0.000697746872902, 0.0127475447953, 0.000260679866187, 0.000274873251328]

SpecPeakAmp:
    dmean: [0.000232241756748, 0.000230446516071, 0.0171203818172, 0.11844895035, 0.118457175791]
    dmean2: [0.000347987224814, 0.000337420002325, 0.026283280924, 0.242226600647, 0.242255151272]
    dvar: [8.34816148654e-07, 8.40347581743e-07, 0.00611506262794, 0.0627205073833, 0.0627156794071]
    dvar2: [2.13396629078e-06, 2.1601640583e-06, 0.015707956627, 0.176928773522, 0.176927819848]
    kurt: [37.9075927734, 37.6263923645, 40.022102356, 6.34712505341, 6.34716701508]
    max: [0.00449179718271, 0.00451659830287, 0.375882685184, 0.649806201458, 0.649800717831]
    mean: [0.000170439903741, 0.0001652072242, 0.0084442095831, 0.0579737871885, 0.0579895973206]
    median: [6.0335642047e-05, 5.69948424527e-05, 5.8317436924e-05, 6.17335754214e-05, 7.24727433408e-05]
    min: [1.04170649138e-05, 1.25112928799e-05, 1.33791727421e-05, 1.55550715135e-05, 2.01270813704e-05]
    skew: [6.25292921066, 6.22365951538, 6.48242044449, 2.88908934593, 2.88910007477]
    var: [4.35318241898e-07, 4.42939722234e-07, 0.00306845479645, 0.0341711081564, 0.0341687723994]
