
metadata:
    version:
        essentia: "2.1-beta3"

Flux:
    dmean: 0.0174090564251
    dmean2: 0
    dvar: 0
    dvar2: 0
    kurt: -2
    max: 0.386137127876
    mean: 0.377432584763
    median: 0.377432584763
    min: 0.368728071451
    skew: 5.17125226907e-06
    var: 7.57688103477e-05

Rms:
    dmean: 0
    dmean2: 0
    dvar: 0
    dvar2: 0
    kurt: 0
    max: 0.132686883211
    mean: 0.132686883211
    median: 0.132686883211
    min: 0.132686883211
    skew: 0
    var: 0

RollOff:
    dmean: 516.796875
    dmean2: 0
    dvar: 0
    dvar2: 0
    kurt: -1.99999988079
    max: 2497.8515625
    mean: 2239.453125
    median: 2239.453125
    min: 1981.0546875
    skew: 0
    var: 66769.75

SpecCent:
    dmean: 20.4930419922
    dmean2: 0
    dvar: 0
    dvar2: 0
    kurt: -2
    max: 1796.30505371
    mean: 1786.05859375
    median: 1786.05859375
    min: 1775.81201172
    skew: -1.78715108632e-05
    var: 104.991195679

Zcr:
    dmean: 0
    dmean2: 0
    dvar: 0
    dvar2: 0
    kurt: 0
    max: 0.0244140625
    mean: 0.0244140625
    median: 0.0244140625
    min: 0.0244140625
    skew: 0
    var: 0

HarmonicAmpFreq:
    dmean: [117.368164062]
    dmean2: [0]
    dvar: [0]
    dvar2: [0]
    kurt: [-2]
    max: [1783.61743164]
    mean: [1724.93334961]
    median: [1724.93334961]
    min: [1666.24926758]
    skew: [0]
    var: [3443.8215332]

HarmonicAmpMag:
    dmean: [0.0839273706079]
    dmean2: [0]
    dvar: [0]
    dvar2: [0]
    kurt: [-2]
    max: [0.0839273706079]
    mean: [0.0419636853039]
    median: [0.0419636853039]
    min: [0]
    skew: [0]
    var: [0.0017609508941]

MfccCoeff:
    dmean: [383.622924805, 59.3203315735, 41.3023147583, 14.5439529419, 54.1222496033, 29.4253768921, 31.0868911743, 26.0212039948, 13.5488452911, 19.4904823303, 0.747346878052, 9.21946525574, 5.21361351013]
    dmean2: [0, 0, 0, 0, 0, 0, 0, 0, 0, 0, 0, 0, 0]
    dvar: [0, 0, 0, 0, 0, 0, 0, 0, 0, 0, 0, 0, 0]
    dvar2: [0, 0, 0, 0, 0, 0, 0, 0, 0, 0, 0, 0, 0]
    kurt: [-2, -2, -2, -2, -1.99999988079, -2, -2, -2, -2, -2, -2, -2, -2]
    max: [-590.414306641, 113.805664062, -93.4208297729, -24.0433731079, 87.2104797363, 32.642074585, -16.1550292969, 8.53344917297, 18.4463005066, 8.84003829956, -1.35696792603, 7.91194152832, 0.189710617065]
    mean: [-782.225769043, 84.1455001831, -114.071990967, -31.3153495789, 60.1493530273, 17.9293861389, -31.698474884, -4.4771528244, 11.671877861, -0.905202865601, -1.73064136505, 3.30220890045, -2.417096138]
    median: [-782.225769043, 84.1455001831, -114.071990967, -31.3153495789, 60.1493530273, 17.9293861389, -31.698474884, -4.4771528244, 11.671877861, -0.905202865601, -1.73064136505, 3.30220890045, -2.417096138]
    min: [-974.037231445, 54.485332489, -134.723144531, -38.5873260498, 33.0882301331, 3.21669769287, -47.2419204712, -17.4877548218, 4.89745521545, -10.6504440308, -2.10431480408, -1.30752372742, -5.02390289307]
    skew: [0, -1.87132542351e-07, 5.54417397325e-07, 0, 1.97116293066e-07, 0, 0, 0, 0, 0, 0, 0, 0]
    var: [36791.6367188, 879.725463867, 426.470306396, 52.8816413879, 732.304443359, 216.463195801, 241.598693848, 169.275756836, 45.8928031921, 94.9697265625, 0.139631837606, 21.2496356964, 6.7954416275]

SpecContrastCoeff:
    dmean: [0.00897651910782, 0.00942188501358, 0.0608091950417, 0.0279933214188, 0.220457851887, 0.0222672820091]
    dmean2: [0, 0, 0, 0, 0, 0]
    dvar: [0, 0, 0, 0, 0, 0]
    dvar2: [0, 0, 0, 0, 0, 0]
    kurt: [-2, -2, -1.99999988079, -2, -2, -2]
    max: [-0.984597444534, -0.971139252186, -0.87861430645, -0.741646111012, -0.500256896019, -0.925122499466]
    mean: [-0.989085674286, -0.975850224495, -0.909018874168, -0.755642771721, -0.61048579216, -0.936256170273]
    median: [-0.989085674286, -0.975850224495, -0.909018874168, -0.755642771721, -0.61048579216, -0.936256170273]
    min: [-0.993573963642, -0.980561137199, -0.939423501492, -0.76963943243, -0.720714747906, -0.947389781475]
    skew: [-1.99220612558e-05, 1.8995406208e-05, -2.94458300232e-06, 0, -7.82286690537e-07, 8.0316203821e-06]
    var: [2.01444745471e-05, 2.21929803956e-05, 0.000924439518712, 0.00019590651209, 0.0121504161507, 0.00012395795784]

SpecPeakAmp:
    dmean: [0.0838391110301, 0.053610637784, 0.0377029925585, 0.0266252364963, 0.0187516305596]
    dmean2: [0, 0, 0, 0, 0]
    dvar: [0, 0, 0, 0, 0]
    dvar2: [0, 0, 0, 0, 0]
    kurt: [-2, -1.99999988079, -2, -2, -2]
    max: [0.0839273706079, 0.0536982864141, 0.0377920493484, 0.0267165694386, 0.0188462175429]
    mean: [0.0420078150928, 0.0268929675221, 0.0189405530691, 0.0134039511904, 0.0094704022631]
    median: [0.0420078150928, 0.0268929675221, 0.0189405530691, 0.0134039511904, 0.0094704022631]
    min: [8.82629246917e-05, 8.76481062733e-05, 8.90586088644e-05, 9.1333524324e-05, 9.45862921071e-05]
    skew: [1.48160168578e-07, 0, 1.35757161956e-07, 9.6371756797e-08, -1.37937703926e-07]
    var: [0.00175724900328, 0.000718525145203, 0.000355378870154, 0.000177225796506, 8.79059225554e-05]
