
metadata:
    version:
        essentia: "2.1-beta3"

Flux:
    dmean: 6.78871901982e-06
    dmean2: 1.01127425296e-05
    dvar: 5.37234368103e-10
    dvar2: 1.14813969443e-09
    kurt: 13.7633953094
    max: 0.000124797152239
    mean: 7.80739992479e-06
    median: 1.66061977325e-06
    min: 3.90375475945e-07
    skew: 3.83811163902
    var: 5.68729563444e-10

Rms:
    dmean: 1.68406654666e-06
    dmean2: 1.53356393184e-06
    dvar: 4.30582999811e-11
    dvar2: 3.26284381458e-11
    kurt: 19.5547599792
    max: 0.00010135959019
    mean: 9.9496661278e-05
    median: 0.00010127571295
    min: 5.88512484683e-05
    skew: -4.50234031677
    var: 5.64331567587e-11

RollOff:
    dmean: 1.00154435635
    dmean2: 1.025390625
    dvar: 20.5633563995
    dvar2: 21.0285148621
    kurt: 17.0543556213
    max: 2820.84960938
    mean: 2800.29345703
    median: 2799.31640625
    min: 2799.31640625
    skew: 4.36551809311
    var: 20.1182918549

SpecCent:
    dmean: 3.78738760948
    dmean2: 4.32357931137
    dvar: 10.809679985
    dvar2: 11.4074544907
    kurt: 15.4008159637
    max: 2824.31860352
    mean: 2795.87988281
    median: 2794.90454102
    min: 2791.19555664
    skew: 3.51046013832
    var: 28.8574581146

Zcr:
    dmean: 0.00317950570025
    dmean2: 0.00338309141807
    dvar: 0.000165333549376
    dvar2: 0.000155544257723
    kurt: 17.3569068909
    max: 0.126953125
    mean: 0.123623937368
    median: 0.12646484375
    min: 0.05859375
    skew: -4.38015031815
    var: 0.000176465327968

HarmonicAmpFreq:
    dmean: [0]
    dmean2: [0]
    dvar: [0]
    dvar2: [0]
    kurt: [-2]
    max: [2798.43676758]
    mean: [2798.43725586]
    median: [2798.43676758]
    min: [2798.43676758]
    skew: [-1]
    var: [2.38418579102e-07]

HarmonicAmpMag:
    dmean: [0]
    dmean2: [0]
    dvar: [0]
    dvar2: [0]
    kurt: [nan]
    max: [0]
    mean: [0]
    median: [0]
    min: [0]
    skew: [nan]
    var: [0]

MfccCoeff:
    dmean: [0.0440446734428, 0.0130075849593, 0.0567449517548, 0.0366033501923, 0.0412079580128, 0.0534628927708, 0.0186717901379, 0.0606128796935, 0.006591796875, 0.0570375323296, 0.0299008395523, 0.0437904186547, 0.0471878051758]
    dmean2: [0.0453665591776, 0.0134001234546, 0.0584211796522, 0.0377160944045, 0.0423972718418, 0.0550740547478, 0.019170852378, 0.0624095387757, 0.00686990655959, 0.0586814880371, 0.0308685302734, 0.0450005307794, 0.048633210361]
    dvar: [0.0371761210263, 0.00321616814472, 0.061831984669, 0.0255116354674, 0.032827373594, 0.0545727834105, 0.00691407034174, 0.070489153266, 0.00073267595144, 0.0629107803106, 0.0167071539909, 0.0375988036394, 0.0423258170485]
    dvar2: [0.0372228696942, 0.00321289408021, 0.0619461983442, 0.0254924297333, 0.032955750823, 0.054579179734, 0.00699564674869, 0.0706023126841, 0.000706028717104, 0.0631632581353, 0.0166001804173, 0.0379080139101, 0.0422736480832]
    kurt: [17.0679588318, 17.0574207306, 17.0641746521, 17.0585098267, 17.0686340332, 17.0604419708, 17.0848484039, 17.0636520386, 16.9673175812, 17.068813324, 17.0458049774, 17.0776462555, 17.0574684143]
    max: [-1137.47705078, 1.14440917969e-05, -6.103515625e-05, 0.781513214111, 0.885543823242, 2.28881835938e-05, -2.67028808594e-05, 1.29824829102, -4.57763671875e-05, -2.28881835938e-05, 0.6330909729, 0.946891784668, -3.81469726562e-05]
    mean: [-1137.52111816, -0.264414340258, -1.15917384624, 0.744801282883, 0.844362437725, -1.08909916878, -0.38726079464, 1.23757183552, -0.126551374793, -1.16897082329, 0.602924704552, 0.903294146061, -0.959312081337]
    median: [-1137.47900391, -0.276859283447, -1.21361541748, 0.779850006104, 0.883964538574, -1.14031982422, -0.405323028564, 1.29571533203, -0.132659912109, -1.22378921509, 0.631423950195, 0.945526123047, -1.00447463989]
    min: [-1138.42004395, -0.277454376221, -1.21597290039, 8.01086425781e-05, -6.103515625e-05, -1.14269256592, -0.40580368042, -5.34057617188e-05, -0.133453369141, -1.22595977783, -2.67028808594e-05, -3.0517578125e-05, -1.00666046143]
    skew: [-4.36558818817, 4.36405134201, 4.36489582062, -4.36418867111, -4.36543130875, 4.3644323349, 4.36725139618, -4.36483097076, 4.35037231445, 4.36545467377, -4.3625292778, -4.3664727211, 4.36405849457]
    var: [0.0371839776635, 0.00322538753971, 0.061809681356, 0.0255727395415, 0.0327446423471, 0.0546521916986, 0.00684010190889, 0.070481389761, 0.000763615593314, 0.0627452805638, 0.0168475229293, 0.0373341552913, 0.0424478761852]

SpecContrastCoeff:
    dmean: [0.0171579997987, 0.0156733319163, 0.0123820779845, 0.0111353257671, 0.0122883096337, 0.00914791878313]
    dmean2: [0.0226937904954, 0.0272043123841, 0.0195941720158, 0.0157673526555, 0.0164082255214, 0.0143792852759]
    dvar: [0.00127925025299, 0.000205790885957, 0.000153409171617, 0.000364283710951, 0.000642377301119, 0.000110874505481]
    dvar2: [0.00122898363043, 0.000414679932874, 0.000342803017702, 0.000398322852561, 0.00057177443523, 0.000201360191568]
    kurt: [14.8946971893, 5.50605678558, 5.70269680023, 14.957649231, 15.9107227325, 13.4179725647]
    max: [-0.639991223812, -0.870478153229, -0.897631108761, -0.820924639702, -0.661693096161, -0.857810616493]
    mean: [-0.667446553707, -0.901486217976, -0.923038065434, -0.842755317688, -0.6776009202, -0.88076364994]
    median: [-0.660198330879, -0.900975525379, -0.921199738979, -0.838067889214, -0.67111235857, -0.880652725697]
    min: [-0.847415626049, -0.966573119164, -0.985955953598, -0.957495927811, -0.815979659557, -0.942911863327]
    skew: [-3.96416330338, -1.76442456245, -1.69871461391, -3.79150795937, -4.11818981171, -2.92460012436]
    var: [0.00154248892795, 0.000273515935987, 0.000217243345105, 0.000518004817422, 0.000819103268441, 0.000148627863382]

SpecPeakAmp:
    dmean: [2.30131206536e-07, 6.39194794871e-08, 9.99088314302e-08, 1.06838001557e-07, 1.47957734953e-07]
    dmean2: [2.61794440348e-07, 8.13445026893e-08, 1.83703136258e-07, 1.90062152683e-07, 2.60520778284e-07]
    dvar: [6.38236859196e-13, 3.7140951393e-14, 3.26664778262e-15, 9.17267987504e-15, 1.50135048301e-14]
    dvar2: [6.50882559655e-13, 3.96325868987e-14, 7.79719916562e-15, 2.19673759706e-14, 3.48688261695e-14]
    kurt: [20.3696136475, 16.6965236664, -1.25657498837, 1.2378320694, -0.303522586823]
    max: [1.68624737853e-05, 1.16712567433e-06, 7.75360774696e-07, 5.49983951714e-07, 5.67220922676e-07]
    mean: [1.65928213391e-05, 2.85113003429e-07, 6.47953982025e-07, 1.39403823596e-07, 3.25053434835e-07]
    median: [1.67527978192e-05, 2.42378433768e-07, 6.27195731795e-07, 8.54563566577e-08, 3.69074797391e-07]
    min: [1.22396777442e-05, 2.11596329791e-07, 5.49293190488e-07, 1.19935235077e-08, 6.59159695715e-08]
    skew: [-4.62978315353, 4.30028390884, 0.334289163351, 1.51766395569, -0.903334975243]
    var: [6.39784232537e-13, 3.6710973752e-14, 4.56003617638e-15, 1.80968097902e-14, 1.65734667743e-14]
