
metadata:
    version:
        essentia: "2.1-beta3"

Flux:
    dmean: 0.000163232951309
    dmean2: 0.000216495944187
    dvar: 2.85007246248e-07
    dvar2: 5.62649859148e-07
    kurt: 9.55981254578
    max: 0.00309953186661
    mean: 0.000212412880501
    median: 7.34535569791e-06
    min: 4.16975626649e-06
    skew: 3.29203510284
    var: 4.62342313767e-07

Rms:
    dmean: 6.4466134063e-05
    dmean2: 4.76700479339e-05
    dvar: 5.23552898812e-08
    dvar2: 2.35248762692e-08
    kurt: 20.8937397003
    max: 0.00224012951367
    mean: 0.00215924577788
    median: 0.00223856605589
    min: 0.000400585937314
    skew: -4.53735399246
    var: 9.73663105697e-08

RollOff:
    dmean: 7.83025550842
    dmean2: 7.51158237457
    dvar: 2025.24182129
    dvar2: 1787.50793457
    kurt: 39.2827110291
    max: 3122.31445312
    mean: 2807.44946289
    median: 2799.31640625
    min: 2799.31640625
    skew: 6.39828109741
    var: 2272.82788086

SpecCent:
    dmean: 8.39346027374
    dmean2: 9.11395168304
    dvar: 1167.5423584
    dvar2: 1048.68371582
    kurt: 39.5268478394
    max: 3018.43896484
    mean: 2781.18017578
    median: 2775.70385742
    min: 2772.38232422
    skew: 6.42419481277
    var: 1286.80505371

Zcr:
    dmean: 0.00445001758635
    dmean2: 0.00341796875
    dvar: 0.000241390385781
    dvar2: 0.000165340505191
    kurt: 17.7659931183
    max: 0.126953125
    mean: 0.121158853173
    median: 0.12646484375
    min: 0.00439453125
    skew: -4.23136711121
    var: 0.00046877967543

HarmonicAmpFreq:
    dmean: [0.170110523701]
    dmean2: [0.174066588283]
    dvar: [1.24431633949]
    dvar2: [1.27256548405]
    kurt: [40.0529670715]
    max: [2805.22875977]
    mean: [2797.90893555]
    median: [2797.74389648]
    min: [2797.74389648]
    skew: [6.48599147797]
    var: [1.21729540825]

HarmonicAmpMag:
    dmean: [7.48530766259e-08]
    dmean2: [7.65938494851e-08]
    dvar: [2.40928289688e-13]
    dvar2: [2.46397954123e-13]
    kurt: [40.022731781]
    max: [3.29353542838e-06]
    mean: [7.31896747652e-08]
    median: [0]
    min: [0]
    skew: [6.48249387741]
    var: [2.35696038424e-13]

MfccCoeff:
    dmean: [0.75969350338, 0.239546343684, 0.950696527958, 0.648638665676, 0.622129619122, 0.874903440475, 0.197758927941, 0.874366760254, 0.218003362417, 0.682342171669, 0.492233633995, 0.390197753906, 0.642705976963]
    dmean2: [0.890207707882, 0.277068376541, 1.11233329773, 0.744901061058, 0.727129936218, 0.990154445171, 0.24184922874, 0.967532873154, 0.209736675024, 0.733408749104, 0.480172276497, 0.410160511732, 0.598345816135]
    dvar: [12.5866451263, 1.27202022076, 19.7590961456, 9.42372989655, 8.48771286011, 17.52460289, 0.819255292416, 18.1309738159, 1.09392631054, 11.586930275, 5.79690599442, 3.95089864731, 8.9241437912]
    dvar2: [18.398607254, 1.79413592815, 28.7620544434, 13.0330686569, 12.3167257309, 23.2831249237, 1.3437936306, 22.6625957489, 0.954453647137, 13.4095029831, 5.2514834404, 4.31818532944, 7.1053147316]
    kurt: [28.6081161499, 29.4758148193, 28.7382946014, 29.9361915588, 28.8901538849, 30.7491798401, 25.0157623291, 31.6953773499, 32.0181808472, 32.490737915, 32.4203414917, 32.9820899963, 31.8984336853]
    max: [-1115.53710938, 1.14440917969e-05, -6.103515625e-05, 19.8580513, 18.8079528809, 2.28881835938e-05, -2.67028808594e-05, 27.6171665192, -4.57763671875e-05, -2.28881835938e-05, 16.4104576111, 12.8815307617, -3.81469726562e-05]
    mean: [-1120.81872559, -5.768450737, -22.138792038, 15.95616436, 14.5575885773, -22.4432411194, -3.99922013283, 23.824760437, -7.00514173508, -19.9790306091, 15.9063663483, 12.0562391281, -20.7865753174]
    median: [-1120.40026855, -5.91087722778, -22.6676673889, 16.3571510315, 14.9058837891, -23.0259017944, -4.07928085327, 24.4701480865, -7.23098754883, -20.5446548462, 16.410030365, 12.4061737061, -21.4715690613]
    min: [-1138.42004395, -7.28844070435, -28.6814231873, 8.01086425781e-05, -6.103515625e-05, -27.1212120056, -5.77932739258, -5.34057617188e-05, -7.23117828369, -22.0708084106, -2.67028808594e-05, -3.0517578125e-05, -21.4721336365]
    skew: [-5.08056783676, 5.24363613129, 5.10368156433, -5.32274055481, -5.12615776062, 5.45607757568, 4.24887752533, -5.60058164597, 5.67058563232, 5.71109437943, -5.712495327, -5.76875972748, 5.64798688889]
    var: [8.28018379211, 0.876018941402, 13.0691785812, 6.65134000778, 5.63595104218, 12.9880523682, 0.460651576519, 14.4250030518, 1.24146747589, 10.0254430771, 6.3623380661, 3.62448263168, 10.9444255829]

SpecContrastCoeff:
    dmean: [0.0333439894021, 0.018560403958, 0.0166666246951, 0.00937356613576, 0.0161472335458, 0.00496408483014]
    dmean2: [0.0523391701281, 0.0306925717741, 0.0269340220839, 0.0144484406337, 0.0196238737553, 0.00843725260347]
    dvar: [0.00230062543415, 0.000235173167312, 0.000212927174289, 3.56040254701e-05, 0.00161461578682, 2.09923036891e-05]
    dvar2: [0.00555470120162, 0.000618456630036, 0.000655382464174, 8.06451716926e-05, 0.00175058376044, 5.30419129063e-05]
    kurt: [10.192656517, 2.58361673355, 2.9004149437, 0.597115039825, 17.1338157654, 4.76525211334]
    max: [-0.672571361065, -0.886072695255, -0.908833622932, -0.912697911263, -0.510970532894, -0.908667862415]
    mean: [-0.738938808441, -0.925441145897, -0.933438181877, -0.938817322254, -0.547819495201, -0.92270886898]
    median: [-0.734616816044, -0.921735048294, -0.931651830673, -0.93929541111, -0.533548772335, -0.922106087208]
    min: [-0.9859136343, -0.993197023869, -0.985642969608, -0.958031594753, -0.869855225086, -0.944848299026]
    skew: [-2.97700333595, -1.156899333, -1.11647236347, 0.365382105112, -4.19191217422, -1.31020891666]
    var: [0.00283655151725, 0.000342752289725, 0.000186700242921, 7.84952499089e-05, 0.00375791150145, 3.08336602757e-05]

SpecPeakAmp:
    dmean: [8.69289920047e-07, 5.52414576305e-07, 6.15181534158e-07, 5.31455441433e-07, 6.1590947098e-07]
    dmean2: [1.07602534172e-06, 8.74586703503e-07, 9.25409096908e-07, 8.76416663687e-07, 9.58866280598e-07]
    dvar: [3.41634858424e-12, 2.91919526746e-12, 3.02488090999e-12, 2.48272084315e-12, 3.22489886358e-12]
    dvar2: [1.58307384129e-12, 7.30702477691e-12, 7.96478161202e-12, 6.53984418703e-12, 8.5587327156e-12]
    kurt: [27.3739242554, 38.3577842712, 37.647102356, 32.2232666016, 38.1435470581]
    max: [1.75432378455e-05, 9.05283286556e-06, 8.99521910469e-06, 9.59939097811e-06, 9.31370050239e-06]
    mean: [1.61923162523e-05, 1.08761753381e-06, 6.48818399895e-07, 8.3528095729e-07, 6.58936585296e-07]
    median: [1.67316029547e-05, 8.97795985111e-07, 4.08832619314e-07, 5.85378302276e-07, 4.42172279236e-07]
    min: [3.05504869402e-07, 4.03954601325e-07, 1.35469292672e-07, 2.49225479365e-07, 1.37514348353e-07]
    skew: [-5.13205432892, 6.28520393372, 6.20248603821, 5.66480016708, 6.25983715057]
    var: [6.86702994815e-12, 1.47073575107e-12, 1.62891889647e-12, 1.93535985848e-12, 1.74089811577e-12]
