
metadata:
    version:
        essentia: "2.1-beta3"

Flux:
    dmean: 5.07216054757e-06
    dmean2: 7.60055127103e-06
    dvar: 3.1753716323e-10
    dvar2: 6.98052171622e-10
    kurt: 14.6625213623
    max: 9.67761006905e-05
    mean: 5.8903988247e-06
    median: 1.26459235616e-06
    min: 3.33036439315e-07
    skew: 3.92644143105
    var: 3.26109445004e-10

Rms:
    dmean: 1.91655431081e-06
    dmean2: 2.27395457841e-06
    dvar: 2.22647681541e-11
    dvar2: 1.55235789501e-11
    kurt: 18.478849411
    max: 7.79625115683e-05
    mean: 7.59058311814e-05
    median: 7.72211205913e-05
    min: 4.57080204797e-05
    skew: -4.37010002136
    var: 3.22950520493e-11

RollOff:
    dmean: 1.00154435635
    dmean2: 1.025390625
    dvar: 20.5633563995
    dvar2: 21.0285148621
    kurt: 17.0476436615
    max: 193.798828125
    mean: 173.244400024
    median: 172.265625
    min: 172.265625
    skew: 4.36436223984
    var: 20.118303299

SpecCent:
    dmean: 6.63533973694
    dmean2: 11.5133466721
    dvar: 14.0524234772
    dvar2: 33.635383606
    kurt: -1.03722333908
    max: 475.342834473
    mean: 464.940155029
    median: 464.542602539
    min: 457.817321777
    skew: 0.335113912821
    var: 25.9128303528

Zcr:
    dmean: 0.000431504362496
    dmean2: 0.000662667385768
    dvar: 5.78961135034e-07
    dvar2: 4.29396692425e-07
    kurt: 15.4437770844
    max: 0.0078125
    mean: 0.00726873241365
    median: 0.00732421875
    min: 0.0029296875
    skew: -3.950558424
    var: 7.71782424636e-07

HarmonicAmpFreq:
    dmean: [0.133780896664]
    dmean2: [0.14922913909]
    dvar: [0.254973292351]
    dvar2: [0.248707219958]
    kurt: [17.0081386566]
    max: [166.003662109]
    mean: [165.864776611]
    median: [165.978759766]
    min: [163.482284546]
    skew: [-4.35556316376]
    var: [0.262760728598]

HarmonicAmpMag:
    dmean: [2.82292330667e-06]
    dmean2: [2.88173805529e-06]
    dvar: [1.67525049388e-10]
    dvar2: [1.65543245778e-10]
    kurt: [23.8772640228]
    max: [0.000105026003439]
    mean: [0.000102204801806]
    median: [0.000104948674561]
    min: [2.71662211162e-05]
    skew: [-4.94833850861]
    var: [1.69601707678e-10]

MfccCoeff:
    dmean: [0.0788148418069, 0.10930544883, 0.10295779258, 0.0926655605435, 0.0788041949272, 0.0619155541062, 0.0426468960941, 0.021742887795, 0, 0.0217416454107, 0.0426484942436, 0.0619157291949, 0.0788027718663]
    dmean2: [0.0808425173163, 0.112086705863, 0.105577744544, 0.0950273796916, 0.0808098167181, 0.0634921863675, 0.0437324158847, 0.0222965423018, 0, 0.0222939997911, 0.0437336862087, 0.0634910911322, 0.0808070972562]
    dvar: [0.145925670862, 0.280748724937, 0.249116614461, 0.201770246029, 0.145927369595, 0.0900823771954, 0.0427412241697, 0.011107923463, 0, 0.0111081097275, 0.0427408888936, 0.0900827422738, 0.145926743746]
    dvar2: [0.147282481194, 0.283370256424, 0.25144469738, 0.203650996089, 0.147290080786, 0.0909237191081, 0.0431410633028, 0.0112116280943, 0, 0.0112118823454, 0.0431399159133, 0.0909242779016, 0.147289201617]
    kurt: [28.3171672821, 28.3061580658, 28.3060321808, 28.3058643341, 28.306224823, 28.3059501648, 28.3060836792, 28.3060913086, nan, 28.3064098358, 28.3061580658, 28.3060436249, 28.3060798645]
    max: [-1136.0390625, 3.30253219604, 3.11083984375, 2.79979324341, 2.38092041016, 1.87073516846, 1.28853225708, 0.656852722168, -4.57763671875e-05, -2.28881835938e-05, -2.67028808594e-05, -3.0517578125e-05, -3.81469726562e-05]
    mean: [-1136.11682129, 3.19443821907, 3.00901722908, 2.70816659927, 2.30299067497, 1.80950343609, 1.24636387825, 0.635352730751, -4.57763671875e-05, -0.635432839394, -1.24642491341, -1.8095138073, -2.30307769775]
    median: [-1136.0402832, 3.30080795288, 3.10920715332, 2.79834365845, 2.37967681885, 1.86975097656, 1.28786087036, 0.656509399414, -4.57763671875e-05, -0.656589508057, -1.28792572021, -1.86976242065, -2.37976074219]
    min: [-1138.42004395, 1.14440917969e-05, -6.103515625e-05, 8.01086425781e-05, -6.103515625e-05, 2.28881835938e-05, -2.67028808594e-05, -5.34057617188e-05, -4.57763671875e-05, -0.656929016113, -1.28860092163, -1.87074279785, -2.3810043335]
    skew: [-5.34663200378, -5.34510374069, -5.34508991241, -5.34506893158, -5.34510803223, -5.34508180618, -5.34509468079, -5.3450922966, nan, 5.34512281418, 5.34510087967, 5.3450884819, 5.34509372711]
    var: [0.144579827785, 0.278160989285, 0.246818721294, 0.199911370873, 0.144582897425, 0.0892523601651, 0.0423466525972, 0.0110055943951, 0, 0.011005660519, 0.0423471108079, 0.0892524644732, 0.144581764936]

SpecContrastCoeff:
    dmean: [0.0216379314661, 0.0282554961741, 0.0115734329447, 0.0126018617302, 0.00969975627959, 0.00775611400604]
    dmean2: [0.0239681117237, 0.0506255626678, 0.01728461124, 0.0197809133679, 0.0144533133134, 0.0116289779544]
    dvar: [0.00300010410137, 0.000261720473645, 0.000224521107157, 0.000249615695793, 0.000115946029837, 7.89203550084e-05]
    dvar2: [0.00250195385888, 0.000769713427871, 0.00033980095759, 0.00020717503503, 0.000166027311934, 0.00010335069237]
    kurt: [14.1995983124, -0.732263565063, 14.8262081146, 12.8604011536, 6.42642593384, 11.2564077377]
    max: [-0.533624410629, -0.86256891489, -0.865017056465, -0.813363969326, -0.85240650177, -0.847999036312]
    mean: [-0.566108882427, -0.909346580505, -0.885130286217, -0.832112908363, -0.873683691025, -0.865377664566]
    median: [-0.551111578941, -0.908601522446, -0.883187949657, -0.827573299408, -0.873112559319, -0.865436315536]
    min: [-0.865366756916, -0.946298778057, -0.965694248676, -0.929384768009, -0.930979073048, -0.92069876194]
    skew: [-3.92132258415, 0.148117482662, -3.49569153786, -3.51444816589, -2.21543526649, -2.9095621109]
    var: [0.00422927783802, 0.000389357097447, 0.000241459405515, 0.000415270886151, 0.000212612940231, 0.000133662775625]

SpecPeakAmp:
    dmean: [3.22507190731e-07, 3.98504416808e-05, 3.9047376049e-05, 4.67336889187e-08, 1.10796761987e-07]
    dmean2: [3.93203919202e-07, 7.81909402576e-05, 7.74473301135e-05, 6.81070133624e-08, 1.90063389027e-07]
    dvar: [1.00163844233e-12, 2.46924281022e-09, 2.5660733538e-09, 5.50238701174e-15, 1.76226949564e-14]
    dvar2: [9.04962953532e-13, 6.45236974961e-09, 6.83217216135e-09, 5.84672072787e-15, 2.88021254795e-14]
    kurt: [34.4256782532, 0.12858748436, 0.722152233124, 23.0261421204, 13.6630573273]
    max: [1.52020811583e-05, 0.000105008970422, 0.000105026003439, 6.14512373431e-07, 8.81853736701e-07]
    mean: [8.5031533672e-06, 8.31450524856e-05, 1.91939343495e-05, 1.26994109451e-07, 1.65021944554e-07]
    median: [8.35158971313e-06, 0.000104932689283, 1.07348782308e-07, 1.09563757178e-07, 1.23498253402e-07]
    min: [6.89848184265e-06, 1.30358216666e-07, 4.32949214257e-08, 6.2935342271e-08, 6.37665067416e-08]
    skew: [5.77437257767, -1.43047094345, 1.64987111092, 4.58498096466, 3.3979344368]
    var: [1.10769715882e-12, 1.69820202345e-09, 1.63574964684e-09, 7.10234542822e-15, 1.92808161608e-14]
