
metadata:
    version:
        essentia: "2.1-beta3"

Flux:
    dmean: 0.0251481533051
    dmean2: 0.0334548987448
    dvar: 0.00679818727076
    dvar2: 0.0130923669785
    kurt: 9.37160873413
    max: 0.489495515823
    mean: 0.0329497344792
    median: 0.000516236119438
    min: 8.77301281434e-05
    skew: 3.26413393021
    var: 0.011483149603

Rms:
    dmean: 0.0102848615497
    dmean2: 0.00781496614218
    dvar: 0.00128268718254
    dvar2: 0.000574997276999
    kurt: 20.9798259735
    max: 0.353894919157
    mean: 0.341002255678
    median: 0.353368163109
    min: 0.0648658126593
    skew: -4.54580879211
    var: 0.00239452300593

RollOff:
    dmean: 8.31964683533
    dmean2: 8.01235485077
    dvar: 2639.08959961
    dvar2: 2372.81176758
    kurt: 39.7260856628
    max: 1701.12304688
    mean: 1343.671875
    median: 1335.05859375
    min: 1335.05859375
    skew: 6.44867610931
    var: 2913.96386719

SpecCent:
    dmean: 13.1135473251
    dmean2: 14.1610536575
    dvar: 3766.87402344
    dvar2: 3322.49755859
    kurt: 39.5172462463
    max: 1762.44018555
    mean: 1328.01452637
    median: 1317.77526855
    min: 1313.93847656
    skew: 6.42455053329
    var: 4314.66748047

Zcr:
    dmean: 0.00223055761307
    dmean2: 0.00188499270007
    dvar: 5.30741053808e-05
    dvar2: 3.61352031177e-05
    kurt: 17.8557243347
    max: 0.06005859375
    mean: 0.0572699643672
    median: 0.0595703125
    min: 0.00244140625
    skew: -4.23878002167
    var: 0.000103035199572

HarmonicAmpFreq:
    dmean: [8.50258541107]
    dmean2: [16.4737682343]
    dvar: [1233.45007324]
    dvar2: [3663.06933594]
    kurt: [35.7395324707]
    max: [1359.38659668]
    mean: [1316.70288086]
    median: [1319.53112793]
    min: [1152.40197754]
    skew: [-5.8688416481]
    var: [648.01361084]

HarmonicAmpMag:
    dmean: [2.52120953519e-05]
    dmean2: [3.88379376091e-05]
    dvar: [9.77776082323e-09]
    dvar2: [1.64584470497e-08]
    kurt: [25.3913249969]
    max: [0.000548633048311]
    mean: [1.84218351933e-05]
    median: [0]
    min: [0]
    skew: [5.08696365356]
    var: [8.09605893437e-09]

MfccCoeff:
    dmean: [30.6707038879, 23.0061759949, 21.9114055634, 4.57269048691, 4.47594738007, 3.94996500015, 3.33238840103, 2.63404560089, 1.95145523548, 2.14397835732, 2.00008940697, 1.774543643, 0.879884779453]
    dmean2: [46.9442405701, 34.7647857666, 32.7950515747, 7.37070465088, 7.45441246033, 5.72717905045, 5.85800409317, 3.82047891617, 2.84900689125, 4.0516500473, 2.59679079056, 2.45476078987, 1.53685247898]
    dvar: [7323.36914062, 213.374313354, 117.199951172, 61.1827049255, 11.7551727295, 29.7853012085, 19.2381725311, 3.30310440063, 27.2351760864, 4.15233850479, 17.0034713745, 23.8281745911, 1.04258394241]
    dvar2: [17968.0371094, 508.852752686, 314.774932861, 101.57698822, 30.7450523376, 40.9006500244, 30.9069404602, 6.24977302551, 43.6202659607, 8.49757289886, 17.4181308746, 31.5644016266, 1.1520781517]
    kurt: [28.4708843231, -0.0112471580505, -1.40457248688, 9.40490055084, -0.774797916412, 12.4580574036, 11.7297058105, 4.03689670563, 12.5191040039, 6.469373703, 15.6091022491, 13.8483085632, 24.3151226044]
    max: [-633.567687988, 132.796218872, -48.6087760925, -47.3493423462, 3.30850219727, 73.1193313599, 51.5073623657, -9.80522537231, -20.8368225098, -9.3359336853, 35.7332725525, 46.5033340454, 7.60329437256]
    mean: [-1009.78570557, 73.9913101196, -70.1560897827, -84.8597564697, -0.493368983269, 60.3079032898, 41.1628036499, -20.6156787872, -51.3584136963, -18.775680542, 33.0544090271, 41.9601478577, 0.512756884098]
    median: [-1017.10028076, 78.1627883911, -67.742980957, -85.8570327759, 1.20547485352, 61.4440002441, 41.8324661255, -20.5997619629, -52.8109054565, -19.3141326904, 34.8390464783, 43.5530929565, 0.294357299805]
    min: [-1052.26672363, 35.9911003113, -95.2246246338, -105.757026672, -9.82743644714, 21.4426193237, 13.7176246643, -24.0497894287, -57.84009552, -23.9475631714, 0.893726348877, 8.70052337646, -0.513603210449]
    skew: [5.30115365982, 0.132978454232, -0.210868284106, 2.5880086422, -0.691916465759, -3.39855766296, -3.27939462662, 1.83566272259, 3.66809010506, 2.14444208145, -4.0046415329, -3.85140490532, 4.57300901413]
    var: [3799.28930664, 386.569824219, 267.475311279, 71.0652160645, 12.676651001, 66.4822998047, 35.1341972351, 9.46634101868, 44.4971961975, 5.36910676956, 39.2516403198, 47.1153488159, 1.43798899651]

SpecContrastCoeff:
    dmean: [0.0244693383574, 0.0223826710135, 0.021524341777, 0.0284193046391, 0.0152285778895, 0.0103728687391]
    dmean2: [0.0432817675173, 0.037953093648, 0.0352168492973, 0.0264668129385, 0.0256309062243, 0.0191020574421]
    dvar: [0.000687039166223, 0.000380680605303, 0.000789415847976, 0.00506452796981, 0.000126061073388, 0.000157688424224]
    dvar2: [0.00174648326356, 0.00092155119637, 0.00190244114492, 0.0028519090265, 0.000250110431807, 0.000384285260225]
    kurt: [1.53796768188, 2.93871450424, 6.75543498993, 22.0939178467, 0.365222454071, 2.81091547012]
    max: [-0.902519226074, -0.895363032818, -0.779975354671, -0.16177226603, -0.884363114834, -0.911039590836]
    mean: [-0.974471867085, -0.967651546001, -0.913850545883, -0.203209668398, -0.926752150059, -0.9489133358]
    median: [-0.987871170044, -0.976267933846, -0.925612747669, -0.180240139365, -0.933416306973, -0.955124258995]
    min: [-0.9918577075, -0.983943402767, -0.937279284, -0.816554248333, -0.938746750355, -0.956332504749]
    skew: [1.65884435177, 1.73975074291, 2.73319387436, -4.65001726151, 1.15479433537, 1.97559964657]
    var: [0.000633988354821, 0.000404887105105, 0.00126104254741, 0.0114590963349, 0.000190811333596, 0.000138286588481]

SpecPeakAmp:
    dmean: [9.81350603979e-05, 8.87011701707e-05, 0.000101778547105, 0.000130186163005, 0.000147776096128]
    dmean2: [0.000145563273691, 0.000137025039294, 0.000152404929395, 0.000198810172151, 0.000229841534747]
    dvar: [4.04426607759e-08, 3.25115401267e-08, 4.90173981404e-08, 1.33351349518e-07, 1.67566000187e-07]
    dvar2: [9.72370202135e-08, 7.54283320248e-08, 1.21429266642e-07, 3.36486777996e-07, 4.27375539402e-07]
    kurt: [20.3703117371, 14.7523136139, 22.5691223145, 30.6176948547, 32.5726394653]
    max: [0.000995149719529, 0.00104873417877, 0.00113246287219, 0.00181905331556, 0.00203720666468]
    mean: [0.000106848281575, 0.000118025061965, 0.000115568633191, 0.000140113916132, 0.000159868883202]
    median: [8.27294206829e-05, 8.71413794812e-05, 8.68497736519e-05, 9.37266595429e-05, 0.000103477337689]
    min: [6.77699699736e-06, 1.53567889356e-05, 2.17336073547e-05, 3.36358061759e-05, 3.51390444848e-05]
    skew: [4.50358057022, 3.85037088394, 4.71018791199, 5.517141819, 5.69187879562]
    var: [2.57999452913e-08, 3.32703038453e-08, 3.15444594889e-08, 7.28878575273e-08, 8.83018103082e-08]
