
metadata:
    version:
        essentia: "2.1-beta3"

Flux:
    dmean: 0.0326487123966
    dmean2: 0.0433116294444
    dvar: 0.0116075659171
    dvar2: 0.0223571192473
    kurt: 9.36567974091
    max: 0.639449775219
    mean: 0.0429139621556
    median: 0.000431578519056
    min: 0.000229061450227
    skew: 3.26338553429
    var: 0.0196123104542

Rms:
    dmean: 0.0132348248735
    dmean2: 0.00980958621949
    dvar: 0.00222010700963
    dvar2: 0.00100220961031
    kurt: 21.0894947052
    max: 0.462078809738
    mean: 0.445501595736
    median: 0.461780905724
    min: 0.0826711878181
    skew: -4.55641460419
    var: 0.00412157736719

RollOff:
    dmean: 7.83025550842
    dmean2: 7.51158237457
    dvar: 2025.24182129
    dvar2: 1787.50793457
    kurt: 39.2827110291
    max: 3122.31445312
    mean: 2807.44946289
    median: 2799.31640625
    min: 2799.31640625
    skew: 6.39828109741
    var: 2272.82788086

SpecCent:
    dmean: 8.43493080139
    dmean2: 9.36650085449
    dvar: 1221.61999512
    dvar2: 1094.19238281
    kurt: 39.5407485962
    max: 3023.75024414
    mean: 2781.24414062
    median: 2775.77978516
    min: 2772.33544922
    skew: 6.42584943771
    var: 1344.13342285

Zcr:
    dmean: 0.00445001758635
    dmean2: 0.00341796875
    dvar: 0.000241390385781
    dvar2: 0.000165318328072
    kurt: 17.7617263794
    max: 0.126953125
    mean: 0.121180556715
    median: 0.12646484375
    min: 0.00439453125
    skew: -4.23092126846
    var: 0.000469020160381

HarmonicAmpFreq:
    dmean: [0.164523035288]
    dmean2: [0.168349161744]
    dvar: [1.16391670704]
    dvar2: [1.19034039974]
    kurt: [40.0222015381]
    max: [2804.98095703]
    mean: [2797.90283203]
    median: [2797.74194336]
    min: [2797.74194336]
    skew: [6.48243236542]
    var: [1.13864004612]

HarmonicAmpMag:
    dmean: [1.54573681357e-05]
    dmean2: [1.58168422786e-05]
    dvar: [1.0273999429e-08]
    dvar2: [1.05072457401e-08]
    kurt: [40.0227203369]
    max: [0.000680124212522]
    mean: [1.51138710862e-05]
    median: [0]
    min: [0]
    skew: [6.48249292374]
    var: [1.00508819045e-08]

MfccCoeff:
    dmean: [36.8162384033, 21.805688858, 3.54788565636, 10.5517597198, 3.60942935944, 1.98938989639, 2.55164885521, 3.99851846695, 2.19123196602, 1.47684085369, 2.34143662453, 1.7798923254, 2.21390891075]
    dmean2: [51.8166542053, 29.4034824371, 4.91601467133, 13.9178009033, 5.35626935959, 2.9014236927, 4.97197341919, 4.76810503006, 2.90413451195, 2.37316966057, 3.40149569511, 2.8101568222, 2.52132248878]
    dvar: [7511.81591797, 66.2610549927, 12.8833093643, 16.8588638306, 24.4825820923, 40.4024505615, 0.800256729126, 34.6358909607, 1.85495579243, 23.6447029114, 19.1903553009, 6.5092997551, 28.2390460968]
    dvar2: [19162.21875, 301.812561035, 14.7882432938, 84.2634429932, 39.101020813, 64.8323287964, 1.6626086235, 46.538734436, 4.90550851822, 43.1231155396, 19.0158691406, 5.43989229202, 29.3610649109]
    kurt: [27.6932907104, -1.31273579597, 19.6565876007, -0.572984933853, 9.71758842468, 12.0134296417, 1.14936685562, 15.1709709167, 4.02194547653, 11.4162712097, 16.2025661469, 15.2060146332, 15.9993858337]
    max: [-631.137329102, 14.0809745789, -66.4449615479, 67.7949829102, 59.2215614319, -28.6746788025, -7.21454620361, 68.9639129639, -7.54650878906, -19.9996242523, 39.430934906, 27.3360462189, -2.46556091309]
    mean: [-1019.98175049, -8.44991016388, -98.982749939, 54.8802146912, 49.8969688416, -65.0824050903, -10.4109859467, 57.8781700134, -16.6896286011, -44.3100280762, 34.5034980774, 25.3733730316, -43.2853927612]
    median: [-1029.66809082, -6.32193374634, -100.623458862, 53.8646469116, 50.4890174866, -67.0315246582, -10.1985549927, 59.4306945801, -17.1409912109, -45.6980819702, 35.929271698, 26.4485034943, -45.3231620789]
    min: [-1054.89331055, -30.9149398804, -105.310516357, 34.2600746155, 20.6371459961, -70.5799865723, -15.8317718506, 12.2023487091, -19.230796814, -50.780166626, 0.78600692749, 4.43477630615, -46.1190757751]
    skew: [5.1917424202, -0.10681052506, 4.11850976944, 0.163274377584, -3.08162045479, 3.66353559494, -0.564985096455, -3.80250406265, 1.83254301548, 3.54308533669, -4.05213785172, -3.92918753624, 4.06212472916]
    var: [4108.35986328, 262.804656982, 33.7477378845, 67.5707931519, 44.98695755, 66.4993515015, 2.48562097549, 78.7241516113, 5.7822766304, 32.5062866211, 41.7791137695, 16.8749465942, 62.2580833435]

SpecContrastCoeff:
    dmean: [0.0324577242136, 0.0155258467421, 0.0151695897803, 0.016214819625, 0.0289526861161, 0.0206547044218]
    dmean2: [0.0577573105693, 0.0284845773131, 0.0251327995211, 0.0225320830941, 0.0269840974361, 0.0369408465922]
    dvar: [0.0013800637098, 0.000240778084844, 0.000303724053083, 6.7215274612e-05, 0.0043454808183, 0.000255153194303]
    dvar2: [0.00346046453342, 0.00058902555611, 0.000441555544967, 0.000187542376807, 0.00334241287783, 0.000515509804245]
    kurt: [2.61119794846, 0.210778713226, 18.719203949, 1.96279430389, 19.4408626556, -0.910960912704]
    max: [-0.862787842751, -0.94762301445, -0.864573359489, -0.876651823521, -0.203534111381, -0.892467200756]
    mean: [-0.962928533554, -0.986548304558, -0.978701710701, -0.934999108315, -0.262521773577, -0.925035715103]
    median: [-0.97656160593, -0.99520945549, -0.987195134163, -0.941364109516, -0.240824282169, -0.934287309647]
    min: [-0.993488311768, -0.996982395649, -0.991088926792, -0.952179968357, -0.795159637928, -0.939358353615]
    skew: [1.93790173531, 1.30677568913, 3.89585590363, 1.4029750824, -4.36868810654, 0.909486413002]
    var: [0.00107460329309, 0.000221578258788, 0.00041801284533, 0.000300493033137, 0.00923799257725, 0.000286789698293]

SpecPeakAmp:
    dmean: [0.000104985752841, 0.000105849343527, 0.000103477897937, 9.08794609131e-05, 0.000102261758002]
    dmean2: [0.000157349393703, 0.000157527683768, 0.000154615423526, 0.000141328797326, 0.000152721826453]
    dvar: [1.21679079257e-07, 1.21215776971e-07, 1.15721974225e-07, 8.49801509162e-08, 1.1569179037e-07]
    dvar2: [3.1978061088e-07, 3.19124211501e-07, 3.06741355871e-07, 2.31798225059e-07, 3.07156795998e-07]
    kurt: [39.1825866699, 39.0497169495, 38.869720459, 29.7099189758, 38.7804260254]
    max: [0.00173917936627, 0.00174346752465, 0.00173524697311, 0.0017272841651, 0.0017463718541]
    mean: [9.04342596186e-05, 8.195641567e-05, 8.3127139078e-05, 9.55415816861e-05, 8.50647047628e-05]
    median: [5.80742489547e-05, 4.69338810944e-05, 4.71330022265e-05, 4.76433378935e-05, 4.81240094814e-05]
    min: [1.0280814422e-05, 2.348011094e-06, 3.70824523088e-06, 4.90741740578e-06, 7.25905920262e-06]
    skew: [6.38318634033, 6.36821174622, 6.34746742249, 5.44455432892, 6.33798503876]
    var: [6.2394235556e-08, 6.34643555486e-08, 6.28837710792e-08, 6.99725433151e-08, 6.36530685938e-08]
