
metadata:
    version:
        essentia: "2.1-beta3"

Flux:
    dmean: 0.0171267986298
    dmean2: 0
    dvar: 0
    dvar2: 0
    kurt: -2
    max: 0.387903809547
    mean: 0.379340410233
    median: 0.379340410233
    min: 0.370777010918
    skew: 0
    var: 7.33318083803e-05

Rms:
    dmean: 0
    dmean2: 0
    dvar: 0
    dvar2: 0
    kurt: 0
    max: 0.133215740323
    mean: 0.133215740323
    median: 0.133215740323
    min: 0.133215740323
    skew: 0
    var: 0

RollOff:
    dmean: 904.39453125
    dmean2: 0
    dvar: 0
    dvar2: 0
    kurt: -2
    max: 2648.58398438
    mean: 2196.38671875
    median: 2196.38671875
    min: 1744.18945312
    skew: 0
    var: 204482.359375

SpecCent:
    dmean: 88.1762695312
    dmean2: 0
    dvar: 0
    dvar2: 0
    kurt: -2
    max: 2302.40869141
    mean: 2258.32055664
    median: 2258.32055664
    min: 2214.23242188
    skew: 0
    var: 1943.76367188

Zcr:
    dmean: 0
    dmean2: 0
    dvar: 0
    dvar2: 0
    kurt: 0
    max: 0.017578125
    mean: 0.017578125
    median: 0.017578125
    min: 0.017578125
    skew: 0
    var: 0

HarmonicAmpFreq:
    dmean: [0]
    dmean2: [0]
    dvar: [0]
    dvar2: [0]
    kurt: [nan]
    max: [2361.69799805]
    mean: [2361.69799805]
    median: [2361.69799805]
    min: [2361.69799805]
    skew: [nan]
    var: [0]

HarmonicAmpMag:
    dmean: [0]
    dmean2: [0]
    dvar: [0]
    dvar2: [0]
    kurt: [nan]
    max: [0]
    mean: [0]
    median: [0]
    min: [0]
    skew: [nan]
    var: [0]

MfccCoeff:
    dmean: [295.395507812, 155.053771973, 48.2981414795, 42.6110191345, 7.82955551147, 2.14500045776, 0.94482421875, 8.20593833923, 1.45845603943, 3.30261421204, 1.04997444153, 2.41332054138, 1.23844337463]
    dmean2: [0, 0, 0, 0, 0, 0, 0, 0, 0, 0, 0, 0, 0]
    dvar: [0, 0, 0, 0, 0, 0, 0, 0, 0, 0, 0, 0, 0]
    dvar2: [0, 0, 0, 0, 0, 0, 0, 0, 0, 0, 0, 0, 0]
    kurt: [-2, -2, -2, -2, -2, -1.99999988079, -2, -1.99999988079, -2, -1.99999988079, -2, -2, -1.99999988079]
    max: [-566.250305176, 181.257263184, -83.5145111084, -21.9318656921, 19.9064292908, -4.12091064453, -13.523979187, 10.5410289764, 6.55439186096, -1.70224761963, -0.601274490356, 5.9107875824, 0.151725769043]
    mean: [-713.948059082, 103.730377197, -107.663581848, -43.2373733521, 15.991651535, -5.19341087341, -13.9963912964, 6.43805980682, 5.82516384125, -3.35355472565, -1.12626171112, 4.70412731171, -0.467495918274]
    median: [-713.948059082, 103.730377197, -107.663581848, -43.2373733521, 15.991651535, -5.19341087341, -13.9963912964, 6.43805980682, 5.82516384125, -3.35355472565, -1.12626171112, 4.70412731171, -0.467495918274]
    min: [-861.645812988, 26.2034950256, -131.812652588, -64.5428848267, 12.0768737793, -6.26591110229, -14.4688034058, 2.33509063721, 5.09593582153, -5.00486183167, -1.65124893188, 3.49746704102, -1.08671760559]
    skew: [0, 0, 0, -3.02932249951e-07, 0, 0, 0, 0, 0, 0, 0, 0, 0]
    var: [21814.6269531, 6010.41796875, 583.177612305, 453.924743652, 15.3254852295, 1.15025675297, 0.223173201084, 16.834356308, 0.531773507595, 2.72681522369, 0.275611579418, 1.4560290575, 0.383435487747]

SpecContrastCoeff:
    dmean: [0.117404103279, 0.0557613968849, 0.116308987141, 0.065767288208, 0.159965157509, 0.0383595824242]
    dmean2: [0, 0, 0, 0, 0, 0]
    dvar: [0, 0, 0, 0, 0, 0]
    dvar2: [0, 0, 0, 0, 0, 0]
    kurt: [-2, -2, -2, -2, -2, -2]
    max: [-0.825785458088, -0.835207045078, -0.868541717529, -0.842241168022, -0.569042026997, -0.902326405048]
    mean: [-0.884487509727, -0.863087773323, -0.926696181297, -0.875124812126, -0.649024605751, -0.921506166458]
    median: [-0.884487509727, -0.863087773323, -0.926696181297, -0.875124812126, -0.649024605751, -0.921506166458]
    min: [-0.943189561367, -0.890968441963, -0.98485070467, -0.90800845623, -0.729007184505, -0.940685987473]
    skew: [0, 3.18935440191e-06, -1.5167854599e-06, 0, 0, -4.67279323857e-06]
    var: [0.00344593077898, 0.000777333392762, 0.00338194519281, 0.00108133407775, 0.00639721285552, 0.000367864384316]

SpecPeakAmp:
    dmean: [0.00187541113701, 0.00193555851001, 0.00144460122101, 0.00281742890365, 0.003830174217]
    dmean2: [0, 0, 0, 0, 0]
    dvar: [0, 0, 0, 0, 0]
    dvar2: [0, 0, 0, 0, 0]
    kurt: [-2, -2, -2, -2, -2]
    max: [0.00367286615074, 0.00388857116923, 0.0037704934366, 0.00295251305215, 0.00394825637341]
    mean: [0.00273516052403, 0.00292079197243, 0.00304819270968, 0.00154379860032, 0.00203316914849]
    median: [0.00273516052403, 0.00292079197243, 0.00304819270968, 0.00154379860032, 0.00203316914849]
    min: [0.00179745501373, 0.00195301265921, 0.00232589221559, 0.000135084235808, 0.000118082098197]
    skew: [1.68314187476e-07, -1.83726825753e-07, 4.78750962429e-07, 1.58855172572e-07, 1.89681898632e-07]
    var: [8.79291746969e-07, 9.36596677548e-07, 5.21718163782e-07, 1.98447628463e-06, 3.66755853065e-06]
