
metadata:
    version:
        essentia: "2.1-beta3"

Flux:
    dmean: 6.33665922578e-06
    dmean2: 9.34248873818e-06
    dvar: 5.37006328294e-10
    dvar2: 1.14461451428e-09
    kurt: 13.6130466461
    max: 0.000123713543871
    mean: 7.42025031286e-06
    median: 1.14452109301e-06
    min: 8.35768844354e-07
    skew: 3.82408809662
    var: 5.67351499114e-10

Rms:
    dmean: 2.57969509221e-06
    dmean2: 3.05382332044e-06
    dvar: 4.47447461027e-11
    dvar2: 3.54854826079e-11
    kurt: 19.5106735229
    max: 0.000102760342997
    mean: 9.95069276541e-05
    median: 0.000101083853224
    min: 5.82610337005e-05
    skew: -4.47838449478
    var: 5.80704408171e-11

RollOff:
    dmean: 0.500772178173
    dmean2: 0.5126953125
    dvar: 10.5324554443
    dvar2: 10.7771167755
    kurt: 39.023223877
    max: 215.33203125
    mean: 194.288223267
    median: 193.798828125
    min: 193.798828125
    skew: 6.40493679047
    var: 10.2986516953

SpecCent:
    dmean: 9.96806812286
    dmean2: 15.2083959579
    dvar: 161.469665527
    dvar2: 194.822723389
    kurt: 16.4349937439
    max: 502.120880127
    mean: 429.71194458
    median: 428.125030518
    min: 417.801879883
    skew: 3.82206892967
    var: 188.254623413

Zcr:
    dmean: 0.000431504362496
    dmean2: 0.000674293143675
    dvar: 5.01336558045e-07
    dvar2: 3.40057567882e-07
    kurt: 15.4127044678
    max: 0.00830078125
    mean: 0.00796786230057
    median: 0.00830078125
    min: 0.00390625
    skew: -3.95780539513
    var: 6.69443807055e-07

HarmonicAmpFreq:
    dmean: [0.0564511306584]
    dmean2: [0.0716796144843]
    dvar: [0.0505157969892]
    dvar2: [0.0528575628996]
    kurt: [38.1078186035]
    max: [180.108032227]
    mean: [178.652328491]
    median: [178.61857605]
    min: [178.509735107]
    skew: [6.29330730438]
    var: [0.0498289614916]

HarmonicAmpMag:
    dmean: [3.68854239241e-06]
    dmean2: [3.77024889531e-06]
    dvar: [2.81283746295e-10]
    dvar2: [2.78590206459e-10]
    kurt: [22.5485935211]
    max: [0.000136734190164]
    mean: [0.000133058958454]
    median: [0.000136657996336]
    min: [3.78032164008e-05]
    skew: [-4.83241081238]
    var: [2.84049173072e-10]

MfccCoeff:
    dmean: [0.150172039866, 0.206760853529, 0.190259352326, 0.163838937879, 0.129053875804, 0.0879254043102, 0.0428938753903, 0.00385781214572, 0.0490680076182, 0.090679615736, 0.126427054405, 0.154489919543, 0.173578485847]
    dmean2: [0.153480172157, 0.211321145296, 0.194449290633, 0.167439773679, 0.13188098371, 0.0898350328207, 0.0438130684197, 0.00412259763107, 0.0503082275391, 0.0928301140666, 0.129338219762, 0.157986238599, 0.177461892366]
    dvar: [0.554071366787, 1.05039918423, 0.889596641064, 0.659921050072, 0.409660696983, 0.190342366695, 0.0452806726098, 0.000311145908199, 0.0586655475199, 0.201228231192, 0.391694039106, 0.585401594639, 0.739548683167]
    dvar2: [0.562520682812, 1.06636106968, 0.90305519104, 0.669834494591, 0.415714204311, 0.193065300584, 0.0458598248661, 0.000325414963299, 0.0597048327327, 0.20456430316, 0.398008257151, 0.594664633274, 0.751057982445]
    kurt: [29.8560066223, 29.8498153687, 29.8529129028, 29.8586463928, 29.8698768616, 29.8926582336, 29.9636306763, 28.147983551, 29.719379425, 29.7788124084, 29.8028068542, 29.818397522, 29.8314819336]
    max: [-1133.7331543, 6.45350265503, 5.93923950195, 5.11598587036, 4.03147888184, 2.74913787842, 1.34260940552, -5.34057617188e-05, -4.57763671875e-05, -2.28881835938e-05, -2.67028808594e-05, -3.0517578125e-05, -3.81469726562e-05]
    mean: [-1133.88098145, 6.2495880127, 5.75160264969, 4.95442914963, 3.90422439575, 2.66244721413, 1.30031061172, -0.104555130005, -1.47356951237, -2.73191928864, -3.81314706802, -4.66291713715, -5.24223566055]
    median: [-1133.73522949, 6.45063400269, 5.93664550781, 5.11386489868, 4.02991485596, 2.74815368652, 1.34218978882, -0.107978820801, -1.52114105225, -2.8200302124, -3.93603897095, -4.81304168701, -5.41087722778]
    min: [-1138.42004395, 1.14440917969e-05, -6.103515625e-05, 8.01086425781e-05, -6.103515625e-05, 2.28881835938e-05, -2.67028808594e-05, -0.109657287598, -1.52234649658, -2.82175445557, -3.9381980896, -4.8155670166, -5.41360473633]
    skew: [-5.48792362213, -5.48701572418, -5.48729944229, -5.48782777786, -5.48886823654, -5.49097204208, -5.49753522873, 5.32959365845, 5.4749546051, 5.48044729233, 5.48266553879, 5.48410987854, 5.48531770706]
    var: [0.545947611332, 1.03504216671, 0.876638233662, 0.650373756886, 0.403819829226, 0.187709614635, 0.044720556587, 0.000298570696032, 0.0576720200479, 0.198027521372, 0.385634124279, 0.576508045197, 0.728488743305]

SpecContrastCoeff:
    dmean: [0.0226339828223, 0.031241549179, 0.0129558704793, 0.0100528225303, 0.010400576517, 0.0081396009773]
    dmean2: [0.0265910178423, 0.0552447400987, 0.0197368822992, 0.0127914175391, 0.013996549882, 0.0124850329012]
    dvar: [0.00265902653337, 0.000341001781635, 0.000192855222849, 0.000294083351037, 0.000424513156759, 0.00010538945935]
    dvar2: [0.00224005896598, 0.000827044073958, 0.000276290084003, 0.000300507323118, 0.000365523854271, 0.000128343293909]
    kurt: [14.822353363, -0.589062452316, 6.83990287781, 13.9474620819, 14.5448112488, 11.696393013]
    max: [-0.535391926765, -0.849481523037, -0.858612656593, -0.849695980549, -0.818280696869, -0.86304885149]
    mean: [-0.567292749882, -0.904826581478, -0.88955193758, -0.869462907314, -0.840683341026, -0.881710648537]
    median: [-0.553463339806, -0.903508067131, -0.888827323914, -0.865782618523, -0.835644364357, -0.881980538368]
    min: [-0.863039910793, -0.94520676136, -0.969344139099, -0.961417853832, -0.9521702528, -0.939462840557]
    skew: [-3.96073579788, 0.29147207737, -2.19711136818, -3.67428135872, -3.87335395813, -3.14303445816]
    var: [0.00368823553436, 0.000523049791809, 0.000361843471183, 0.000359502708307, 0.000567117182072, 0.00015160748444]

SpecPeakAmp:
    dmean: [2.27779040074e-07, 2.90454790957e-05, 2.55039376498e-05, 1.39906489949e-07, 1.15170244896e-07]
    dmean2: [2.65823700829e-07, 5.56926243007e-05, 5.21222609677e-05, 1.81243237307e-07, 1.46030643577e-07]
    dvar: [2.81383992712e-13, 2.91331314628e-09, 2.81472112285e-09, 1.80822696226e-13, 1.19574069071e-13]
    dvar2: [2.98078185398e-13, 6.93766466497e-09, 7.03882774289e-09, 1.85933191586e-13, 1.21775013033e-13]
    kurt: [33.3152732849, -1.93506288528, -1.92413234711, 23.4590015411, 17.9199924469]
    max: [1.72071559064e-05, 0.000136734190164, 0.000136725007906, 2.69158954325e-06, 1.96814585252e-06]
    mean: [1.66840127349e-05, 7.41331532481e-05, 5.92045216763e-05, 2.68520921054e-07, 2.26230000067e-07]
    median: [1.67533380591e-05, 0.000135614129249, 2.48217048693e-07, 1.8666133883e-07, 1.54445331191e-07]
    min: [1.3110980035e-05, 1.56663347184e-07, 1.44162399351e-07, 9.52405940779e-08, 9.69714619714e-08]
    skew: [-5.6973657608, -0.164181604981, 0.275198727846, 4.88810586929, 4.40258932114]
    var: [3.19505760824e-13, 4.42793224309e-09, 4.56013848904e-09, 1.78315099231e-13, 1.16754140535e-13]
