
metadata:
    version:
        essentia: "2.1-beta3"

Flux:
    dmean: 0.000163424061611
    dmean2: 0.000222282047616
    dvar: 2.83677536572e-07
    dvar2: 5.67489735204e-07
    kurt: 9.37181282043
    max: 0.00305834109895
    mean: 0.000215459280298
    median: 1.07949672383e-05
    min: 5.15231113241e-06
    skew: 3.27041292191
    var: 4.58418099925e-07

Rms:
    dmean: 8.41219225549e-05
    dmean2: 8.14935920062e-05
    dvar: 5.58854615917e-08
    dvar2: 2.46930156322e-08
    kurt: 21.5831642151
    max: 0.00225688703358
    mean: 0.0021571633406
    median: 0.00223555066623
    min: 0.000312895834213
    skew: -4.60297679901
    var: 1.05126559902e-07

RollOff:
    dmean: 18.5968570709
    dmean2: 18.5285701752
    dvar: 14091.4287109
    dvar2: 13642.5390625
    kurt: 39.9631996155
    max: 1012.06054688
    mean: 212.4609375
    median: 193.798828125
    min: 193.798828125
    skew: 6.4755654335
    var: 14540.9697266

SpecCent:
    dmean: 33.718788147
    dmean2: 33.0645942688
    dvar: 31297.2929688
    dvar2: 23857.6328125
    kurt: 38.8303184509
    max: 1524.32287598
    mean: 215.388626099
    median: 182.320465088
    min: 179.051712036
    skew: 6.35114526749
    var: 39491.734375

Zcr:
    dmean: 0.00053267047042
    dmean2: 0.000726744183339
    dvar: 8.10819983599e-07
    dvar2: 4.36606455878e-07
    kurt: 17.1407546997
    max: 0.00830078125
    mean: 0.0078125
    median: 0.00830078125
    min: 0.00048828125
    skew: -4.09555482864
    var: 1.86496311017e-06

HarmonicAmpFreq:
    dmean: [0.107369855046]
    dmean2: [0.172616288066]
    dvar: [0.144678086042]
    dvar2: [0.376709908247]
    kurt: [23.4542217255]
    max: [180.882263184]
    mean: [178.708831787]
    median: [178.621246338]
    min: [178.604385376]
    skew: [4.80921459198]
    var: [0.140037715435]

HarmonicAmpMag:
    dmean: [0.000121176963148]
    dmean2: [9.36461728998e-05]
    dvar: [2.01338252737e-07]
    dvar2: [1.40694112361e-07]
    kurt: [15.4427204132]
    max: [0.00306165684015]
    mean: [0.00291325408034]
    median: [0.00306024542078]
    min: [0]
    skew: [-4.04161739349]
    var: [3.33164507538e-07]

MfccCoeff:
    dmean: [2.19909954071, 2.74975800514, 1.86009287834, 0.876110076904, 0.432440668344, 0.297054797411, 0.216826349497, 0.202797114849, 0.264927268028, 0.422111332417, 0.558092832565, 0.664730250835, 0.735447883606]
    dmean2: [3.11711096764, 3.86522078514, 2.52864384651, 1.06428706646, 0.313689112663, 0.38576027751, 0.371767252684, 0.262430399656, 0.252746224403, 0.354890167713, 0.425220102072, 0.454956233501, 0.46096599102]
    dvar: [105.871635437, 167.046859741, 79.8392333984, 21.6252002716, 4.08303689957, 1.97958934307, 1.00341045856, 0.619988322258, 1.54529380798, 3.34379291534, 5.22005271912, 6.77925109863, 8.02274990082]
    dvar2: [238.104248047, 369.054382324, 163.399215698, 33.2015075684, 1.76036763191, 2.70423102379, 2.32446599007, 1.20628392696, 1.31560409069, 1.98409044743, 2.46985602379, 3.124740839, 4.41006374359]
    kurt: [24.3433094025, 22.5497093201, 19.4949493408, 33.3631515503, 32.8457298279, 18.8086929321, 17.2858371735, 12.3787250519, 30.91431427, 31.3662528992, 29.2086715698, 26.130903244, 23.6581935883]
    max: [-1079.40258789, 75.1036758423, 54.2510719299, 30.5442085266, 18.9863739014, 13.0403442383, 6.68416213989, 0.340072631836, -4.57763671875e-05, -2.28881835938e-05, -2.67028808594e-05, -3.0517578125e-05, -3.81469726562e-05]
    mean: [-1116.30273438, 30.2706985474, 27.3931045532, 23.0096740723, 17.5473098755, 11.3768234253, 4.79845905304, -1.89076387882, -8.34282875061, -14.1733369827, -19.0294265747, -22.6497974396, -24.8802223206]
    median: [-1116.65673828, 29.9178581238, 27.3904457092, 23.3523292542, 18.0515899658, 11.8133087158, 5.01601028442, -1.93181610107, -8.61929321289, -14.6595611572, -19.714345932, -23.5148162842, -25.8778343201]
    min: [-1138.42004395, 1.14440917969e-05, -6.103515625e-05, 8.01086425781e-05, -6.103515625e-05, 2.28881835938e-05, -1.41823959351, -4.28672790527, -8.61972045898, -14.6600799561, -19.714925766, -23.5154418945, -25.8783988953]
    skew: [3.30719184875, 2.63602495193, -0.140267595649, -5.46805000305, -5.75264310837, -4.49583530426, -4.18301153183, 0.505719959736, 5.56428050995, 5.57007217407, 5.35633420944, 5.06732559204, 4.84075546265]
    var: [41.2462425232, 65.1475448608, 32.7152824402, 13.1633005142, 7.69316053391, 4.76122713089, 1.49362778664, 0.319176852703, 1.79224193096, 5.12100982666, 9.55771064758, 14.3455162048, 18.3002929688]

SpecContrastCoeff:
    dmean: [0.0307816267014, 0.0140585964546, 0.0169017128646, 0.0189326293766, 0.00910528097302, 0.00659108860418]
    dmean2: [0.0343203209341, 0.0245370306075, 0.0313099063933, 0.0344013422728, 0.0159058328718, 0.011866603978]
    dvar: [0.00401886599138, 0.00029769007233, 0.000158800467034, 0.000160346433404, 4.76350869576e-05, 4.56051457149e-05]
    dvar2: [0.00247808988206, 0.000493544561323, 0.000386192492442, 0.000442396936705, 0.000121195225802, 0.000107669744466]
    kurt: [16.5574741364, 10.5531988144, 0.186993837357, 0.430916547775, 3.69102573395, 8.62068271637]
    max: [-0.392023712397, -0.852862715721, -0.921057641506, -0.905244529247, -0.908923089504, -0.90876275301]
    mean: [-0.441539049149, -0.955250799656, -0.954265773296, -0.942639350891, -0.928848326206, -0.924889564514]
    median: [-0.416881322861, -0.963335037231, -0.958013772964, -0.945335626602, -0.928722441196, -0.923870384693]
    min: [-0.994144499302, -0.979014575481, -0.969412624836, -0.963864505291, -0.961967170238, -0.962732374668]
    skew: [-4.03235054016, 3.2163579464, 1.08074367046, 0.828769922256, -1.32595324516, -2.60336971283]
    var: [0.0108352052048, 0.000528846285306, 0.000167451551533, 0.000183029769687, 9.28035660763e-05, 8.36929539219e-05]

SpecPeakAmp:
    dmean: [8.23928567115e-05, 0.000956212577876, 0.000974365102593, 2.75906995739e-06, 2.48188393925e-06]
    dmean2: [0.000124828366097, 0.00190218421631, 0.00198987498879, 4.3177351472e-06, 3.97598387281e-06]
    dvar: [1.32194998059e-07, 1.95302322936e-06, 2.02156752493e-06, 5.29947544181e-11, 4.8453411422e-11]
    dvar2: [3.38969272207e-07, 3.43770784639e-06, 3.41899590239e-06, 1.36281555485e-10, 1.25614268986e-10]
    kurt: [39.9983062744, -1.28068888187, -0.585634946823, 33.2822418213, 37.4448204041]
    max: [0.00176046823617, 0.00306165684015, 0.00306160002947, 3.64378320228e-05, 3.50024020008e-05]
    mean: [5.56412305741e-05, 0.00212770886719, 0.000751634594053, 3.23999870488e-06, 2.8470522011e-06]
    median: [1.71875017259e-05, 0.00305941537954, 3.14701583193e-06, 2.57180340668e-06, 2.20027345676e-06]
    min: [2.79430264527e-06, 9.46764032506e-07, 6.05507068485e-07, 4.49955052773e-07, 3.58100493258e-07]
    skew: [6.4796037674, -0.836343228817, 1.18921434879, 5.75520515442, 6.18373155594]
    var: [6.60741221736e-08, 1.93380469682e-06, 1.72554700839e-06, 2.73241377441e-11, 2.4238938981e-11]
