
metadata:
    version:
        essentia: "2.1-beta3"

Flux:
    dmean: 0.00369637249969
    dmean2: 0.00505264801905
    dvar: 0.000141880183946
    dvar2: 0.000283849978587
    kurt: 9.33889198303
    max: 0.0683805122972
    mean: 0.00478487135842
    median: 0.000212950093555
    min: 3.18125203194e-05
    skew: 3.26642775536
    var: 0.000230118690524

Rms:
    dmean: 0.00189504062291
    dmean2: 0.00183334352914
    dvar: 2.84158559225e-05
    dvar2: 1.26062068375e-05
    kurt: 21.7037525177
    max: 0.0505160205066
    mean: 0.0482905507088
    median: 0.0500767193735
    min: 0.00671653356403
    skew: -4.61501169205
    var: 5.32584781467e-05

RollOff:
    dmean: 21.0438117981
    dmean2: 21.0324306488
    dvar: 18157.0019531
    dvar2: 17695.0273438
    kurt: 39.9762382507
    max: 1119.7265625
    mean: 214.853515625
    median: 193.798828125
    min: 193.798828125
    skew: 6.47707223892
    var: 18619.0527344

SpecCent:
    dmean: 34.2882537842
    dmean2: 33.7700767517
    dvar: 32888.265625
    dvar2: 25563.0722656
    kurt: 38.9605178833
    max: 1546.34558105
    mean: 213.495162964
    median: 179.835800171
    min: 176.824630737
    skew: 6.36503791809
    var: 40884.0390625

Zcr:
    dmean: 0.000554865051527
    dmean2: 0.000772165716626
    dvar: 7.32496971523e-07
    dvar2: 2.90898896083e-07
    kurt: 15.778169632
    max: 0.00830078125
    mean: 0.00780164916068
    median: 0.00830078125
    min: 0.0009765625
    skew: -3.95652246475
    var: 1.71119768311e-06

HarmonicAmpFreq:
    dmean: [0.0993347167969]
    dmean2: [0.160176828504]
    dvar: [0.120650596917]
    dvar2: [0.312013626099]
    kurt: [22.0900764465]
    max: [180.714263916]
    mean: [178.704650879]
    median: [178.620803833]
    min: [178.604858398]
    skew: [4.68160772324]
    var: [0.123970136046]

HarmonicAmpMag:
    dmean: [0.00271293241531]
    dmean2: [0.00209359382279]
    dvar: [0.000100824538094]
    dvar2: [7.0524707553e-05]
    kurt: [15.4194564819]
    max: [0.0685476362705]
    mean: [0.0652245432138]
    median: [0.0685181319714]
    min: [0]
    skew: [-4.03881502151]
    var: [0.000167108883034]

MfccCoeff:
    dmean: [16.9083442688, 8.55466747284, 2.84775996208, 3.27869701385, 5.65282011032, 7.3317322731, 7.77170610428, 6.86020469666, 5.19837331772, 3.63016963005, 2.317486763, 1.45915257931, 1.97916984558]
    dmean2: [25.69373703, 12.6438360214, 3.2013092041, 4.38936138153, 9.48990154266, 12.4574956894, 13.4637937546, 11.8939971924, 9.1431760788, 5.69448566437, 3.06683492661, 1.58596301079, 2.31632685661]
    dvar: [3793.78125, 461.457305908, 30.7358779907, 23.7408561707, 24.1681499481, 18.0160083771, 15.4740104675, 9.80104541779, 5.74486207962, 3.46490716934, 9.23591709137, 19.341463089, 25.1738090515]
    dvar2: [9544.99316406, 1028.32373047, 18.6038684845, 16.5737247467, 45.8302497864, 46.8029212952, 50.5792312622, 38.0649490356, 19.6139507294, 8.67526245117, 6.48186349869, 15.9504365921, 22.3607444763]
    kurt: [37.4354362488, 14.7279891968, 14.7664852142, 17.8130264282, 12.7202825546, 6.81731319427, 0.65593957901, -1.46760773659, -1.27764844894, 11.233757019, 20.2231903076, 18.3246955872, 15.9363937378]
    max: [-808.538818359, 145.561416626, 91.3511962891, 71.4147491455, 49.4971656799, 33.4815979004, 20.3507575989, 6.87240028381, -3.31228637695, -1.10055541992, 0.696537017822, 1.53128814697, 1.36837005615]
    mean: [-1080.41662598, 72.6184539795, 63.6071624756, 53.4766120911, 40.7103157043, 27.1254768372, 13.4000701904, 0.591032862663, -10.9418392181, -20.7879638672, -28.8879833221, -35.0580825806, -39.2374610901]
    median: [-1086.13269043, 71.6632156372, 64.8493347168, 55.27293396, 42.8632698059, 28.4654541016, 13.7978858948, 0.0558166503906, -11.3266143799, -21.7866897583, -30.1889705658, -36.7213859558, -41.4343833923]
    min: [-1124.7052002, 17.7594718933, 13.3262939453, 7.35643386841, 1.45523071289, -2.96187591553, -5.10575485229, -7.75467681885, -17.1141967773, -26.4647750854, -33.3673782349, -37.163936615, -42.0407524109]
    skew: [6.15946722031, 1.76669573784, -2.87525367737, -3.70809459686, -3.41140055656, -2.22931432724, -0.813117980957, 0.0943882316351, 0.172670096159, 2.90807533264, 4.42928647995, 4.32128000259, 4.05150747299]
    var: [1733.4954834, 219.717498779, 98.3879547119, 72.8839111328, 66.3466339111, 47.3819007874, 34.5520210266, 20.1370830536, 12.8183050156, 16.0236721039, 28.267534256, 46.2138328552, 61.5767288208]

SpecContrastCoeff:
    dmean: [0.0438610985875, 0.0126376142725, 0.00628363154829, 0.00400259159505, 0.00477143051103, 0.0106826452538]
    dmean2: [0.0514935329556, 0.0208563860506, 0.0117718689144, 0.00746806990355, 0.0093153025955, 0.0213156994432]
    dvar: [0.00640940619633, 0.000593738106545, 4.8771406e-05, 3.66725180356e-05, 6.05078857916e-05, 0.000160858849995]
    dvar2: [0.00322261732072, 0.00102097075433, 9.56491785473e-05, 9.08590081963e-05, 0.0001608497696, 0.000392742280383]
    kurt: [18.7691326141, 12.2873449326, 1.34309625626, 4.23932266235, 5.04364967346, 3.01553440094]
    max: [-0.174893990159, -0.80435359478, -0.933385789394, -0.938627362251, -0.935526490211, -0.919892132282]
    mean: [-0.25251442194, -0.946555018425, -0.959945499897, -0.963548958302, -0.960597932339, -0.95622831583]
    median: [-0.226701319218, -0.956698060036, -0.964808642864, -0.966577410698, -0.963545978069, -0.961728096008]
    min: [-0.985221505165, -0.976107060909, -0.965272009373, -0.967227339745, -0.964514315128, -0.963123977184]
    skew: [-4.26261758804, 3.60859870911, 1.61506915092, 2.2589828968, 2.46438217163, 1.99836957455]
    var: [0.0177838224918, 0.000954099406954, 7.30135143385e-05, 4.42099772044e-05, 5.06091746502e-05, 0.000114383990876]

SpecPeakAmp:
    dmean: [0.00183689559344, 0.00271244859323, 8.27748372103e-05, 5.05750103912e-05, 4.57407877548e-05]
    dmean2: [0.0028167180717, 0.00429324060678, 0.000124588375911, 7.6406991866e-05, 7.0521957241e-05]
    dvar: [6.65679617669e-05, 0.000149769126438, 4.79919854968e-08, 2.84307120069e-08, 2.62694079822e-08]
    dvar2: [0.000170853410964, 0.000242755224463, 1.12980210076e-07, 7.26076621049e-08, 6.78601637105e-08]
    kurt: [39.9983634949, 11.125043869, 20.7531280518, 33.6910820007, 38.041103363]
    max: [0.0392995923758, 0.0685476362705, 0.00102643761784, 0.00082111771917, 0.000793046143372]
    mean: [0.000955810246523, 0.0643756315112, 8.65200709086e-05, 4.13971938542e-05, 3.60031153832e-05]
    median: [7.4862735346e-05, 0.0685181319714, 5.37502637599e-05, 1.86437464436e-05, 1.71301162482e-05]
    min: [1.16846740639e-05, 2.1299245418e-05, 1.36741136885e-05, 4.9610835049e-06, 4.7455555432e-06]
    skew: [6.47963571548, -3.58824419975, 4.65284824371, 5.82903909683, 6.26428222656]
    var: [3.34241522069e-05, 0.000242832567892, 2.9215389219e-08, 1.49968588659e-08, 1.33376500955e-08]
