
metadata:
    version:
        essentia: "2.1-beta3"

Flux:
    dmean: 0.0332040973008
    dmean2: 0.0456156171858
    dvar: 0.0114909000695
    dvar2: 0.0225262455642
    kurt: 9.12679004669
    max: 0.629015088081
    mean: 0.0440370850265
    median: 0.00207466888241
    min: 2.69694719464e-05
    skew: 3.23599481583
    var: 0.0193909071386

Rms:
    dmean: 0.0174707435071
    dmean2: 0.0169422794133
    dvar: 0.00242983014323
    dvar2: 0.00108471279964
    kurt: 21.9869270325
    max: 0.465424209833
    mean: 0.444960474968
    median: 0.461305290461
    min: 0.0598694123328
    skew: -4.64263629913
    var: 0.00453615700826

RollOff:
    dmean: 22.0225944519
    dmean2: 22.0339756012
    dvar: 19927.4121094
    dvar2: 19463.4746094
    kurt: 39.9802894592
    max: 1162.79296875
    mean: 215.810546875
    median: 193.798828125
    min: 193.798828125
    skew: 6.47754096985
    var: 20391.3339844

SpecCent:
    dmean: 34.6708717346
    dmean2: 34.3231391907
    dvar: 34092.109375
    dvar2: 26926.3808594
    kurt: 39.0639228821
    max: 1563.15185547
    mean: 213.735366821
    median: 179.723724365
    min: 176.822418213
    skew: 6.37612581253
    var: 41854.7929688

Zcr:
    dmean: 0.00053267047042
    dmean2: 0.000726744183339
    dvar: 8.10819983599e-07
    dvar2: 4.36606455878e-07
    kurt: 17.1407546997
    max: 0.00830078125
    mean: 0.0078125
    median: 0.00830078125
    min: 0.00048828125
    skew: -4.09555482864
    var: 1.86496311017e-06

HarmonicAmpFreq:
    dmean: [0.0852671563625]
    dmean2: [0.142392888665]
    dvar: [0.0983573943377]
    dvar2: [0.25880074501]
    kurt: [23.2260704041]
    max: [180.565475464]
    mean: [178.693786621]
    median: [178.621017456]
    min: [178.604812622]
    skew: [4.85672187805]
    var: [0.106107756495]

HarmonicAmpMag:
    dmean: [0.024769211188]
    dmean2: [0.0190477240831]
    dvar: [0.00837650056928]
    dvar2: [0.00582237774506]
    kurt: [15.5807094574]
    max: [0.631557941437]
    mean: [0.601152658463]
    median: [0.631278634071]
    min: [0]
    skew: [-4.05138540268]
    var: [0.0140098435804]

MfccCoeff:
    dmean: [60.2271575928, 12.1176156998, 30.488325119, 14.5850772858, 9.14142036438, 7.97758197784, 5.13270235062, 5.4824385643, 3.73196959496, 3.86368727684, 3.16035914421, 2.95609140396, 2.98054051399]
    dmean2: [103.442962646, 22.0981998444, 54.1322975159, 26.2154560089, 16.5940647125, 12.977725029, 8.38878726959, 9.98431301117, 6.80143547058, 6.48430395126, 4.68847846985, 4.26509714127, 4.00578260422]
    dvar: [7882.2734375, 126.215065002, 290.005401611, 134.036712646, 41.8916931152, 19.6828250885, 9.60712814331, 8.8340177536, 4.29001283646, 6.52772951126, 13.2266817093, 22.3840579987, 24.8592147827]
    dvar2: [21625.6269531, 184.773727417, 816.265991211, 285.54788208, 74.9678497314, 61.5414237976, 33.2575874329, 23.5147705078, 11.9940729141, 10.8751649857, 12.6138706207, 17.2830448151, 20.8241539001]
    kurt: [27.2953739166, 5.73310279846, -0.415591716766, 3.43232727051, 6.44278144836, 6.55832099915, 3.77236318588, -1.23728811741, -0.527555942535, 10.5742692947, 17.6998062134, 17.4047241211, 15.0931549072]
    max: [-566.671875, 216.360321045, 113.57989502, 81.4470672607, 51.0648841858, 31.0227203369, 17.6920814514, 4.733543396, -4.63137817383, 0.342498779297, 3.12809371948, 5.39165496826, 2.40436553955]
    mean: [-975.234924316, 160.344772339, 80.7032623291, 53.7812156677, 37.8564872742, 22.7369403839, 11.0922775269, -0.721333920956, -11.0298061371, -20.7947540283, -28.8784885406, -35.2232933044, -39.5982513428]
    median: [-978.723083496, 164.614379883, 78.1425170898, 50.3308334351, 41.2328071594, 23.4524002075, 12.4317359924, 0.168640136719, -11.1671142578, -20.5897293091, -29.6093502045, -36.2951164246, -41.1968955994]
    min: [-1033.82080078, 109.115867615, 18.7057495117, 3.41814041138, -1.12712097168, -8.99555206299, -7.42245483398, -8.13457489014, -15.913230896, -26.5383911133, -33.7955780029, -40.6463279724, -44.7489585876]
    skew: [4.87969446182, 0.0468325763941, -0.233174547553, -0.522379934788, -2.12985038757, -1.98420226574, -1.53833663464, -0.335430711508, -0.0754799544811, 2.60594320297, 4.03214788437, 4.10622882843, 3.89755892754]
    var: [4526.96337891, 212.307662964, 513.148193359, 175.54486084, 82.0351104736, 50.648979187, 22.2078723907, 13.7020254135, 7.0658493042, 18.9351806641, 34.8657188416, 57.3598976135, 67.3283004761]

SpecContrastCoeff:
    dmean: [0.0381030775607, 0.0159332882613, 0.00692444248125, 0.00438112020493, 0.00377208273858, 0.0046930979006]
    dmean2: [0.0388599075377, 0.0271930769086, 0.0117849018425, 0.00690406979993, 0.00679408246651, 0.00874124467373]
    dvar: [0.0108001641929, 0.00127838482149, 6.56028423691e-05, 4.78239853692e-05, 3.92685324186e-05, 0.000125392980408]
    dvar2: [0.00431868387386, 0.00258072651923, 0.000124687649077, 9.04271291802e-05, 9.07206704142e-05, 0.000355584284989]
    kurt: [24.9736404419, 9.70727920532, 3.21484041214, 6.55139160156, 7.28057003021, 16.8525791168]
    max: [-0.02456237562, -0.778648376465, -0.915135800838, -0.91904181242, -0.928595721722, -0.903432846069]
    mean: [-0.0853593945503, -0.932433307171, -0.950142979622, -0.955393791199, -0.954799234867, -0.954154968262]
    median: [-0.0541014745831, -0.944798409939, -0.955971002579, -0.958548605442, -0.956582665443, -0.957007110119]
    min: [-0.970311045647, -0.972770810127, -0.956253647804, -0.959889292717, -0.95913285017, -0.958922386169]
    skew: [-4.91871500015, 3.3212313652, 2.05512070656, 2.7354683876, 2.92439579964, 4.00210094452]
    var: [0.0223173703998, 0.00145015318412, 0.000122203622595, 7.9787838331e-05, 4.97728069604e-05, 8.91674135346e-05]

SpecPeakAmp:
    dmean: [0.102822043002, 0.110731102526, 0.000769433157984, 0.000454212102341, 0.000402287550969]
    dmean2: [0.201697796583, 0.215285122395, 0.00111611571629, 0.000670876412187, 0.0006057737628]
    dvar: [0.0495060421526, 0.0551542751491, 4.15707427237e-06, 2.36765208683e-06, 2.15625755118e-06]
    dvar2: [0.140714228153, 0.142501369119, 9.42647693591e-06, 5.95034180151e-06, 5.53316203877e-06]
    kurt: [7.76315879822, 2.97126626968, 18.35546875, 30.1106262207, 36.247959137]
    max: [0.631068468094, 0.631557941437, 0.00923432782292, 0.00738687021658, 0.00713175395504]
    mean: [0.0508568137884, 0.551321089268, 0.000780539878178, 0.000329145084834, 0.000278915744275]
    median: [0.000678945332766, 0.631278634071, 0.000446879246738, 9.54579227255e-05, 8.59547144501e-05]
    min: [0.000151172556798, 0.000197042507352, 0.000108043794171, 2.24939685722e-05, 1.9782462914e-05]
    skew: [3.08229470253, -2.21246480942, 4.44883823395, 5.49576234818, 6.08271789551]
    var: [0.0268626790494, 0.0419950261712, 2.6978416372e-06, 1.30090643324e-06, 1.11818019377e-06]
