
metadata:
    version:
        essentia: "2.1-beta3"

Flux:
    dmean: 0.0224599838257
    dmean2: 0
    dvar: 0
    dvar2: 0
    kurt: -2
    max: 0.384016156197
    mean: 0.372786164284
    median: 0.372786164284
    min: 0.361556172371
    skew: 0
    var: 0.000126112718135

Rms:
    dmean: 0
    dmean2: 0
    dvar: 0
    dvar2: 0
    kurt: 0
    max: 0.1315497756
    mean: 0.1315497756
    median: 0.1315497756
    min: 0.1315497756
    skew: 0
    var: 0

RollOff:
    dmean: 64.599609375
    dmean2: 0
    dvar: 0
    dvar2: 0
    kurt: -1.99999988079
    max: 344.53125
    mean: 312.231445312
    median: 312.231445312
    min: 279.931640625
    skew: 0
    var: 1043.27734375

SpecCent:
    dmean: 4.59594726562
    dmean2: 0
    dvar: 0
    dvar2: 0
    kurt: -2
    max: 236.040054321
    mean: 233.742080688
    median: 233.742080688
    min: 231.444107056
    skew: 0
    var: 5.28068304062

Zcr:
    dmean: 0.00048828125
    dmean2: 0
    dvar: 0
    dvar2: 0
    kurt: -2
    max: 0.00390625
    mean: 0.003662109375
    median: 0.003662109375
    min: 0.00341796875
    skew: 0
    var: 5.96046447754e-08

HarmonicAmpFreq:
    dmean: [35.1365661621]
    dmean2: [0]
    dvar: [0]
    dvar2: [0]
    kurt: [-2]
    max: [273.283721924]
    mean: [255.715438843]
    median: [255.715438843]
    min: [238.147155762]
    skew: [0]
    var: [308.644561768]

HarmonicAmpMag:
    dmean: [0.130659222603]
    dmean2: [0]
    dvar: [0]
    dvar2: [0]
    kurt: [-2]
    max: [0.142814472318]
    mean: [0.0774848610163]
    median: [0.0774848610163]
    min: [0.0121552562341]
    skew: [1.56570990839e-07]
    var: [0.00426795752719]

MfccCoeff:
    dmean: [259.549621582, 74.7290649414, 34.2801437378, 0.0416450500488, 19.9758491516, 36.0660552979, 30.3745956421, 22.9386405945, 13.2671508789, 9.01005554199, 4.14654159546, 0.694038391113, 3.37927246094]
    dmean2: [0, 0, 0, 0, 0, 0, 0, 0, 0, 0, 0, 0, 0]
    dvar: [0, 0, 0, 0, 0, 0, 0, 0, 0, 0, 0, 0, 0]
    dvar2: [0, 0, 0, 0, 0, 0, 0, 0, 0, 0, 0, 0, 0]
    kurt: [-2, -2, -1.99999976158, -1.99999988079, -2, -2, -2, -1.99999988079, -2, -1.99999988079, -2, -1.99999988079, -2]
    max: [-755.64440918, 229.154815674, 104.065185547, 44.9103469849, 17.9516639709, 9.25243186951, -2.35935974121, -6.49564743042, -11.4423141479, -11.8247451782, -12.3891849518, -10.1828536987, -4.98654174805]
    mean: [-885.419189453, 191.790283203, 86.9251098633, 44.8895263672, 7.96373939514, -8.78059673309, -17.5466575623, -17.9649677277, -18.0758895874, -16.3297729492, -14.4624557495, -10.5298728943, -6.67617797852]
    median: [-885.419189453, 191.790283203, 86.9251098633, 44.8895263672, 7.96373939514, -8.78059673309, -17.5466575623, -17.9649677277, -18.0758895874, -16.3297729492, -14.4624557495, -10.5298728943, -6.67617797852]
    min: [-1015.19403076, 154.425750732, 69.7850418091, 44.8687019348, -2.02418518066, -26.8136253357, -32.7339553833, -29.4342880249, -24.7094650269, -20.8348007202, -16.5357265472, -10.8768920898, -8.36581420898]
    skew: [-6.86309533648e-07, 0, 7.27266240119e-07, -0.000274767109659, 0, 0, 0, 0, 0, 0, 0, 0, 0]
    var: [16841.5019531, 1396.10827637, 293.782043457, 0.000433577544754, 99.7586364746, 325.190093994, 230.654022217, 131.545303345, 44.004322052, 20.2952747345, 4.29845190048, 0.120422318578, 2.85487055779]

SpecContrastCoeff:
    dmean: [0.109821498394, 0.0022155046463, 0.0186203718185, 0.0232887268066, 0.0339645147324, 0.0110964179039]
    dmean2: [0, 0, 0, 0, 0, 0]
    dvar: [0, 0, 0, 0, 0, 0]
    dvar2: [0, 0, 0, 0, 0, 0]
    kurt: [-2, -2, -2, -2, -2, -2]
    max: [-0.597316980362, -0.628346025944, -0.868427753448, -0.889760315418, -0.894953072071, -0.934673726559]
    mean: [-0.652227759361, -0.629453778267, -0.877737939358, -0.901404678822, -0.911935329437, -0.940221905708]
    median: [-0.652227759361, -0.629453778267, -0.877737939358, -0.901404678822, -0.911935329437, -0.940221905708]
    min: [-0.707138478756, -0.63056153059, -0.887048125267, -0.913049042225, -0.928917586803, -0.945770144463]
    skew: [1.62599712894e-06, 0, 0, 0, 0, -1.61422285601e-05]
    var: [0.00301519036293, 1.22711526274e-06, 8.66795598995e-05, 0.000135591195431, 0.000288397073746, 3.0782623071e-05]

SpecPeakAmp:
    dmean: [0.14193880558, 0.0181337166578, 0.00255372654647, 0.00600993772969, 0.00442591449246]
    dmean2: [0, 0, 0, 0, 0]
    dvar: [0, 0, 0, 0, 0]
    dvar2: [0, 0, 0, 0, 0]
    kurt: [-2, -2, -1.99999988079, -2, -1.99999988079]
    max: [0.142814472318, 0.0197065826505, 0.0121552562341, 0.00632168771699, 0.00462428852916]
    mean: [0.0718450695276, 0.0106397243217, 0.0108783934265, 0.00331671885215, 0.00241133128293]
    median: [0.0718450695276, 0.0106397243217, 0.0108783934265, 0.00331671885215, 0.00241133128293]
    min: [0.000875660334714, 0.0015728661092, 0.00960152968764, 0.000311749899993, 0.0001983740367]
    skew: [-1.22131552871e-07, 0, -1.0666134358e-06, 0, 0]
    var: [0.00503665674478, 8.22079164209e-05, 1.63037975653e-06, 9.02983811102e-06, 4.89717967866e-06]
