
metadata:
    version:
        essentia: "2.1-beta3"

Flux:
    dmean: 6.43032262815e-06
    dmean2: 9.61464411375e-06
    dvar: 5.29269628124e-10
    dvar2: 1.1318469495e-09
    kurt: 13.6815071106
    max: 0.000123866120703
    mean: 7.63688331062e-06
    median: 1.47780133375e-06
    min: 5.39791756182e-07
    skew: 3.82923007011
    var: 5.62845547947e-10

Rms:
    dmean: 2.12851591641e-06
    dmean2: 2.32040952142e-06
    dvar: 4.19337377322e-11
    dvar2: 3.07807598854e-11
    kurt: 19.1871623993
    max: 0.000101760335383
    mean: 9.95075097308e-05
    median: 0.000101313024061
    min: 5.91470306972e-05
    skew: -4.46212768555
    var: 5.64147409343e-11

RollOff:
    dmean: 1.00154435635
    dmean2: 1.025390625
    dvar: 20.5633563995
    dvar2: 21.0285148621
    kurt: 17.0475826263
    max: 387.59765625
    mean: 367.043243408
    median: 366.064453125
    min: 366.064453125
    skew: 4.36435222626
    var: 20.118303299

SpecCent:
    dmean: 7.66659736633
    dmean2: 10.5825328827
    dvar: 157.218597412
    dvar2: 151.5493927
    kurt: 18.7368297577
    max: 698.22857666
    mean: 620.595153809
    median: 617.537597656
    min: 611.533752441
    skew: 4.19065952301
    var: 201.528610229

Zcr:
    dmean: 0.000635901174974
    dmean2: 0.000930059526581
    dvar: 2.57863348452e-06
    dvar2: 2.4387884423e-06
    kurt: 16.6651592255
    max: 0.0166015625
    mean: 0.0159135293216
    median: 0.01611328125
    min: 0.0078125
    skew: -4.26151895523
    var: 2.82112227978e-06

HarmonicAmpFreq:
    dmean: [0.348060071468]
    dmean2: [0.659947693348]
    dvar: [0.303330630064]
    dvar2: [0.617118775845]
    kurt: [0.650554895401]
    max: [360.960632324]
    mean: [360.232421875]
    median: [360.456665039]
    min: [359.094085693]
    skew: [-1.54327058792]
    var: [0.259185642004]

HarmonicAmpMag:
    dmean: [3.56067175744e-05]
    dmean2: [6.9129964686e-05]
    dvar: [3.41908878987e-09]
    dvar2: [7.20437487445e-09]
    kurt: [0.697824478149]
    max: [0.000137473078212]
    mean: [0.000111972651212]
    median: [0.000137412498589]
    min: [0]
    skew: [-1.61095499992]
    var: [2.6544229037e-09]

MfccCoeff:
    dmean: [0.0899771749973, 0.115539550781, 0.0826238617301, 0.0345366708934, 0.0199038479477, 0.0706794187427, 0.108476504683, 0.126342236996, 0.120996519923, 0.0934228226542, 0.0486867167056, 0.00499476958066, 0.0577589534223]
    dmean2: [0.0920846089721, 0.118233092129, 0.0845482200384, 0.0353473499417, 0.0203686673194, 0.0723262950778, 0.11100333184, 0.129285544157, 0.1238149032, 0.0955993980169, 0.0498213991523, 0.00511114951223, 0.0591047368944]
    dvar: [0.20321187377, 0.335189014673, 0.17142033577, 0.0299458168447, 0.00994589924812, 0.125444814563, 0.295463085175, 0.400802433491, 0.36760905385, 0.219151124358, 0.0595184974372, 0.000626445573289, 0.083765283227]
    dvar2: [0.205864772201, 0.339567035437, 0.173657402396, 0.0303370989859, 0.0100757433102, 0.127082824707, 0.299319982529, 0.40603557229, 0.372409015894, 0.222011700273, 0.0602950155735, 0.000634622003417, 0.0848586559296]
    kurt: [30.9293479919, 30.9164466858, 30.9163970947, 30.9162216187, 30.9164886475, 30.9163284302, 30.9163284302, 30.9162101746, 30.9161987305, 30.9162330627, 30.9162025452, 30.9165802002, 30.9161567688]
    max: [-1135.55395508, 3.68095016479, 2.63229370117, 1.10029983521, -6.103515625e-05, 2.28881835938e-05, -2.67028808594e-05, -5.34057617188e-05, -4.57763671875e-05, -2.28881835938e-05, -2.67028808594e-05, 0.159103393555, 1.84008789062]
    mean: [-1135.6427002, 3.56666111946, 2.55056619644, 1.06613051891, -0.614445447922, -2.18191695213, -3.34866571426, -3.90020012856, -3.73520278931, -2.88397884369, -1.50296962261, 0.154160752892, 1.78295087814]
    median: [-1135.55529785, 3.67930221558, 2.6311340332, 1.09979629517, -0.633842468262, -2.250831604, -3.45442581177, -4.02337646484, -3.85317230225, -2.97506332397, -1.55043792725, 0.159030914307, 1.83926391602]
    min: [-1138.42004395, 1.14440917969e-05, -6.103515625e-05, 8.01086425781e-05, -0.634140014648, -2.25183868408, -3.45597457886, -4.02517700195, -3.85488891602, -2.97639465332, -1.55112838745, -3.0517578125e-05, -3.81469726562e-05]
    skew: [-5.5881652832, -5.58639907837, -5.58638858795, -5.58637285233, 5.58640003204, 5.58638143539, 5.58638858795, 5.58637332916, 5.58637332916, 5.58637475967, 5.58637142181, -5.58640527725, -5.58636951447]
    var: [0.20071016252, 0.331063479185, 0.169310748577, 0.0295765455812, 0.00982359237969, 0.123901538551, 0.29182857275, 0.395871073008, 0.3630861938, 0.21645565331, 0.0587864182889, 0.000618741032667, 0.0827350765467]

SpecContrastCoeff:
    dmean: [0.0233375579119, 0.0208647549152, 0.0112131275237, 0.0161550082266, 0.0114038707688, 0.0092924265191]
    dmean2: [0.0324342735112, 0.0278044883162, 0.0173754300922, 0.026910526678, 0.0170740764588, 0.0135813057423]
    dvar: [0.00120259833056, 0.00180141837336, 0.000112649402581, 0.000249252392678, 0.000193830710487, 0.000147585305967]
    dvar2: [0.0011758976616, 0.00207542674616, 0.000206121156225, 0.0004648839531, 0.000223559327424, 0.000126411934616]
    kurt: [12.4770145416, 23.115562439, 5.75517845154, 8.70049476624, 13.1263828278, 11.9006090164]
    max: [-0.647450268269, -0.528932332993, -0.894988775253, -0.860424757004, -0.850678145885, -0.849385797977]
    mean: [-0.689515531063, -0.560696542263, -0.912808060646, -0.884510576725, -0.874667704105, -0.868543803692]
    median: [-0.683213114738, -0.552496194839, -0.909324347973, -0.883727014065, -0.872513890266, -0.865316092968]
    min: [-0.861001014709, -0.820774137974, -0.963239729404, -0.963619470596, -0.962554752827, -0.941267728806]
    skew: [-3.49482083321, -4.68210077286, -2.1119594574, -2.31690216064, -3.3467040062, -3.26322174072]
    var: [0.00156852556393, 0.00202789437026, 0.000176521542016, 0.000286202062853, 0.000313459400786, 0.000237274871324]

SpecPeakAmp:
    dmean: [2.65461466142e-07, 1.950488695e-06, 6.36991399006e-06, 5.20409230376e-05, 8.29594428069e-05]
    dmean2: [3.6092717437e-07, 2.01690227186e-06, 9.78514162853e-06, 0.000105596904177, 0.00016662265989]
    dvar: [3.9459234491e-13, 1.4888995592e-10, 8.00287836e-10, 4.33657731946e-09, 4.49511494693e-09]
    dvar2: [3.68077557366e-13, 1.52196991121e-10, 2.06098516031e-09, 1.22327765695e-08, 1.12289573195e-08]
    kurt: [21.8884830475, 38.9940376282, 38.9961700439, 0.645946025848, -1.86316466331]
    max: [1.6946471078e-05, 8.14781888039e-05, 0.000135258000228, 0.000137473078212, 0.000137464186992]
    mean: [1.66245026776e-05, 2.38389111473e-06, 3.33881348524e-06, 2.60308388533e-05, 8.13233200461e-05]
    median: [1.67593061633e-05, 5.0288855391e-07, 2.1017009999e-07, 1.85131909802e-07, 0.000137388036819]
    min: [1.2906527445e-05, 4.45193279575e-07, 6.49312354994e-08, 9.71658948856e-08, 9.16359610414e-08]
    skew: [-4.71379995346, 6.40147590637, 6.40171718597, 1.61432170868, -0.369839727879]
    var: [4.37283293343e-13, 1.45536901974e-10, 4.04843908397e-10, 2.78942358101e-09, 4.54535076244e-09]
