
metadata:
    version:
        essentia: "2.1-beta3"

Flux:
    dmean: 0.000163903823704
    dmean2: 0.000216584565351
    dvar: 2.85079636342e-07
    dvar2: 5.6096479284e-07
    kurt: 9.62265586853
    max: 0.00311089097522
    mean: 0.00021492538508
    median: 1.02384829006e-05
    min: 5.62341256227e-06
    skew: 3.29945087433
    var: 4.620030154e-07

Rms:
    dmean: 7.20121533959e-05
    dmean2: 6.08815425949e-05
    dvar: 4.96846936926e-08
    dvar2: 2.09413215657e-08
    kurt: 20.5132484436
    max: 0.00224850908853
    mean: 0.00215976755135
    median: 0.00223736837506
    min: 0.000426704384154
    skew: -4.49724960327
    var: 9.55014911597e-08

RollOff:
    dmean: 11.7453832626
    dmean2: 11.5177602768
    dvar: 4983.58935547
    dvar2: 4644.31152344
    kurt: 39.7058334351
    max: 861.328125
    mean: 378.02734375
    median: 366.064453125
    min: 366.064453125
    skew: 6.44595241547
    var: 5328.29931641

SpecCent:
    dmean: 22.473526001
    dmean2: 22.3589439392
    dvar: 12317.2197266
    dvar2: 9050.80664062
    kurt: 38.5554389954
    max: 1214.73510742
    mean: 381.784240723
    median: 360.809661865
    min: 357.208587646
    skew: 6.32185554504
    var: 16045.5029297

Zcr:
    dmean: 0.00081010296708
    dmean2: 0.000942496350035
    dvar: 3.65152322956e-06
    dvar2: 2.35530069403e-06
    kurt: 18.5582447052
    max: 0.0166015625
    mean: 0.0156141491607
    median: 0.01611328125
    min: 0.00048828125
    skew: -4.28688669205
    var: 7.64517244534e-06

HarmonicAmpFreq:
    dmean: [7.07383728027]
    dmean2: [14.3669662476]
    dvar: [409.132141113]
    dvar2: [1199.6583252]
    kurt: [17.4930286407]
    max: [360.68258667]
    mean: [356.789703369]
    median: [359.640991211]
    min: [289.047393799]
    skew: [-4.41157913208]
    var: [212.96925354]

HarmonicAmpMag:
    dmean: [0.00193695269991]
    dmean2: [0.00381195964292]
    dvar: [2.05605238079e-06]
    dvar2: [4.14876785726e-06]
    kurt: [-1.9600186348]
    max: [0.00307810259983]
    mean: [0.00149423314724]
    median: [0.000843830464873]
    min: [0]
    skew: [0.0609054416418]
    var: [2.26920087698e-06]

MfccCoeff:
    dmean: [2.00020813942, 2.33423686028, 1.14054334164, 0.298426538706, 0.888105392456, 1.08933794498, 0.948044776917, 1.02675831318, 0.951621294022, 0.705991387367, 0.347481161356, 0.117380492389, 0.401109695435]
    dmean2: [2.66158413887, 3.05937862396, 1.37918317318, 0.44700729847, 1.27266967297, 1.36259520054, 0.992067098618, 0.905336797237, 0.783513605595, 0.580115556717, 0.307632833719, 0.191345572472, 0.380605131388]
    dvar: [79.900970459, 109.835502625, 28.4840526581, 1.95009028912, 15.5914430618, 24.8804912567, 24.5780143738, 21.5359668732, 16.4507884979, 9.0428276062, 2.50328683853, 0.258462965488, 2.49980401993]
    dvar2: [161.588394165, 214.259170532, 45.0454177856, 3.15403580666, 36.6603279114, 43.1233711243, 26.4902820587, 14.6267528534, 9.20720291138, 5.02989959717, 1.71416664124, 0.674887180328, 2.31294631958]
    kurt: [18.0632247925, 18.5527248383, 27.6198635101, 16.5172195435, 29.9424324036, 23.3873977661, 34.5778884888, 32.6841392517, 30.8810272217, 30.9038619995, 33.1532821655, 24.0274181366, 19.2669258118]
    max: [-1084.1920166, 64.4569473267, 34.4048805237, 10.422870636, -6.103515625e-05, 2.28881835938e-05, -2.67028808594e-05, -5.34057617188e-05, -4.57763671875e-05, -2.28881835938e-05, -2.67028808594e-05, 1.55763244629, 13.8337478638]
    mean: [-1110.78930664, 35.2961502075, 24.810585022, 9.91932868958, -6.28533744812, -20.6631660461, -30.6318950653, -34.5638771057, -32.0158424377, -23.7927703857, -11.7868032455, 1.44008111954, 13.2447376251]
    median: [-1110.59570312, 35.6557731628, 25.3179359436, 10.4092597961, -6.11064147949, -21.0177841187, -31.4961776733, -35.7052612305, -33.126701355, -24.6178512573, -12.1713924408, 1.55576324463, 13.83203125]
    min: [-1138.42004395, 1.14440917969e-05, -6.103515625e-05, 8.01086425781e-05, -21.7537651062, -31.6590232849, -32.4095840454, -35.7321472168, -33.1544265747, -24.6426773071, -12.190908432, -1.50853729248, -3.81469726562e-05]
    skew: [-0.297905147076, -1.30932497978, -4.71679067612, -4.23504590988, -4.8440618515, 3.66087317467, 5.92232370377, 5.70776224136, 5.52010774612, 5.5223274231, 5.75466585159, -4.90511655807, -4.44626903534]
    var: [33.8470191956, 48.5036621094, 16.7979717255, 4.11354732513, 6.29928636551, 12.902384758, 22.8585147858, 29.8692035675, 26.3243103027, 14.5331687927, 3.44979357719, 0.256380468607, 5.94528722763]

SpecContrastCoeff:
    dmean: [0.0348692797124, 0.0325990207493, 0.0125848315656, 0.0138728115708, 0.00857673585415, 0.00731355883181]
    dmean2: [0.0591968260705, 0.0415757447481, 0.0216900091618, 0.0233691297472, 0.0144953643903, 0.0131210144609]
    dvar: [0.000488296383992, 0.00358405988663, 0.000122166922665, 9.81160919764e-05, 4.93647094117e-05, 4.65450357297e-05]
    dvar2: [0.0012455326505, 0.00259905913845, 0.000223742215894, 0.000303205015371, 0.00013235140068, 0.000121021468658]
    kurt: [0.0868246555328, 18.5776252747, 1.97293806076, 0.518729686737, 5.15716171265, 10.455406189]
    max: [-0.776366591454, -0.386872977018, -0.910184204578, -0.904333114624, -0.911767959595, -0.913805365562]
    mean: [-0.836298465729, -0.444729834795, -0.951839625835, -0.93857216835, -0.926245391369, -0.925743758678]
    median: [-0.840642035007, -0.425210446119, -0.954406559467, -0.938943862915, -0.924978256226, -0.925368368626]
    min: [-0.903587639332, -0.98888272047, -0.967537581921, -0.959884941578, -0.96072614193, -0.962331950665]
    skew: [0.14173899591, -4.2934589386, 1.52516627312, 0.621109485626, -1.66912865639, -2.45549654961]
    var: [0.000684027851094, 0.0100230388343, 0.000175568668055, 0.000126709288452, 6.78234137013e-05, 5.56000195502e-05]

SpecPeakAmp:
    dmean: [3.45063904206e-06, 8.35282044136e-05, 2.82633618554e-06, 0.000278874358628, 0.001696778927]
    dmean2: [5.80120376981e-06, 0.000128224506625, 4.27158011007e-06, 0.000500006368384, 0.00345024978742]
    dvar: [9.36535571316e-12, 1.42477219356e-07, 5.48233160258e-11, 7.64208607507e-07, 2.29076886171e-06]
    dvar2: [2.05621058375e-11, 3.65771768429e-07, 1.35760055975e-10, 2.55887766798e-06, 4.36864911535e-06]
    kurt: [7.17034435272, 40.0206069946, 30.4579696655, 17.548122406, -1.89622795582]
    max: [2.43097274506e-05, 0.00181498250458, 3.77786564059e-05, 0.00307783088647, 0.00307810259983]
    mean: [1.66657519003e-05, 4.25682337664e-05, 3.49489437212e-06, 0.000139316296554, 0.00131997128483]
    median: [1.67666457855e-05, 2.26485053645e-06, 2.61658624368e-06, 2.62722937805e-06, 2.98406735055e-06]
    min: [3.97549410991e-06, 8.35832111079e-07, 7.91144600498e-07, 5.89533669881e-07, 4.68248998686e-07]
    skew: [-1.50164210796, 6.48224306107, 5.48087644577, 4.42087459564, 0.298225820065]
    var: [8.1136607849e-12, 7.13984107392e-08, 3.04441437338e-11, 3.95054058799e-07, 2.27202417591e-06]
