
metadata:
    version:
        essentia: "2.1-beta3"

Flux:
    dmean: 0.00370848854072
    dmean2: 0.00494425324723
    dvar: 0.000142763776239
    dvar2: 0.000281201268081
    kurt: 9.57335758209
    max: 0.06946734339
    mean: 0.00474301911891
    median: 0.000166709913174
    min: 1.61904372362e-05
    skew: 3.29362559319
    var: 0.000232067264733

Rms:
    dmean: 0.00161425315309
    dmean2: 0.00136221374851
    dvar: 2.49227960012e-05
    dvar2: 1.04907994682e-05
    kurt: 20.4791660309
    max: 0.0503423325717
    mean: 0.0483532808721
    median: 0.0500917546451
    min: 0.00953751243651
    skew: -4.49408102036
    var: 4.79543850815e-05

RollOff:
    dmean: 12.2347745895
    dmean2: 12.0185317993
    dvar: 5446.07080078
    dvar2: 5096.20410156
    kurt: 39.7316131592
    max: 882.861328125
    mean: 378.505859375
    median: 366.064453125
    min: 366.064453125
    skew: 6.44888877869
    var: 5800.90820312

SpecCent:
    dmean: 22.4303283691
    dmean2: 22.2908248901
    dvar: 12287.7402344
    dvar2: 9034.17773438
    kurt: 38.5457382202
    max: 1213.21484375
    mean: 380.825836182
    median: 359.666870117
    min: 356.233215332
    skew: 6.32083034515
    var: 16025.7539062

Zcr:
    dmean: 0.00081010296708
    dmean2: 0.000942496350035
    dvar: 3.65152322956e-06
    dvar2: 2.36638993556e-06
    kurt: 18.5823421478
    max: 0.0166015625
    mean: 0.0156032983214
    median: 0.01611328125
    min: 0.00048828125
    skew: -4.28968954086
    var: 7.6289225035e-06

HarmonicAmpFreq:
    dmean: [0.0592852495611]
    dmean2: [0.0678469613194]
    dvar: [0.048229765147]
    dvar2: [0.0613550543785]
    kurt: [18.3893871307]
    max: [360.699005127]
    mean: [360.419616699]
    median: [360.457885742]
    min: [359.369384766]
    skew: [-4.30303812027]
    var: [0.0395859144628]

HarmonicAmpMag:
    dmean: [0.00271582882851]
    dmean2: [0.00210041273385]
    dvar: [0.000102695594251]
    dvar2: [7.10135063855e-05]
    kurt: [15.6064682007]
    max: [0.0689186826348]
    mean: [0.0656050145626]
    median: [0.06890270859]
    min: [0]
    skew: [-4.0614695549]
    var: [0.000168235375895]

MfccCoeff:
    dmean: [15.8674840927, 7.71761035919, 6.01813840866, 6.60739850998, 7.26810312271, 6.62298107147, 5.80449771881, 4.0890622139, 2.27908945084, 3.01046085358, 2.78453373909, 1.9092425108, 1.67749011517]
    dmean2: [23.4655895233, 10.7969322205, 9.96120452881, 11.5294904709, 12.4065151215, 10.3606519699, 8.38250350952, 5.5506477356, 2.41602015495, 3.88595509529, 3.94939756393, 3.09311842918, 2.47930121422]
    dvar: [3641.07397461, 302.536254883, 43.6895332336, 19.7463855743, 15.630859375, 12.24031353, 20.9381542206, 42.2329444885, 48.6026954651, 26.684009552, 6.05716753006, 1.13194286823, 11.5339517593]
    dvar2: [9032.41015625, 586.200378418, 88.0245666504, 43.8621139526, 43.1810913086, 31.2080364227, 20.0981903076, 36.0539321899, 45.4785766602, 25.7886734009, 6.77275133133, 3.1230032444, 15.7327365875]
    kurt: [36.7754707336, 11.3148403168, 9.98122692108, 4.10547876358, -0.704687595367, 4.33106803894, 14.7559127808, 16.5307426453, 17.164276123, 16.6354389191, 15.8290882111, 2.70557260513, 12.8901672363]
    max: [-808.320556641, 129.787063599, 77.1953735352, 29.6827278137, -3.70407104492, -14.4580459595, -14.6250686646, -10.6759109497, -5.20738220215, -0.76439666748, 1.2403678894, 4.79486846924, 25.7917404175]
    mean: [-1073.65600586, 76.477722168, 52.6932182312, 22.4567527771, -10.4024391174, -38.7206192017, -57.7212677002, -64.3311691284, -58.5661506653, -42.5716590881, -20.4347553253, 3.15673279762, 23.602230072]
    median: [-1079.29711914, 75.9995193481, 54.6142921448, 24.0947608948, -9.77500915527, -38.3939323425, -58.7554855347, -66.5860443115, -60.9719772339, -44.5182266235, -21.1293849945, 3.40695953369, 24.9865951538]
    min: [-1119.94396973, 22.5511894226, 10.9213142395, -1.45453643799, -24.1269035339, -45.1458091736, -64.1950759888, -71.2406921387, -64.001625061, -45.9968795776, -23.4285793304, -2.7901725769, -0.640144348145]
    skew: [6.08108949661, 0.54618281126, -2.59719634056, -1.74317896366, -0.336547285318, 1.49004805088, 3.5401802063, 4.05407047272, 4.17932605743, 4.0774769783, 3.69620704651, -1.22138595581, -3.7288980484]
    var: [1664.96704102, 171.251586914, 100.261505127, 41.4559249878, 24.9469680786, 33.9266662598, 68.4757614136, 104.412719727, 100.927345276, 62.554775238, 16.5942592621, 2.35361504555, 27.5884056091]

SpecContrastCoeff:
    dmean: [0.0344001278281, 0.035151746124, 0.0121493851766, 0.00860496703535, 0.00770955067128, 0.0162463262677]
    dmean2: [0.0630774796009, 0.037574287504, 0.0206886921078, 0.0138613181189, 0.0129433637485, 0.029318947345]
    dvar: [0.00241841794923, 0.00628921343014, 0.000137588227517, 9.00748636923e-05, 0.000139066236443, 0.000290042720735]
    dvar2: [0.00669108284637, 0.00372121040709, 0.00022182657267, 0.000126448649098, 0.000260990316747, 0.000715295085683]
    kurt: [11.934636116, 21.546169281, 5.05324363708, 7.40075969696, 6.48406600952, 1.32373523712]
    max: [-0.686089396477, -0.22096632421, -0.88677084446, -0.906750380993, -0.908903956413, -0.905470907688]
    mean: [-0.926734268665, -0.270030766726, -0.946091234684, -0.957511126995, -0.957725584507, -0.949879288673]
    median: [-0.947006285191, -0.245171412826, -0.953084886074, -0.962994396687, -0.962843000889, -0.95756238699]
    min: [-0.956771254539, -0.985279560089, -0.956753194332, -0.964144349098, -0.963406860828, -0.960966169834]
    skew: [3.27153921127, -4.60570335388, 2.32359600067, 2.67877316475, 2.66121292114, 1.61640393734]
    var: [0.00235420721583, 0.0158658698201, 0.00026183493901, 0.000144018689753, 0.000140037795063, 0.000246278039413]

SpecPeakAmp:
    dmean: [0.0018627216341, 6.10851784586e-05, 0.021955864504, 0.0218560993671, 0.00360631174408]
    dmean2: [0.002860580571, 9.28437657421e-05, 0.0449044555426, 0.0431140288711, 0.0069213071838]
    dvar: [7.07416329533e-05, 3.2742626388e-08, 0.00102597731166, 0.00102034909651, 0.000210745580262]
    dvar2: [0.000181624476681, 8.21388468353e-08, 0.00239341403358, 0.00241440837272, 0.000622459920123]
    kurt: [40.021068573, 36.4845199585, -0.886167049408, 0.841690063477, 34.3264503479]
    max: [0.040475204587, 0.000925805128645, 0.0689162760973, 0.0689186826348, 0.0689035430551]
    mean: [0.000950443849433, 7.12466862751e-05, 0.0505670979619, 0.0122948726639, 0.00199043587781]
    median: [5.26819821971e-05, 5.26246112713e-05, 0.0688951388001, 5.04071686009e-05, 2.0194625904e-05]
    min: [1.40169840961e-05, 2.47283969657e-05, 1.7660737285e-05, 1.30508469738e-05, 7.13798544894e-06]
    skew: [6.48229789734, 6.09276390076, -1.05534446239, 1.68560254574, 5.89988327026]
    var: [3.55053816747e-05, 1.73311285323e-08, 0.000924452149775, 0.000689830223564, 0.000109469321615]
