
metadata:
    version:
        essentia: "2.1-beta3"

Flux:
    dmean: 0.0132488012314
    dmean2: 0
    dvar: 0
    dvar2: 0
    kurt: -2
    max: 0.297888547182
    mean: 0.291264146566
    median: 0.291264146566
    min: 0.284639745951
    skew: 0
    var: 4.38826828031e-05

Rms:
    dmean: 0
    dmean2: 0
    dvar: 0
    dvar2: 0
    kurt: 0
    max: 0.102243244648
    mean: 0.102243244648
    median: 0.102243244648
    min: 0.102243244648
    skew: 0
    var: 0

RollOff:
    dmean: 495.263671875
    dmean2: 0
    dvar: 0
    dvar2: 0
    kurt: -2
    max: 2347.11914062
    mean: 2099.48730469
    median: 2099.48730469
    min: 1851.85546875
    skew: 0
    var: 61321.5273438

SpecCent:
    dmean: 3.30444335938
    dmean2: 0
    dvar: 0
    dvar2: 0
    kurt: -2
    max: 1660.94030762
    mean: 1659.28808594
    median: 1659.28808594
    min: 1657.63586426
    skew: 0
    var: 2.72983646393

Zcr:
    dmean: 0
    dmean2: 0
    dvar: 0
    dvar2: 0
    kurt: 0
    max: 0.0224609375
    mean: 0.0224609375
    median: 0.0224609375
    min: 0.0224609375
    skew: 0
    var: 0

HarmonicAmpFreq:
    dmean: [107.703369141]
    dmean2: [0]
    dvar: [0]
    dvar2: [0]
    kurt: [-2]
    max: [1681.28369141]
    mean: [1627.43200684]
    median: [1627.43200684]
    min: [1573.58032227]
    skew: [0]
    var: [2900.00390625]

HarmonicAmpMag:
    dmean: [0.0654893964529]
    dmean2: [0]
    dvar: [0]
    dvar2: [0]
    kurt: [-1.99999988079]
    max: [0.0654893964529]
    mean: [0.0327446982265]
    median: [0.0327446982265]
    min: [0]
    skew: [0]
    var: [0.00107221526559]

MfccCoeff:
    dmean: [334.987365723, 112.063652039, 15.4418106079, 1.30495834351, 55.3706359863, 18.9562301636, 34.6380653381, 14.2298660278, 22.4690551758, 15.4713764191, 6.29228019714, 9.6635093689, 0.876544952393]
    dmean2: [0, 0, 0, 0, 0, 0, 0, 0, 0, 0, 0, 0, 0]
    dvar: [0, 0, 0, 0, 0, 0, 0, 0, 0, 0, 0, 0, 0]
    dvar2: [0, 0, 0, 0, 0, 0, 0, 0, 0, 0, 0, 0, 0]
    kurt: [-1.99999988079, -1.99999988079, -2, -2.00000023842, -1.99999988079, -2, -2, -2, -1.99999988079, -2, -1.99999988079, -2, -2]
    max: [-654.268554688, 168.591400146, -106.627128601, -38.71509552, 79.5450286865, 39.2147293091, -11.791217804, -4.19694519043, 22.6443214417, 10.0047550201, -1.17604446411, 8.63314819336, 0.470813751221]
    mean: [-821.762207031, 112.559570312, -114.34803772, -39.3675765991, 51.8597106934, 29.7366142273, -29.110250473, -11.3118782043, 11.4097938538, 2.26906681061, -4.32218456268, 3.80139350891, 0.0325412750244]
    median: [-821.762207031, 112.559570312, -114.34803772, -39.3675765991, 51.8597106934, 29.7366142273, -29.110250473, -11.3118782043, 11.4097938538, 2.26906681061, -4.32218456268, 3.80139350891, 0.0325412750244]
    min: [-989.25592041, 56.5277481079, -122.068939209, -40.0200538635, 24.1743927002, 20.2584991455, -46.4292831421, -18.4268112183, 0.175266265869, -5.46662139893, -7.46832466125, -1.03036117554, -0.405731201172]
    skew: [-5.85244606555e-07, 1.77642021981e-07, 1.45870694723e-06, 8.74395118444e-06, 0, 0, 0, 0, 0, 0, 0, 0, 0]
    var: [28054.1328125, 3139.56542969, 59.6123809814, 0.425729095936, 766.476806641, 89.8346633911, 299.948883057, 50.6222724915, 126.214607239, 59.8408737183, 9.89819717407, 23.3458538055, 0.192082762718]

SpecContrastCoeff:
    dmean: [0.00165325403214, 0.013319671154, 0.0691421627998, 0.000257611274719, 0.224646687508, 0.0301074981689]
    dmean2: [0, 0, 0, 0, 0, 0]
    dvar: [0, 0, 0, 0, 0, 0]
    dvar2: [0, 0, 0, 0, 0, 0]
    kurt: [-2, -1.99999988079, -2, -2, -2, -2]
    max: [-0.993889808655, -0.970544040203, -0.864199280739, -0.775606393814, -0.520641684532, -0.882145285606]
    mean: [-0.994716405869, -0.977203845978, -0.898770332336, -0.775735199451, -0.632965028286, -0.897199034691]
    median: [-0.994716405869, -0.977203845978, -0.898770332336, -0.775735199451, -0.632965028286, -0.897199034691]
    min: [-0.995543062687, -0.983863711357, -0.933341443539, -0.775864005089, -0.74528837204, -0.912252783775]
    skew: [-0.000108153726615, -1.34225156216e-05, -2.5534022825e-06, 0, 0, 0]
    var: [6.83312237015e-07, 4.43534081569e-05, 0.00119515974075, 1.65908922156e-08, 0.0126165337861, 0.000226615360589]

SpecPeakAmp:
    dmean: [0.0654155388474, 0.0410435423255, 0.028268802911, 0.0194251853973, 0.0132074141875]
    dmean2: [0, 0, 0, 0, 0]
    dvar: [0, 0, 0, 0, 0]
    dvar2: [0, 0, 0, 0, 0]
    kurt: [-1.99999988079, -2, -2, -2, -2]
    max: [0.0654893964529, 0.0411183126271, 0.0283450391144, 0.0195031836629, 0.0132883284241]
    mean: [0.0327816270292, 0.0205965414643, 0.0142106376588, 0.00979059096426, 0.00668462133035]
    median: [0.0327816270292, 0.0205965414643, 0.0142106376588, 0.00979059096426, 0.00668462133035]
    min: [7.38601447665e-05, 7.47698286432e-05, 7.62363342801e-05, 7.79981346568e-05, 8.09144912637e-05]
    skew: [1.55954793968e-07, 0, 0, 0, 9.86931141256e-08]
    var: [0.00106979801785, 0.000421143078711, 0.000199781308766, 9.43344566622e-05, 4.36089430877e-05]
