
metadata:
    version:
        essentia: "2.1-beta3"

Flux:
    dmean: 0.0332941263914
    dmean2: 0.0446494668722
    dvar: 0.0115791969001
    dvar2: 0.0223669111729
    kurt: 9.35283184052
    max: 0.638362705708
    mean: 0.0436221957207
    median: 0.00147052749526
    min: 7.22797994968e-05
    skew: 3.26230072975
    var: 0.0195578727871

Rms:
    dmean: 0.0148489866406
    dmean2: 0.0125351911411
    dvar: 0.0021123373881
    dvar2: 0.000893789343536
    kurt: 20.6555194855
    max: 0.463825106621
    mean: 0.44556337595
    median: 0.461540132761
    min: 0.0875003784895
    skew: -4.51151847839
    var: 0.00405994663015

RollOff:
    dmean: 12.2347745895
    dmean2: 12.0185317993
    dvar: 5446.07080078
    dvar2: 5096.20410156
    kurt: 39.7316131592
    max: 882.861328125
    mean: 378.505859375
    median: 366.064453125
    min: 366.064453125
    skew: 6.44888877869
    var: 5800.90820312

SpecCent:
    dmean: 22.3646297455
    dmean2: 22.1288509369
    dvar: 12135.5244141
    dvar2: 8955.53320312
    kurt: 38.5566749573
    max: 1207.68164062
    mean: 380.720733643
    median: 359.782531738
    min: 356.234405518
    skew: 6.32195711136
    var: 15815.3193359

Zcr:
    dmean: 0.000832297606394
    dmean2: 0.000965207116678
    dvar: 3.78846607418e-06
    dvar2: 2.67792097475e-06
    kurt: 18.5823421478
    max: 0.0166015625
    mean: 0.0156032983214
    median: 0.01611328125
    min: 0.00048828125
    skew: -4.28968954086
    var: 7.6289225035e-06

HarmonicAmpFreq:
    dmean: [0.0579556562006]
    dmean2: [0.0662749558687]
    dvar: [0.0468425303698]
    dvar2: [0.0600876808167]
    kurt: [19.3560314178]
    max: [360.693267822]
    mean: [360.420806885]
    median: [360.458557129]
    min: [359.367401123]
    skew: [-4.3902797699]
    var: [0.0380060710013]

HarmonicAmpMag:
    dmean: [0.0248047690839]
    dmean2: [0.0191058348864]
    dvar: [0.0085389111191]
    dvar2: [0.00587118649855]
    kurt: [15.7495574951]
    max: [0.634964168072]
    mean: [0.604639172554]
    median: [0.634820997715]
    min: [0]
    skew: [-4.07204246521]
    var: [0.0141157312319]

MfccCoeff:
    dmean: [46.4815826416, 8.56018924713, 36.7484054565, 15.2634067535, 7.45212602615, 7.13967418671, 5.72584724426, 5.80366659164, 3.42046523094, 3.3253736496, 1.82233500481, 0.823731184006, 1.48836755753]
    dmean2: [74.8393783569, 15.3030662537, 62.6754875183, 26.2158203125, 13.3081493378, 11.8839035034, 7.85088968277, 8.53887939453, 4.35912752151, 4.6854839325, 2.41237473488, 1.43947637081, 2.05889844894]
    dvar: [7637.70507812, 58.6759033203, 356.54586792, 60.693031311, 34.4659538269, 43.6795310974, 35.7767944336, 45.6290855408, 41.2180480957, 24.5957450867, 7.12318992615, 1.17652821541, 11.1468553543]
    dvar2: [19067.3671875, 127.283317566, 916.099487305, 151.671325684, 107.589401245, 86.2033920288, 43.16355896, 42.7781181335, 32.2766914368, 15.6913166046, 3.7415304184, 3.85775399208, 14.7759494781]
    kurt: [25.1683864594, 11.6859836578, -0.936060428619, -0.715572118759, -0.237163305283, 2.39818096161, 11.6712236404, 11.4633407593, 14.9082107544, 14.7293357849, 18.0608177185, 9.74853134155, 13.3548412323]
    max: [-563.933898926, 175.685058594, 111.654907227, 37.8751411438, -12.2246208191, -18.4431533813, -15.8513259888, -14.3192749023, -6.74866485596, -1.3155670166, 2.45654678345, 3.59288024902, 24.9556121826]
    mean: [-962.881958008, 166.261444092, 67.060043335, 16.9911212921, -18.236207962, -45.5159835815, -59.8120231628, -64.5317153931, -57.8622932434, -42.1402320862, -20.5916957855, 2.69878029823, 22.6630306244]
    median: [-968.252868652, 169.026123047, 62.3555030823, 15.1360664368, -16.1418571472, -45.9055900574, -60.9907913208, -66.0803985596, -60.1368331909, -43.6980514526, -21.3930721283, 3.00820159912, 24.0910186768]
    min: [-1004.35046387, 112.41947937, 10.6503295898, -2.35566329956, -31.0354423523, -57.3943443298, -70.1996231079, -74.5470581055, -64.7599868774, -48.0466003418, -24.1955051422, -2.00736236572, -2.31391906738]
    skew: [4.8727145195, -3.19792437553, 0.00258254958317, 0.417015403509, -0.951509773731, 1.12180089951, 3.19064283371, 3.3369679451, 3.89041590691, 3.84402418137, 4.12249660492, -2.78022146225, -3.77177190781]
    var: [4527.62158203, 122.9453125, 702.538818359, 123.014801025, 29.2988548279, 58.6475982666, 81.6949005127, 112.243293762, 100.3097229, 63.9763221741, 17.8382911682, 0.958568155766, 27.0708789825]

SpecContrastCoeff:
    dmean: [0.0582315921783, 0.0333245620131, 0.0160249751061, 0.00947818532586, 0.00608896277845, 0.0133712114766]
    dmean2: [0.107856541872, 0.0317259803414, 0.0272346157581, 0.0172915048897, 0.0106099927798, 0.0251602660865]
    dvar: [0.00517459027469, 0.0106102684513, 0.000263060355792, 0.000103381789813, 8.10653364169e-05, 0.000367582862964]
    dvar2: [0.0149130262434, 0.00464715855196, 0.000571346841753, 0.000195878688828, 0.000177815381903, 0.000986998900771]
    kurt: [7.96814346313, 27.5107135773, 6.0320110321, 4.6201839447, 7.23945999146, 6.74049377441]
    max: [-0.610196173191, -0.0565657131374, -0.857334375381, -0.898873925209, -0.907235682011, -0.879988431931]
    mean: [-0.923435032368, -0.0990080833435, -0.932590901852, -0.948386371136, -0.9512565732, -0.94566398859]
    median: [-0.952204525471, -0.0687335729599, -0.941333889961, -0.95489770174, -0.955175220966, -0.952703952789]
    min: [-0.967176198959, -0.980907380581, -0.94531840086, -0.955386519432, -0.956246495247, -0.954498529434]
    skew: [2.6548345089, -5.18509531021, 2.45435857773, 2.12764906883, 2.73449325562, 2.63940858841]
    var: [0.00469211256132, 0.0211416911334, 0.000390743516618, 0.000145116617205, 0.000101464436739, 0.000250742887147]

SpecPeakAmp:
    dmean: [0.0171003043652, 0.346449822187, 0.375357627869, 0.139831364155, 0.000604353030212]
    dmean2: [0.0262326970696, 0.708708047867, 0.767846226692, 0.275324523449, 0.000834575213958]
    dvar: [0.00595642440021, 0.0994479879737, 0.0969470664859, 0.0668056607246, 3.16035448122e-06]
    dvar2: [0.0152955856174, 0.190178230405, 0.140863314271, 0.183767855167, 5.47521722183e-06]
    kurt: [40.0185699463, -1.33411288261, -1.9979596138, 3.87320232391, 19.5321655273]
    max: [0.371406167746, 0.634929776192, 0.634964168072, 0.634948074818, 0.00907121133059]
    mean: [0.00870402343571, 0.19803725183, 0.324947834015, 0.0748123079538, 0.000466308789328]
    median: [0.000440847070422, 0.000528130796738, 0.634714484215, 0.000405618542572, 7.68936515669e-05]
    min: [0.000126257320517, 0.000251218618359, 0.000159226779942, 2.17397464439e-05, 1.72462605406e-05]
    skew: [6.48200321198, 0.815969645977, -0.0445012487471, 2.40411663055, 4.55873060226]
    var: [0.00298998178914, 0.0861507356167, 0.100409008563, 0.0396775044501, 2.59995499619e-06]
