
metadata:
    version:
        essentia: "2.1-beta3"

Flux:
    dmean: 0.0203423500061
    dmean2: 0
    dvar: 0
    dvar2: 0
    kurt: -2
    max: 0.376681178808
    mean: 0.366510003805
    median: 0.366510003805
    min: 0.356338828802
    skew: 0
    var: 0.00010345280316

Rms:
    dmean: 0
    dmean2: 0
    dvar: 0
    dvar2: 0
    kurt: 0
    max: 0.129884034395
    mean: 0.129884034395
    median: 0.129884034395
    min: 0.129884034395
    skew: 0
    var: 0

RollOff:
    dmean: 107.666015625
    dmean2: 0
    dvar: 0
    dvar2: 0
    kurt: -2
    max: 645.99609375
    mean: 592.163085938
    median: 592.163085938
    min: 538.330078125
    skew: 0
    var: 2897.99267578

SpecCent:
    dmean: 301.489349365
    dmean2: 0
    dvar: 0
    dvar2: 0
    kurt: -1.99999988079
    max: 778.173095703
    mean: 627.428405762
    median: 627.428405762
    min: 476.683746338
    skew: 2.91926852469e-07
    var: 22723.9570312

Zcr:
    dmean: 0.00048828125
    dmean2: 0
    dvar: 0
    dvar2: 0
    kurt: -2
    max: 0.0068359375
    mean: 0.006591796875
    median: 0.006591796875
    min: 0.00634765625
    skew: 0
    var: 5.96046447754e-08

HarmonicAmpFreq:
    dmean: [74.138092041]
    dmean2: [0]
    dvar: [0]
    dvar2: [0]
    kurt: [-2]
    max: [556.178344727]
    mean: [519.109313965]
    median: [519.109313965]
    min: [482.040252686]
    skew: [-1.26534723677e-06]
    var: [1374.11425781]

HarmonicAmpMag:
    dmean: [0.119174852967]
    dmean2: [0]
    dvar: [0]
    dvar2: [0]
    kurt: [-2]
    max: [0.129278659821]
    mean: [0.0696912333369]
    median: [0.0696912333369]
    min: [0.0101038049906]
    skew: [0]
    var: [0.00355066149496]

MfccCoeff:
    dmean: [412.233398438, 13.3008117676, 21.6425476074, 44.1312522888, 44.1953353882, 32.6768417358, 7.99648475647, 12.0340671539, 23.3254489899, 17.5562419891, 8.3124294281, 0.83044052124, 5.33780288696]
    dmean2: [0, 0, 0, 0, 0, 0, 0, 0, 0, 0, 0, 0, 0]
    dvar: [0, 0, 0, 0, 0, 0, 0, 0, 0, 0, 0, 0, 0]
    dvar2: [0, 0, 0, 0, 0, 0, 0, 0, 0, 0, 0, 0, 0]
    kurt: [-2, -1.99999988079, -2, -2, -1.99999988079, -2, -2, -2, -2, -1.99999988079, -2, -1.99999988079, -2]
    max: [-575.824279785, 155.751495361, 40.8177223206, 2.88689041138, -21.5605545044, -25.2298927307, -26.957868576, -6.24241638184, 13.3543891907, 17.7910251617, 14.0265922546, 8.76348495483, 7.14641189575]
    mean: [-781.940979004, 149.101089478, 29.9964485168, -19.178735733, -43.6582221985, -41.5683135986, -30.956111908, -12.2594499588, 1.69166469574, 9.01290416718, 9.87037754059, 8.34826469421, 4.47751045227]
    median: [-781.940979004, 149.101089478, 29.9964485168, -19.178735733, -43.6582221985, -41.5683135986, -30.956111908, -12.2594499588, 1.69166469574, 9.01290416718, 9.87037754059, 8.34826469421, 4.47751045227]
    min: [-988.057678223, 142.450683594, 19.1751747131, -41.2443618774, -65.7558898926, -57.9067344666, -34.9543533325, -18.2764835358, -9.97105979919, 0.234783172607, 5.71416282654, 7.93304443359, 1.80860900879]
    skew: [0, 0, 0, 0, 0, 0, 7.16199451745e-07, 0, 0, 0, 0, 0, 0]
    var: [42484.09375, 44.227897644, 117.099967957, 486.891845703, 488.306915283, 266.944000244, 15.9859418869, 36.2046928406, 136.01914978, 77.0554046631, 17.2741203308, 0.172407865524, 7.12303495407]

SpecContrastCoeff:
    dmean: [0.0766860842705, 0.078365445137, 0.191097438335, 0.0201714038849, 0.0267462730408, 0.0247536897659]
    dmean2: [0, 0, 0, 0, 0, 0]
    dvar: [0, 0, 0, 0, 0, 0]
    dvar2: [0, 0, 0, 0, 0, 0]
    kurt: [-1.99999988079, -1.99999988079, -2, -2, -2, -2]
    max: [-0.820527911186, -0.631180226803, -0.672137022018, -0.902530550957, -0.927823841572, -0.934534549713]
    mean: [-0.858870983124, -0.670362949371, -0.767685770988, -0.912616252899, -0.941196978092, -0.946911394596]
    median: [-0.858870983124, -0.670362949371, -0.767685770988, -0.912616252899, -0.941196978092, -0.946911394596]
    min: [-0.897213995457, -0.70954567194, -0.863234460354, -0.922701954842, -0.954570114613, -0.959288239479]
    skew: [2.3232876174e-06, 0, 9.00822669792e-07, 0, 0, 0]
    var: [0.00147018884309, 0.00153528572991, 0.00912955775857, 0.000101721387182, 0.00017884078261, 0.000153186294483]

SpecPeakAmp:
    dmean: [0.129026606679, 0.0372687615454, 0.0178095437586, 0.00293261092156, 0.0102046597749]
    dmean2: [0, 0, 0, 0, 0]
    dvar: [0, 0, 0, 0, 0]
    dvar2: [0, 0, 0, 0, 0]
    kurt: [-2, -2, -2, -1.99999988079, -2]
    max: [0.129278659821, 0.037568166852, 0.0182311329991, 0.0130364159122, 0.010805727914]
    mean: [0.0647653564811, 0.0189337860793, 0.00932636111975, 0.0115701109171, 0.00570339802653]
    median: [0.0647653564811, 0.0189337860793, 0.00932636111975, 0.0115701109171, 0.00570339802653]
    min: [0.000252060039202, 0.00029940449167, 0.000421589385951, 0.0101038049906, 0.000601067731623]
    skew: [2.16786560259e-07, 0, 0, -9.50825153723e-07, -1.06982938064e-07]
    var: [0.00416196603328, 0.00034724015859, 7.92949649622e-05, 2.15005161408e-06, 2.60337728832e-05]
