
metadata:
    version:
        essentia: "2.1-beta3"

Flux:
    dmean: 6.62605361867e-06
    dmean2: 9.98155519483e-06
    dvar: 5.36584665589e-10
    dvar2: 1.15610654383e-09
    kurt: 13.9768466949
    max: 0.000124980826513
    mean: 7.90147623775e-06
    median: 1.75280956682e-06
    min: 6.60042758227e-07
    skew: 3.8592467308
    var: 5.61928947818e-10

Rms:
    dmean: 1.836603019e-06
    dmean2: 1.83420138455e-06
    dvar: 4.16286137506e-11
    dvar2: 3.10802321379e-11
    kurt: 19.5285015106
    max: 0.000101617231849
    mean: 9.95056398096e-05
    median: 0.000101216479379
    min: 5.91018433624e-05
    skew: -4.49425268173
    var: 5.57026612336e-11

RollOff:
    dmean: 0.500772178173
    dmean2: 0.5126953125
    dvar: 10.5324554443
    dvar2: 10.7771167755
    kurt: 39.023349762
    max: 753.662109375
    mean: 732.618286133
    median: 732.12890625
    min: 732.12890625
    skew: 6.40495061874
    var: 10.2986516953

SpecCent:
    dmean: 4.92936086655
    dmean2: 7.4983663559
    dvar: 20.2435417175
    dvar2: 20.9002571106
    kurt: 15.8986053467
    max: 975.901550293
    mean: 936.721435547
    median: 934.765258789
    min: 929.612915039
    skew: 3.72884297371
    var: 55.0400772095

Zcr:
    dmean: 0.00103333941661
    dmean2: 0.00127883185633
    dvar: 1.11913614091e-05
    dvar2: 1.01038713183e-05
    kurt: 17.2474079132
    max: 0.03271484375
    mean: 0.031793769449
    median: 0.03271484375
    min: 0.0146484375
    skew: -4.35643339157
    var: 1.22267092593e-05

HarmonicAmpFreq:
    dmean: [0.0610436722636]
    dmean2: [0.0624970942736]
    dvar: [0.0765475034714]
    dvar2: [0.0782791823149]
    kurt: [17.23346138]
    max: [719.376403809]
    mean: [719.316894531]
    median: [719.376403809]
    min: [718.005737305]
    skew: [-4.38076448441]
    var: [0.0748905241489]

HarmonicAmpMag:
    dmean: [2.7417088404e-06]
    dmean2: [2.80698759525e-06]
    dvar: [1.77102055243e-10]
    dvar2: [1.81135481614e-10]
    kurt: [26.7815303802]
    max: [8.11861318653e-05]
    mean: [2.67939708465e-06]
    median: [0]
    min: [0]
    skew: [5.20725250244]
    var: [1.73243905333e-10]

MfccCoeff:
    dmean: [0.110544607043, 0.111788019538, 0.00399922206998, 0.105861932039, 0.154431715608, 0.114963620901, 0.0119036296383, 0.0973315536976, 0.148704081774, 0.115347392857, 0.0195129755884, 0.0864062607288, 0.139313459396]
    dmean2: [0.113836377859, 0.115091957152, 0.00416637584567, 0.10910397768, 0.159044906497, 0.118276685476, 0.0123919527978, 0.100421361625, 0.153144016862, 0.118544988334, 0.0203130804002, 0.0892695486546, 0.143474578857]
    dvar: [0.269769191742, 0.277218401432, 0.000507082091644, 0.24337849021, 0.526316165924, 0.299143403769, 0.00448988052085, 0.200946450233, 0.487999588251, 0.307006776333, 0.0120647950098, 0.154071971774, 0.428319126368]
    dvar2: [0.272117763758, 0.279684871435, 0.000519149296451, 0.245312914252, 0.530877351761, 0.302066534758, 0.00459763640538, 0.202325388789, 0.492228597403, 0.31027418375, 0.0123538058251, 0.154927179217, 0.432031005621]
    kurt: [25.8330802917, 26.0517292023, 38.0185546875, 25.1590824127, 25.8373756409, 26.8692016602, 38.0162849426, 24.1370716095, 25.837348938, 27.6525001526, 38.0164871216, 22.9073581696, 25.8374023438]
    max: [-1135.25939941, 3.21100997925, 0.149261474609, 8.01086425781e-05, -6.103515625e-05, 2.28881835938e-05, -2.67028808594e-05, 2.67755889893, 4.25107955933, 3.43013763428, 0.728351593018, -3.0517578125e-05, -3.81469726562e-05]
    mean: [-1135.36828613, 3.10099124908, 0.145315691829, -2.87663817406, -4.26292467117, -3.24882221222, -0.4325915277, 2.58158349991, 4.10471343994, 3.3167116642, 0.709056854248, -2.22302412987, -3.84561514854]
    median: [-1135.26147461, 3.2089805603, 0.149078369141, -2.97863388062, -4.41198730469, -3.36019134521, -0.443775177002, 2.67512893677, 4.24824905396, 3.42867279053, 0.727394104004, -2.30576324463, -3.98008728027]
    min: [-1138.42004395, 1.14440917969e-05, -6.103515625e-05, -2.98090744019, -4.41493225098, -3.36186981201, -0.444362640381, -5.34057617188e-05, -4.57763671875e-05, -2.28881835938e-05, -2.67028808594e-05, -2.30834197998, -3.98273468018]
    skew: [-5.12195539474, -5.14174079895, -6.29240226746, 5.06231021881, 5.12260913849, 5.21501016617, 6.29215240479, -4.97206926346, -5.12260484695, -5.28572416306, -6.29217624664, 4.86443090439, 5.12261152267]
    var: [0.267283320427, 0.274624615908, 0.000497496279422, 0.241282984614, 0.521488666534, 0.296137183905, 0.0044046822004, 0.199385359883, 0.483523666859, 0.303725659847, 0.0118360277265, 0.153030782938, 0.424389719963]

SpecContrastCoeff:
    dmean: [0.0205083135515, 0.0144490152597, 0.0154664004222, 0.0081806499511, 0.0077404435724, 0.00926602445543]
    dmean2: [0.0287677496672, 0.0247058924288, 0.0215324647725, 0.0145820397884, 0.0108929704875, 0.0134467976168]
    dvar: [0.00173534627538, 0.000110925037006, 0.00112750800326, 6.79025470163e-05, 8.62222659634e-05, 9.82104975265e-05]
    dvar2: [0.00152765272651, 0.000345604028553, 0.00115119549446, 0.000118132258649, 7.94920197222e-05, 0.000134955364047]
    kurt: [16.5907402039, 2.25773715973, 20.0507297516, 6.38006019592, 17.0516605377, 9.55011463165]
    max: [-0.654231309891, -0.887125551701, -0.565414428711, -0.884689450264, -0.870367288589, -0.85588312149]
    mean: [-0.681952834129, -0.932741165161, -0.590620934963, -0.900000810623, -0.880611360073, -0.876794874668]
    median: [-0.673239588737, -0.933852136135, -0.58376121521, -0.898123145103, -0.879287064075, -0.874564886093]
    min: [-0.904629528522, -0.954362332821, -0.790855109692, -0.946583211422, -0.941179692745, -0.93334788084]
    skew: [-4.20066404343, 1.19630992413, -4.5107665062, -2.03108882904, -3.81964230537, -2.6454167366]
    var: [0.00202113483101, 0.000156749098096, 0.00134153524414, 0.0001135181883, 0.000126872721012, 0.000154272434884]

SpecPeakAmp:
    dmean: [2.01194268357e-07, 2.12640770769e-07, 2.37205185272e-07, 2.02588057618e-06, 9.56719759415e-07]
    dmean2: [2.55534018834e-07, 3.05666219447e-07, 3.49660552956e-07, 2.17631372834e-06, 1.040476036e-06]
    dvar: [4.04293813054e-13, 2.64659279735e-13, 2.52400937607e-13, 1.47486939328e-10, 3.01831337701e-11]
    dvar2: [3.9242133848e-13, 2.91265031841e-13, 2.83788726026e-13, 1.49551898643e-10, 3.09156207579e-11]
    kurt: [34.582988739, 25.6286716461, 25.5158138275, 39.0039100647, 38.8722991943]
    max: [1.68567457877e-05, 3.37030542141e-06, 3.48116873283e-06, 8.11861318653e-05, 3.67073444068e-05]
    mean: [1.66440495377e-05, 2.52953782365e-07, 4.01429787189e-07, 2.20059905587e-06, 1.06312643311e-06]
    median: [1.67618090927e-05, 1.1226923391e-07, 2.7588220064e-07, 3.68893040559e-07, 1.86660557233e-07]
    min: [1.25678161567e-05, 4.41503829052e-08, 1.21303287415e-07, 1.20265696069e-07, 8.70640732842e-08]
    skew: [-5.92264842987, 4.97354030609, 4.87803506851, 6.40262651443, 6.38727664948]
    var: [4.08933547831e-13, 2.76615752873e-13, 2.69573913973e-13, 1.45119846695e-10, 2.95999995348e-11]
