
metadata:
    version:
        essentia: "2.1-beta3"

Flux:
    dmean: 0.000163394186529
    dmean2: 0.0002142284211
    dvar: 2.85694909508e-07
    dvar2: 5.61205467875e-07
    kurt: 9.6708984375
    max: 0.00312142563052
    mean: 0.000214029510971
    median: 9.06202876649e-06
    min: 6.54897576169e-06
    skew: 3.30497789383
    var: 4.62827472347e-07

Rms:
    dmean: 6.66817722959e-05
    dmean2: 5.32646008651e-05
    dvar: 5.13399562863e-08
    dvar2: 2.27437659817e-08
    kurt: 20.9294910431
    max: 0.00224256282672
    mean: 0.00215969770215
    median: 0.00223769783042
    min: 0.000412219029386
    skew: -4.54074859619
    var: 9.6049170395e-08

RollOff:
    dmean: 6.85147380829
    dmean2: 6.51003837585
    dvar: 1491.62805176
    dvar2: 1283.95654297
    kurt: 39.0398826599
    max: 1012.06054688
    mean: 739.30657959
    median: 732.12890625
    min: 732.12890625
    skew: 6.37126398087
    var: 1710.4597168

SpecCent:
    dmean: 9.15385437012
    dmean2: 11.6140317917
    dvar: 1439.17431641
    dvar2: 1288.25976562
    kurt: 39.5902023315
    max: 990.56262207
    mean: 725.202819824
    median: 719.262329102
    min: 713.962219238
    skew: 6.43205833435
    var: 1608.47521973

Zcr:
    dmean: 0.00133167614695
    dmean2: 0.0012490915833
    dvar: 1.56962178153e-05
    dvar2: 1.05381277535e-05
    kurt: 17.8176174164
    max: 0.03271484375
    mean: 0.0311848949641
    median: 0.03271484375
    min: 0.0009765625
    skew: -4.23204994202
    var: 3.12974698318e-05

HarmonicAmpFreq:
    dmean: [0.230848833919]
    dmean2: [0.251538664103]
    dvar: [2.00707697868]
    dvar2: [2.34616494179]
    kurt: [39.5572967529]
    max: [727.603637695]
    mean: [718.945556641]
    median: [718.763916016]
    min: [718.105102539]
    skew: [6.42429828644]
    var: [1.71305418015]

HarmonicAmpMag:
    dmean: [8.24887756607e-05]
    dmean2: [0.000126652274048]
    dvar: [1.42892488952e-07]
    dvar2: [3.67055491779e-07]
    kurt: [40.0223960876]
    max: [0.00181654188782]
    mean: [4.04471029469e-05]
    median: [0]
    min: [0]
    skew: [6.48245429993]
    var: [7.16937478273e-08]

MfccCoeff:
    dmean: [1.98026621342, 2.17275905609, 0.728442788124, 0.732362210751, 1.33525192738, 0.985339224339, 0.263375371695, 0.560972094536, 0.745470821857, 0.487596392632, 0.116658300161, 0.55977666378, 0.729666531086]
    dmean2: [2.76662707329, 3.06481909752, 1.10702085495, 0.843628644943, 1.66441297531, 1.25310206413, 0.373183131218, 0.537797510624, 0.702181875706, 0.425807923079, 0.133844420314, 0.404253572226, 0.485303759575]
    dvar: [80.9990768433, 97.7213058472, 10.5800209045, 13.3171691895, 40.868686676, 23.0081787109, 1.04047143459, 7.44713258743, 14.0766868591, 6.12648439407, 0.263808071613, 4.46584272385, 7.94257688522]
    dvar2: [179.957504272, 220.967575073, 27.1199359894, 18.3776493073, 69.2292098999, 40.5739974976, 2.47357201576, 6.43837213516, 11.6596050262, 4.18021202087, 0.31361618638, 2.38002038002, 3.90678119659]
    kurt: [22.8543243408, 24.8140182495, 39.7845649719, 33.5779914856, 26.6711292267, 25.4178676605, 25.2698993683, 33.2979507446, 36.0174064636, 37.0953140259, 33.2116622925, 22.8198699951, 24.8536434174]
    max: [-1086.33959961, 56.4699478149, 15.698425293, 8.01086425781e-05, -6.103515625e-05, 2.28881835938e-05, -2.67028808594e-05, 19.1126346588, 27.219127655, 19.4517002106, 3.89130020142, -3.0517578125e-05, -3.81469726562e-05]
    mean: [-1117.99707031, 20.5623760223, 0.509136974812, -19.492898941, -27.8164710999, -19.8491516113, -0.58250451088, 18.5289382935, 26.4315395355, 18.9046115875, 0.795307695866, -17.106760025, -24.5367164612]
    median: [-1118.18334961, 20.2739067078, 0.149078369141, -19.9383659363, -28.2667198181, -20.1100845337, -0.443828582764, 19.1119632721, 27.2182579041, 19.451089859, 0.727458953857, -17.8150482178, -25.4997825623]
    min: [-1138.42004395, 1.14440917969e-05, -6.103515625e-05, -23.999584198, -41.0995788574, -30.6500053406, -4.89957809448, -5.34057617188e-05, -4.57763671875e-05, -2.28881835938e-05, -2.67028808594e-05, -17.8157196045, -25.5005912781]
    skew: [2.86760306358, 3.51466608047, 6.45518350601, 5.69044494629, 4.22626256943, 3.74620985985, -5.04496765137, -5.79075288773, -6.0533618927, -6.16236877441, 5.60972929001, 4.723320961, 4.94467830658]
    var: [31.8266868591, 38.3552780151, 5.25809383392, 9.38522624969, 21.7250480652, 11.4907588959, 0.536809980869, 8.51711559296, 16.6822662354, 8.41537094116, 0.238084197044, 8.7447052002, 17.2874355316]

SpecContrastCoeff:
    dmean: [0.0478611961007, 0.0229729358107, 0.028320485726, 0.0135522065684, 0.0113109024242, 0.00751349050552]
    dmean2: [0.0889609456062, 0.0420099012554, 0.0373329184949, 0.0240382086486, 0.0207350961864, 0.0128497416154]
    dvar: [0.00123167783022, 0.000437840819359, 0.00269972789101, 8.5256928287e-05, 6.65445404593e-05, 4.13222478528e-05]
    dvar2: [0.00255384272896, 0.000717072747648, 0.00186573155224, 0.000273530342383, 0.000151124768308, 0.000113887275802]
    kurt: [3.7007856369, 9.39527225494, 20.4629116058, 0.373221158981, 0.183916807175, 11.161315918]
    max: [-0.747674167156, -0.816628336906, -0.445889890194, -0.910559535027, -0.915418028831, -0.909053206444]
    mean: [-0.820640563965, -0.94620013237, -0.48303848505, -0.939430236816, -0.929996669292, -0.922380149364]
    median: [-0.823518455029, -0.95726621151, -0.466692566872, -0.942023158073, -0.931049823761, -0.921998858452]
    min: [-0.983017086983, -0.970831155777, -0.953162252903, -0.958492577076, -0.955485224724, -0.95980745554]
    skew: [-1.41685712337, 3.02871155739, -4.49649333954, 0.728903651237, -0.450813680887, -2.4943447113]
    var: [0.00209315377288, 0.000963658152614, 0.00707161566243, 0.000101369121694, 7.2551498306e-05, 5.68229042983e-05]

SpecPeakAmp:
    dmean: [4.11939663536e-06, 3.25346650243e-06, 8.31687648315e-05, 2.01164039026e-06, 1.69866791566e-06]
    dmean2: [6.34077423456e-06, 5.22704522155e-06, 0.000127807710669, 3.29527983922e-06, 2.68957751359e-06]
    dvar: [1.31851946028e-10, 1.30992230951e-10, 1.42890073107e-07, 2.98456571957e-11, 1.82869882431e-11]
    dvar2: [3.21649318291e-10, 3.3323338533e-10, 3.66814902009e-07, 7.49425035917e-11, 4.49301637562e-11]
    kurt: [32.9179763794, 39.6711158752, 40.0224227905, 37.4964370728, 33.5491867065]
    max: [6.58450662741e-05, 5.68079049117e-05, 0.00181654188782, 2.78853949567e-05, 2.21109912673e-05]
    mean: [1.74777214852e-05, 2.53447137766e-06, 4.18862691731e-05, 2.16158446165e-06, 2.10097209674e-06]
    median: [1.67484813574e-05, 1.41320890634e-06, 1.61457307968e-06, 1.56675230301e-06, 1.64397499702e-06]
    min: [3.57777685167e-06, 4.02001234079e-07, 5.43585144896e-07, 3.99408833118e-07, 3.1981403481e-07]
    skew: [5.48963308334, 6.44090127945, 6.48245811462, 6.19078779221, 5.77757835388]
    var: [5.83919232411e-11, 6.72212771557e-11, 7.15775883009e-08, 1.55023823639e-11, 9.88756819476e-12]
