
metadata:
    version:
        essentia: "2.1-beta3"

Flux:
    dmean: 0.00369089771993
    dmean2: 0.00484217843041
    dvar: 0.000143225479405
    dvar2: 0.000281214248389
    kurt: 9.66395568848
    max: 0.0698872134089
    mean: 0.00472805509344
    median: 0.000144659221405
    min: 1.67805283127e-05
    skew: 3.30402135849
    var: 0.00023258481815

Rms:
    dmean: 0.0014877441572
    dmean2: 0.00118249293882
    dvar: 2.55504291999e-05
    dvar2: 1.13110127131e-05
    kurt: 20.8399791718
    max: 0.0502042025328
    mean: 0.048356756568
    median: 0.0501061864197
    min: 0.00938707403839
    skew: -4.53225469589
    var: 4.78854417452e-05

RollOff:
    dmean: 7.83025550842
    dmean2: 7.51158237457
    dvar: 2025.24182129
    dvar2: 1787.50793457
    kurt: 39.2817726135
    max: 1055.12695312
    mean: 740.26373291
    median: 732.12890625
    min: 732.12890625
    skew: 6.39817047119
    var: 2272.82763672

SpecCent:
    dmean: 11.9416475296
    dmean2: 13.938993454
    dvar: 2970.9465332
    dvar2: 2584.54052734
    kurt: 39.5200500488
    max: 1114.44396973
    mean: 727.79107666
    median: 718.686889648
    min: 713.995849609
    skew: 6.42502784729
    var: 3417.78369141

Zcr:
    dmean: 0.00133167614695
    dmean2: 0.0012490915833
    dvar: 1.56962178153e-05
    dvar2: 1.05381277535e-05
    kurt: 17.8176174164
    max: 0.03271484375
    mean: 0.0311848949641
    median: 0.03271484375
    min: 0.0009765625
    skew: -4.23204994202
    var: 3.12974698318e-05

HarmonicAmpFreq:
    dmean: [0.851938426495]
    dmean2: [1.07449841499]
    dvar: [16.8349838257]
    dvar2: [16.5366172791]
    kurt: [39.3402481079]
    max: [745.915466309]
    mean: [718.545959473]
    median: [717.753479004]
    min: [717.744995117]
    skew: [6.40281057358]
    var: [17.1615524292]

HarmonicAmpMag:
    dmean: [0.0154874445871]
    dmean2: [0.0294727589935]
    dvar: [0.000764071708545]
    dvar2: [0.00195923284627]
    kurt: [0.670394182205]
    max: [0.0681352391839]
    mean: [0.0554081238806]
    median: [0.0681244879961]
    min: [0]
    skew: [-1.6162443161]
    var: [0.000679828808643]

MfccCoeff:
    dmean: [15.015250206, 8.22994232178, 3.94077372551, 3.775349617, 2.19346308708, 3.00297546387, 4.11735868454, 4.78496599197, 3.47027039528, 1.70623004436, 1.92892634869, 2.65614247322, 2.23134326935]
    dmean2: [22.9950752258, 12.9555177689, 7.17410612106, 5.81886100769, 2.37610507011, 4.64580059052, 7.50865793228, 8.19557762146, 5.43371391296, 2.20489192009, 3.56908535957, 4.29451704025, 2.99029159546]
    dvar: [3306.54199219, 462.283905029, 6.72023582458, 11.2113456726, 23.2075138092, 11.0072145462, 4.37187242508, 10.8676729202, 27.6065921783, 17.885515213, 1.15576505661, 11.9873113632, 30.2428913116]
    dvar2: [8280.46191406, 1088.21740723, 18.7773189545, 9.10287094116, 7.90416002274, 10.6527414322, 17.3010921478, 17.7929668427, 31.9649906158, 20.0287628174, 2.99571299553, 13.010222435, 30.3102340698]
    kurt: [38.0048446655, 26.1206684113, 7.10353183746, 15.7126674652, 21.5432529449, 16.6104278564, -1.56818056107, 12.5197381973, 17.4700431824, 18.2281723022, 2.65901517868, 13.083272934, 15.520532608]
    max: [-829.577758789, 136.139205933, 7.46917724609, -12.7792778015, -18.163066864, -13.0427474976, -2.45072555542, 38.5156211853, 58.225933075, 43.880607605, 8.32973098755, -1.73818206787, -0.943061828613]
    mean: [-1085.57836914, 49.9304695129, 2.92406487465, -41.5692977905, -61.1940536499, -45.6900863647, -6.09628582001, 34.0892868042, 52.2272338867, 39.9523735046, 6.45130968094, -27.7661399841, -43.5941505432]
    median: [-1091.94006348, 47.2675285339, 2.52352905273, -42.5423355103, -62.322845459, -46.9136314392, -6.19773864746, 35.3139152527, 54.5325431824, 41.4155426025, 7.00880813599, -28.7264671326, -45.5270500183]
    min: [-1122.37890625, 16.3537406921, -10.6302566528, -58.0004348755, -79.9684753418, -56.0052757263, -9.77792358398, 6.21441650391, 8.49633407593, 5.19857788086, 0.536853790283, -30.8113975525, -46.4599266052]
    skew: [6.23460578918, 4.53476858139, -1.69668269157, 2.64904689789, 3.92724370956, 3.87243461609, -0.00566502800211, -3.23903775215, -4.22150278091, -4.34558963776, -1.46720385551, 3.65824961662, 4.02601766586]
    var: [1526.01818848, 208.090667725, 8.90992546082, 30.1794872284, 57.2995262146, 38.9498710632, 6.7637629509, 31.5207443237, 70.0161590576, 43.0425834656, 2.58042359352, 28.6851673126, 69.9380950928]

SpecContrastCoeff:
    dmean: [0.0250947903842, 0.0310006514192, 0.0325950421393, 0.0145999751985, 0.0105718076229, 0.0118367169052]
    dmean2: [0.0489792004228, 0.0546857863665, 0.0381890907884, 0.0264528244734, 0.019210094586, 0.0223530456424]
    dvar: [0.000616554403678, 0.000901662744582, 0.004698834382, 9.66468141996e-05, 0.00011835393525, 0.000169034523424]
    dvar2: [0.00158197071869, 0.00160374131519, 0.00263639376499, 0.000245413277298, 0.000202866722248, 0.000376192241674]
    kurt: [1.61357593536, 9.28714752197, 22.923204422, 2.828540802, 8.32626247406, 2.11064767838]
    max: [-0.881640315056, -0.743664503098, -0.275236696005, -0.89269220829, -0.894469201565, -0.912537872791]
    mean: [-0.950683355331, -0.933019161224, -0.314974874258, -0.940313994884, -0.952179372311, -0.954738378525]
    median: [-0.961175858974, -0.944623529911, -0.293522715569, -0.946247160435, -0.958595573902, -0.961471021175]
    min: [-0.977234482765, -0.961077153683, -0.939714670181, -0.950916230679, -0.959732711315, -0.963002860546]
    skew: [1.55382406712, 3.09101176262, -4.74573040009, 1.64468586445, 2.62432050705, 1.79355752468]
    var: [0.000520000874531, 0.00204718089662, 0.0117090027779, 0.000163227814483, 0.000152944208821, 0.000162147320225]

SpecPeakAmp:
    dmean: [6.39632780803e-05, 6.37938064756e-05, 0.0389917716384, 0.0340455174446, 0.0186073575169]
    dmean2: [0.000102613405033, 0.000103632824903, 0.0788429751992, 0.0696312710643, 0.0380669906735]
    dvar: [4.67772487411e-08, 4.39388223583e-08, 0.00108331581578, 0.00115676270798, 0.000918458972592]
    dvar2: [1.20155391414e-07, 1.13998076756e-07, 0.00216925819404, 0.00204336945899, 0.00243480480276]
    kurt: [39.5655784607, 39.1401290894, -1.41786193848, -1.49999976158, 1.6127281189]
    max: [0.00107355194632, 0.00107325520366, 0.0681347027421, 0.068134739995, 0.0681352391839]
    mean: [5.51265147806e-05, 5.7192544773e-05, 0.0221262592822, 0.0227517131716, 0.0106397131458]
    median: [3.42378480127e-05, 3.31044357154e-05, 4.81994211441e-05, 5.7772929722e-05, 4.91745013278e-05]
    min: [9.96711969492e-06, 6.49160983812e-06, 1.67818670889e-05, 1.39143412525e-05, 1.03155125544e-05]
    skew: [6.42825222015, 6.37839841843, 0.744876921177, 0.707088470459, 1.90070450306]
    var: [2.36989734503e-08, 2.37080808319e-08, 0.000991172972135, 0.00102946790867, 0.000608846894465]
