
metadata:
    version:
        essentia: "2.1-beta3"

Flux:
    dmean: 0.0331314466894
    dmean2: 0.0434794686735
    dvar: 0.0115787209943
    dvar2: 0.0221925843507
    kurt: 9.47385597229
    max: 0.6434648633
    mean: 0.0434648096561
    median: 0.00124808389228
    min: 9.14257834665e-05
    skew: 3.27590751648
    var: 0.0195969045162

Rms:
    dmean: 0.0136209242046
    dmean2: 0.0108302924782
    dvar: 0.00215073069558
    dvar2: 0.000955386145506
    kurt: 20.9472179413
    max: 0.462553083897
    mean: 0.445631563663
    median: 0.46166151762
    min: 0.0875166878104
    skew: -4.54283237457
    var: 0.0040311855264

RollOff:
    dmean: 7.83025550842
    dmean2: 7.51158237457
    dvar: 2320.31030273
    dvar2: 2067.87182617
    kurt: 39.6880111694
    max: 1076.66015625
    mean: 740.26373291
    median: 732.12890625
    min: 732.12890625
    skew: 6.44442224503
    var: 2581.94677734

SpecCent:
    dmean: 14.3167762756
    dmean2: 16.0183563232
    dvar: 4721.68652344
    dvar2: 3994.64306641
    kurt: 39.3964271545
    max: 1223.31481934
    mean: 730.556091309
    median: 718.368896484
    min: 715.801147461
    skew: 6.41175031662
    var: 5559.09912109

Zcr:
    dmean: 0.00130948156584
    dmean2: 0.0011923146667
    dvar: 1.53972068802e-05
    dvar2: 9.93931189441e-06
    kurt: 17.8176174164
    max: 0.03271484375
    mean: 0.0311848949641
    median: 0.03271484375
    min: 0.0009765625
    skew: -4.23204994202
    var: 3.12974698318e-05

HarmonicAmpFreq:
    dmean: [0.930605828762]
    dmean2: [0.963415801525]
    dvar: [33.6642036438]
    dvar2: [33.1140861511]
    kurt: [39.8870735168]
    max: [757.444763184]
    mean: [718.694213867]
    median: [717.751586914]
    min: [717.744934082]
    skew: [6.46665525436]
    var: [34.1813659668]

HarmonicAmpMag:
    dmean: [0.0285799968988]
    dmean2: [0.0380055867136]
    dvar: [0.0127661935985]
    dvar2: [0.0187022071332]
    kurt: [8.7442445755]
    max: [0.627758085728]
    mean: [0.580232858658]
    median: [0.627674877644]
    min: [0]
    skew: [-3.23321199417]
    var: [0.0254175718874]

MfccCoeff:
    dmean: [34.2711715698, 22.2456188202, 37.9434967041, 6.80998849869, 8.03952598572, 6.00358867645, 2.53195047379, 3.06688833237, 2.99266219139, 2.56404471397, 0.80858194828, 1.83449208736, 2.1387834549]
    dmean2: [54.381149292, 42.3031044006, 71.5015258789, 12.3592147827, 11.735909462, 10.9744939804, 4.2193403244, 4.39471483231, 4.80970716476, 3.88621091843, 1.28196775913, 2.49217915535, 2.50201511383]
    dvar: [7241.53271484, 186.600540161, 436.449523926, 41.6688041687, 54.4643325806, 29.7780895233, 5.18476200104, 18.0753135681, 29.9255657196, 13.5366888046, 0.689157068729, 12.999917984, 29.4705085754]
    dvar2: [17376.8046875, 484.964294434, 1424.03857422, 65.4978790283, 95.8875350952, 53.4829063416, 14.1081771851, 33.8018722534, 42.5931549072, 14.5586423874, 1.53455650806, 14.5804271698, 26.6724739075]
    kurt: [28.6183815002, -0.826551198959, -1.28951847553, 4.42966127396, 6.09422492981, 6.31980514526, 1.12110424042, 12.6250934601, 14.8872623444, 15.5271949768, 5.96606349945, 13.7267246246, 16.4468612671]
    max: [-577.747619629, 155.050628662, 34.2647743225, -32.1777114868, -31.438747406, -20.6363754272, 0.188312530518, 44.0828323364, 56.3056755066, 40.6273956299, 6.52302932739, -1.25193023682, 1.34986114502]
    mean: [-962.619445801, 138.819763184, -1.83232629299, -61.9205131531, -73.4651184082, -48.7551803589, -4.81043577194, 33.7162208557, 50.4314346313, 37.5351486206, 5.26842880249, -27.5215530396, -42.3933677673]
    median: [-971.306640625, 144.537384033, -2.55708312988, -61.1774673462, -73.4896240234, -49.816570282, -4.45806503296, 35.0014076233, 52.3787269592, 39.1597747803, 5.52645492554, -28.6514854431, -44.4277915955]
    min: [-1001.32733154, 100.657783508, -39.4352912903, -76.514503479, -96.734588623, -59.7084617615, -11.5416870117, 6.16059112549, 10.5462913513, 6.08761787415, 0.298168182373, -31.5241661072, -46.5420188904]
    skew: [5.30221557617, -0.68416595459, 0.0632726848125, 1.45228111744, 1.6021143198, 2.02931022644, -1.00750923157, -3.21694660187, -3.91557049751, -3.94080591202, -2.33153748512, 3.76471424103, 4.10839557648]
    var: [3962.07958984, 247.167602539, 554.128662109, 64.7253036499, 99.8777236938, 48.2403411865, 6.0344748497, 31.0089988708, 63.5373802185, 37.7077522278, 1.38107049465, 28.4672737122, 70.2227859497]

SpecContrastCoeff:
    dmean: [0.0364430546761, 0.0412218160927, 0.0328072421253, 0.0167341362685, 0.0113265579566, 0.00828227493912]
    dmean2: [0.0711048841476, 0.0714820623398, 0.0346215777099, 0.0314928926528, 0.0202240645885, 0.0137896900997]
    dvar: [0.00134276342578, 0.00189324736129, 0.0082874391228, 0.000159938397701, 0.000144617399201, 0.000173582680873]
    dvar2: [0.00331460358575, 0.00405990611762, 0.0037385111209, 0.000366566062439, 0.00027663516812, 0.000421255914262]
    kurt: [2.59990644455, 7.69633197784, 26.9702568054, 1.94464874268, 7.64315128326, 5.32560253143]
    max: [-0.860798418522, -0.702676415443, -0.0982862785459, -0.877819478512, -0.878811478615, -0.900172412395]
    mean: [-0.963535130024, -0.915159463882, -0.139605790377, -0.92621254921, -0.942838132381, -0.950706481934]
    median: [-0.978049278259, -0.932394206524, -0.11178227514, -0.933172881603, -0.949919998646, -0.956022262573]
    min: [-0.986438989639, -0.949621677399, -0.923879206181, -0.938610196114, -0.950645804405, -0.957326114178]
    skew: [1.84302783012, 2.86704397202, -5.13101577759, 1.57053720951, 2.57989168167, 2.51452684402]
    var: [0.00101209967397, 0.0030180986505, 0.0168872885406, 0.000232621445321, 0.0001964513649, 0.000172497733729]

SpecPeakAmp:
    dmean: [0.000475817185361, 0.114117622375, 0.159631356597, 0.0858214870095, 0.000281306711258]
    dmean2: [0.000752877444029, 0.233027741313, 0.317942768335, 0.175494611263, 0.000447467406048]
    dvar: [2.12378631659e-06, 0.0582915879786, 0.0702978298068, 0.046290256083, 4.84343729568e-07]
    dvar2: [5.36627067049e-06, 0.164436221123, 0.171386182308, 0.134031623602, 1.26957945668e-06]
    kurt: [38.2518119812, 6.34694671631, -0.314501285553, 10.0711259842, 26.844669342]
    max: [0.00740827806294, 0.62763863802, 0.627758085728, 0.627690315247, 0.00344219687395]
    mean: [0.000423275138019, 0.0563953183591, 0.482694923878, 0.0423242636025, 0.000223129463848]
    median: [0.000269663432846, 0.00050829409156, 0.627673208714, 0.00045377240167, 8.18352345959e-05]
    min: [1.94456006284e-05, 0.000219190420466, 0.000219628695049, 0.000102624260762, 2.77282997558e-05]
    skew: [6.279317379, 2.8890376091, -1.28190910816, 3.47432589531, 5.08048582077]
    var: [1.13248415801e-06, 0.0318363718688, 0.0678158253431, 0.0244716107845, 2.85030438363e-07]
