
metadata:
    version:
        essentia: "2.1-beta3"

Flux:
    dmean: 0.0177565217018
    dmean2: 0
    dvar: 0
    dvar2: 0
    kurt: -2
    max: 0.394127964973
    mean: 0.385249704123
    median: 0.385249704123
    min: 0.376371443272
    skew: 0
    var: 7.88235192886e-05

Rms:
    dmean: 0
    dmean2: 0
    dvar: 0
    dvar2: 0
    kurt: 0
    max: 0.135015726089
    mean: 0.135015726089
    median: 0.135015726089
    min: 0.135015726089
    skew: 0
    var: 0

RollOff:
    dmean: 301.46484375
    dmean2: 0
    dvar: 0
    dvar2: 0
    kurt: -2
    max: 1291.9921875
    mean: 1141.25976562
    median: 1141.25976562
    min: 990.52734375
    skew: 0
    var: 22720.2636719

SpecCent:
    dmean: 75.190612793
    dmean2: 0
    dvar: 0
    dvar2: 0
    kurt: -1.99999988079
    max: 965.893493652
    mean: 928.298217773
    median: 928.298217773
    min: 890.702880859
    skew: -2.38914503825e-06
    var: 1413.40698242

Zcr:
    dmean: 0.00048828125
    dmean2: 0
    dvar: 0
    dvar2: 0
    kurt: -2
    max: 0.0126953125
    mean: 0.012451171875
    median: 0.012451171875
    min: 0.01220703125
    skew: 0
    var: 5.96046447754e-08

HarmonicAmpFreq:
    dmean: [33.1506958008]
    dmean2: [0]
    dvar: [0]
    dvar2: [0]
    kurt: [-2]
    max: [924.719238281]
    mean: [908.143920898]
    median: [908.143920898]
    min: [891.56854248]
    skew: [-5.46829915038e-06]
    var: [274.742156982]

HarmonicAmpMag:
    dmean: [0.107515759766]
    dmean2: [0]
    dvar: [0]
    dvar2: [0]
    kurt: [-1.99999988079]
    max: [0.107515759766]
    mean: [0.0537578798831]
    median: [0.0537578798831]
    min: [0]
    skew: [0]
    var: [0.00288990954868]

MfccCoeff:
    dmean: [378.464477539, 29.3944244385, 26.6089401245, 63.4230728149, 2.6614151001, 46.8550491333, 29.9800300598, 15.1076316833, 24.4119205475, 6.74005126953, 9.19253540039, 7.35199737549, 0.0739688873291]
    dmean2: [0, 0, 0, 0, 0, 0, 0, 0, 0, 0, 0, 0, 0]
    dvar: [0, 0, 0, 0, 0, 0, 0, 0, 0, 0, 0, 0, 0]
    dvar2: [0, 0, 0, 0, 0, 0, 0, 0, 0, 0, 0, 0, 0]
    kurt: [-2, -2, -2, -2, -1.99999988079, -1.99999988079, -2, -2, -2, -2, -2, -2, -2]
    max: [-598.647949219, 163.421707153, -12.2806739807, -44.7890319824, -43.1064453125, 37.8399353027, 45.9279251099, 22.4648113251, 7.83927345276, -5.31719970703, -0.604625701904, 3.59786987305, 1.64584350586]
    mean: [-787.880187988, 148.724487305, -25.585144043, -76.5005645752, -44.4371528625, 14.4124116898, 30.93791008, 14.9109954834, -4.36668682098, -8.6872253418, -5.2008934021, -0.0781288146973, 1.60885906219]
    median: [-787.880187988, 148.724487305, -25.585144043, -76.5005645752, -44.4371528625, 14.4124116898, 30.93791008, 14.9109954834, -4.36668682098, -8.6872253418, -5.2008934021, -0.0781288146973, 1.60885906219]
    min: [-977.112426758, 134.027282715, -38.8896141052, -108.212104797, -45.7678604126, -9.01511192322, 15.94789505, 7.35717964172, -16.5726470947, -12.0572509766, -9.79716110229, -3.75412750244, 1.57187461853]
    skew: [0, 1.53803114245e-06, 0, -3.67476388874e-07, 0, 0, 0, 0, 0, 0, 0, 0, 0]
    var: [35808.8398438, 216.008056641, 177.008926392, 1005.621521, 1.77078258991, 548.848876953, 224.700546265, 57.0601348877, 148.985473633, 11.3570728302, 21.1256771088, 13.512966156, 0.00136784906499]

SpecContrastCoeff:
    dmean: [0.00837117433548, 0.0971634984016, 0.0157436728477, 0.206428587437, 0.00688242912292, 0.0221779942513]
    dmean2: [0, 0, 0, 0, 0, 0]
    dvar: [0, 0, 0, 0, 0, 0]
    dvar2: [0, 0, 0, 0, 0, 0]
    kurt: [-2, -2.00000023842, -2, -1.99999988079, -2, -2]
    max: [-0.971309304237, -0.822802126408, -0.749781787395, -0.570388972759, -0.917555332184, -0.936075210571]
    mean: [-0.975494861603, -0.871383905411, -0.757653594017, -0.67360329628, -0.920996546745, -0.947164177895]
    median: [-0.975494861603, -0.871383905411, -0.757653594017, -0.67360329628, -0.920996546745, -0.947164177895]
    min: [-0.979680478573, -0.919965624809, -0.765525460243, -0.776817560196, -0.924437761307, -0.958253204823]
    skew: [-2.13663133763e-05, 1.84021541827e-06, -1.13620471893e-05, 8.46994566928e-07, 0, -8.04564024293e-06]
    var: [1.75191398739e-05, 0.00236018653959, 6.19658094365e-05, 0.0106531903148, 1.18419575301e-05, 0.000122965866467]

SpecPeakAmp:
    dmean: [0.107359886169, 0.0529342442751, 0.0270650330931, 0.0135632483289, 0.00806471053511]
    dmean2: [0, 0, 0, 0, 0]
    dvar: [0, 0, 0, 0, 0]
    dvar2: [0, 0, 0, 0, 0]
    kurt: [-2, -1.99999988079, -1.99999988079, -2, -2]
    max: [0.107515759766, 0.0531082563102, 0.027246966958, 0.0137592703104, 0.00828305911273]
    mean: [0.0538358166814, 0.0266411341727, 0.0137144504115, 0.00697764614597, 0.00425070384517]
    median: [0.0538358166814, 0.0266411341727, 0.0137144504115, 0.00697764614597, 0.00425070384517]
    min: [0.000155875459313, 0.000174013504875, 0.000181933166459, 0.000196022272576, 0.000218348184717]
    skew: [0, 4.90546376852e-08, -1.37624482477e-07, 9.11274256055e-08, -1.62556744954e-07]
    var: [0.00288153626025, 0.000700508477166, 0.000183129013749, 4.59904222225e-05, 1.62598917086e-05]
