
metadata:
    version:
        essentia: "2.1-beta3"

Flux:
    dmean: 6.75865476296e-06
    dmean2: 1.02001149571e-05
    dvar: 5.36170829957e-10
    dvar2: 1.15016351998e-09
    kurt: 13.8312969208
    max: 0.000124963917187
    mean: 7.73921055952e-06
    median: 1.63528557096e-06
    min: 6.42178633825e-07
    skew: 3.84511494637
    var: 5.68648517163e-10

Rms:
    dmean: 1.72580132585e-06
    dmean2: 1.63224956395e-06
    dvar: 4.2692772928e-11
    dvar2: 3.19350934586e-11
    kurt: 19.5791244507
    max: 0.000101407807961
    mean: 9.94989459286e-05
    median: 0.000101274868939
    min: 5.88106668147e-05
    skew: -4.50281524658
    var: 5.64573630901e-11

RollOff:
    dmean: 1.00154435635
    dmean2: 1.025390625
    dvar: 20.5633563995
    dvar2: 21.0285148621
    kurt: 17.0443572998
    max: 1464.2578125
    mean: 1443.70422363
    median: 1442.72460938
    min: 1442.72460938
    skew: 4.36379337311
    var: 20.118309021

SpecCent:
    dmean: 4.20940446854
    dmean2: 5.07065534592
    dvar: 31.5215415955
    dvar2: 22.2103881836
    kurt: 18.0849571228
    max: 1594.9453125
    mean: 1548.88623047
    median: 1546.96679688
    min: 1542.7956543
    skew: 4.04076290131
    var: 71.1509475708

Zcr:
    dmean: 0.0017373728333
    dmean2: 0.0019414993003
    dvar: 4.34287721873e-05
    dvar2: 4.02642108384e-05
    kurt: 17.4635028839
    max: 0.0654296875
    mean: 0.063609726727
    median: 0.06494140625
    min: 0.02978515625
    skew: -4.38321304321
    var: 4.67122918053e-05

HarmonicAmpFreq:
    dmean: [0.01220703125]
    dmean2: [0.0124976746738]
    dvar: [0.00625848770142]
    dvar2: [0.00640386715531]
    kurt: [39.0917472839]
    max: [1438.01733398]
    mean: [1437.50415039]
    median: [1437.49243164]
    min: [1437.49243164]
    skew: [6.41295671463]
    var: [0.00611960329115]

HarmonicAmpMag:
    dmean: [1.87851117062e-06]
    dmean2: [1.92323750525e-06]
    dvar: [1.48209763906e-10]
    dvar2: [1.5165253775e-10]
    kurt: [39.0232582092]
    max: [8.07759788586e-05]
    mean: [1.83581767033e-06]
    median: [0]
    min: [0]
    skew: [6.40494012833]
    var: [1.44919742873e-10]

MfccCoeff:
    dmean: [0.0691315382719, 0.0329178199172, 0.0754827484488, 0.083598293364, 0.0189684499055, 0.0958915501833, 0.045602131635, 0.0644705146551, 0.0884963646531, 0.00429588137195, 0.0903279483318, 0.0565357655287, 0.0509789027274]
    dmean2: [0.0709141343832, 0.0337618887424, 0.0774412602186, 0.0857558473945, 0.0194763913751, 0.0983712300658, 0.0467547476292, 0.0661568418145, 0.0907640010118, 0.00445792777464, 0.0926651731133, 0.0579601451755, 0.0523274727166]
    dvar: [0.10187869519, 0.0233492795378, 0.120747275651, 0.150135010481, 0.00713523244485, 0.195993155241, 0.0464482307434, 0.0865540802479, 0.17024114728, 0.000281457731035, 0.173910230398, 0.0729235187173, 0.0527560263872]
    dvar2: [0.102258190513, 0.0234714820981, 0.121083274484, 0.150851026177, 0.00708312029019, 0.196704894304, 0.0469302721322, 0.0865696966648, 0.171346187592, 0.00026803748915, 0.174541994929, 0.0738962739706, 0.0525614768267]
    kurt: [24.8781337738, 25.2100543976, 24.7075214386, 25.1221122742, 22.6424922943, 24.8838577271, 26.281879425, 24.1705207825, 25.4750003815, 25.0293235779, 24.8837203979, 26.8983249664, 23.3799571991]
    max: [-1136.49072266, 0.926250457764, -6.103515625e-05, 8.01086425781e-05, 0.499114990234, 2.67612457275, 1.3176612854, -5.34057617188e-05, -4.57763671875e-05, 0.0529251098633, 2.52080154419, 1.65849304199, -3.81469726562e-05]
    mean: [-1136.56066895, 0.893073678017, -2.02083277702, -2.2625887394, 0.479591369629, 2.57916784286, 1.2720707655, -1.70129168034, -2.4176504612, 0.0478094257414, 2.42947006226, 1.60225749016, -1.3163497448]
    median: [-1136.49462891, 0.924541473389, -2.09276580811, -2.34243392944, 0.497467041016, 2.67063140869, 1.31591415405, -1.76254272461, -2.50234222412, 0.0514106750488, 2.5156288147, 1.65682601929, -1.36457443237]
    min: [-1138.42004395, 1.14440917969e-05, -2.09725952148, -2.34696578979, -6.103515625e-05, 2.28881835938e-05, -2.67028808594e-05, -1.76685333252, -2.50671386719, -0.0528335571289, -2.67028808594e-05, -3.0517578125e-05, -1.36851501465]
    skew: [-5.03695392609, -5.06673288345, 5.02218770981, 5.05892944336, -4.84079456329, -5.03779792786, -5.16232633591, 4.97476673126, 5.09028911591, -5.03550338745, -5.03778743744, -5.21767950058, 4.90528202057]
    var: [0.101487070322, 0.0232252106071, 0.120383739471, 0.149401798844, 0.00718149729073, 0.195247501135, 0.0459796227515, 0.0865041539073, 0.169138774276, 0.000295705074677, 0.173247948289, 0.071986630559, 0.0529174432158]

SpecContrastCoeff:
    dmean: [0.0207679346204, 0.0122366324067, 0.00901710055768, 0.0136975422502, 0.00679614953697, 0.00685573602095]
    dmean2: [0.0261187646538, 0.020548671484, 0.0140337646008, 0.0165725555271, 0.00978318043053, 0.00887002237141]
    dvar: [0.00159883615561, 9.90939443e-05, 3.42809798894e-05, 0.00142861006316, 0.000104202626972, 0.000184414384421]
    dvar2: [0.00140143127646, 0.000201402479433, 9.33873088798e-05, 0.0013369100634, 0.000164041135577, 0.000228073709877]
    kurt: [13.893327713, 8.23468494415, -0.702305078506, 17.0870914459, 15.5250167847, 15.1643028259]
    max: [-0.600802063942, -0.902445673943, -0.913430511951, -0.591942846775, -0.880560219288, -0.855634391308]
    mean: [-0.643373548985, -0.926397919655, -0.936321854591, -0.612167418003, -0.897952318192, -0.871874094009]
    median: [-0.636458516121, -0.924917697906, -0.935380339622, -0.604633569717, -0.897290527821, -0.869864106178]
    min: [-0.853398680687, -0.984750270844, -0.954636335373, -0.812917172909, -0.951009392738, -0.943125903606]
    skew: [-3.7737402916, -2.3097410202, 0.0876913592219, -4.29381132126, -3.24617433548, -3.65794920921]
    var: [0.00223215669394, 0.000170698025613, 9.75064685917e-05, 0.00162652402651, 0.000100624005427, 0.000191807135707]

SpecPeakAmp:
    dmean: [3.19328506748e-07, 6.95923105809e-08, 6.33190211374e-08, 8.71172645134e-08, 1.96311248146e-06]
    dmean2: [4.38572300254e-07, 8.20921925992e-08, 8.3590627753e-08, 1.32643833695e-07, 2.07852872336e-06]
    dvar: [6.04762442381e-13, 4.76978143939e-14, 2.99430958002e-14, 3.32987625104e-14, 1.47430040398e-10]
    dvar2: [6.10214732476e-13, 4.3781215361e-14, 2.99091806009e-14, 3.92534786685e-14, 1.50550266698e-10]
    kurt: [19.5385246277, 16.8196926117, 23.8730792999, 28.7907543182, 39.0181655884]
    max: [1.69796821865e-05, 1.22491849197e-06, 1.14588306133e-06, 1.25600956835e-06, 8.07759788586e-05]
    mean: [1.65960100276e-05, 1.38068571687e-07, 1.24534608403e-07, 1.16768816838e-07, 1.97445342565e-06]
    median: [1.67813668668e-05, 8.7993520026e-08, 7.95873305037e-08, 6.35142001215e-08, 1.36564082709e-07]
    min: [1.2341330148e-05, 4.92448677392e-08, 4.3358372892e-08, 3.03981799732e-08, 2.54889993556e-08]
    skew: [-4.521027565, 4.30542612076, 4.85145521164, 5.24939870834, 6.4043302536]
    var: [6.27353258318e-13, 5.17893325067e-14, 3.10484297506e-14, 3.47833402164e-14, 1.44419934345e-10]
