
metadata:
    version:
        essentia: "2.1-beta3"

Flux:
    dmean: 0.000162735173944
    dmean2: 0.000215738604311
    dvar: 2.85168425762e-07
    dvar2: 5.62716309105e-07
    kurt: 9.55276870728
    max: 0.00309912394732
    mean: 0.00021146502695
    median: 5.81760423302e-06
    min: 3.79818516194e-06
    skew: 3.29113769531
    var: 4.62731350126e-07

Rms:
    dmean: 6.53892566334e-05
    dmean2: 4.94449122925e-05
    dvar: 5.2277790985e-08
    dvar2: 2.34972450386e-08
    kurt: 20.8899154663
    max: 0.00224141567014
    mean: 0.00215926044621
    median: 0.00223810505122
    min: 0.000401645083912
    skew: -4.53733730316
    var: 9.72731868387e-08

RollOff:
    dmean: 7.83025550842
    dmean2: 7.51158237457
    dvar: 2025.24182129
    dvar2: 1787.50793457
    kurt: 39.2814102173
    max: 1765.72265625
    mean: 1450.86010742
    median: 1442.72460938
    min: 1442.72460938
    skew: 6.39812803268
    var: 2272.82763672

SpecCent:
    dmean: 12.0596618652
    dmean2: 13.004193306
    dvar: 3154.25097656
    dvar2: 2792.12670898
    kurt: 39.5725288391
    max: 1839.25708008
    mean: 1444.76123047
    median: 1435.67590332
    min: 1431.7833252
    skew: 6.43051815033
    var: 3555.64794922

Zcr:
    dmean: 0.00236372509971
    dmean2: 0.00193041423336
    dvar: 6.18906851741e-05
    dvar2: 4.07524421462e-05
    kurt: 17.700088501
    max: 0.0654296875
    mean: 0.0623914934695
    median: 0.06494140625
    min: 0.0029296875
    skew: -4.22412109375
    var: 0.000121846576803

HarmonicAmpFreq:
    dmean: [0.0537775196135]
    dmean2: [0.0550281628966]
    dvar: [0.12435695529]
    dvar2: [0.12718012929]
    kurt: [40.0205078125]
    max: [1440.23339844]
    mean: [1437.9197998]
    median: [1437.8671875]
    min: [1437.8671875]
    skew: [6.48223733902]
    var: [0.121656291187]

HarmonicAmpMag:
    dmean: [7.52304671892e-08]
    dmean2: [7.69800152511e-08]
    dvar: [2.43363787239e-13]
    dvar2: [2.48888718879e-13]
    kurt: [40.0227355957]
    max: [3.3101405279e-06]
    mean: [7.35586809242e-08]
    median: [0]
    min: [0]
    skew: [6.48249435425]
    var: [2.38078681119e-13]

MfccCoeff:
    dmean: [1.1658103466, 0.532216131687, 1.2450991869, 1.26171302795, 0.331767350435, 1.26493060589, 0.471433460712, 0.710210800171, 0.751303076744, 0.219749882817, 0.728814065456, 0.248284950852, 0.562449276447]
    dmean2: [1.50574016571, 0.692616999149, 1.58797931671, 1.61331498623, 0.388357818127, 1.54732871056, 0.600045144558, 0.778563559055, 0.840643763542, 0.156687751412, 0.658791661263, 0.261677592993, 0.400319218636]
    dvar: [27.3743476868, 5.70556020737, 31.4476490021, 32.4413795471, 2.39563465118, 33.9204750061, 4.68243265152, 12.3032722473, 13.7048482895, 0.687477529049, 11.0912847519, 1.7629134655, 4.65119171143]
    dvar2: [51.6912193298, 10.9650964737, 57.5522079468, 59.6875724792, 3.49421024323, 55.6028862, 8.46861553192, 14.9965753555, 17.6132011414, 0.364799797535, 8.12080287933, 1.93657612801, 2.2960703373]
    kurt: [19.267829895, 18.8170986176, 20.4336223602, 20.3962497711, 28.5284957886, 25.4768505096, 21.941400528, 32.5047454834, 32.8480987549, 22.8979530334, 32.285320282, 36.1702194214, 24.6766624451]
    max: [-1105.94702148, 14.7549858093, -6.103515625e-05, 8.01086425781e-05, 9.97789001465, 37.2621765137, 13.6394844055, -5.34057617188e-05, -4.57763671875e-05, 7.05390357971, 24.8304862976, 8.76870727539, -3.81469726562e-05]
    mean: [-1119.65856934, 8.28666877747, -21.2559127808, -21.4380149841, 7.68518733978, 25.8487892151, 8.44993591309, -20.0238838196, -20.5582752228, 6.77360916138, 24.0340919495, 8.21423912048, -18.0573730469]
    median: [-1119.41625977, 8.38230514526, -21.5722846985, -21.7467765808, 7.86906433105, 26.3590240479, 8.5732460022, -20.5686187744, -21.0858001709, 7.05352973938, 24.8295860291, 8.43482208252, -18.7745399475]
    min: [-1138.42004395, 1.14440917969e-05, -35.0915641785, -35.6242752075, -6.103515625e-05, 2.28881835938e-05, -2.67028808594e-05, -22.8169784546, -24.1957168579, -2.28881835938e-05, -2.67028808594e-05, -3.0517578125e-05, -18.7752571106]
    skew: [-2.05795145035, -1.66516387463, 2.69664239883, 2.61640906334, -5.07784557343, -4.30261707306, -3.0359351635, 5.69226837158, 5.6915845871, -4.73189687729, -5.67545318604, -6.07624101639, 4.90943098068]
    var: [12.6331243515, 2.57088112831, 15.1472606659, 15.4949855804, 1.58075869083, 19.0648193359, 2.28046393394, 10.0643148422, 10.5498332977, 1.3689302206, 14.5352210999, 1.60832345486, 9.36490440369]

SpecContrastCoeff:
    dmean: [0.0373066551983, 0.0178796518594, 0.0116964960471, 0.0192715097219, 0.00736244954169, 0.00574671430513]
    dmean2: [0.0558304078877, 0.029625615105, 0.0157621037215, 0.021968094632, 0.0115720685571, 0.00969024002552]
    dvar: [0.00121775502339, 0.00024516810663, 0.000102660225821, 0.00237524486147, 3.31894189003e-05, 4.77949251945e-05]
    dvar2: [0.00284031126648, 0.00052664760733, 9.26266802708e-05, 0.00228184112348, 7.62930430938e-05, 8.43543166411e-05]
    kurt: [7.0959444046, 0.677104711533, 8.38920116425, 17.6802043915, 1.03676700592, 9.9315071106]
    max: [-0.682601571083, -0.88505089283, -0.866952717304, -0.47141417861, -0.907452344894, -0.907382547855]
    mean: [-0.76151996851, -0.93391597271, -0.942734599113, -0.504357814789, -0.922290146351, -0.921538054943]
    median: [-0.753674149513, -0.934245347977, -0.945034444332, -0.486472189426, -0.921319663525, -0.9207675457]
    min: [-0.962649285793, -0.984992980957, -0.960937261581, -0.90260207653, -0.944960415363, -0.967002153397]
    skew: [-2.38177323341, 0.173236295581, 2.43840622902, -4.25159692764, -0.758183956146, -2.84115600586]
    var: [0.00258646905422, 0.000371010799427, 0.000262972345809, 0.00561474636197, 6.29428468528e-05, 0.000103997117549]

SpecPeakAmp:
    dmean: [1.43624060911e-06, 6.83988616856e-07, 7.27149938484e-07, 7.84573273904e-07, 9.32226271289e-07]
    dmean2: [2.21152345148e-06, 1.06666163902e-06, 1.07886557998e-06, 1.22607707453e-06, 1.49591096488e-06]
    dvar: [9.92025992602e-12, 4.43286770138e-12, 5.42702124559e-12, 6.36448706237e-12, 8.31390511991e-12]
    dvar2: [1.46423810576e-11, 1.18793247808e-11, 1.44350165501e-11, 1.63729724223e-11, 2.15394195535e-11]
    kurt: [25.7357139587, 34.4017105103, 38.8695487976, 38.8994903564, 38.7452125549]
    max: [2.17568722292e-05, 1.22166366054e-05, 1.2014591448e-05, 1.28500741994e-05, 1.46597694766e-05]
    mean: [1.6428048184e-05, 1.02004662494e-06, 9.21786806884e-07, 9.79176661531e-07, 1.07010009742e-06]
    median: [1.68093192769e-05, 6.86803673489e-07, 6.80729613123e-07, 7.28496161173e-07, 7.65681193116e-07]
    min: [7.44889518955e-07, 3.17333132216e-07, 1.7107954875e-07, 2.88210713961e-07, 1.8876225738e-07]
    skew: [-4.6426949501, 5.87007665634, 6.34521961212, 6.3490357399, 6.33075237274]
    var: [6.91286524551e-12, 3.0586427488e-12, 2.83493237566e-12, 3.24541218552e-12, 4.26112183732e-12]
