
metadata:
    version:
        essentia: "2.1-beta3"

Flux:
    dmean: 0.00364884384908
    dmean2: 0.00485493056476
    dvar: 0.000142994671478
    dvar2: 0.000282231747406
    kurt: 9.52448558807
    max: 0.0692975819111
    mean: 0.00467117410153
    median: 6.44131869194e-05
    min: 1.79271701199e-05
    skew: 3.28767824173
    var: 0.00023241067538

Rms:
    dmean: 0.00146881758701
    dmean2: 0.00110635382589
    dvar: 2.64088794211e-05
    dvar2: 1.18938542073e-05
    kurt: 20.9755134583
    max: 0.0501815266907
    mean: 0.0483402945101
    median: 0.0501148104668
    min: 0.00881186220795
    skew: -4.54556798935
    var: 4.90811980853e-05

RollOff:
    dmean: 7.34086465836
    dmean2: 7.01081037521
    dvar: 1748.13659668
    dvar2: 1525.20007324
    kurt: 39.1731071472
    max: 1744.18945312
    mean: 1450.3815918
    median: 1442.72460938
    min: 1442.72460938
    skew: 6.386054039
    var: 1981.56872559

SpecCent:
    dmean: 9.48652267456
    dmean2: 10.3383216858
    dvar: 1620.68798828
    dvar2: 1452.09936523
    kurt: 39.5705490112
    max: 1721.59130859
    mean: 1441.61071777
    median: 1435.14990234
    min: 1431.57312012
    skew: 6.42951345444
    var: 1791.02001953

Zcr:
    dmean: 0.00236372509971
    dmean2: 0.00193041423336
    dvar: 6.18906851741e-05
    dvar2: 4.07635270676e-05
    kurt: 17.7040348053
    max: 0.0654296875
    mean: 0.0623806416988
    median: 0.06494140625
    min: 0.0029296875
    skew: -4.22451877594
    var: 0.000121785888041

HarmonicAmpFreq:
    dmean: [0.138552576303]
    dmean2: [0.141774728894]
    dvar: [0.825463116169]
    dvar2: [0.844203174114]
    kurt: [40.0114479065]
    max: [1437.8684082]
    mean: [1437.73254395]
    median: [1437.8684082]
    min: [1431.77209473]
    skew: [-6.48118782043]
    var: [0.80753672123]

HarmonicAmpMag:
    dmean: [1.61124512488e-06]
    dmean2: [1.64871596553e-06]
    dvar: [1.11632765531e-10]
    dvar2: [1.14167085508e-10]
    kurt: [40.022731781]
    max: [7.08947845851e-05]
    mean: [1.57543968271e-06]
    median: [0]
    min: [0]
    skew: [6.48249435425]
    var: [1.09208433963e-10]

MfccCoeff:
    dmean: [13.0857458115, 3.86843943596, 2.67250466347, 1.39484775066, 0.461420923471, 1.34580922127, 0.725565195084, 1.01944839954, 1.20523607731, 0.827667176723, 1.34441101551, 0.823925197124, 1.33870339394]
    dmean2: [19.4270076752, 5.61300182343, 3.42149949074, 1.36821103096, 0.373522818089, 1.21649968624, 0.720735251904, 1.03963732719, 1.32533144951, 0.880422174931, 1.56101584435, 1.03757154942, 1.51567041874]
    dvar: [3293.98046875, 265.941711426, 109.666999817, 25.0960502625, 1.9870095253, 20.2934398651, 2.04696464539, 13.1856193542, 11.7280521393, 3.15963339806, 23.8860607147, 2.19170546532, 18.1069641113]
    dvar2: [8290.41015625, 661.64630127, 222.29864502, 25.1977367401, 1.06998026371, 9.40116024017, 1.44949543476, 11.4390563965, 10.8578948975, 3.19271874428, 27.7857017517, 3.64794778824, 20.5003356934]
    kurt: [38.6436958313, 36.3665275574, 14.2744121552, 20.016752243, 25.8875389099, 25.0185375214, 11.4187870026, 22.1395015717, 20.6534900665, 11.9529705048, 18.760723114, 15.1920433044, 14.803691864]
    max: [-839.960205078, 88.525604248, -9.7804107666, -11.0734062195, 15.4354553223, 63.2312011719, 26.1498184204, -5.75221252441, -8.30104064941, 14.3261585236, 50.3688468933, 21.3676319122, -2.16265869141]
    mean: [-1096.31530762, 17.61992836, -41.8167037964, -41.4197769165, 14.7822608948, 49.6352653503, 16.0419750214, -38.2848892212, -39.0314292908, 13.1507415771, 45.5719795227, 15.1456365585, -34.4157028198]
    median: [-1102.1496582, 15.9361381531, -41.2815818787, -41.371711731, 15.2031707764, 50.267791748, 15.9868812561, -39.4206085205, -39.8426589966, 13.8949832916, 47.2426567078, 15.3961486816, -36.07604599]
    min: [-1129.00097656, 4.65217208862, -72.9513244629, -61.3327713013, 1.63371276855, 11.0577697754, 5.73801040649, -42.0213623047, -47.3845443726, -0.463180541992, 6.06480026245, 3.76950836182, -36.3786430359]
    skew: [6.31261491776, 6.03057909012, -0.115318834782, 2.44354462624, -5.11160564423, -4.47066688538, 0.151294782758, 4.78120470047, 4.43544006348, -3.56113052368, -4.41913795471, -3.03328871727, 3.95731091499]
    var: [1518.32226562, 119.528808594, 51.5443458557, 31.2727928162, 4.90974092484, 42.4710998535, 6.06096124649, 33.3271522522, 30.4928359985, 8.1607465744, 54.8964309692, 4.97749042511, 41.7004356384]

SpecContrastCoeff:
    dmean: [0.0505140200257, 0.0150197446346, 0.0140317892656, 0.0229211132973, 0.0130156101659, 0.0142581574619]
    dmean2: [0.0854992419481, 0.0243275351822, 0.0187671594322, 0.0214462671429, 0.0220557376742, 0.0253526661545]
    dvar: [0.00177403795533, 0.000159007671755, 0.000138771312777, 0.00363006140105, 8.90699520824e-05, 0.000168581551407]
    dvar2: [0.00477978074923, 0.000308692862745, 0.000122657962493, 0.00256052520126, 0.000178994552698, 0.000395134266]
    kurt: [0.473014593124, 4.67698383331, 8.34557723999, 20.4948863983, -0.809455156326, 0.49049782753]
    max: [-0.815260648727, -0.910029947758, -0.842661380768, -0.310189604759, -0.910672128201, -0.917460262775]
    mean: [-0.929440617561, -0.976734399796, -0.940585017204, -0.348050028086, -0.9338555336, -0.949190974236]
    median: [-0.948202490807, -0.983806490898, -0.946973145008, -0.326842099428, -0.938812792301, -0.956358551979]
    min: [-0.994126200676, -0.989271581173, -0.956892073154, -0.871554076672, -0.944790780544, -0.959039866924]
    skew: [1.20218789577, 1.96437382698, 2.65308451653, -4.52179336548, 0.791319191456, 1.33662939072]
    var: [0.00181473046541, 0.000254482787568, 0.00045497706742, 0.00878329109401, 0.000124990343465, 0.000155229135999]

SpecPeakAmp:
    dmean: [3.33061580022e-05, 2.75156344287e-05, 2.88083101623e-05, 2.90586031042e-05, 2.95767367788e-05]
    dmean2: [5.42109883099e-05, 4.25853540946e-05, 4.37678172602e-05, 4.41262309323e-05, 4.47782767878e-05]
    dvar: [1.12209042058e-08, 1.05964597097e-08, 1.17832454904e-08, 1.21961098998e-08, 1.2746377287e-08]
    dvar2: [2.90604287301e-08, 2.81038250449e-08, 3.06917229409e-08, 3.16793880017e-08, 3.30704530427e-08]
    kurt: [39.4235610962, 38.62682724, 39.7583618164, 39.8100700378, 39.7972984314]
    max: [0.000535046681762, 0.00053472846048, 0.000535864965059, 0.000541720772162, 0.000552358105779]
    mean: [3.10501927743e-05, 2.20252441068e-05, 2.11068527278e-05, 2.11287515413e-05, 2.16553507926e-05]
    median: [1.8332450054e-05, 1.00942706922e-05, 1.03258898889e-05, 1.0211890185e-05, 1.02990843516e-05]
    min: [9.95389837044e-06, 1.27168914332e-06, 2.0488669179e-06, 2.29112583838e-06, 2.80504900729e-06]
    skew: [6.41152429581, 6.32645988464, 6.45115327835, 6.45724248886, 6.45580244064]
    var: [5.81370063202e-09, 6.07384453843e-09, 6.04079941624e-09, 6.17476247911e-09, 6.41789554834e-09]
