
metadata:
    version:
        essentia: "2.1-beta3"

Flux:
    dmean: 5.78463277634e-06
    dmean2: 8.97098016139e-06
    dvar: 3.13229331361e-10
    dvar2: 6.83449852268e-10
    kurt: 14.2542533875
    max: 9.59087046795e-05
    mean: 6.71560292176e-06
    median: 2.35786683334e-06
    min: 6.02398472438e-07
    skew: 3.88714122772
    var: 3.22485260718e-10

Rms:
    dmean: 1.28810745537e-06
    dmean2: 1.18788409509e-06
    dvar: 2.50041116284e-11
    dvar2: 1.86937097746e-11
    kurt: 19.5897941589
    max: 7.73292558733e-05
    mean: 7.58956230129e-05
    median: 7.72700586822e-05
    min: 4.47223937954e-05
    skew: -4.50326251984
    var: 3.31161001399e-11

RollOff:
    dmean: 1.00154435635
    dmean2: 1.025390625
    dvar: 20.5633563995
    dvar2: 21.0285148621
    kurt: 17.0419883728
    max: 2670.1171875
    mean: 2649.56420898
    median: 2648.58398438
    min: 2648.58398438
    skew: 4.36339569092
    var: 20.118303299

SpecCent:
    dmean: 1.42622983456
    dmean2: 2.02255964279
    dvar: 3.19389343262
    dvar2: 1.71287643909
    kurt: 21.0679206848
    max: 2699.24560547
    mean: 2683.37207031
    median: 2683.08203125
    min: 2680.99414062
    skew: 4.34812736511
    var: 7.83991861343

Zcr:
    dmean: 0.00286155520007
    dmean2: 0.00289481016807
    dvar: 0.000148236213136
    dvar2: 0.000139831361594
    kurt: 17.4127254486
    max: 0.11962890625
    mean: 0.116765804589
    median: 0.11962890625
    min: 0.05517578125
    skew: -4.38527154922
    var: 0.000157091781148

HarmonicAmpFreq:
    dmean: [0]
    dmean2: [0]
    dvar: [0]
    dvar2: [0]
    kurt: [nan]
    max: [2641.21899414]
    mean: [2641.21899414]
    median: [2641.21899414]
    min: [2641.21899414]
    skew: [nan]
    var: [0]

HarmonicAmpMag:
    dmean: [0]
    dmean2: [0]
    dvar: [0]
    dvar2: [0]
    kurt: [nan]
    max: [0]
    mean: [0]
    median: [0]
    min: [0]
    skew: [nan]
    var: [0]

MfccCoeff:
    dmean: [0.0200876630843, 0.00554000493139, 0.0262337625027, 0.0157782975584, 0.0200784374028, 0.0236085411161, 0.0108670964837, 0.0278487093747, 0, 0.0278476458043, 0.0108667416498, 0.0236096046865, 0.0200787913054]
    dmean2: [0.0223999023438, 0.00617690291256, 0.0292540043592, 0.0175955630839, 0.0223915465176, 0.0263239536434, 0.0121180219576, 0.0310549046844, 0, 0.031051998958, 0.0121178403497, 0.0263275876641, 0.022390274331]
    dvar: [0.00554262567312, 0.000421933043981, 0.00946146156639, 0.00342160300352, 0.00554266897961, 0.00766338035464, 0.00162338034716, 0.0106627624482, 0, 0.0106628024951, 0.0016233175993, 0.00766333984211, 0.00554227363318]
    dvar2: [0.00537001667544, 0.000408860243624, 0.00916875805706, 0.00331581267528, 0.0053709410131, 0.00742617622018, 0.0015730173327, 0.0103326588869, 0, 0.0103327874094, 0.00157308473717, 0.00742601929232, 0.00537073332816]
    kurt: [17.0060749054, 16.9986381531, 16.9985523224, 16.9985618591, 16.998550415, 16.9985713959, 16.9985370636, 16.9985618591, nan, 16.9985847473, 16.9985427856, 16.9985599518, 16.998544693]
    max: [-1138.05517578, 1.14440917969e-05, -6.103515625e-05, 0.286701202393, 0.36474609375, 2.28881835938e-05, -2.67028808594e-05, 0.505935668945, -4.57763671875e-05, -2.28881835938e-05, 0.197399139404, 0.428932189941, -3.81469726562e-05]
    mean: [-1138.07531738, -0.0950764715672, -0.450366616249, 0.270872980356, 0.344595819712, -0.405246734619, -0.186557069421, 0.477989196777, -4.57763671875e-05, -0.478067576885, 0.186496555805, 0.405238419771, -0.344686686993]
    median: [-1138.05908203, -0.0995674133301, -0.471633911133, 0.283664703369, 0.360870361328, -0.424392700195, -0.195362091064, 0.500564575195, -4.57763671875e-05, -0.500640869141, 0.195304870605, 0.424377441406, -0.360961914062]
    min: [-1138.42004395, -0.100635528564, -0.476684570312, 8.01086425781e-05, -6.103515625e-05, -0.42894744873, -0.197460174561, -5.34057617188e-05, -4.57763671875e-05, -0.506011962891, -2.67028808594e-05, -3.0517578125e-05, -0.364837646484]
    skew: [-4.35680627823, 4.35552883148, 4.35551261902, -4.35551357269, -4.35551166534, 4.35551595688, 4.35551071167, -4.3555150032, nan, 4.35551786423, -4.35551118851, -4.35551357269, 4.35551166534]
    var: [0.00566479284316, 0.00043108817772, 0.00966787710786, 0.00349615584128, 0.00566357048228, 0.0078307678923, 0.00165888248011, 0.0108955586329, 0, 0.0108956480399, 0.00165875593666, 0.00783074274659, 0.00566329760477]

SpecContrastCoeff:
    dmean: [0.0317327268422, 0.0209880881011, 0.0123591711745, 0.0118073085323, 0.01017490495, 0.00532422214746]
    dmean2: [0.0483349747956, 0.0371255502105, 0.0176382791251, 0.020033326, 0.0132914269343, 0.00739323953167]
    dvar: [0.00128675706219, 0.000263416877715, 0.000349525740603, 6.98292933521e-05, 0.000429970066762, 9.743123519e-05]
    dvar2: [0.0017347491812, 0.000776369473897, 0.000288157374598, 0.000184412725503, 0.000357620825525, 9.15678247111e-05]
    kurt: [10.4906253815, 2.03130197525, 18.6534976959, 2.95376491547, 15.6791439056, 14.226978302]
    max: [-0.627566337585, -0.891146063805, -0.84171205759, -0.891887426376, -0.669519484043, -0.855574846268]
    mean: [-0.677276015282, -0.924425899982, -0.863328874111, -0.912924528122, -0.683916807175, -0.871584832668]
    median: [-0.670438587666, -0.923907160759, -0.858105897903, -0.912128090858, -0.678154349327, -0.868970274925]
    min: [-0.874132394791, -0.986685276031, -0.984156727791, -0.954457223415, -0.803695440292, -0.928688824177]
    skew: [-3.08141446114, -0.671500980854, -4.11294460297, -1.02634584904, -4.0665230751, -3.76521587372]
    var: [0.00198078923859, 0.000305312190903, 0.000489572645165, 0.000118701529573, 0.000605508626904, 0.000141743861604]

SpecPeakAmp:
    dmean: [1.14224548042e-07, 5.05376789306e-08, 5.42822675698e-08, 9.75698810635e-08, 7.19486763501e-08]
    dmean2: [1.41792469321e-07, 6.90052388563e-08, 7.77804629593e-08, 1.64805143754e-07, 1.08164798007e-07]
    dvar: [1.50752267657e-13, 1.70844953039e-14, 1.15450023199e-14, 7.86179559225e-15, 7.80016039281e-15]
    dvar2: [1.57880585233e-13, 1.90076819166e-14, 1.24228545609e-14, 1.3111182333e-14, 1.25192951912e-14]
    kurt: [17.1094913483, 18.5586624146, 21.6424655914, 9.23738574982, 13.9963130951]
    max: [8.457869626e-06, 7.80950813351e-07, 7.33003332698e-07, 6.61328385831e-07, 6.65813274736e-07]
    mean: [8.29731925478e-06, 9.43229068184e-08, 8.51634496257e-08, 1.34935774554e-07, 1.62057190778e-07]
    median: [8.3727436504e-06, 6.67697008794e-08, 6.03225416285e-08, 1.52465673864e-07, 1.55865890861e-07]
    min: [6.45685668133e-06, 2.7880316722e-08, 1.83916846197e-08, 1.01698320876e-08, 1.33466864227e-08]
    skew: [-4.35428905487, 4.43611431122, 4.5177359581, 2.44906711578, 3.09213757515]
    var: [1.46812019464e-13, 1.71938489515e-14, 1.29875926027e-14, 1.23566936644e-14, 9.51260266711e-15]
