
metadata:
    version:
        essentia: "2.1-beta3"

Flux:
    dmean: 0.0327776484191
    dmean2: 0.0436356402934
    dvar: 0.0115893874317
    dvar2: 0.0223222561181
    kurt: 9.357837677
    max: 0.639174461365
    mean: 0.0429567173123
    median: 0.000564053538255
    min: 8.22253568913e-05
    skew: 3.26240944862
    var: 0.0195993985981

Rms:
    dmean: 0.0134262256324
    dmean2: 0.0101335542277
    dvar: 0.00222345883958
    dvar2: 0.00100278644823
    kurt: 21.1545257568
    max: 0.462341547012
    mean: 0.445486903191
    median: 0.461708247662
    min: 0.0818297192454
    skew: -4.56267738342
    var: 0.00413291715086

RollOff:
    dmean: 6.85147380829
    dmean2: 6.51003837585
    dvar: 1491.62805176
    dvar2: 1283.95654297
    kurt: 39.0393943787
    max: 1722.65625
    mean: 1449.90307617
    median: 1442.72460938
    min: 1442.72460938
    skew: 6.37120676041
    var: 1710.4597168

SpecCent:
    dmean: 5.27283287048
    dmean2: 6.3331952095
    dvar: 232.075195312
    dvar2: 202.27696228
    kurt: 38.1566810608
    max: 1543.56555176
    mean: 1437.34716797
    median: 1435.02819824
    min: 1431.57751465
    skew: 6.26052618027
    var: 262.176574707

Zcr:
    dmean: 0.00237482250668
    dmean2: 0.001953125
    dvar: 6.26237888355e-05
    dvar2: 4.08083906223e-05
    kurt: 17.7032432556
    max: 0.0654296875
    mean: 0.0623806416988
    median: 0.06494140625
    min: 0.0029296875
    skew: -4.22524642944
    var: 0.000121849465359

HarmonicAmpFreq:
    dmean: [86.4870605469]
    dmean2: [161.34602356]
    dvar: [4367.12109375]
    dvar2: [13936.2685547]
    kurt: [-1.25529634953]
    max: [1438.48376465]
    mean: [1375.44641113]
    median: [1427.65722656]
    min: [1250.99902344]
    skew: [-0.58687633276]
    var: [5054.57568359]

HarmonicAmpMag:
    dmean: [0.0876315534115]
    dmean2: [0.179271265864]
    dvar: [0.0483916737139]
    dvar2: [0.120850160718]
    kurt: [6.34753894806]
    max: [0.641342699528]
    mean: [0.0571683049202]
    median: [0.000236405147007]
    min: [0]
    skew: [2.88920807838]
    var: [0.0332926474512]

MfccCoeff:
    dmean: [30.1343307495, 25.5138988495, 20.8493728638, 5.40357160568, 3.48634815216, 4.73339033127, 2.51439023018, 2.38049793243, 2.72763085365, 1.58685910702, 2.22618675232, 1.26659762859, 1.63318860531]
    dmean2: [46.2186088562, 38.3441810608, 28.3047103882, 9.74159908295, 6.54262399673, 7.08665370941, 3.96324825287, 3.98645114899, 4.86074209213, 1.88138175011, 2.86383724213, 2.09856963158, 1.86032426357]
    dvar: [7292.24658203, 262.214813232, 101.824798584, 53.3803749084, 7.52138519287, 31.4006671906, 6.5836520195, 20.6017589569, 17.1918563843, 5.43282318115, 32.2743263245, 2.49366474152, 20.2150745392]
    dvar2: [18016.5488281, 669.079223633, 250.46282959, 100.652069092, 11.7022981644, 42.4231643677, 10.520565033, 34.1600036621, 29.6829471588, 3.32424044609, 35.4855575562, 4.41484737396, 19.4795055389]
    kurt: [27.0236988068, -0.40941619873, -0.938414096832, 8.24061775208, 4.37712478638, 13.3131923676, 9.52468109131, 11.4204616547, 10.8413848877, 16.8223552704, 15.7665367126, 14.416267395, 14.8348007202]
    max: [-617.137145996, 128.6587677, -44.5665855408, -42.6753921509, 25.266620636, 78.9278335571, 26.7790145874, -17.1135787964, -20.9881896973, 16.8134632111, 52.5828208923, 20.6471500397, 0.11116027832]
    mean: [-996.242248535, 74.3561553955, -83.3454208374, -75.980430603, 21.8255882263, 64.720413208, 19.2560958862, -43.3733444214, -42.5189170837, 14.1061592102, 47.1257095337, 15.4136285782, -34.875831604]
    median: [-1003.93432617, 78.3413162231, -80.9024200439, -78.0048599243, 22.8212890625, 65.3550796509, 19.0494728088, -44.5698242188, -43.7903366089, 15.0387516022, 49.0512123108, 15.8587818146, -36.5607566833]
    min: [-1023.38000488, 38.7276420593, -111.385345459, -93.9229812622, 8.24877166748, 21.9188919067, 3.52333450317, -47.2328643799, -52.2567825317, -6.83963775635, 4.68909835815, 4.32415008545, -37.3205528259]
    skew: [5.18819665909, -0.112359717488, -0.144418254495, 2.63064742088, -2.06987476349, -3.33873987198, -2.1811273098, 3.51478695869, 3.14708685875, -3.94241476059, -4.03944969177, -3.26354289055, 3.94382619858]
    var: [3973.79418945, 424.868865967, 288.994720459, 71.9509277344, 13.8960857391, 73.0932846069, 11.1738061905, 36.5272789001, 26.0512161255, 15.1863250732, 68.4727020264, 4.84196901321, 48.0578346252]

SpecContrastCoeff:
    dmean: [0.0224524009973, 0.0173504911363, 0.0171814132482, 0.0254567563534, 0.0159182101488, 0.0136780412868]
    dmean2: [0.0395418331027, 0.0300866998732, 0.0242693647742, 0.0223800577223, 0.0269152000546, 0.0254680532962]
    dvar: [0.000532895850483, 0.000248642027145, 0.000196725610294, 0.00582968490198, 0.000196595632588, 0.000239918008447]
    dvar2: [0.00132454140112, 0.000558846630156, 0.000432833126979, 0.00300712976605, 0.000398829317419, 0.000571741955355]
    kurt: [1.8640370369, 1.22224712372, 4.75558662415, 23.8369274139, 3.4071187973, 1.31843042374]
    max: [-0.906310319901, -0.92008882761, -0.84453523159, -0.14913199842, -0.854891359806, -0.902639091015]
    mean: [-0.973642289639, -0.973202109337, -0.927416205406, -0.184550195932, -0.918839752674, -0.943208932877]
    median: [-0.984139025211, -0.980841219425, -0.934589147568, -0.160189673305, -0.926361382008, -0.950104534626]
    min: [-0.993921399117, -0.986731231213, -0.945908665657, -0.822947382927, -0.932651460171, -0.952882230282]
    skew: [1.65014851093, 1.40265715122, 2.08664679527, -4.82010126114, 1.77114868164, 1.65183007717]
    var: [0.00045452080667, 0.000263375957729, 0.000470772269182, 0.0119065428153, 0.000280133943306, 0.000201305912924]

SpecPeakAmp:
    dmean: [0.000349642621586, 0.000340965780197, 0.00036326146801, 0.0295664891601, 0.0587356053293]
    dmean2: [0.000528572651092, 0.000525226409081, 0.000564836314879, 0.0603122711182, 0.119981862605]
    dvar: [1.77191134298e-06, 1.64875200426e-06, 1.78421407782e-06, 0.0178169570863, 0.0339228771627]
    dvar2: [4.58122849523e-06, 4.31774969911e-06, 4.59679586129e-06, 0.0346151217818, 0.100329332054]
    kurt: [39.1552124023, 38.4428024292, 38.9622497559, 17.5443782806, 17.544342041]
    max: [0.00655098771676, 0.0065519833006, 0.00655896030366, 0.641340136528, 0.641342699528]
    mean: [0.000247025978751, 0.000262209126959, 0.000263198307948, 0.0288193058223, 0.028867803514]
    median: [9.78040407063e-05, 9.54347633524e-05, 0.000104725382698, 0.000124147540191, 0.000246483483352]
    min: [1.10370401671e-05, 2.35563366004e-05, 2.96957095998e-05, 5.74370351387e-05, 6.10002098256e-05]
    skew: [6.38447284698, 6.30267381668, 6.36166858673, 4.4207649231, 4.42075920105]
    var: [9.12442430945e-07, 9.16121564387e-07, 9.12161283395e-07, 0.0174505189061, 0.0174484644085]
