
metadata:
    version:
        essentia: "2.1-beta3"

Flux:
    dmean: 0.0172614753246
    dmean2: 0
    dvar: 0
    dvar2: 0
    kurt: -1.99999988079
    max: 0.389889240265
    mean: 0.381258487701
    median: 0.381258487701
    min: 0.37262776494
    skew: 5.17240232512e-06
    var: 7.44896315155e-05

Rms:
    dmean: 0
    dmean2: 0
    dvar: 0
    dvar2: 0
    kurt: 0
    max: 0.13378816843
    mean: 0.13378816843
    median: 0.13378816843
    min: 0.13378816843
    skew: 0
    var: 0

RollOff:
    dmean: 538.330078125
    dmean2: 0
    dvar: 0
    dvar2: 0
    kurt: -2
    max: 2562.45117188
    mean: 2293.28613281
    median: 2293.28613281
    min: 2024.12109375
    skew: 0
    var: 72449.8203125

SpecCent:
    dmean: 9.85522460938
    dmean2: 0
    dvar: 0
    dvar2: 0
    kurt: -2
    max: 1811.26721191
    mean: 1806.33959961
    median: 1806.33959961
    min: 1801.4119873
    skew: 0
    var: 24.2813625336

Zcr:
    dmean: 0
    dmean2: 0
    dvar: 0
    dvar2: 0
    kurt: 0
    max: 0.0244140625
    mean: 0.0244140625
    median: 0.0244140625
    min: 0.0244140625
    skew: 0
    var: 0

HarmonicAmpFreq:
    dmean: [127.222900391]
    dmean2: [0]
    dvar: [0]
    dvar2: [0]
    kurt: [-2]
    max: [1830.10595703]
    mean: [1766.49450684]
    median: [1766.49450684]
    min: [1702.88305664]
    skew: [0]
    var: [4046.41650391]

HarmonicAmpMag:
    dmean: [0.0831216350198]
    dmean2: [0]
    dvar: [0]
    dvar2: [0]
    kurt: [-2]
    max: [0.0831216350198]
    mean: [0.0415608175099]
    median: [0.0415608175099]
    min: [0]
    skew: [0]
    var: [0.00172730151098]

MfccCoeff:
    dmean: [358.605834961, 90.6002655029, 25.3073654175, 15.7039299011, 50.1054573059, 34.6514663696, 25.173658371, 28.46849823, 8.475025177, 20.2339668274, 4.86769104004, 7.21784973145, 7.15298271179]
    dmean2: [0, 0, 0, 0, 0, 0, 0, 0, 0, 0, 0, 0, 0]
    dvar: [0, 0, 0, 0, 0, 0, 0, 0, 0, 0, 0, 0, 0]
    dvar2: [0, 0, 0, 0, 0, 0, 0, 0, 0, 0, 0, 0, 0]
    kurt: [-2, -2, -2.00000023842, -2, -1.99999976158, -2, -2, -2, -1.99999988079, -2, -2, -1.99999988079, -2]
    max: [-612.124328613, 145.236328125, -108.880256653, -16.8375053406, 87.4796295166, 30.0676403046, -21.3164310455, 14.029504776, 16.1644630432, 7.0859336853, 1.25426864624, 7.47760009766, -0.108427047729]
    mean: [-791.427246094, 99.9361953735, -121.533935547, -24.6894702911, 62.426902771, 12.7419080734, -33.9032592773, -0.204744338989, 11.9269504547, -3.03104972839, -1.17957687378, 3.86867523193, -3.68491840363]
    median: [-791.427246094, 99.9361953735, -121.533935547, -24.6894702911, 62.426902771, 12.7419080734, -33.9032592773, -0.204744338989, 11.9269504547, -3.03104972839, -1.17957687378, 3.86867523193, -3.68491840363]
    min: [-970.730163574, 54.6360588074, -134.18762207, -32.5414352417, 37.3741722107, -4.58382415771, -46.4900894165, -14.438993454, 7.68943786621, -13.1480331421, -3.6134223938, 0.259750366211, -7.26140975952]
    skew: [0, -1.26061621586e-07, -9.3387961897e-07, 0, -2.17371720623e-07, 0, -2.75469517419e-07, 0, 0, 0, 0, 0, 0]
    var: [32149.5371094, 2052.10205078, 160.115692139, 61.6533546448, 627.639160156, 300.181030273, 158.428268433, 202.613845825, 17.9565124512, 102.353355408, 5.92360401154, 13.0243387222, 12.7912902832]

SpecContrastCoeff:
    dmean: [4.5120716095e-05, 0.0109016895294, 0.05504322052, 0.0306441783905, 0.168794810772, 0.0258692502975]
    dmean2: [0, 0, 0, 0, 0, 0]
    dvar: [0, 0, 0, 0, 0, 0]
    dvar2: [0, 0, 0, 0, 0, 0]
    kurt: [-1.99999296665, -2, -2, -2, -1.99999988079, -2]
    max: [-0.994670927525, -0.974608182907, -0.892621934414, -0.738813579082, -0.478744208813, -0.899005532265]
    mean: [-0.994693517685, -0.980059027672, -0.920143544674, -0.754135668278, -0.563141584396, -0.911940157413]
    median: [-0.994693517685, -0.980059027672, -0.920143544674, -0.754135668278, -0.563141584396, -0.911940157413]
    min: [-0.994716048241, -0.985509872437, -0.947665154934, -0.769457757473, -0.647539019585, -0.924874782562]
    skew: [0.0039630131796, 0, 0, 0, -1.01667512808e-06, 0]
    var: [5.08970643409e-10, 2.97117094306e-05, 0.000757439003792, 0.000234766412177, 0.0071229217574, 0.000167304533534]

SpecPeakAmp:
    dmean: [0.0830328762531, 0.0534842796624, 0.0378411859274, 0.0269283782691, 0.019181413576]
    dmean2: [0, 0, 0, 0, 0]
    dvar: [0, 0, 0, 0, 0]
    dvar2: [0, 0, 0, 0, 0]
    kurt: [-2, -2, -2, -1.99999988079, -2]
    max: [0.0831216350198, 0.0535746738315, 0.0379329286516, 0.0270221494138, 0.0192779954523]
    mean: [0.0416051968932, 0.0268325340003, 0.0190123356879, 0.0135579602793, 0.00968728866428]
    median: [0.0416051968932, 0.0268325340003, 0.0190123356879, 0.0135579602793, 0.00968728866428]
    min: [8.87602436705e-05, 9.03929758351e-05, 9.17431607377e-05, 9.37713339226e-05, 9.65819417615e-05]
    skew: [0, -9.5113385612e-08, 0, 0, 0]
    var: [0.00172361463774, 0.000715142115951, 0.000357988843461, 0.000181284383871, 9.19816593523e-05]
