
metadata:
    version:
        essentia: "2.1-beta3"

Flux:
    dmean: 6.96793358657e-06
    dmean2: 1.06508623503e-05
    dvar: 5.33868449448e-10
    dvar2: 1.14001763585e-09
    kurt: 13.8544597626
    max: 0.000124865342514
    mean: 8.11753307062e-06
    median: 2.08267920243e-06
    min: 7.1809961355e-07
    skew: 3.84682631493
    var: 5.63099733508e-10

Rms:
    dmean: 1.67898258496e-06
    dmean2: 1.53821179083e-06
    dvar: 4.25304028107e-11
    dvar2: 3.20197340864e-11
    kurt: 19.5743160248
    max: 0.000101371362689
    mean: 9.95013324427e-05
    median: 0.000101262237877
    min: 5.8960293245e-05
    skew: -4.50375938416
    var: 5.60910103087e-11

RollOff:
    dmean: 1.00154435635
    dmean2: 1.025390625
    dvar: 20.5633563995
    dvar2: 21.0285148621
    kurt: 17.0410709381
    max: 2906.98242188
    mean: 2886.4296875
    median: 2885.44921875
    min: 2885.44921875
    skew: 4.36323451996
    var: 20.1182861328

SpecCent:
    dmean: 3.6170399189
    dmean2: 4.81500530243
    dvar: 4.23789596558
    dvar2: 11.3163080215
    kurt: 6.89556598663
    max: 2892.71166992
    mean: 2875.35620117
    median: 2874.82739258
    min: 2869.39306641
    skew: 1.84015130997
    var: 15.0153837204

Zcr:
    dmean: 0.00311137363315
    dmean2: 0.0031505767256
    dvar: 0.000176995541551
    dvar2: 0.000168132755789
    kurt: 17.3560276031
    max: 0.13037109375
    mean: 0.127263844013
    median: 0.13037109375
    min: 0.060546875
    skew: -4.38195800781
    var: 0.00018627094687

HarmonicAmpFreq:
    dmean: [0]
    dmean2: [0]
    dvar: [0]
    dvar2: [0]
    kurt: [-2]
    max: [2879.76098633]
    mean: [2879.75976562]
    median: [2879.76098633]
    min: [2879.76098633]
    skew: [1]
    var: [1.49011611938e-06]

HarmonicAmpMag:
    dmean: [0]
    dmean2: [0]
    dvar: [0]
    dvar2: [0]
    kurt: [nan]
    max: [0]
    mean: [0]
    median: [0]
    min: [0]
    skew: [nan]
    var: [0]

MfccCoeff:
    dmean: [0.0416572056711, 0.0159968882799, 0.050243999809, 0.0432746373117, 0.0267561096698, 0.0577981621027, 0.00462199375033, 0.0552884489298, 0.0346379838884, 0.036483053118, 0.0544451326132, 0.00692607089877, 0.0582053624094]
    dmean2: [0.0429251529276, 0.0164860319346, 0.0517788827419, 0.0445963554084, 0.027574447915, 0.0595634095371, 0.00476546492428, 0.0569774098694, 0.0356955751777, 0.0375982001424, 0.0561083853245, 0.00713766179979, 0.0599835701287]
    dvar: [0.0336554944515, 0.00495948968455, 0.0489366836846, 0.0362976975739, 0.0138744143769, 0.0647535026073, 0.000414365931647, 0.0592506080866, 0.0232567097992, 0.0258004777133, 0.057456664741, 0.000929929141421, 0.0656677260995]
    dvar2: [0.0340382829309, 0.00501584587619, 0.0494931526482, 0.0367109104991, 0.014032647945, 0.0654904916883, 0.000419126241468, 0.0599245354533, 0.0235214177519, 0.0260942466557, 0.0581100285053, 0.000940498779528, 0.066414937377]
    kurt: [18.5725841522, 18.5739612579, 18.5746707916, 18.5742893219, 18.5745372772, 18.5745506287, 18.5744438171, 18.5745697021, 18.5746059418, 18.5744743347, 18.5745449066, 18.5740394592, 18.5745239258]
    max: [-1137.43249512, 1.14440917969e-05, -6.103515625e-05, 1.02565383911, 0.634002685547, 2.28881835938e-05, 0.109546661377, 1.31025695801, -4.57763671875e-05, -2.28881835938e-05, 1.29029464722, 0.164123535156, -3.81469726562e-05]
    mean: [-1137.47460938, -0.362923711538, -1.14012253284, 0.981938123703, 0.606976568699, -1.31139338017, 0.104877471924, 1.25440740585, -0.785977303982, -0.827814280987, 1.23529613018, 0.157125815749, -1.32068049908]
    median: [-1137.43481445, -0.378162384033, -1.18796539307, 1.02315139771, 0.632453918457, -1.36643218994, 0.109279632568, 1.3070526123, -0.818958282471, -0.862552642822, 1.28713607788, 0.163722991943, -1.37610244751]
    min: [-1138.42004395, -0.379077911377, -1.19087219238, 8.01086425781e-05, -6.103515625e-05, -1.36977386475, -2.67028808594e-05, -5.34057617188e-05, -0.82096862793, -0.864669799805, -2.67028808594e-05, -3.0517578125e-05, -1.37947845459]
    skew: [-4.49226331711, 4.49260282516, 4.49266386032, -4.49263095856, -4.49265050888, 4.49265289307, -4.49264431, -4.49265527725, 4.49265766144, 4.49264764786, -4.49265241623, -4.49260950089, 4.49265193939]
    var: [0.0334121584892, 0.00492396065965, 0.0485838279128, 0.0360366292298, 0.0137743195519, 0.0642865225673, 0.000411365268519, 0.0588237158954, 0.0230890791863, 0.0256143268198, 0.0570427067578, 0.000923247658648, 0.0651943683624]

SpecContrastCoeff:
    dmean: [0.0189820043743, 0.0199475754052, 0.0104450583458, 0.00919110514224, 0.0108242155984, 0.00707918405533]
    dmean2: [0.0262757148594, 0.0361217483878, 0.0152560546994, 0.0157911852002, 0.0145590854809, 0.0102032991126]
    dvar: [0.00151747348718, 0.000318860664265, 0.000421499542426, 7.34498462407e-05, 0.000614029879216, 8.91699382919e-05]
    dvar2: [0.00148798839655, 0.000551630102564, 0.000486623175675, 0.000138918709126, 0.000573291676119, 0.000119531927339]
    kurt: [15.0765132904, 3.51632261276, 14.8821563721, 2.81507396698, 16.919965744, 14.1801395416]
    max: [-0.623400986195, -0.873215913773, -0.848876416683, -0.911113977432, -0.660868763924, -0.8572473526]
    mean: [-0.656435728073, -0.910663366318, -0.866856396198, -0.930958390236, -0.679128885269, -0.87828296423]
    median: [-0.651540696621, -0.909889757633, -0.862705111504, -0.929626584053, -0.674307584763, -0.87689268589]
    min: [-0.846879839897, -0.990026712418, -0.966621994972, -0.966856300831, -0.806967973709, -0.93692868948]
    skew: [-3.99197530746, -1.4182652235, -3.90746474266, -1.06774425507, -4.23240470886, -3.15738844872]
    var: [0.00179791380651, 0.000434101006249, 0.000434852205217, 9.88269384834e-05, 0.000648396438919, 0.000130323387566]

SpecPeakAmp:
    dmean: [1.87468700119e-07, 6.45908997399e-08, 4.96667702521e-08, 5.84733115261e-08, 5.49593366372e-08]
    dmean2: [2.12417148759e-07, 7.99259964879e-08, 6.36567705214e-08, 8.17791416807e-08, 7.25023099335e-08]
    dvar: [5.12014855427e-13, 3.87741156186e-14, 2.13124196026e-14, 1.63335633267e-14, 1.10895018822e-14]
    dvar2: [5.29576816427e-13, 4.12911112908e-14, 2.15635428486e-14, 1.95189069578e-14, 1.09459221743e-14]
    kurt: [23.1091442108, 18.8876342773, 18.3629894257, 16.7953968048, 26.174074173]
    max: [1.68889419001e-05, 1.15411614843e-06, 8.87484645773e-07, 8.12301095721e-07, 8.11587426597e-07]
    mean: [1.66219360835e-05, 1.23171446376e-07, 1.09264995274e-07, 1.3219235484e-07, 1.32957680421e-07]
    median: [1.6755073375e-05, 8.44787706455e-08, 7.93384273834e-08, 1.02955922898e-07, 1.2238044178e-07]
    min: [1.25430888147e-05, 4.3471747091e-08, 1.13249534195e-08, 5.15900921982e-08, 4.08516420691e-08]
    skew: [-4.86382007599, 4.4864397049, 4.42165136337, 4.17835950851, 4.82777023315]
    var: [5.10749374651e-13, 3.8361346299e-14, 2.23849106975e-14, 1.79614776421e-14, 1.28805386496e-14]
