
metadata:
    version:
        essentia: "2.1-beta3"

Flux:
    dmean: 0.000162683718372
    dmean2: 0.000215263760765
    dvar: 2.86117114001e-07
    dvar2: 5.64738513731e-07
    kurt: 9.58933067322
    max: 0.00310513423756
    mean: 0.00021219845803
    median: 6.90627939548e-06
    min: 5.58039937459e-06
    skew: 3.29559183121
    var: 4.62626474018e-07

Rms:
    dmean: 6.3166837208e-05
    dmean2: 4.63080978079e-05
    dvar: 5.22890424293e-08
    dvar2: 2.3614459721e-08
    kurt: 20.864906311
    max: 0.00223889830522
    mean: 0.00215937686153
    median: 0.00223862030543
    min: 0.000405549246352
    skew: -4.53505516052
    var: 9.69216600311e-08

RollOff:
    dmean: 7.83025550842
    dmean2: 7.51158237457
    dvar: 2025.24182129
    dvar2: 1787.50793457
    kurt: 39.2808837891
    max: 3208.44726562
    mean: 2893.58569336
    median: 2885.44921875
    min: 2885.44921875
    skew: 6.39806652069
    var: 2272.82788086

SpecCent:
    dmean: 8.43176269531
    dmean2: 9.91509628296
    dvar: 1765.84484863
    dvar2: 1635.18164062
    kurt: 39.8206977844
    max: 3151.11767578
    mean: 2861.81298828
    median: 2855.24682617
    min: 2852.59545898
    skew: 6.45904302597
    var: 1906.69494629

Zcr:
    dmean: 0.00445001758635
    dmean2: 0.00324763800018
    dvar: 0.000256616709521
    dvar2: 0.000174731845618
    kurt: 17.7986221313
    max: 0.13037109375
    mean: 0.124717883766
    median: 0.13037109375
    min: 0.00439453125
    skew: -4.23464679718
    var: 0.000497240340337

HarmonicAmpFreq:
    dmean: [0.308144301176]
    dmean2: [0.315310448408]
    dvar: [4.08297538757]
    dvar2: [4.17566871643]
    kurt: [40.0072174072]
    max: [2893.06323242]
    mean: [2879.80737305]
    median: [2879.50488281]
    min: [2879.50488281]
    skew: [6.48069906235]
    var: [3.99430704117]

HarmonicAmpMag:
    dmean: [7.71935475541e-08]
    dmean2: [7.89887479868e-08]
    dvar: [2.56230258365e-13]
    dvar2: [2.62047355386e-13]
    kurt: [40.0227279663]
    max: [3.39651614922e-06]
    mean: [7.54781339651e-08]
    median: [0]
    min: [0]
    skew: [6.48249387741]
    var: [2.5066578045e-13]

MfccCoeff:
    dmean: [0.74845468998, 0.265247702599, 0.91006141901, 0.706025183201, 0.522377371788, 0.916383743286, 0.10445959121, 0.852214455605, 0.367099404335, 0.593603134155, 0.585170567036, 0.341392695904, 0.643091976643]
    dmean2: [0.876490414143, 0.316453099251, 1.05557858944, 0.833324670792, 0.581036925316, 1.05595099926, 0.074417822063, 0.939045011997, 0.443774193525, 0.598283469677, 0.640595734119, 0.28674814105, 0.629230499268]
    dvar: [12.1732149124, 1.49726784229, 18.2194538116, 10.7496652603, 6.35745239258, 18.6907424927, 0.155943289399, 17.2417316437, 2.86444377899, 9.06133842468, 8.29031276703, 2.02655243874, 10.0013389587]
    dvar2: [17.7755126953, 2.30046820641, 25.9110927582, 16.0366287231, 8.06314182281, 26.1002082825, 0.0817489549518, 21.3183345795, 4.55464506149, 8.93087673187, 10.0713691711, 1.21115791798, 9.13642024994]
    kurt: [28.4492378235, 26.9985771179, 29.114315033, 27.9355068207, 31.1032829285, 29.6533851624, 23.1832675934, 31.5930213928, 26.3189964294, 32.3736724854, 32.1594581604, 28.6489200592, 32.5674858093]
    max: [-1115.93457031, 1.14440917969e-05, -6.103515625e-05, 21.1070899963, 16.315322876, 2.28881835938e-05, -2.67028808594e-05, 26.8966312408, -4.57763671875e-05, -2.28881835938e-05, 18.6894798279, 11.2139663696, -3.81469726562e-05]
    mean: [-1121.11999512, -5.78572463989, -21.6528434753, 15.95399189, 13.9280033112, -22.2848949432, -3.2424788475, 23.3564147949, -7.75392389297, -19.10962677, 16.424943924, 10.819975853, -20.8373641968]
    median: [-1120.70568848, -5.91572952271, -22.1853675842, 16.32579422, 14.3049316406, -22.8409957886, -3.37562179565, 23.9966983795, -7.917137146, -19.6987075806, 16.8764533997, 11.2135391235, -21.4935874939]
    min: [-1138.42004395, -7.85704421997, -27.5495414734, 8.01086425781e-05, -6.103515625e-05, -27.9444084167, -3.37577438354, -5.34057617188e-05, -10.8543701172, -19.6993331909, -2.67028808594e-05, -3.0517578125e-05, -21.494228363]
    skew: [-5.06710863113, 4.76647233963, 5.1920375824, -4.95817232132, -5.53385734558, 5.27904558182, 4.76031064987, -5.59768199921, 4.55327749252, 5.71462774277, -5.66105651855, -5.3039393425, 5.72715902328]
    var: [8.02149581909, 0.922233581543, 12.4195919037, 6.88656949997, 4.97607278824, 13.0353746414, 0.311689198017, 13.8876047134, 1.68148875237, 9.19235420227, 6.80808639526, 3.12062382698, 10.8939981461]

SpecContrastCoeff:
    dmean: [0.0420048870146, 0.0255359765142, 0.0171913653612, 0.0125717157498, 0.0198849868029, 0.00751326838508]
    dmean2: [0.0765943899751, 0.0467881150544, 0.0330473780632, 0.0230969917029, 0.0303439702839, 0.0140737118199]
    dvar: [0.000900025479496, 0.00020672417304, 0.000187854457181, 7.02144971001e-05, 0.00140639976598, 2.4829450922e-05]
    dvar2: [0.00156706280541, 0.000713184534106, 0.000586518028285, 0.000267789437203, 0.00149560638238, 7.01501267031e-05]
    kurt: [8.26982975006, -0.250643014908, 0.0221447944641, -0.499366998672, 17.3055210114, 3.23415994644]
    max: [-0.676701009274, -0.882452785969, -0.9039940238, -0.918533921242, -0.519212663174, -0.903268754482]
    mean: [-0.744026839733, -0.93039983511, -0.939543664455, -0.939602732658, -0.566430330276, -0.921660780907]
    median: [-0.735319018364, -0.934519410133, -0.942894637585, -0.940798997879, -0.554861426353, -0.923169493675]
    min: [-0.95815962553, -0.965412735939, -0.967516303062, -0.962699949741, -0.870454847813, -0.945617735386]
    skew: [-2.60754084587, 0.593479335308, 0.426975160837, 0.0339529514313, -4.19793510437, -0.573555529118]
    var: [0.00229680235498, 0.000401655241149, 0.000172147803823, 9.30938040256e-05, 0.00334815471433, 4.26787337346e-05]

SpecPeakAmp:
    dmean: [8.56524479786e-07, 3.00888700622e-07, 3.24880033986e-07, 3.36772416176e-07, 2.46476645316e-07]
    dmean2: [9.85936708275e-07, 5.13934651281e-07, 5.90078286677e-07, 6.24627830348e-07, 4.12748278222e-07]
    dvar: [5.23386932752e-12, 2.11737230396e-13, 1.36448469711e-13, 1.07109735306e-13, 1.08369015801e-13]
    dvar2: [4.22977234835e-12, 5.72670166496e-13, 3.53257381029e-13, 3.0654287702e-13, 1.56206739709e-13]
    kurt: [31.8807868958, 19.1705684662, 16.6588573456, 15.2854633331, 17.5920391083]
    max: [1.72933632712e-05, 2.49460572377e-06, 2.25421331379e-06, 2.17174215322e-06, 3.39651614922e-06]
    mean: [1.62108462973e-05, 5.13446479999e-07, 5.76893967263e-07, 5.64950425996e-07, 6.02570651154e-07]
    median: [1.66401896422e-05, 4.85879525058e-07, 5.3725153748e-07, 5.21251308783e-07, 5.03899457271e-07]
    min: [1.90411782341e-07, 1.5281027288e-07, 2.52191426853e-07, 1.77025071935e-07, 1.95287896076e-07]
    skew: [-5.61276435852, 3.99804472923, 3.59070420265, 3.30429553986, 4.17266082764]
    var: [6.49634989899e-12, 1.26249285006e-13, 9.56750954503e-14, 9.0977145793e-14, 2.80562438516e-13]
