
metadata:
    version:
        essentia: "2.1-beta3"

Flux:
    dmean: 0.00363153358921
    dmean2: 0.00481369858608
    dvar: 0.000143522702274
    dvar2: 0.000283685192699
    kurt: 9.55009651184
    max: 0.069384470582
    mean: 0.00467768590897
    median: 7.39470633562e-05
    min: 2.44743459916e-05
    skew: 3.29082608223
    var: 0.000232356906054

Rms:
    dmean: 0.00141204951797
    dmean2: 0.00103230401874
    dvar: 2.61063632934e-05
    dvar2: 1.17458412205e-05
    kurt: 20.8427257538
    max: 0.0501235760748
    mean: 0.0483466088772
    median: 0.0501210987568
    min: 0.00910481344908
    skew: -4.53218460083
    var: 4.85419295728e-05

RollOff:
    dmean: 7.34086465836
    dmean2: 7.01081037521
    dvar: 1748.13659668
    dvar2: 1525.20007324
    kurt: 39.1725463867
    max: 3186.9140625
    mean: 2893.10717773
    median: 2885.44921875
    min: 2885.44921875
    skew: 6.38598823547
    var: 1981.56872559

SpecCent:
    dmean: 4.11504030228
    dmean2: 5.24132442474
    dvar: 279.883911133
    dvar2: 244.111831665
    kurt: 39.3795127869
    max: 2976.84741211
    mean: 2857.68188477
    median: 2854.90820312
    min: 2851.05859375
    skew: 6.40811920166
    var: 325.180389404

Zcr:
    dmean: 0.00446111522615
    dmean2: 0.00327034876682
    dvar: 0.00025806191843
    dvar2: 0.00017636922712
    kurt: 17.7982444763
    max: 0.13037109375
    mean: 0.124717883766
    median: 0.13037109375
    min: 0.00439453125
    skew: -4.23490619659
    var: 0.000497335800901

HarmonicAmpFreq:
    dmean: [0.0783358514309]
    dmean2: [0.0801576152444]
    dvar: [0.263869732618]
    dvar2: [0.269860237837]
    kurt: [39.9818267822]
    max: [2882.95361328]
    mean: [2879.58422852]
    median: [2879.50683594]
    min: [2879.50683594]
    skew: [6.47776031494]
    var: [0.258139938116]

HarmonicAmpMag:
    dmean: [1.71874114585e-06]
    dmean2: [1.75871184638e-06]
    dvar: [1.27025043262e-10]
    dvar2: [1.29908819813e-10]
    kurt: [40.0227355957]
    max: [7.56246081437e-05]
    mean: [1.68054680216e-06]
    median: [0]
    min: [0]
    skew: [6.48249435425]
    var: [1.24266444357e-10]

MfccCoeff:
    dmean: [11.5434408188, 0.932434797287, 2.79769229889, 1.41716718674, 0.809846818447, 1.00239193439, 0.566811144352, 1.06732058525, 0.770787835121, 1.15885400772, 1.12013995647, 1.06800794601, 1.19182157516]
    dmean2: [17.3181610107, 1.52855205536, 3.83666849136, 1.81016254425, 0.911915361881, 0.830968260765, 0.865000605583, 0.764181554317, 1.17439603806, 1.36415624619, 1.44043958187, 1.54129779339, 1.40080034733]
    dvar: [2735.84838867, 15.988442421, 154.656906128, 39.5424537659, 7.43792152405, 18.6412410736, 0.385665923357, 17.7709655762, 1.86666607857, 13.0055074692, 8.77962017059, 4.9080414772, 16.8027801514]
    dvar2: [6846.95654297, 42.7825927734, 319.578125, 68.4260635376, 3.19426846504, 8.34364414215, 0.318139463663, 7.78807449341, 0.981306374073, 10.9354400635, 7.65080165863, 4.8206319809, 17.2586841583]
    kurt: [38.6861038208, 28.4211101532, 19.2153949738, 25.9632759094, 33.8705635071, 32.9793205261, 16.9817504883, 27.281867981, 26.9423351288, 21.1402816772, 22.1024131775, 17.1200733185, 19.9852333069]
    max: [-866.84777832, 11.5890464783, -7.3302154541, 46.1821212769, 29.3291816711, -7.56855010986, -0.446514129639, 49.1587600708, -3.12170410156, -5.2689743042, 35.6435203552, 22.7828159332, -5.80715942383]
    mean: [-1098.09484863, -11.2052354813, -44.73387146, 32.597869873, 28.0453701019, -44.7733612061, -6.51315832138, 46.634853363, -15.4130859375, -37.9009666443, 32.3828926086, 21.4159870148, -40.8438568115]
    median: [-1102.78393555, -11.8913764954, -44.6119346619, 32.7854347229, 28.7417182922, -45.7633934021, -6.7815322876, 47.9307022095, -15.6705551147, -39.2192611694, 33.3426628113, 22.3183689117, -42.3072013855]
    min: [-1132.44287109, -13.6501960754, -82.7012252808, 5.67235183716, 4.3352355957, -48.9437828064, -7.14492034912, 7.34276008606, -18.1026382446, -39.4916305542, 5.36064529419, 2.19529724121, -43.4141807556]
    skew: [6.30888032913, 5.33488082886, -0.10819234699, -3.98710823059, -5.85148000717, 5.74550914764, 3.98641180992, -5.25015830994, 4.93841838837, 4.68392896652, -4.77297210693, -4.21068620682, 4.56064558029]
    var: [1234.97387695, 13.9935531616, 63.5355148315, 20.7278347015, 13.8335437775, 34.4976501465, 1.27357530594, 42.5891532898, 4.14677095413, 34.5884933472, 23.0043563843, 13.6483402252, 41.4003219604]

SpecContrastCoeff:
    dmean: [0.0649331957102, 0.013077900745, 0.0124947400764, 0.0159540791065, 0.0255078561604, 0.0185494143516]
    dmean2: [0.1295157969, 0.0253059752285, 0.0242437813431, 0.0314406529069, 0.0344595946372, 0.0366187095642]
    dvar: [0.00271942652762, 0.000192126346519, 0.000116977949801, 0.000100832228782, 0.00210288632661, 0.000189523110748]
    dvar2: [0.0106943584979, 0.00059513177257, 0.000395722512621, 0.00040384879685, 0.00161620299332, 0.000753257947508]
    kurt: [1.15113306046, 2.84045124054, 1.89800882339, -0.620403289795, 19.1951694489, -0.128529310226]
    max: [-0.779274523258, -0.937199950218, -0.948423802853, -0.9215041399, -0.378019362688, -0.902087032795]
    mean: [-0.916472017765, -0.98580878973, -0.983377933502, -0.951095402241, -0.42997738719, -0.935147762299]
    median: [-0.936398327351, -0.992877662182, -0.987774908543, -0.954607367516, -0.415249615908, -0.941816627979]
    min: [-0.995179772377, -0.996299505234, -0.992755174637, -0.964005291462, -0.828021764755, -0.947758615017]
    skew: [1.415615201, 1.98803126812, 1.64073896408, 0.725571990013, -4.36175632477, 1.13914692402]
    var: [0.00243786047213, 0.000230898251175, 0.000122361176182, 0.000134870555485, 0.00526980310678, 0.000189170488738]

SpecPeakAmp:
    dmean: [1.8143804482e-05, 1.65601977642e-05, 1.64914163179e-05, 1.62190863193e-05, 1.49869702e-05]
    dmean2: [2.82264645648e-05, 2.76521313936e-05, 2.76133523585e-05, 2.72653887805e-05, 2.60474080278e-05]
    dvar: [2.60545740538e-09, 2.89422241728e-09, 2.84217938074e-09, 2.74814904166e-09, 2.24404650417e-09]
    dvar2: [6.78339473481e-09, 7.46846140487e-09, 7.3435324488e-09, 7.13330861046e-09, 6.0066200902e-09]
    kurt: [37.7155952454, 39.5581436157, 39.549118042, 39.4442863464, 34.3180465698]
    max: [0.000260767352302, 0.000268373027211, 0.000267348747002, 0.000266486109467, 0.000268659088761]
    mean: [2.24474042625e-05, 1.22100382214e-05, 1.22062256196e-05, 1.24320167743e-05, 1.38062196129e-05]
    median: [1.70898420038e-05, 7.2575608101e-06, 7.32032549422e-06, 7.41177882446e-06, 7.07891786078e-06]
    min: [6.50593892715e-06, 5.68599887174e-07, 9.57840825322e-07, 1.12288398668e-06, 1.22381322853e-06]
    skew: [6.20796585083, 6.42711830139, 6.4260597229, 6.41398048401, 5.88832759857]
    var: [1.32696742483e-09, 1.49948642392e-09, 1.48772116848e-09, 1.47687650998e-09, 1.58773127978e-09]
