
metadata:
    version:
        essentia: "2.1-beta3"

Flux:
    dmean: 0.0325632803142
    dmean2: 0.0430261082947
    dvar: 0.0116307940334
    dvar2: 0.0224199108779
    kurt: 9.39687347412
    max: 0.640442788601
    mean: 0.0430888980627
    median: 0.000795540050603
    min: 0.000117816904094
    skew: 3.26712369919
    var: 0.0195970796049

Rms:
    dmean: 0.012932815589
    dmean2: 0.00947417039424
    dvar: 0.00219940836541
    dvar2: 0.000993391266093
    kurt: 21.0103416443
    max: 0.461807072163
    mean: 0.445551425219
    median: 0.461786180735
    min: 0.0847696214914
    skew: -4.54853773117
    var: 0.00408370047808

RollOff:
    dmean: 5.38330078125
    dmean2: 5.0077214241
    dvar: 845.686950684
    dvar2: 686.615844727
    kurt: 38.3779640198
    max: 3100.78125
    mean: 2891.19311523
    median: 2885.44921875
    min: 2885.44921875
    skew: 6.29855489731
    var: 1018.03265381

SpecCent:
    dmean: 2.6650724411
    dmean2: 4.20009899139
    dvar: 47.4004898071
    dvar2: 55.6446380615
    kurt: 37.5147247314
    max: 2858.02709961
    mean: 2853.86816406
    median: 2854.82202148
    min: 2810.6965332
    skew: -6.18638467789
    var: 43.654209137

Zcr:
    dmean: 0.00446111522615
    dmean2: 0.00327034876682
    dvar: 0.000258061947534
    dvar2: 0.000174883258296
    kurt: 17.7982501984
    max: 0.13037109375
    mean: 0.124717883766
    median: 0.13037109375
    min: 0.00439453125
    skew: -4.23490667343
    var: 0.000497335742693

HarmonicAmpFreq:
    dmean: [0.583113253117]
    dmean2: [0.596674025059]
    dvar: [14.6209049225]
    dvar2: [14.9528341293]
    kurt: [40.0182914734]
    max: [2879.50854492]
    mean: [2878.93774414]
    median: [2879.50854492]
    min: [2853.8515625]
    skew: [-6.48198080063]
    var: [14.3033857346]

HarmonicAmpMag:
    dmean: [1.62952128449e-05]
    dmean2: [1.66741701833e-05]
    dvar: [1.14179590227e-08]
    dvar2: [1.16771738945e-08]
    kurt: [40.022731781]
    max: [0.00071698933607]
    mean: [1.59330957104e-05]
    median: [0]
    min: [0]
    skew: [6.48249387741]
    var: [1.11699955951e-08]

MfccCoeff:
    dmean: [43.0868644714, 39.5271263123, 5.45649719238, 10.8478965759, 5.5669131279, 5.92804908752, 2.71732163429, 2.29611063004, 1.07779705524, 2.43062973022, 2.07433867455, 1.12488543987, 1.82353901863]
    dmean2: [71.9782409668, 77.0632553101, 9.98977851868, 21.4400482178, 10.6182966232, 11.1374444962, 5.23731088638, 3.67212367058, 1.2375947237, 2.97640633583, 3.63720560074, 1.91649520397, 2.43617153168]
    dvar: [6377.21728516, 468.734008789, 27.1109809875, 52.4461097717, 26.8962097168, 37.8791732788, 2.93912029266, 28.1300106049, 7.27757978439, 26.3793869019, 13.2227716446, 6.00528526306, 22.9324512482]
    dvar2: [14799.9882812, 1968.14111328, 37.5816345215, 177.872421265, 62.4590301514, 75.2299804688, 7.97602081299, 45.9765434265, 8.15750789642, 19.1832962036, 25.4076519012, 11.9205150604, 26.8695297241]
    kurt: [25.9940547943, -0.935830593109, 24.3496818542, 4.31006002426, 6.01519298553, 9.41417503357, 8.0344991684, 11.9949102402, 21.1397037506, 19.1082057953, 10.8507289886, 11.0849084854, 16.0163650513]
    max: [-628.816467285, 53.7848587036, -63.5009880066, 71.9871292114, 53.4880561829, -28.2177238464, 4.29619216919, 66.5716247559, 0.641273498535, 3.21546173096, 42.1484031677, 23.6733608246, -6.4045753479]
    mean: [-996.313598633, -2.22628521919, -103.538551331, 59.5421333313, 43.2675170898, -62.2920036316, -6.08264970779, 54.7605667114, -18.4565410614, -40.4911422729, 35.0430526733, 22.2357769012, -41.7143974304]
    median: [-1002.01605225, 3.28188705444, -103.446334839, 59.7171020508, 43.8002510071, -63.6101646423, -5.62392807007, 55.9735946655, -18.6217308044, -42.5654220581, 36.0421485901, 23.1334247589, -43.2666282654]
    min: [-1039.59106445, -41.2275009155, -110.813171387, 25.6037940979, 18.743768692, -74.5827331543, -9.89756393433, 25.0830020905, -25.5912017822, -45.7694168091, 16.0965366364, 8.3578338623, -47.0189933777]
    skew: [4.95952415466, -0.217970535159, 4.48060655594, -1.23162198067, -2.10945081711, 2.95379185677, 1.7171241045, -3.38328099251, 4.00347280502, 4.3411822319, -3.23169088364, -3.49722576141, 4.06231307983]
    var: [3779.19018555, 612.712280273, 45.8065605164, 67.4932861328, 35.3817749023, 62.8778266907, 5.03183269501, 41.8342056274, 11.236205101, 63.3424911499, 17.2363910675, 9.42693042755, 46.8753700256]

SpecContrastCoeff:
    dmean: [0.0233740434051, 0.014802233316, 0.0151220746338, 0.0194819439203, 0.0300672706217, 0.0230097007006]
    dmean2: [0.0452474169433, 0.0272844731808, 0.028698598966, 0.0388280935585, 0.0388351194561, 0.0440413728356]
    dvar: [0.000648675893899, 0.000413463101722, 0.000214122570469, 0.000143290046253, 0.00365098915063, 0.000290586351184]
    dvar2: [0.00231363042258, 0.000936909811571, 0.000519464025274, 0.000569099851418, 0.00271327025257, 0.00110395008232]
    kurt: [4.13144731522, 16.2164707184, 11.8083677292, -0.718550205231, 21.6149234772, 2.6125998497]
    max: [-0.897237956524, -0.882844924927, -0.906259536743, -0.908255577087, -0.220734596252, -0.843962907791]
    mean: [-0.974068880081, -0.987014770508, -0.981279313564, -0.940870821476, -0.282071143389, -0.919819235802]
    median: [-0.983007788658, -0.99451905489, -0.985916733742, -0.943082749844, -0.263938367367, -0.929592192173]
    min: [-0.998422563076, -0.996839404106, -0.991597175598, -0.955420434475, -0.768558859825, -0.93589836359]
    skew: [2.15606045723, 3.75097203255, 3.05657148361, 0.679900169373, -4.56933927536, 1.64213883877]
    var: [0.000457134272438, 0.000374433235265, 0.000221516354941, 0.00016469937691, 0.00726393610239, 0.000413123489125]

SpecPeakAmp:
    dmean: [0.000200120877707, 0.000199097499717, 0.000198313224246, 0.000196351844352, 0.000184441450983]
    dmean2: [0.000322323030559, 0.000320235121762, 0.000319105252856, 0.000316678517265, 0.000304228073219]
    dvar: [4.63582182419e-07, 4.65912023628e-07, 4.63084347757e-07, 4.54933058336e-07, 3.91577856362e-07]
    dvar2: [1.17796139421e-06, 1.18290290629e-06, 1.17708589187e-06, 1.16074329526e-06, 1.02178876205e-06]
    kurt: [39.094367981, 39.1146659851, 39.0988121033, 39.0170898438, 36.1902732849]
    max: [0.00340969534591, 0.00341852754354, 0.00341896014288, 0.00342033710331, 0.0034291096963]
    mean: [0.000148091450683, 0.000139498457429, 0.000140322765219, 0.00014223382459, 0.0001545559644]
    median: [7.33176566428e-05, 6.6021028033e-05, 6.60900477669e-05, 6.60747027723e-05, 6.66181585984e-05]
    min: [1.35394784593e-05, 8.74019133335e-06, 9.79478318186e-06, 1.0234045476e-05, 1.13191299533e-05]
    skew: [6.37648534775, 6.37887001038, 6.37702083588, 6.36751842499, 6.06758213043]
    var: [2.44430111707e-07, 2.46989117159e-07, 2.46976611606e-07, 2.47136199505e-07, 2.55452846432e-07]
