
metadata:
    version:
        essentia: "2.1-beta3"

Flux:
    dmean: 0.0173109173775
    dmean2: 0
    dvar: 0
    dvar2: 0
    kurt: -2
    max: 0.387530684471
    mean: 0.378875225782
    median: 0.378875225782
    min: 0.370219767094
    skew: 0
    var: 7.49169630581e-05

Rms:
    dmean: 0
    dmean2: 0
    dvar: 0
    dvar2: 0
    kurt: 0
    max: 0.133096009493
    mean: 0.133096009493
    median: 0.133096009493
    min: 0.133096009493
    skew: 0
    var: 0

RollOff:
    dmean: 882.861328125
    dmean2: 0
    dvar: 0
    dvar2: 0
    kurt: -2
    max: 2691.65039062
    mean: 2250.21972656
    median: 2250.21972656
    min: 1808.7890625
    skew: 0
    var: 194861.03125

SpecCent:
    dmean: 8.0810546875
    dmean2: 0
    dvar: 0
    dvar2: 0
    kurt: -1.99999988079
    max: 2273.78466797
    mean: 2269.74414062
    median: 2269.74414062
    min: 2265.70361328
    skew: 0
    var: 16.3258609772

Zcr:
    dmean: 0.00048828125
    dmean2: 0
    dvar: 0
    dvar2: 0
    kurt: -2
    max: 0.0185546875
    mean: 0.018310546875
    median: 0.018310546875
    min: 0.01806640625
    skew: 0
    var: 5.96046447754e-08

HarmonicAmpFreq:
    dmean: [0]
    dmean2: [0]
    dvar: [0]
    dvar2: [0]
    kurt: [nan]
    max: [2422.65063477]
    mean: [2422.65063477]
    median: [2422.65063477]
    min: [2422.65063477]
    skew: [nan]
    var: [0]

HarmonicAmpMag:
    dmean: [0]
    dmean2: [0]
    dvar: [0]
    dvar2: [0]
    kurt: [nan]
    max: [0]
    mean: [0]
    median: [0]
    min: [0]
    skew: [nan]
    var: [0]

MfccCoeff:
    dmean: [298.011962891, 110.911582947, 36.2784881592, 69.6918411255, 16.7755470276, 4.92012214661, 8.1632232666, 9.21661567688, 1.84124755859, 1.92994308472, 0.256839752197, 2.95181465149, 1.88669776917]
    dmean2: [0, 0, 0, 0, 0, 0, 0, 0, 0, 0, 0, 0, 0]
    dvar: [0, 0, 0, 0, 0, 0, 0, 0, 0, 0, 0, 0, 0]
    dvar2: [0, 0, 0, 0, 0, 0, 0, 0, 0, 0, 0, 0, 0]
    kurt: [-2, -1.99999988079, -2, -2, -2, -2, -2, -2, -2, -2, -2, -2, -1.99999988079]
    max: [-570.287719727, 174.035583496, -93.2212371826, -2.85345649719, 28.5834083557, -5.34329795837, -11.5339813232, 13.3549900055, 3.82418060303, -4.93589782715, 0.26704788208, 5.06342506409, -1.24899291992]
    mean: [-719.293701172, 118.579788208, -111.360481262, -37.6993751526, 20.1956348419, -7.80335903168, -15.6155929565, 8.74668216705, 2.90355682373, -5.90086936951, 0.138628005981, 3.58751773834, -2.1923418045]
    median: [-719.293701172, 118.579788208, -111.360481262, -37.6993751526, 20.1956348419, -7.80335903168, -15.6155929565, 8.74668216705, 2.90355682373, -5.90086936951, 0.138628005981, 3.58751773834, -2.1923418045]
    min: [-868.299682617, 63.1240005493, -129.499725342, -72.5452957153, 11.8078613281, -10.263420105, -19.6972045898, 4.13837432861, 1.98293304443, -6.86584091187, 0.0102081298828, 2.1116104126, -3.13569068909]
    skew: [0, 1.83235371765e-07, 0, -1.38482704415e-07, 0, 0, 0, 0, 0, 0, 0, 0, 0]
    var: [22202.7832031, 3075.34472656, 329.032165527, 1214.23803711, 70.3547439575, 6.05190038681, 16.6595535278, 21.2365016937, 0.847548127174, 0.931170105934, 0.0164916645736, 2.17830252647, 0.889907121658]

SpecContrastCoeff:
    dmean: [0.0316725969315, 0.0609923601151, 0.128143131733, 0.0898052453995, 0.163153409958, 0.0440531373024]
    dmean2: [0, 0, 0, 0, 0, 0]
    dvar: [0, 0, 0, 0, 0, 0]
    dvar2: [0, 0, 0, 0, 0, 0]
    kurt: [-2, -2, -1.99999988079, -2, -2, -2]
    max: [-0.904918313026, -0.818269908428, -0.853850364685, -0.828001260757, -0.536013245583, -0.880598306656]
    mean: [-0.920754611492, -0.848766088486, -0.917921900749, -0.872903883457, -0.617589950562, -0.902624845505]
    median: [-0.920754611492, -0.848766088486, -0.917921900749, -0.872903883457, -0.617589950562, -0.902624845505]
    min: [-0.936590909958, -0.879262268543, -0.981993496418, -0.917806506157, -0.69916665554, -0.924651443958]
    skew: [0, 0, -1.38313362186e-06, 0, 0, -4.04252978115e-06]
    var: [0.00025078834733, 0.000930016976781, 0.00410516560078, 0.00201624562033, 0.00665475893766, 0.000485169730382]

SpecPeakAmp:
    dmean: [0.00289824558422, 0.00320578832179, 0.00037585827522, 0.000728618353605, 0.00132036511786]
    dmean2: [0, 0, 0, 0, 0]
    dvar: [0, 0, 0, 0, 0]
    dvar2: [0, 0, 0, 0, 0]
    kurt: [-2, -2, -2.00000023842, -2, -2]
    max: [0.00322263734415, 0.00363394897431, 0.00392511673272, 0.00437232013792, 0.0051857274957]
    mean: [0.00177351455204, 0.00203105481341, 0.00373718747869, 0.00400801096112, 0.00452554505318]
    median: [0.00177351455204, 0.00203105481341, 0.00373718747869, 0.00400801096112, 0.00452554505318]
    min: [0.000324391789036, 0.000428160710726, 0.0035492584575, 0.00364370178431, 0.00386536237784]
    skew: [0, 0, 1.89489810509e-06, 0, -5.3054327509e-07]
    var: [2.09995687328e-06, 2.56926978182e-06, 3.53173632561e-08, 1.32721183377e-07, 4.358410024e-07]
