
metadata:
    version:
        essentia: "2.1-beta3"

Flux:
    dmean: 6.93436322763e-06
    dmean2: 1.05862227429e-05
    dvar: 5.40676614591e-10
    dvar2: 1.16080622892e-09
    kurt: 13.8474960327
    max: 0.000125518447021
    mean: 8.06842217571e-06
    median: 2.0499612674e-06
    min: 7.50384231196e-07
    skew: 3.84701180458
    var: 5.70603841954e-10

Rms:
    dmean: 2.37460881181e-06
    dmean2: 2.81353959508e-06
    dvar: 4.00711790138e-11
    dvar2: 2.66328365611e-11
    kurt: 19.5069770813
    max: 0.000101932797406
    mean: 9.94893707684e-05
    median: 0.000101569668914
    min: 5.85364941799e-05
    skew: -4.47465610504
    var: 5.70636211894e-11

RollOff:
    dmean: 1.00154435635
    dmean2: 1.025390625
    dvar: 20.5633563995
    dvar2: 21.0285148621
    kurt: 17.0476436615
    max: 215.33203125
    mean: 194.777603149
    median: 193.798828125
    min: 193.798828125
    skew: 4.36436223984
    var: 20.118303299

SpecCent:
    dmean: 8.18869018555
    dmean2: 11.6606578827
    dvar: 221.421310425
    dvar2: 180.342315674
    kurt: 22.1649703979
    max: 534.907836914
    mean: 436.871490479
    median: 432.225891113
    min: 428.885223389
    skew: 4.63032770157
    var: 296.222290039

Zcr:
    dmean: 0.000340661325026
    dmean2: 0.000511532765813
    dvar: 6.71285306453e-07
    dvar2: 7.03361649812e-07
    kurt: 15.3643627167
    max: 0.0087890625
    mean: 0.00820090528578
    median: 0.00830078125
    min: 0.00439453125
    skew: -4.03590631485
    var: 7.21536366655e-07

HarmonicAmpFreq:
    dmean: [0.126643687487]
    dmean2: [0.155368983746]
    dvar: [0.195932388306]
    dvar2: [0.203377857804]
    kurt: [16.9793930054]
    max: [187.819381714]
    mean: [185.79876709]
    median: [185.706954956]
    min: [185.632736206]
    skew: [4.35102748871]
    var: [0.190774783492]

HarmonicAmpMag:
    dmean: [3.61202569366e-06]
    dmean2: [3.69804433831e-06]
    dvar: [2.71666300566e-10]
    dvar2: [2.68728428399e-10]
    kurt: [23.4393825531]
    max: [0.000135111651616]
    mean: [0.000131511507789]
    median: [0.00013501898502]
    min: [3.65932246496e-05]
    skew: [-4.91009521484]
    var: [2.74677808276e-10]

MfccCoeff:
    dmean: [0.154223069549, 0.212210014462, 0.194861829281, 0.167109295726, 0.130624815822, 0.0875673517585, 0.0405046343803, 0.00813648290932, 0.0548402667046, 0.0976166799664, 0.133956730366, 0.161989614367, 0.180400401354]
    dmean2: [0.158624559641, 0.218255907297, 0.200416207314, 0.17187717557, 0.134368896484, 0.0901064202189, 0.0417331531644, 0.00855781883001, 0.0564190074801, 0.100369408727, 0.137720018625, 0.166562393308, 0.185513272882]
    dvar: [0.577645719051, 1.09330630302, 0.920903205872, 0.675895214081, 0.411351323128, 0.183327183127, 0.0381238684058, 0.00203244737349, 0.0760747864842, 0.236750915647, 0.442455738783, 0.643758773804, 0.794988691807]
    dvar2: [0.584918141365, 1.10707962513, 0.932435333729, 0.684272050858, 0.416345506907, 0.185452729464, 0.0384958274662, 0.00208500004373, 0.0772239938378, 0.240079000592, 0.448472112417, 0.652303993702, 0.805318951607]
    kurt: [30.2290802002, 30.2166595459, 30.1743392944, 30.0911026001, 29.9351234436, 29.5995407104, 28.4506511688, 37.5109443665, 31.7881736755, 31.1244392395, 30.8317909241, 30.6340103149, 30.4634437561]
    max: [-1133.61071777, 6.61576461792, 6.06982421875, 5.19697952271, 4.04949951172, 2.69663238525, 1.21863174438, -5.34057617188e-05, -4.57763671875e-05, -2.28881835938e-05, -2.67028808594e-05, -3.0517578125e-05, -3.81469726562e-05]
    mean: [-1133.76220703, 6.40735673904, 5.87846326828, 5.03290987015, 3.92128157616, 2.61071491241, 1.1788944006, -0.289829611778, -1.71046817303, -3.00265359879, -4.09570932388, -4.93279886246, -5.47439098358]
    median: [-1133.61279297, 6.61283493042, 6.06716918945, 5.19479751587, 4.04788208008, 2.69567871094, 1.21823501587, -0.297500610352, -1.76338195801, -3.0969619751, -4.22520446777, -5.08945465088, -5.64891052246]
    min: [-1138.42004395, 1.14440917969e-05, -6.103515625e-05, 8.01086425781e-05, -6.103515625e-05, 2.28881835938e-05, -2.67028808594e-05, -0.297904968262, -1.76459503174, -3.0987701416, -4.22747421265, -5.09202575684, -5.65160369873]
    skew: [-5.52213859558, -5.52102470398, -5.5170841217, -5.50934743881, -5.49487113953, -5.46380758286, -5.35827922821, 6.23794651031, 5.66858816147, 5.6059217453, 5.57845306396, 5.55994462967, 5.54401493073]
    var: [0.571182191372, 1.08107483387, 0.910650014877, 0.668437957764, 0.40689226985, 0.181417763233, 0.0377818979323, 0.00198908220045, 0.0750730335712, 0.233835756779, 0.437170773745, 0.636225283146, 0.785853385925]

SpecContrastCoeff:
    dmean: [0.0188696999103, 0.0233069267124, 0.018286107108, 0.0147705106065, 0.0210736207664, 0.0227122269571]
    dmean2: [0.0229129623622, 0.0431420132518, 0.0320101678371, 0.0219320990145, 0.0353497564793, 0.0393217019737]
    dvar: [0.00191226962488, 0.000306406698655, 0.00033545633778, 0.000419319141656, 0.000538930762559, 0.000560238957405]
    dvar2: [0.00143525307067, 0.000825080845971, 0.000607279769611, 0.000567104376387, 0.000890255148988, 0.00112128909677]
    kurt: [14.7267570496, 1.54516267776, 10.9505729675, 11.1149263382, 8.70500278473, 3.49581766129]
    max: [-0.558469593525, -0.862221121788, -0.838449835777, -0.833162844181, -0.802368402481, -0.820480287075]
    mean: [-0.587072193623, -0.91115373373, -0.872500658035, -0.860235154629, -0.837049245834, -0.862210214138]
    median: [-0.57427418232, -0.911608815193, -0.870331585407, -0.856901466846, -0.837266325951, -0.866074562073]
    min: [-0.83257740736, -0.971349656582, -0.968413591385, -0.966722667217, -0.944931149483, -0.942483663559]
    skew: [-3.996707201, -0.13440695405, -2.60988020897, -3.2128636837, -2.49984765053, -0.926663279533]
    var: [0.00283603579737, 0.000343150109984, 0.000383692298783, 0.000551091157831, 0.000608338974416, 0.000516807078384]

SpecPeakAmp:
    dmean: [4.04490208439e-07, 8.23685913929e-05, 8.15324747236e-05, 1.31659291469e-07, 1.62606269782e-07]
    dmean2: [5.46919011413e-07, 0.000164413984749, 0.000163736840477, 1.70522042708e-07, 2.28057771778e-07]
    dvar: [8.02161776673e-13, 4.10932132766e-09, 4.32894919911e-09, 1.42354539072e-13, 1.15630690244e-13]
    dvar2: [8.45237400036e-13, 9.30687438228e-09, 9.11784248103e-09, 1.47749393557e-13, 1.2677410662e-13]
    kurt: [16.4020824432, -1.31014955044, -1.5488692522, 21.4121341705, 20.4646167755]
    max: [1.70537041413e-05, 0.000135098016472, 0.000135111651616, 2.34780191022e-06, 2.3093789423e-06]
    mean: [1.65679120983e-05, 4.27605264122e-05, 8.91743984539e-05, 2.48323232199e-07, 2.93069859936e-07]
    median: [1.66801910382e-05, 3.94300855078e-07, 0.000135000213049, 1.60203100563e-07, 2.01551159762e-07]
    min: [1.21058865261e-05, 2.83465169559e-07, 9.5962263913e-08, 7.58523128752e-08, 8.00440247417e-08]
    skew: [-4.19319009781, 0.800348103046, -0.671452045441, 4.67558765411, 4.47303342819]
    var: [8.37438571179e-13, 3.72455866149e-09, 4.06530764607e-09, 1.4160963797e-13, 1.31708242945e-13]
