
metadata:
    version:
        essentia: "2.1-beta3"

Flux:
    dmean: 0.000164694618434
    dmean2: 0.000219929817831
    dvar: 2.83476339291e-07
    dvar2: 5.59269949463e-07
    kurt: 9.59351348877
    max: 0.00310217146762
    mean: 0.000217967084609
    median: 1.41240498124e-05
    min: 5.5736354625e-06
    skew: 3.29592061043
    var: 4.59045992329e-07

Rms:
    dmean: 7.4084928201e-05
    dmean2: 6.72185560688e-05
    dvar: 4.89273617177e-08
    dvar2: 2.05011101428e-08
    kurt: 20.7299957275
    max: 0.00224934401922
    mean: 0.00215974752791
    median: 0.00223737186752
    min: 0.000422634300776
    skew: -4.51507663727
    var: 9.52771870288e-08

RollOff:
    dmean: 6.36208295822
    dmean2: 6.00926589966
    dvar: 1255.71704102
    dvar2: 1063.77819824
    kurt: 38.872215271
    max: 452.197265625
    mean: 200.498046875
    median: 193.798828125
    min: 193.798828125
    skew: 6.35273075104
    var: 1459.50073242

SpecCent:
    dmean: 2.4097032547
    dmean2: 4.32261562347
    dvar: 4.12187671661
    dvar2: 7.85568857193
    kurt: 11.9588699341
    max: 190.038375854
    mean: 186.879577637
    median: 187.170410156
    min: 176.454910278
    skew: -2.74406981468
    var: 4.24401330948

Zcr:
    dmean: 0.000432794739027
    dmean2: 0.000522347399965
    dvar: 1.03187437617e-06
    dvar2: 7.03005923697e-07
    kurt: 16.9602928162
    max: 0.0087890625
    mean: 0.00802951399237
    median: 0.00830078125
    min: 0.00048828125
    skew: -4.10896778107
    var: 2.00860245059e-06

HarmonicAmpFreq:
    dmean: [0.125080808997]
    dmean2: [0.204567849636]
    dvar: [0.184144794941]
    dvar2: [0.490830034018]
    kurt: [30.7458610535]
    max: [185.727249146]
    mean: [185.623916626]
    median: [185.702972412]
    min: [183.271759033]
    skew: [-5.52218484879]
    var: [0.142609149218]

HarmonicAmpMag:
    dmean: [0.000119267388072]
    dmean2: [9.34857889661e-05]
    dvar: [1.97089946141e-07]
    dvar2: [1.36330456257e-07]
    kurt: [15.7729415894]
    max: [0.00302494177595]
    mean: [0.0028801294975]
    median: [0.00302376528271]
    min: [0]
    skew: [-4.07832288742]
    var: [3.21402751524e-07]

MfccCoeff:
    dmean: [1.53465414047, 2.08680295944, 1.84988546371, 1.4976837635, 1.08496463299, 0.672291696072, 0.314478099346, 0.0671516731381, 0.236551463604, 0.396150588989, 0.536732971668, 0.649857461452, 0.728390872478]
    dmean2: [2.09756541252, 2.84877085686, 2.51604437828, 2.02436447144, 1.45410752296, 0.893566906452, 0.4215939641, 0.0933479517698, 0.207887873054, 0.332473218441, 0.406353116035, 0.439632862806, 0.443977087736]
    dvar: [54.3679962158, 100.789840698, 79.8281784058, 53.0119628906, 28.2811641693, 10.9505090714, 2.23277902603, 0.08476639539, 1.28883469105, 3.37344717979, 5.23178529739, 6.75153827667, 8.01179599762]
    dvar2: [112.46963501, 207.856765747, 163.08404541, 106.586868286, 55.649684906, 21.1315460205, 4.46055793762, 0.125926122069, 0.877640128136, 2.00994896889, 2.39851903915, 2.96774816513, 4.50232553482]
    kurt: [19.5185203552, 19.5028877258, 19.5136432648, 19.7148723602, 20.2978286743, 21.0708179474, 19.7322998047, 15.0294532776, 35.5291099548, 34.5567703247, 31.1324958801, 27.1671485901, 23.7387638092]
    max: [-1093.89001465, 60.7222976685, 54.283115387, 44.5541572571, 32.8347816467, 20.5862121582, 9.17232131958, -5.34057617188e-05, -4.57763671875e-05, -2.28881835938e-05, -2.67028808594e-05, -3.0517578125e-05, -3.81469726562e-05]
    mean: [-1116.51184082, 30.1000213623, 27.5094718933, 23.3847332001, 17.9975299835, 11.6980848312, 4.88626050949, -2.01659297943, -8.59779071808, -14.4796657562, -19.3422775269, -22.9404220581, -25.1154270172]
    median: [-1116.53479004, 30.0794792175, 27.520450592, 23.4328041077, 18.0692138672, 11.7604827881, 4.89186477661, -2.12133026123, -8.86170959473, -14.9366149902, -20.0035305023, -23.7910842896, -26.1154899597]
    min: [-1138.42004395, 1.14440917969e-05, -6.103515625e-05, 8.01086425781e-05, -6.103515625e-05, 2.28881835938e-05, -2.67028808594e-05, -2.12171173096, -8.86199951172, -14.9370422363, -20.0040340424, -23.7916259766, -26.1160392761]
    skew: [0.227950617671, 0.122371256351, -0.192848950624, -0.705338537693, -1.3540995121, -1.8983489275, -0.920763254166, 4.03131341934, 5.99551916122, 5.89571523666, 5.55659675598, 5.17893362045, 4.859333992]
    var: [22.0403842926, 40.9753074646, 32.7488212585, 22.1139831543, 12.0955305099, 4.80102396011, 0.941901147366, 0.173487573862, 1.77609241009, 5.1039891243, 9.57939910889, 14.4455699921, 18.6573886871]

SpecContrastCoeff:
    dmean: [0.0343532897532, 0.0154718896374, 0.0175476968288, 0.0205881223083, 0.0157187208533, 0.00968581065536]
    dmean2: [0.045347250998, 0.0286893900484, 0.0327273234725, 0.0389486588538, 0.0288139767945, 0.0163904558867]
    dvar: [0.00398577144369, 0.000389473512769, 0.000211505233892, 0.000154225912411, 0.000104956045107, 5.24616298208e-05]
    dvar2: [0.00412841094658, 0.000849996285979, 0.000630934780929, 0.000446129328338, 0.000304450746626, 0.000142128308653]
    kurt: [14.7581157684, 6.78398132324, 0.500883817673, -0.367031812668, 1.86667394638, 11.8886318207]
    max: [-0.385993689299, -0.872363686562, -0.917940616608, -0.913070082664, -0.900283038616, -0.897474825382]
    mean: [-0.447100102901, -0.954397916794, -0.957044541836, -0.944523453712, -0.928003966808, -0.917318642139]
    median: [-0.422169148922, -0.963446319103, -0.961206495762, -0.948141634464, -0.927571237087, -0.916460216045]
    min: [-0.987963795662, -0.967888593674, -0.9809243083, -0.971553146839, -0.971250236034, -0.971736550331]
    skew: [-3.86914634705, 2.7499768734, 1.04775249958, 0.593254327774, -0.684530377388, -2.77518367767]
    var: [0.0114200580865, 0.00053791020764, 0.000175949084223, 0.000193625004613, 0.000151192754856, 0.000118743359053]

SpecPeakAmp:
    dmean: [8.54647660162e-05, 0.00178337912075, 0.00166746089235, 2.0885674985e-06, 1.49924960624e-06]
    dmean2: [0.000131108099595, 0.00357921002433, 0.0033916879911, 3.18795309795e-06, 2.51987034972e-06]
    dvar: [1.3735434834e-07, 2.19705179916e-06, 2.2119309051e-06, 1.8213748218e-11, 2.8342965995e-12]
    dvar2: [3.52364139644e-07, 2.21481900553e-06, 2.6313273338e-06, 1.7266577057e-11, 3.8736297156e-12]
    kurt: [40.0060768127, -1.83327150345, -1.50963997841, 34.8998146057, 18.0731468201]
    max: [0.00179324729834, 0.00302494177595, 0.00302444933914, 3.2374606235e-05, 1.22608162201e-05]
    mean: [5.58753381483e-05, 0.00181548064575, 0.00102862960193, 3.22085111293e-06, 2.5946912956e-06]
    median: [1.65570618265e-05, 0.00302302208729, 3.49167385139e-06, 2.62634580395e-06, 2.32509910347e-06]
    min: [4.24063046012e-06, 6.90248100454e-07, 3.93080370031e-07, 2.76996473758e-07, 2.15436330109e-07]
    skew: [6.48052024841, -0.408219516277, 0.687089622021, 5.89602279663, 3.89599204063]
    var: [6.86146961471e-08, 2.18582226807e-06, 2.00524573302e-06, 2.0590959493e-11, 3.11199026617e-12]
