
metadata:
    version:
        essentia: "2.1-beta3"

Flux:
    dmean: 0.00371605693363
    dmean2: 0.00488652195781
    dvar: 0.000143309429404
    dvar2: 0.000283347239019
    kurt: 9.61746311188
    max: 0.0696346461773
    mean: 0.00481540011242
    median: 0.000259057502262
    min: 2.96552261716e-05
    skew: 3.29908227921
    var: 0.000231854428421

Rms:
    dmean: 0.00169246410951
    dmean2: 0.00156869820785
    dvar: 2.61365075858e-05
    dvar2: 1.13470596261e-05
    kurt: 20.8517837524
    max: 0.0503601953387
    mean: 0.0483420751989
    median: 0.0501059815288
    min: 0.00889335665852
    skew: -4.53646087646
    var: 4.91066057293e-05

RollOff:
    dmean: 10.2772102356
    dmean2: 10.0154428482
    dvar: 3719.72900391
    dvar2: 3415.02368164
    kurt: 39.6041374207
    max: 624.462890625
    mean: 204.326171875
    median: 193.798828125
    min: 193.798828125
    skew: 6.43440771103
    var: 4031.37255859

SpecCent:
    dmean: 26.2144832611
    dmean2: 24.7329158783
    dvar: 18351.6484375
    dvar2: 12658.6367188
    kurt: 38.0416717529
    max: 1249.63171387
    mean: 212.31703186
    median: 184.989746094
    min: 183.221984863
    skew: 6.26849746704
    var: 25042.2050781

Zcr:
    dmean: 0.000399502838263
    dmean2: 0.00048828125
    dvar: 7.94071866039e-07
    dvar2: 5.4337255051e-07
    kurt: 18.1812133789
    max: 0.0087890625
    mean: 0.008062065579
    median: 0.00830078125
    min: 0.0009765625
    skew: -4.2108206749
    var: 1.69141810602e-06

HarmonicAmpFreq:
    dmean: [0.117316156626]
    dmean2: [0.170370772481]
    dvar: [0.132860854268]
    dvar2: [0.287254452705]
    kurt: [16.6043071747]
    max: [186.989486694]
    mean: [185.698867798]
    median: [185.704360962]
    min: [184.903320312]
    skew: [1.88958215714]
    var: [0.062107861042]

HarmonicAmpMag:
    dmean: [0.00267634540796]
    dmean2: [0.00210957112722]
    dvar: [9.93910289253e-05]
    dvar2: [6.83762846165e-05]
    kurt: [15.8363494873]
    max: [0.0677265971899]
    mean: [0.0644889697433]
    median: [0.067701920867]
    min: [0]
    skew: [-4.0871462822]
    var: [0.00016109374701]

MfccCoeff:
    dmean: [17.1895427704, 8.13838100433, 2.07428145409, 4.49902439117, 7.76056051254, 9.34982204437, 9.11884689331, 7.14692401886, 5.00817060471, 2.99553894997, 1.66192615032, 1.96558868885, 2.32432961464]
    dmean2: [26.4310054779, 12.2555274963, 2.37597131729, 8.21507358551, 15.0467939377, 17.9807338715, 17.6365718842, 13.8946962357, 8.87177181244, 4.77647733688, 1.84723746777, 2.35181379318, 2.6372396946]
    dvar: [3827.68774414, 388.585357666, 32.6887664795, 19.6777877808, 27.964012146, 22.5929546356, 17.9918136597, 12.3894872665, 5.45303201675, 8.34324836731, 17.9810714722, 25.7307071686, 29.1378097534]
    dvar2: [9626.29101562, 843.346313477, 35.7796554565, 29.3552951813, 67.2439956665, 71.8639984131, 66.2800598145, 46.6348609924, 23.9951534271, 7.65477228165, 13.9990463257, 23.0118465424, 26.0955638885]
    kurt: [37.2954750061, 13.1180915833, 11.2577075958, 11.8934755325, 6.36246585846, 0.123126268387, -1.48069274426, -1.52613687515, 3.58067369461, 14.939453125, 17.7344284058, 16.6122283936, 15.4774799347]
    max: [-802.854797363, 141.973937988, 94.4549560547, 64.3746795654, 48.1036720276, 30.4381866455, 12.8936195374, -1.91197967529, -3.20596313477, -1.85752105713, -0.192195892334, 1.04674530029, 1.48490905762]
    mean: [-1079.0793457, 73.6815185547, 63.1316604614, 50.9194564819, 36.0361175537, 20.701877594, 5.80349588394, -7.56379032135, -19.0818271637, -28.3796386719, -35.4110717773, -40.0055656433, -42.1622161865]
    median: [-1085.10522461, 72.5692520142, 63.5036354065, 52.6169891357, 37.0823707581, 20.8790130615, 5.13829421997, -7.86910247803, -20.1144866943, -29.8375473022, -37.0452613831, -42.1619987488, -44.5988426208]
    min: [-1117.65698242, 27.6288871765, 22.8394775391, 16.1139564514, 8.17734909058, 2.75788116455, -4.29399490356, -13.2797698975, -23.2733917236, -31.393913269, -37.7077827454, -42.8719902039, -45.5320854187]
    skew: [6.15991210938, 2.35903429985, -1.82428956032, -2.98651409149, -2.21619224548, -0.689800202847, -0.0446445122361, -0.0608648844063, 1.47577702999, 3.76913142204, 4.23489141464, 4.11591053009, 3.97694563866]
    var: [1792.29699707, 204.074462891, 85.3703689575, 53.3372573853, 52.9373626709, 40.4835510254, 29.1437015533, 17.439119339, 15.7048950195, 26.3840351105, 43.1161766052, 61.0850257874, 71.7057952881]

SpecContrastCoeff:
    dmean: [0.0483910888433, 0.0138541944325, 0.00786116998643, 0.00524082640186, 0.00548827089369, 0.0109022287652]
    dmean2: [0.063373669982, 0.0258846301585, 0.0146714821458, 0.00902053806931, 0.00956413522363, 0.0208871550858]
    dvar: [0.00682168407366, 0.000627411296591, 7.52351697884e-05, 6.69749861117e-05, 8.82606545929e-05, 0.000147280297824]
    dvar2: [0.00253411498852, 0.00151405471843, 0.000187970959814, 0.00014270975953, 0.000218980116188, 0.000419715070166]
    kurt: [20.7930183411, 11.6713037491, 3.63736486435, 9.78007602692, 7.07468509674, 3.17820072174]
    max: [-0.185079827905, -0.813761413097, -0.925605595112, -0.926577210426, -0.929426372051, -0.919268369675]
    mean: [-0.257341861725, -0.946145117283, -0.959937274456, -0.963257610798, -0.960592031479, -0.956487119198]
    median: [-0.236347064376, -0.956402361393, -0.964470148087, -0.966185867786, -0.963491737843, -0.962064683437]
    min: [-0.988216876984, -0.957758128643, -0.974041998386, -0.966926813126, -0.964438140392, -0.963570892811]
    skew: [-4.45214080811, 3.54782795906, 1.99777531624, 3.08839583397, 2.87014555931, 1.99655759335]
    var: [0.0166810788214, 0.000859537045471, 8.62554079504e-05, 6.06501016591e-05, 6.59215220367e-05, 0.000115492890473]

SpecPeakAmp:
    dmean: [0.00490295281634, 0.0035267197527, 8.16039464553e-05, 5.34468563274e-05, 4.8734680604e-05]
    dmean2: [0.007553903386, 0.00671900575981, 0.000127882158267, 8.20462591946e-05, 7.5861964433e-05]
    dvar: [0.000250566954492, 0.000201069517061, 3.81985181264e-08, 2.9277913427e-08, 2.65621800111e-08]
    dvar2: [0.000646938569844, 0.000439938623458, 8.16331890974e-08, 7.41110142144e-08, 6.8901734096e-08]
    kurt: [22.4075107574, 6.97530651093, 17.2560558319, 30.2533798218, 35.7253456116]
    max: [0.0667766928673, 0.0677265971899, 0.000853005505633, 0.000823684618808, 0.000795122759882]
    mean: [0.00247392198071, 0.0621238872409, 8.76880658325e-05, 4.53149586974e-05, 3.93499140046e-05]
    median: [8.26360701467e-05, 0.067701920867, 5.74513614993e-05, 2.03388790396e-05, 1.84654527402e-05]
    min: [1.06240604509e-05, 2.01802995434e-05, 1.22568490042e-05, 7.47127160139e-06, 5.67103779758e-06]
    skew: [4.82921075821, -2.97136378288, 4.34899950027, 5.50796461105, 6.02718830109]
    var: [0.000129626976559, 0.000324836699292, 2.50647662625e-08, 1.57833071057e-08, 1.36943265616e-08]
