
metadata:
    version:
        essentia: "2.1-beta3"

Flux:
    dmean: 0.000124407873955
    dmean2: 0.000164896147908
    dvar: 1.67363964465e-07
    dvar2: 3.30597714537e-07
    kurt: 9.57282543182
    max: 0.00237372494303
    mean: 0.000162795127835
    median: 5.65525442653e-06
    min: 3.98537395085e-06
    skew: 3.29362773895
    var: 2.70665026392e-07

Rms:
    dmean: 4.84241900267e-05
    dmean2: 3.56710224878e-05
    dvar: 3.03526377365e-08
    dvar2: 1.3613609795e-08
    kurt: 20.8140773773
    max: 0.00171367020812
    mean: 0.00165279745124
    median: 0.00171336636413
    min: 0.00031404895708
    skew: -4.52923250198
    var: 5.65384539186e-08

RollOff:
    dmean: 7.83025550842
    dmean2: 7.51158237457
    dvar: 2025.24182129
    dvar2: 1787.50793457
    kurt: 39.2810211182
    max: 2971.58203125
    mean: 2656.72021484
    median: 2648.58398438
    min: 2648.58398438
    skew: 6.39808225632
    var: 2272.82763672

SpecCent:
    dmean: 5.99046754837
    dmean2: 6.32395744324
    dvar: 967.462097168
    dvar2: 812.742553711
    kurt: 39.3477096558
    max: 2851.36645508
    mean: 2628.56933594
    median: 2623.21899414
    min: 2617.29272461
    skew: 6.40610170364
    var: 1137.11828613

Zcr:
    dmean: 0.00405051512644
    dmean2: 0.00291833211668
    dvar: 0.000216674568946
    dvar2: 0.000146616235725
    kurt: 17.8820877075
    max: 0.11962890625
    mean: 0.114463977516
    median: 0.11962890625
    min: 0.00390625
    skew: -4.24289512634
    var: 0.000418647046899

HarmonicAmpFreq:
    dmean: [0.32033470273]
    dmean2: [0.327784329653]
    dvar: [4.41241550446]
    dvar2: [4.51258802414]
    kurt: [40.0316505432]
    max: [2655.43945312]
    mean: [2641.65722656]
    median: [2641.34472656]
    min: [2641.34472656]
    skew: [6.48352575302]
    var: [4.31659221649]

HarmonicAmpMag:
    dmean: [6.00084959501e-08]
    dmean2: [6.14040445157e-08]
    dvar: [1.54843856921e-13]
    dvar2: [1.58359179177e-13]
    kurt: [40.0227279663]
    max: [2.64037385023e-06]
    mean: [5.86749742126e-08]
    median: [0]
    min: [0]
    skew: [6.48249387741]
    var: [1.51481122567e-13]

MfccCoeff:
    dmean: [0.630079805851, 0.15590390563, 0.82657533884, 0.438032656908, 0.647893369198, 0.63892018795, 0.397688359022, 0.727942407131, 0.195896402001, 0.70193117857, 0.119898706675, 0.634208083153, 0.290835648775]
    dmean2: [0.70984172821, 0.181551918387, 0.924300074577, 0.505947053432, 0.705799877644, 0.72524702549, 0.405340075493, 0.802538871765, 0.162342965603, 0.739034771919, 0.175474658608, 0.622587442398, 0.33654075861]
    dvar: [8.91772842407, 0.524181962013, 15.5076169968, 4.18255567551, 9.89352416992, 9.1128911972, 4.06959724426, 12.3395233154, 0.63373363018, 12.315952301, 0.307515978813, 9.51455402374, 1.89196050167]
    dvar2: [11.7231140137, 0.754728615284, 19.975189209, 5.88776922226, 11.8762760162, 12.227309227, 4.12326145172, 15.2923641205, 0.370957404375, 13.526263237, 0.734873056412, 8.76267147064, 2.66951656342]
    kurt: [29.8318481445, 28.1883182526, 30.1114501953, 28.7255382538, 30.8220672607, 29.6840591431, 31.2484741211, 30.7844276428, 26.8754444122, 31.5518493652, 32.8020782471, 31.3920593262, 29.8449134827]
    max: [-1119.1842041, 1.14440917969e-05, -6.103515625e-05, 13.1640510559, 20.2381134033, 2.28881835938e-05, -2.67028808594e-05, 22.6509799957, 6.26033401489, -2.28881835938e-05, 3.00381851196, 20.7070636749, -3.81469726562e-05]
    mean: [-1122.42529297, -3.61600828171, -21.3920898438, 10.4105186462, 17.8717441559, -15.9539289474, -12.5207901001, 19.6089344025, 6.03222942352, -21.0003681183, 0.770569801331, 20.0613937378, -7.05356264114]
    median: [-1121.99682617, -3.70518875122, -21.9744606018, 10.6729164124, 18.3817901611, -16.3731460571, -12.9111328125, 20.1546115875, 6.26017379761, -21.6263198853, 0.736576080322, 20.7066516876, -7.22608566284]
    min: [-1138.42004395, -4.65517044067, -25.3673667908, 8.01086425781e-05, -6.103515625e-05, -19.4599380493, -12.9114151001, -5.34057617188e-05, -4.57763671875e-05, -22.5373764038, -2.67028808594e-05, -3.0517578125e-05, -8.90516281128]
    skew: [-5.38021373749, 5.07464838028, 5.42687654495, -5.17391633987, -5.54095363617, 5.34176826477, 5.6110830307, -5.51993465424, -5.13048648834, 5.63439846039, 5.36110210419, -5.6182308197, 5.2793211937]
    var: [6.69967699051, 0.352080792189, 11.930809021, 2.89068937302, 8.23678207397, 6.68028926849, 4.01837682724, 9.9178943634, 1.00156331062, 11.2460899353, 0.125132754445, 10.2882957458, 1.30166816711]

SpecContrastCoeff:
    dmean: [0.0403222329915, 0.017954878509, 0.0195944886655, 0.016443470493, 0.0223295297474, 0.00584604777396]
    dmean2: [0.0773603692651, 0.0308075454086, 0.0362680964172, 0.0318178571761, 0.0350600518286, 0.0103067792952]
    dvar: [0.00117967661936, 0.000178480389877, 0.000137141119922, 6.05743989581e-05, 0.00126381055452, 1.78509872057e-05]
    dvar2: [0.00231323717162, 0.000568621966522, 0.000409392436268, 0.000198271125555, 0.00129370240029, 4.42752098024e-05]
    kurt: [7.37290096283, -0.213463783264, -0.588096141815, 0.166503190994, 17.5523986816, 2.91030168533]
    max: [-0.72232568264, -0.902894496918, -0.917030572891, -0.907983839512, -0.521161019802, -0.918898642063]
    mean: [-0.785073161125, -0.943863928318, -0.943080306053, -0.940792322159, -0.564439177513, -0.928667128086]
    median: [-0.779062628746, -0.944263756275, -0.945612967014, -0.943197965622, -0.551753163338, -0.92740380764]
    min: [-0.97029209137, -0.980750262737, -0.97397094965, -0.954856812954, -0.864522337914, -0.949668645859]
    skew: [-2.51673102379, 0.0393141657114, 0.0280030202121, 0.848858714104, -4.21383094788, -1.05964946747]
    var: [0.00217986246571, 0.000292016426101, 0.000180171904503, 0.000127151128254, 0.00322985323146, 3.01758791466e-05]

SpecPeakAmp:
    dmean: [6.93407628205e-07, 3.11195634595e-07, 3.0292656561e-07, 2.3657035797e-07, 3.55636160521e-07]
    dmean2: [8.99642884633e-07, 5.58562135211e-07, 5.34808521024e-07, 4.18252369627e-07, 6.17121827418e-07]
    dvar: [8.61782704659e-13, 3.01799817776e-13, 3.00887109282e-13, 1.9645510262e-13, 2.72990668699e-13]
    dvar2: [6.34342892884e-13, 7.50523937703e-13, 7.50838031072e-13, 4.47392475714e-13, 7.24090546637e-13]
    kurt: [23.5827274323, 32.1254997253, 32.7517089844, 16.7783203125, 28.6386966705]
    max: [9.04664284462e-06, 3.099796686e-06, 3.27400175593e-06, 3.33998582391e-06, 3.2145080695e-06]
    mean: [8.09047560324e-06, 4.41167827603e-07, 4.34129020732e-07, 5.30930378773e-07, 5.43432122413e-07]
    median: [8.38223513711e-06, 3.78707397886e-07, 3.85216679888e-07, 4.26446177926e-07, 4.81314827994e-07]
    min: [1.63222850347e-07, 1.10582142554e-07, 1.42524228863e-07, 1.8946455782e-07, 1.85757741633e-07]
    skew: [-4.62916612625, 5.53633832932, 5.62176132202, 4.15395450592, 5.07854557037]
    var: [1.83043424168e-12, 1.77888031996e-13, 2.01173008373e-13, 3.03824294282e-13, 1.89277196347e-13]
