
metadata:
    version:
        essentia: "2.1-beta3"

Flux:
    dmean: 0.0331515446305
    dmean2: 0.0438955686986
    dvar: 0.0114989588037
    dvar2: 0.0222338326275
    kurt: 9.34834194183
    max: 0.638846516609
    mean: 0.0442432500422
    median: 0.00229994300753
    min: 0.000117235918879
    skew: 3.26108956337
    var: 0.01946182549

Rms:
    dmean: 0.0152851454914
    dmean2: 0.0139280669391
    dvar: 0.00210444023833
    dvar2: 0.000892180076335
    kurt: 21.0415096283
    max: 0.463993757963
    mean: 0.445550113916
    median: 0.461369365454
    min: 0.084852039814
    skew: -4.54604005814
    var: 0.00407317606732

RollOff:
    dmean: 7.34086465836
    dmean2: 7.01081037521
    dvar: 1748.13659668
    dvar2: 1525.20007324
    kurt: 39.1735305786
    max: 495.263671875
    mean: 201.455078125
    median: 193.798828125
    min: 193.798828125
    skew: 6.38610363007
    var: 1981.56872559

SpecCent:
    dmean: 2.51208567619
    dmean2: 4.22141551971
    dvar: 7.40419960022
    dvar2: 5.60785198212
    kurt: 28.9890804291
    max: 208.009475708
    mean: 185.490844727
    median: 185.076721191
    min: 182.901138306
    skew: 5.15151405334
    var: 13.3785600662

Zcr:
    dmean: 0.00038840554771
    dmean2: 0.000465570483357
    dvar: 8.94931872608e-07
    dvar2: 5.87214003644e-07
    kurt: 18.2628326416
    max: 0.0087890625
    mean: 0.008051215671
    median: 0.00830078125
    min: 0.0009765625
    skew: -4.23548269272
    var: 1.69141765127e-06

HarmonicAmpFreq:
    dmean: [0.127127557993]
    dmean2: [0.207066729665]
    dvar: [0.183580830693]
    dvar2: [0.487386226654]
    kurt: [29.7870101929]
    max: [185.727386475]
    mean: [185.621902466]
    median: [185.701324463]
    min: [183.281997681]
    skew: [-5.41829204559]
    var: [0.143236845732]

HarmonicAmpMag:
    dmean: [0.024371182546]
    dmean2: [0.0190315563232]
    dvar: [0.00819376017898]
    dvar2: [0.00562570197508]
    kurt: [15.9482154846]
    max: [0.623992502689]
    mean: [0.594342827797]
    median: [0.623742938042]
    min: [0]
    skew: [-4.09166288376]
    var: [0.01349799335]

MfccCoeff:
    dmean: [57.7234230042, 11.6669740677, 33.8833656311, 13.4353265762, 10.6428623199, 7.72371339798, 5.22231292725, 5.40829324722, 3.683791399, 3.81005311012, 2.78455328941, 2.99766373634, 2.81429386139]
    dmean2: [102.103149414, 20.7954692841, 65.496711731, 26.0411510468, 19.6007938385, 14.8179969788, 10.1992740631, 10.5709352493, 7.07101726532, 6.84562778473, 4.04703235626, 3.9912610054, 3.47022438049]
    dvar: [2609.91113281, 321.104492188, 366.968811035, 144.339981079, 35.077255249, 18.4267902374, 15.4379434586, 10.4992990494, 8.83196735382, 12.8060874939, 18.7361793518, 27.7179450989, 30.1794910431]
    dvar2: [5859.81689453, 651.174865723, 1223.80725098, 383.961517334, 125.97479248, 55.4868392944, 47.6612129211, 33.0726280212, 21.7592582703, 21.6131782532, 20.8309192657, 27.656457901, 28.5710048676]
    kurt: [8.86720657349, 8.00517749786, -1.18415486813, 2.10352277756, -0.0568051338196, -0.167726039886, -0.29996919632, -0.705852508545, 4.3188662529, 9.87187957764, 15.1181526184, 15.0607051849, 15.2442550659]
    max: [-740.771728516, 221.856246948, 113.83972168, 77.4901885986, 44.4154853821, 24.7136077881, 9.76454544067, -1.27003860474, -5.20692443848, -3.21827697754, 1.3651008606, 3.96710968018, 4.2007598877]
    mean: [-970.578918457, 162.452270508, 76.9131011963, 50.8446006775, 32.5765037537, 16.7980461121, 3.82307052612, -8.54060173035, -19.1793136597, -28.5373020172, -35.4160881042, -40.2528915405, -42.338973999]
    median: [-970.143859863, 164.861633301, 71.7257995605, 47.6447601318, 34.8289527893, 16.4234313965, 5.24202346802, -7.12976837158, -19.5463943481, -28.8580551147, -36.7583198547, -41.6810264587, -44.2145805359]
    min: [-1029.67553711, 116.231666565, 42.6686439514, 13.2070960999, 10.1757049561, 1.74326324463, -4.49601364136, -16.043762207, -25.8407897949, -35.4856338501, -41.6126098633, -46.9921379089, -48.4935264587]
    skew: [2.48993253708, 0.789271056652, 0.427734643221, 0.258991479874, -0.608007967472, -0.397823572159, -0.592026054859, -0.484051287174, 1.4653377533, 2.91419267654, 3.82876586914, 3.84950995445, 3.90851402283]
    var: [2522.97094727, 189.463592529, 452.864624023, 129.73210144, 56.7023010254, 26.7995204926, 14.0028915405, 12.8733673096, 14.2026615143, 31.3097877502, 51.4458770752, 74.5657577515, 82.2792663574]

SpecContrastCoeff:
    dmean: [0.0380596630275, 0.0199197735637, 0.0107880821452, 0.00521699385718, 0.00414437614381, 0.00360011379234]
    dmean2: [0.0380249246955, 0.0352082364261, 0.0192913580686, 0.00907309353352, 0.00675684772432, 0.00632017012686]
    dvar: [0.00978440139443, 0.00180047820322, 0.000255126971751, 8.44320456963e-05, 2.96057496598e-05, 3.65768246411e-05]
    dvar2: [0.00433384766802, 0.0045048748143, 0.000621160725132, 0.000220302143134, 7.49863756937e-05, 0.000101125471701]
    kurt: [24.2062244415, 12.0429315567, 9.58134078979, 11.7659111023, 10.260717392, 19.2849063873]
    max: [-0.0259283799678, -0.745803594589, -0.890975534916, -0.917329967022, -0.932536959648, -0.927911698818]
    mean: [-0.0893717631698, -0.93063980341, -0.949735164642, -0.955457925797, -0.95504117012, -0.955585062504]
    median: [-0.058341499418, -0.94437277317, -0.955268919468, -0.95808160305, -0.955867111683, -0.956790328026]
    min: [-0.98117172718, -0.945552647114, -0.962411463261, -0.959400117397, -0.958781838417, -0.959038734436]
    skew: [-4.86187887192, 3.58402657509, 3.01427745819, 3.28764057159, 3.18695616722, 4.17346429825]
    var: [0.0231142230332, 0.00156616233289, 0.000163663702551, 5.93901968386e-05, 2.47737116297e-05, 2.4524408218e-05]

SpecPeakAmp:
    dmean: [0.0692200735211, 0.0570081807673, 0.000364981155144, 0.0001718634594, 0.000153406974277]
    dmean2: [0.122979640961, 0.116328306496, 0.000578911916818, 0.000246757437708, 0.00022639958479]
    dvar: [0.0318327471614, 0.0319862999022, 2.2517328091e-07, 1.70546101685e-07, 1.26441193515e-07]
    dvar2: [0.0890091881156, 0.0767537802458, 2.67871314463e-07, 2.78805316611e-07, 2.30963621561e-07]
    kurt: [11.2896909714, 4.12582349777, 23.6542224884, 20.0030403137, 17.5166282654]
    max: [0.623992502689, 0.623992443085, 0.00366066070274, 0.00243840552866, 0.0018775529461]
    mean: [0.0404361113906, 0.554737925529, 0.000589971547015, 0.000175934444997, 0.000152569424245]
    median: [0.000743242795579, 0.623733997345, 0.000533272221219, 8.53458841448e-05, 7.68142854213e-05]
    min: [3.38539357472e-05, 0.000141443510074, 8.29547570902e-05, 1.90287682926e-05, 1.79630642378e-05]
    skew: [3.54247140884, -2.47498893738, 4.59872198105, 4.53253126144, 4.31854629517]
    var: [0.0192402023822, 0.0381338857114, 2.74938741995e-07, 1.71056470322e-07, 1.14366088155e-07]
