
metadata:
    version:
        essentia: "2.1-beta3"

Flux:
    dmean: 0.0244747698307
    dmean2: 0
    dvar: 0
    dvar2: 0
    kurt: -2
    max: 0.363668680191
    mean: 0.351431310177
    median: 0.351431310177
    min: 0.33919391036
    skew: -3.66012864106e-06
    var: 0.000149753584992

Rms:
    dmean: 0
    dmean2: 0
    dvar: 0
    dvar2: 0
    kurt: 0
    max: 0.125950694084
    mean: 0.125950694084
    median: 0.125950694084
    min: 0.125950694084
    skew: 0
    var: 0

RollOff:
    dmean: 43.06640625
    dmean2: 0
    dvar: 0
    dvar2: 0
    kurt: -2
    max: 344.53125
    mean: 322.998046875
    median: 322.998046875
    min: 301.46484375
    skew: 0
    var: 463.678833008

SpecCent:
    dmean: 354.128387451
    dmean2: 0
    dvar: 0
    dvar2: 0
    kurt: -2
    max: 611.915222168
    mean: 434.851013184
    median: 434.851013184
    min: 257.786834717
    skew: 2.70208516895e-07
    var: 31351.7285156

Zcr:
    dmean: 0
    dmean2: 0
    dvar: 0
    dvar2: 0
    kurt: 0
    max: 0.00390625
    mean: 0.00390625
    median: 0.00390625
    min: 0.00390625
    skew: 0
    var: 0

HarmonicAmpFreq:
    dmean: [26.0150146484]
    dmean2: [0]
    dvar: [0]
    dvar2: [0]
    kurt: [-2]
    max: [282.873443604]
    mean: [269.865936279]
    median: [269.865936279]
    min: [256.858428955]
    skew: [0]
    var: [169.195251465]

HarmonicAmpMag:
    dmean: [0.128331199288]
    dmean2: [0]
    dvar: [0]
    dvar2: [0]
    kurt: [-2]
    max: [0.140580683947]
    mean: [0.0764150843024]
    median: [0.0764150843024]
    min: [0.0122494874522]
    skew: [0]
    var: [0.00411722436547]

MfccCoeff:
    dmean: [409.179748535, 12.2533569336, 51.0338287354, 1.81828308105, 12.1238765717, 23.3409042358, 26.0346012115, 26.2204856873, 16.9670066833, 10.2258224487, 3.62965202332, 0.770008087158, 4.45865058899]
    dmean2: [0, 0, 0, 0, 0, 0, 0, 0, 0, 0, 0, 0, 0]
    dvar: [0, 0, 0, 0, 0, 0, 0, 0, 0, 0, 0, 0, 0]
    dvar2: [0, 0, 0, 0, 0, 0, 0, 0, 0, 0, 0, 0, 0]
    kurt: [-2, -2, -2, -2, -2, -1.99999988079, -1.99999988079, -2, -1.99999988079, -2, -1.99999988079, -1.99999988079, -2]
    max: [-591.148742676, 160.255157471, 86.421081543, 28.4583625793, 8.76407432556, 3.5378112793, -5.58291435242, -8.24863815308, -12.1372337341, -11.9879608154, -12.276725769, -9.23613739014, -3.78311920166]
    mean: [-795.738647461, 154.128479004, 60.9041671753, 27.5492210388, 2.70213603973, -8.13264083862, -18.6002159119, -21.3588809967, -20.6207370758, -17.1008720398, -14.0915517807, -9.62114143372, -6.01244449615]
    median: [-795.738647461, 154.128479004, 60.9041671753, 27.5492210388, 2.70213603973, -8.13264083862, -18.6002159119, -21.3588809967, -20.6207370758, -17.1008720398, -14.0915517807, -9.62114143372, -6.01244449615]
    min: [-1000.32849121, 148.001800537, 35.3872528076, 26.6400794983, -3.35980224609, -19.8030929565, -31.617515564, -34.4691238403, -29.1042404175, -22.2137832642, -15.9063777924, -10.0061454773, -8.24176979065]
    skew: [4.08710377542e-07, 0, 0, 0, 0, 0, 2.21364146569e-07, 0, 0, 0, 0, 0, 0]
    var: [41857.015625, 37.536190033, 651.112915039, 0.826538324356, 36.7470970154, 136.199447632, 169.45010376, 171.878463745, 71.9698257446, 26.1418609619, 3.29359340668, 0.148228108883, 4.96989107132]

SpecContrastCoeff:
    dmean: [0.0357657074928, 0.0678727030754, 0.0585201382637, 0.0118423104286, 0.0259460806847, 0.0238192677498]
    dmean2: [0, 0, 0, 0, 0, 0]
    dvar: [0, 0, 0, 0, 0, 0]
    dvar2: [0, 0, 0, 0, 0, 0]
    kurt: [-1.99999988079, -2.00000023842, -2, -1.99999988079, -2, -2]
    max: [-0.579515278339, -0.622207939625, -0.860061705112, -0.931134581566, -0.931073367596, -0.936338484287]
    mean: [-0.597398161888, -0.65614426136, -0.889321804047, -0.937055706978, -0.944046378136, -0.948248147964]
    median: [-0.597398161888, -0.65614426136, -0.889321804047, -0.937055706978, -0.944046378136, -0.948248147964]
    min: [-0.615280985832, -0.6900806427, -0.918581843376, -0.942976891994, -0.95701944828, -0.960157752037]
    skew: [5.0095682127e-06, -2.65283051704e-06, 3.08597986987e-06, -1.50941787069e-05, -6.92526782586e-06, 7.53759786676e-06]
    var: [0.000319796439726, 0.00115167605691, 0.000856151629705, 3.50600785168e-05, 0.00016829976812, 0.000141839380376]
