
metadata:
    version:
        essentia: "2.1-beta3"

Flux:
    dmean: 6.37013181404e-06
    dmean2: 9.31819522521e-06
    dvar: 5.3662185806e-10
    dvar2: 1.15473375306e-09
    kurt: 13.804807663
    max: 0.000124534213683
    mean: 8.06105890661e-06
    median: 2.01122338694e-06
    min: 7.40738585137e-07
    skew: 3.84211063385
    var: 5.62371760271e-10

Rms:
    dmean: 1.90911373465e-06
    dmean2: 1.92593029169e-06
    dvar: 4.11017227198e-11
    dvar2: 2.98968905188e-11
    kurt: 18.932554245
    max: 0.000101887060737
    mean: 9.94957445073e-05
    median: 0.000101204408566
    min: 5.95311648794e-05
    skew: -4.43954753876
    var: 5.5918849412e-11

RollOff:
    dmean: 0
    dmean2: 0
    dvar: 0
    dvar2: 0
    kurt: 0
    max: 387.59765625
    mean: 387.59765625
    median: 387.59765625
    min: 387.59765625
    skew: 0
    var: 0

SpecCent:
    dmean: 4.01342344284
    dmean2: 4.11825418472
    dvar: 13.8434009552
    dvar2: 10.4740343094
    kurt: 8.31341648102
    max: 661.621032715
    mean: 629.230407715
    median: 628.207519531
    min: 621.420776367
    skew: 2.6437728405
    var: 51.9300765991

Zcr:
    dmean: 0.000545058166608
    dmean2: 0.000709170359187
    dvar: 2.83007807411e-06
    dvar2: 2.7611411042e-06
    kurt: 17.6126556396
    max: 0.01708984375
    mean: 0.0164018105716
    median: 0.0166015625
    min: 0.0078125
    skew: -4.34292840958
    var: 2.85363398689e-06

HarmonicAmpFreq:
    dmean: [0.0601409189403]
    dmean2: [0.117909751832]
    dvar: [0.0457424372435]
    dvar2: [0.137841686606]
    kurt: [37.5285339355]
    max: [369.987091064]
    mean: [368.993011475]
    median: [368.969360352]
    min: [368.867279053]
    skew: [6.22037553787]
    var: [0.0234043821692]

HarmonicAmpMag:
    dmean: [1.03502397906e-05]
    dmean2: [1.72496984305e-05]
    dvar: [1.12290488019e-09]
    dvar2: [2.81968759452e-09]
    kurt: [14.8350772858]
    max: [0.000140125615872]
    mean: [0.000133114561322]
    median: [0.000140048650792]
    min: [0]
    skew: [-3.97344923019]
    var: [7.1979644467e-10]

MfccCoeff:
    dmean: [0.119197398424, 0.151590034366, 0.104099005461, 0.0359099619091, 0.039011400193, 0.105380393565, 0.149872884154, 0.163812860847, 0.144918039441, 0.0976239591837, 0.0320800058544, 0.038343206048, 0.0992071479559]
    dmean2: [0.123622350395, 0.157217115164, 0.107913792133, 0.0371318981051, 0.0406112670898, 0.10943094641, 0.155519396067, 0.169871926308, 0.150135591626, 0.10095051676, 0.032890137285, 0.0401200801134, 0.103159405291]
    dvar: [0.325391113758, 0.527034521103, 0.25032094121, 0.0309839714319, 0.0330946668983, 0.249614477158, 0.510767579079, 0.616722285748, 0.489708662033, 0.228742867708, 0.0285832472146, 0.0299145709723, 0.21713398397]
    dvar2: [0.329566240311, 0.533733725548, 0.253413259983, 0.0313055105507, 0.0336123369634, 0.253056913614, 0.517492890358, 0.624498069286, 0.495516240597, 0.231132373214, 0.0287051461637, 0.0305114425719, 0.220352306962]
    kurt: [27.6339607239, 27.7216415405, 28.0754699707, 29.9062690735, 24.8469772339, 26.6841487885, 27.2878684998, 27.8234958649, 28.5336666107, 29.8559875488, 34.9076766968, 20.77485466, 25.6707839966]
    max: [-1134.89331055, 4.49216842651, 3.10641479492, 1.11131668091, -6.103515625e-05, 2.28881835938e-05, -2.67028808594e-05, -5.34057617188e-05, -4.57763671875e-05, -2.28881835938e-05, -2.67028808594e-05, 0.975448608398, 2.8219909668]
    mean: [-1135.01025391, 4.3436050415, 3.00442576408, 1.0761500597, -1.05290400982, -2.9558403492, -4.25641584396, -4.70371627808, -4.22192239761, -2.92245650291, -1.07772374153, 0.937636315823, 2.72456049919]
    median: [-1134.89562988, 4.48931503296, 3.10456848145, 1.11082839966, -1.09021759033, -3.05689239502, -4.40032577515, -4.86121368408, -4.3614730835, -3.01675033569, -1.10905075073, 0.974124908447, 2.81956481934]
    min: [-1138.42004395, 1.14440917969e-05, -6.103515625e-05, 8.01086425781e-05, -1.09124755859, -3.05924224854, -4.40337753296, -4.8642578125, -4.36386108398, -3.01807403564, -1.1096534729, -3.0517578125e-05, -3.81469726562e-05]
    skew: [-5.28398704529, -5.29203510284, -5.32415676117, -5.49219846725, 5.03481483459, 5.1984539032, 5.25280427933, 5.30126857758, 5.36591768265, 5.48753881454, 5.97102499008, -4.68031215668, -5.10787773132]
    var: [0.321124970913, 0.520189702511, 0.247163578868, 0.0306555498391, 0.0325664430857, 0.246099516749, 0.503900885582, 0.60877853632, 0.483776450157, 0.226307243109, 0.0284656342119, 0.0293117649853, 0.213850066066]

SpecContrastCoeff:
    dmean: [0.0213257800788, 0.0237668920308, 0.0174994431436, 0.0093341274187, 0.0108789168298, 0.0114165944979]
    dmean2: [0.0282953288406, 0.0336726121604, 0.03168836236, 0.0126445190981, 0.0185173153877, 0.0197779443115]
    dvar: [0.00187240855303, 0.00173925934359, 0.000156224647071, 0.000226529489737, 0.000108426545921, 0.000121494624182]
    dvar2: [0.00177039881237, 0.00174481992144, 0.000266787741566, 0.000235904633882, 0.000182471441804, 0.000185621131095]
    kurt: [16.0082988739, 17.2431755066, 3.71900320053, 11.7084407806, 7.42296123505, 6.94355583191]
    max: [-0.636132419109, -0.496698737144, -0.87078499794, -0.838898718357, -0.856411039829, -0.842256426811]
    mean: [-0.676260054111, -0.539685070515, -0.89457321167, -0.866160750389, -0.878648042679, -0.864903688431]
    median: [-0.666441917419, -0.530628085136, -0.895877361298, -0.863205909729, -0.877553164959, -0.865721523762]
    min: [-0.929104804993, -0.798015713692, -0.9527567029, -0.960184216499, -0.939142286777, -0.926431834698]
    skew: [-4.02723121643, -4.03266620636, -1.51296532154, -3.3400812149, -2.31324076653, -2.13549375534]
    var: [0.00248886737972, 0.00234579644166, 0.000277416111203, 0.00039603447658, 0.000208059733268, 0.00022920043557]

SpecPeakAmp:
    dmean: [2.18585952894e-07, 1.91215644918e-06, 9.23571803924e-07, 4.56123634649e-05, 4.55800363852e-05]
    dmean2: [3.01619252241e-07, 1.98307770916e-06, 9.73264604909e-07, 8.99589213077e-05, 8.99951337487e-05]
    dvar: [3.92704315247e-13, 1.44054310147e-10, 3.06999946298e-11, 4.27876090114e-09, 4.29089874743e-09]
    dvar2: [3.89320059481e-13, 1.47253473304e-10, 3.12202069752e-11, 9.14913744765e-09, 9.1489047449e-09]
    kurt: [35.9771156311, 39.0052566528, 38.909236908, 0.146689176559, -0.958203792572]
    max: [1.73999742401e-05, 8.01502319518e-05, 3.71984533558e-05, 0.000140125615872, 0.000140113377711]
    mean: [1.66789050127e-05, 2.28910880651e-06, 1.20351535315e-06, 2.87009825115e-05, 0.000101931793324]
    median: [1.67520374816e-05, 4.56662803572e-07, 3.32768422595e-07, 8.4102438791e-08, 0.00014003481192]
    min: [1.25163069242e-05, 3.9928266915e-07, 2.81831574966e-07, 4.2950293988e-08, 2.71337246005e-08]
    skew: [-6.01288986206, 6.40280151367, 6.3915810585, 1.46502447128, -1.02065706253]
    var: [4.18607504346e-13, 1.41015213395e-10, 3.01720454177e-11, 3.1723887961e-09, 3.87574772276e-09]
