
metadata:
    version:
        essentia: "2.1-beta3"

Flux:
    dmean: 0.000163280274137
    dmean2: 0.000211569626117
    dvar: 2.85615783469e-07
    dvar2: 5.57179760108e-07
    kurt: 9.75146389008
    max: 0.00313919503242
    mean: 0.000213537496165
    median: 8.17343425297e-06
    min: 5.5500909184e-06
    skew: 3.31414961815
    var: 4.64435601089e-07

Rms:
    dmean: 6.88927102601e-05
    dmean2: 5.2012866945e-05
    dvar: 5.18751583911e-08
    dvar2: 2.33362627e-08
    kurt: 20.7858753204
    max: 0.00224794796668
    mean: 0.00215973355807
    median: 0.00223800633103
    min: 0.000412495573983
    skew: -4.52775478363
    var: 9.643964205e-08

RollOff:
    dmean: 6.36208295822
    dmean2: 6.51003837585
    dvar: 1740.47192383
    dvar2: 1779.98510742
    kurt: 40.022731781
    max: 667.529296875
    mean: 393.818359375
    median: 387.59765625
    min: 387.59765625
    skew: 6.48249435425
    var: 1702.67443848

SpecCent:
    dmean: 12.356678009
    dmean2: 11.6393136978
    dvar: 3822.87133789
    dvar2: 3139.05639648
    kurt: 39.2691116333
    max: 827.020507812
    mean: 381.782684326
    median: 370.756835938
    min: 367.740753174
    skew: 6.39751958847
    var: 4545.42822266

Zcr:
    dmean: 0.000699129945133
    dmean2: 0.000692678033374
    dvar: 3.92738047594e-06
    dvar2: 2.53092480307e-06
    kurt: 17.9804477692
    max: 0.01708984375
    mean: 0.0160373263061
    median: 0.0166015625
    min: 0.00048828125
    skew: -4.23375034332
    var: 8.23291611596e-06

HarmonicAmpFreq:
    dmean: [0.577518820763]
    dmean2: [0.967701017857]
    dvar: [1.63865971565]
    dvar2: [1.97385013103]
    kurt: [32.4107170105]
    max: [377.746337891]
    mean: [369.642669678]
    median: [369.795288086]
    min: [368.96774292]
    skew: [5.5477938652]
    var: [1.64574861526]

HarmonicAmpMag:
    dmean: [0.00149020843673]
    dmean2: [0.002952309791]
    dvar: [2.29501893045e-06]
    dvar2: [5.33573665962e-06]
    kurt: [-1.77886533737]
    max: [0.00313693541102]
    mean: [0.00124352693092]
    median: [0]
    min: [0]
    skew: [0.42626914382]
    var: [2.2538081339e-06]

MfccCoeff:
    dmean: [2.06813454628, 2.60663819313, 1.77679669857, 0.746031999588, 0.206732660532, 0.658852994442, 0.902388393879, 0.999048769474, 0.899389863014, 0.632935464382, 0.26212644577, 0.138236299157, 0.474472403526]
    dmean2: [2.78176379204, 3.4998524189, 2.377420187, 1.01239693165, 0.178132161498, 0.694271683693, 0.859237611294, 0.826192080975, 0.642629981041, 0.393414527178, 0.237952739, 0.10537648946, 0.30922806263]
    dvar: [85.3408889771, 135.720306396, 63.2507591248, 11.1460800171, 0.81580466032, 11.7353820801, 19.5188961029, 18.2924499512, 12.5373754501, 5.92252349854, 1.08798503876, 0.275010377169, 3.22532296181]
    dvar2: [176.58392334, 279.661346436, 129.233642578, 23.4514331818, 0.520058989525, 12.8641967773, 16.5144462585, 10.3173284531, 5.74030351639, 3.39153265953, 0.944480121136, 0.139388546348, 1.97798991203]
    kurt: [18.3712043762, 18.309928894, 18.2538089752, 18.966386795, 31.2365646362, 34.5414466858, 34.3718795776, 31.253868103, 27.0206241608, 23.6043109894, 20.9049339294, 23.7902393341, 21.9813671112]
    max: [-1082.89880371, 70.1541824341, 48.0824012756, 19.9220924377, -6.103515625e-05, 2.28881835938e-05, -2.67028808594e-05, -5.34057617188e-05, -4.57763671875e-05, -2.28881835938e-05, -2.67028808594e-05, 4.29391479492, 16.1261520386]
    mean: [-1111.53894043, 34.3129272461, 23.9980735779, 9.26491165161, -6.8135266304, -20.9839668274, -30.5190372467, -33.7607765198, -30.4039382935, -21.4819393158, -9.08427333832, 4.12364959717, 15.4769487381]
    median: [-1111.42456055, 34.4745597839, 24.131778717, 9.2804145813, -7.04750061035, -21.5708999634, -31.4596939087, -34.9203720093, -31.5430088043, -22.3377151489, -9.46164512634, 4.29270935059, 16.1251220703]
    min: [-1138.42004395, 1.14440917969e-05, -6.103515625e-05, 8.01086425781e-05, -7.04792785645, -22.4076461792, -31.5182418823, -35.0124740601, -31.6580600739, -22.4624404907, -9.5815410614, -3.0517578125e-05, -3.81469726562e-05]
    skew: [0.400387138128, 0.265112608671, -0.00743198115379, 0.935205459595, 5.56140995026, 5.91721010208, 5.89198446274, 5.5575671196, 5.14851856232, 4.84357023239, 4.63373279572, -4.82015180588, -4.67123746872]
    var: [35.2784767151, 56.3176116943, 26.4530220032, 4.53026866913, 1.1862231493, 10.7321357727, 22.7474994659, 29.1034393311, 25.3880443573, 13.6847658157, 2.67553853989, 0.497536212206, 7.36575269699]

SpecContrastCoeff:
    dmean: [0.0245527457446, 0.0256878379732, 0.0167087037116, 0.0111747747287, 0.00802249927074, 0.00644511543214]
    dmean2: [0.0334893651307, 0.0247293133289, 0.0253281425685, 0.0185119174421, 0.0115917474031, 0.0109582692385]
    dvar: [0.000425187201472, 0.00434854766354, 0.000148297534906, 7.74075087975e-05, 6.35422766209e-05, 9.08913862077e-05]
    dvar2: [0.000522422837093, 0.00321560259908, 0.000433289504144, 0.000195441898541, 0.000154739856953, 0.000236884501646]
    kurt: [6.8359413147, 18.3062858582, 0.75803899765, 1.38715696335, 3.80160474777, 12.7476711273]
    max: [-0.747058451176, -0.374921888113, -0.890034258366, -0.90589338541, -0.903623998165, -0.904024362564]
    mean: [-0.818162620068, -0.416871696711, -0.940844833851, -0.930007696152, -0.923232674599, -0.918503463268]
    median: [-0.819029688835, -0.392638355494, -0.943275988102, -0.929294288158, -0.923368275166, -0.917197227478]
    min: [-0.987185239792, -0.984800457954, -0.971322655678, -0.959672927856, -0.961000144482, -0.963241279125]
    skew: [-2.14087557793, -4.26987123489, 0.659754872322, -0.483349978924, -0.969325900078, -2.81626081467]
    var: [0.00153711508028, 0.0109680425376, 0.000252265919698, 0.000107506974018, 9.18240184546e-05, 7.65938748373e-05]

SpecPeakAmp:
    dmean: [6.5995886871e-06, 8.43582674861e-05, 0.00014112010831, 0.000305958499666, 0.00142732087988]
    dmean2: [1.06195284388e-05, 0.000129218475195, 0.000216730724787, 0.000605312699918, 0.00291941408068]
    dvar: [4.3562292662e-10, 1.47123444094e-07, 4.06533303021e-07, 8.16096815015e-07, 2.43068416239e-06]
    dvar2: [1.06790165599e-09, 3.77819844743e-07, 1.04596870187e-06, 2.39283644987e-06, 5.65832624488e-06]
    kurt: [37.8065223694, 40.019657135, 40.0043869019, 16.1107997894, -1.33411240578]
    max: [0.00011271720723, 0.00184351019561, 0.00307961157523, 0.00313684623688, 0.00313693541102]
    mean: [1.84749624168e-05, 4.2719362682e-05, 7.12229375495e-05, 0.00016033378779, 0.000978088821284]
    median: [1.65898909472e-05, 1.67624500591e-06, 1.50582798142e-06, 1.51466292664e-06, 1.72793306774e-06]
    min: [3.66875337932e-06, 7.3211401741e-07, 5.81044787396e-07, 4.2740825279e-07, 3.37613130341e-07]
    skew: [6.20017623901, 6.48213148117, 6.48033905029, 4.20429229736, 0.815968096256]
    var: [2.07330388968e-10, 7.3703709802e-08, 2.05734821179e-07, 4.27550418181e-07, 2.10404550671e-06]
