
metadata:
    version:
        essentia: "2.1-beta3"

Flux:
    dmean: 0.00366901257075
    dmean2: 0.00477164192125
    dvar: 0.000143237411976
    dvar2: 0.000279246683931
    kurt: 9.723985672
    max: 0.070220798254
    mean: 0.00468813441694
    median: 8.3481274487e-05
    min: 2.02548872039e-05
    skew: 3.31073355675
    var: 0.000233552549616

Rms:
    dmean: 0.00154494529124
    dmean2: 0.00116777350195
    dvar: 2.60972137767e-05
    dvar2: 1.17350909932e-05
    kurt: 20.8383922577
    max: 0.0503269061446
    mean: 0.0483522191644
    median: 0.0500859580934
    min: 0.00913060922176
    skew: -4.53268146515
    var: 4.85216150992e-05

RollOff:
    dmean: 6.36208295822
    dmean2: 6.51003837585
    dvar: 1740.47192383
    dvar2: 1779.98510742
    kurt: 40.022731781
    max: 667.529296875
    mean: 393.818359375
    median: 387.59765625
    min: 387.59765625
    skew: 6.48249435425
    var: 1702.67443848

SpecCent:
    dmean: 11.1133489609
    dmean2: 10.5597457886
    dvar: 2999.15942383
    dvar2: 2492.31201172
    kurt: 39.3293647766
    max: 771.870300293
    mean: 379.44140625
    median: 370.095550537
    min: 366.814178467
    skew: 6.40390110016
    var: 3528.59814453

Zcr:
    dmean: 0.000699129945133
    dmean2: 0.000704033416696
    dvar: 3.93821756006e-06
    dvar2: 2.53169878306e-06
    kurt: 17.3286190033
    max: 0.01708984375
    mean: 0.0160590279847
    median: 0.0166015625
    min: 0.0009765625
    skew: -4.17083454132
    var: 7.92844639363e-06

HarmonicAmpFreq:
    dmean: [0.156940802932]
    dmean2: [0.161848917603]
    dvar: [0.833854854107]
    dvar2: [0.884455025196]
    kurt: [39.1442565918]
    max: [369.575561523]
    mean: [368.854766846]
    median: [368.970428467]
    min: [362.96875]
    skew: [-6.37086725235]
    var: [0.795643389225]

HarmonicAmpMag:
    dmean: [0.00276485062204]
    dmean2: [0.0021251491271]
    dvar: [0.000106761654024]
    dvar2: [7.36677757232e-05]
    kurt: [15.5433311462]
    max: [0.0702350512147]
    mean: [0.0668554753065]
    median: [0.0702242553234]
    min: [8.05575691629e-05]
    skew: [-4.05576848984]
    var: [0.000175060689799]

MfccCoeff:
    dmean: [12.692032814, 6.87106752396, 1.84124684334, 1.08687210083, 1.2007753849, 1.54750716686, 2.04892325401, 2.22389936447, 1.9954662323, 1.54702103138, 0.844436645508, 0.432814866304, 1.20651352406]
    dmean2: [18.4396152496, 9.2533826828, 1.86749947071, 1.42282533646, 1.5232064724, 1.87393403053, 2.38123774529, 2.7485332489, 2.36464929581, 1.85289430618, 1.00294816494, 0.555811166763, 1.36024081707]
    dvar: [2737.57250977, 596.190429688, 10.94627285, 1.66328203678, 4.26678180695, 13.3822059631, 32.2204360962, 51.3779792786, 48.9056625366, 29.3906002045, 7.07274961472, 0.90199559927, 11.9503965378]
    dvar2: [6831.39111328, 1375.22583008, 6.10479021072, 1.97498321533, 5.11091995239, 11.4765415192, 32.6051063538, 61.2202720642, 54.4923629761, 33.9469490051, 8.1063117981, 1.35975003242, 11.6101284027]
    kurt: [37.0641593933, 22.3779964447, 13.6499633789, 12.8190793991, 15.4675540924, 19.292350769, 20.9032878876, 18.7175979614, 17.7647190094, 16.7921962738, 17.3159637451, 13.9767742157, 12.6452856064]
    max: [-848.446044922, 165.099212646, 66.0154724121, 22.7726478577, 0.94123840332, -5.39978790283, -7.51963806152, -6.02442932129, -2.65156555176, 0.615577697754, 2.38958358765, 6.59397888184, 28.052406311]
    mean: [-1079.70263672, 70.5296478271, 47.996219635, 19.4317378998, -11.9173269272, -39.2885971069, -57.9705276489, -64.6296463013, -58.8756828308, -42.5265884399, -19.5847396851, 5.05046749115, 26.3760967255]
    median: [-1085.7467041, 67.3745803833, 47.4865760803, 18.9327430725, -12.5294303894, -40.6753044128, -60.1026992798, -67.3607177734, -61.6087875366, -44.6900100708, -20.6177272797, 5.38217163086, 28.0254364014]
    min: [-1116.10424805, 28.6082878113, 20.7341918945, 10.4794197083, -20.7807121277, -47.9183006287, -67.7146987915, -72.2196502686, -62.3497695923, -44.9486923218, -21.0837459564, 0.362190246582, 0.989349365234]
    skew: [6.12418270111, 4.00835418701, -1.91850399971, -2.681453228, 1.93107533455, 4.22960710526, 4.60882902145, 4.41833209991, 4.30331420898, 4.19584608078, 4.2273311615, -3.49789166451, -3.70582461357]
    var: [1259.98132324, 271.462524414, 30.3383712769, 3.07262206078, 6.37292146683, 38.3798217773, 82.9091339111, 121.540496826, 114.213973999, 69.9481735229, 17.6414680481, 0.850054264069, 28.3851776123]

SpecContrastCoeff:
    dmean: [0.0173126198351, 0.0280919391662, 0.00894815381616, 0.00800175312907, 0.00819170847535, 0.0177004206926]
    dmean2: [0.0275649130344, 0.0202823709697, 0.0106788584962, 0.0126540837809, 0.0134648308158, 0.027042241767]
    dvar: [0.000719800824299, 0.00703613599762, 0.000100822078821, 0.000102866368252, 0.000135242036777, 0.000233233542531]
    dvar2: [0.00125007482711, 0.00379123515449, 9.53099734033e-05, 0.000194588021259, 0.000287234695861, 0.000669144734275]
    kurt: [13.4653987885, 21.7754688263, 11.0664167404, 5.68940925598, 5.89895248413, -0.27513051033]
    max: [-0.751311719418, -0.200139760971, -0.857946574688, -0.906833291054, -0.906308948994, -0.905325114727]
    mean: [-0.931723177433, -0.24387139082, -0.946641802788, -0.957738816738, -0.957247614861, -0.943475246429]
    median: [-0.940688669682, -0.215131387115, -0.953732430935, -0.963817179203, -0.963143050671, -0.952455699444]
    min: [-0.986646771431, -0.978552341461, -0.958028793335, -0.965383708477, -0.964032292366, -0.958681762218]
    skew: [3.59130549431, -4.62385845184, 3.03324651718, 2.40229773521, 2.52944731712, 1.11622750759]
    var: [0.00142118718941, 0.0165998507291, 0.000323061569361, 0.000159129980602, 0.000160338604474, 0.00029671707307]

SpecPeakAmp:
    dmean: [0.00188415753655, 4.33718741988e-05, 0.0255568027496, 0.0160065181553, 0.0100112017244]
    dmean2: [0.00289624719881, 6.16765319137e-05, 0.0506238341331, 0.0327205173671, 0.0200075730681]
    dvar: [7.35114736017e-05, 2.49939589025e-08, 0.00113394868094, 0.000863903434947, 0.000578482227866]
    dvar2: [0.000188800462638, 6.43305142489e-08, 0.00304563832469, 0.00259709358215, 0.00166480662301]
    kurt: [40.0222892761, 38.9189224243, -0.585518121719, 4.1244802475, 9.43407821655]
    max: [0.0412347838283, 0.000796310836449, 0.0702350512147, 0.0702343210578, 0.0702338442206]
    mean: [0.00095006742049, 4.82157593069e-05, 0.0530584864318, 0.00785833504051, 0.00513583188877]
    median: [3.63374310837e-05, 3.15876204695e-05, 0.0702205747366, 3.2687363273e-05, 2.22232683882e-05]
    min: [1.26783643282e-05, 1.62692231243e-05, 1.2233970665e-05, 8.9483373813e-06, 7.0926553235e-06]
    skew: [6.48244190216, 6.35518169403, -1.18920958042, 2.47469162941, 3.35026526451]
    var: [3.68833316315e-05, 1.28858888004e-08, 0.000906922854483, 0.000486253527924, 0.000310462404741]
