
metadata:
    version:
        essentia: "2.1-beta3"

Flux:
    dmean: 0.0327544733882
    dmean2: 0.043823633343
    dvar: 0.0116103226319
    dvar2: 0.0224770233035
    kurt: 9.30353736877
    max: 0.636788725853
    mean: 0.0429865792394
    median: 0.00060654891422
    min: 6.28271445748e-05
    skew: 3.25632667542
    var: 0.0195877850056

Rms:
    dmean: 0.0139346122742
    dmean2: 0.0104978531599
    dvar: 0.00213751848787
    dvar2: 0.000957673648372
    kurt: 20.8295536041
    max: 0.46366789937
    mean: 0.445568859577
    median: 0.461574167013
    min: 0.08721473068
    skew: -4.52938127518
    var: 0.00404844339937

RollOff:
    dmean: 10.2772102356
    dmean2: 10.0154428482
    dvar: 4120.17919922
    dvar2: 3803.21948242
    kurt: 39.8280639648
    max: 839.794921875
    mean: 398.125
    median: 387.59765625
    min: 387.59765625
    skew: 6.46014547348
    var: 4443.53173828

SpecCent:
    dmean: 20.2602405548
    dmean2: 18.5578689575
    dvar: 11453.8193359
    dvar2: 8769.79199219
    kurt: 38.739238739
    max: 1185.33129883
    mean: 390.180511475
    median: 370.160400391
    min: 366.820800781
    skew: 6.3412771225
    var: 14589.6972656

Zcr:
    dmean: 0.000699129945133
    dmean2: 0.000692678033374
    dvar: 3.92738047594e-06
    dvar2: 2.70835312222e-06
    kurt: 18.6079273224
    max: 0.01708984375
    mean: 0.0160807296634
    median: 0.0166015625
    min: 0.0009765625
    skew: -4.29274225235
    var: 7.61244064051e-06

HarmonicAmpFreq:
    dmean: [1.67153024673]
    dmean2: [1.68225097656]
    dvar: [115.015899658]
    dvar2: [113.879226685]
    kurt: [39.9995651245]
    max: [442.115081787]
    mean: [370.630767822]
    median: [368.970581055]
    min: [368.968444824]
    skew: [6.47977781296]
    var: [116.16783905]

HarmonicAmpMag:
    dmean: [0.025251833722]
    dmean2: [0.019162921235]
    dvar: [0.00884903687984]
    dvar2: [0.00613449746743]
    kurt: [15.4927978516]
    max: [0.647101521492]
    mean: [0.615991830826]
    median: [0.646999776363]
    min: [0.000771397957578]
    skew: [-4.0442609787]
    var: [0.0147739779204]

MfccCoeff:
    dmean: [31.0936889648, 6.75011396408, 17.4489650726, 13.1560268402, 5.13433265686, 6.03276014328, 5.87783670425, 4.13475990295, 4.07028245926, 3.10695576668, 1.69099962711, 1.19089376926, 1.4851578474]
    dmean2: [43.2925949097, 10.4425182343, 20.0458011627, 14.1588201523, 6.18600320816, 9.68954277039, 8.10725593567, 4.83696985245, 5.53120660782, 3.9029045105, 2.12781620026, 2.13759303093, 1.94148862362]
    dvar: [8032.87060547, 25.397102356, 103.295188904, 45.4598655701, 6.93067979813, 25.1861152649, 44.3540077209, 60.3312416077, 49.4509429932, 29.3635139465, 6.80897378922, 0.905225753784, 13.2224340439]
    dvar2: [20204.8144531, 35.1300773621, 228.369827271, 86.7452850342, 23.1957912445, 35.2045059204, 40.5078659058, 66.158996582, 43.3499679565, 24.3754711151, 3.99456620216, 2.53641438484, 14.8737611771]
    kurt: [29.3476257324, 8.00856590271, 0.437590122223, -1.26492774487, -0.535521745682, 5.93299770355, 11.4243488312, 12.575381279, 13.5067577362, 12.8910636902, 13.7366790771, 2.32784318924, 13.9435653687]
    max: [-564.334350586, 194.93862915, 100.916992188, 41.3839302063, -11.2888793945, -16.8690567017, -13.5458221436, -12.0960540771, -4.86766815186, 0.390670776367, 3.27307510376, 7.08405303955, 28.4213218689]
    mean: [-990.219421387, 152.976379395, 74.7644958496, 17.1126117706, -20.213476181, -47.669128418, -64.6671142578, -67.9066238403, -60.1873703003, -43.2233848572, -19.8398933411, 4.87288141251, 26.1396808624]
    median: [-999.170959473, 152.584259033, 76.6334228516, 15.2241859436, -19.5318107605, -48.4126243591, -65.9866867065, -70.8085632324, -62.4456710815, -45.1280136108, -20.8344020844, 5.15323638916, 27.6425704956]
    min: [-1020.88409424, 115.155479431, 13.7918758392, -4.26859664917, -31.1406211853, -59.4176597595, -76.0477828979, -76.960357666, -68.8513717651, -49.8040771484, -23.5466747284, 1.0943145752, -1.67546081543]
    skew: [5.37792539597, 0.784168481827, -0.78368639946, 0.256111562252, -0.291005969048, 2.02796411514, 3.20939993858, 3.61038923264, 3.70364451408, 3.6311480999, 3.67398142815, -1.24029171467, -3.83484125137]
    var: [4789.42236328, 112.446929932, 470.074768066, 208.530288696, 23.6961555481, 55.4950370789, 112.802497864, 135.162994385, 124.970115662, 79.4595718384, 20.8953838348, 1.12453722954, 31.9898338318]

SpecContrastCoeff:
    dmean: [0.0324056893587, 0.0287169888616, 0.0125117842108, 0.00772331655025, 0.00466253282502, 0.0124303791672]
    dmean2: [0.0559829622507, 0.0217625685036, 0.0185585115105, 0.0128237977624, 0.00829731207341, 0.0210471320897]
    dvar: [0.00310299172997, 0.0108254766092, 0.000305945868604, 8.83107713889e-05, 5.70630108996e-05, 0.000295522040688]
    dvar2: [0.00823693815619, 0.00456395931542, 0.000740960007533, 0.000182918447535, 0.00012956878345, 0.000781348731834]
    kurt: [11.9610471725, 27.1529941559, 6.45420360565, 4.5132856369, 8.44128417969, 6.29147434235]
    max: [-0.685158312321, -0.0473053827882, -0.849252402782, -0.904873132706, -0.915424227715, -0.881676197052]
    mean: [-0.937318682671, -0.0865138396621, -0.934377968311, -0.950569927692, -0.953836381435, -0.943685293198]
    median: [-0.960035979748, -0.0537220947444, -0.943436026573, -0.956739902496, -0.957098603249, -0.951006114483]
    min: [-0.961904168129, -0.981516480446, -0.947669267654, -0.957361280918, -0.958027720451, -0.953248918056]
    skew: [3.32747840881, -5.1522898674, 2.54738163948, 2.16340231895, 2.97220206261, 2.49860715866]
    var: [0.00262774410658, 0.0219224262983, 0.00043863823521, 0.000131652632263, 7.63673961046e-05, 0.000234756720602]

SpecPeakAmp:
    dmean: [0.000423254532507, 0.49984100461, 0.441084593534, 0.0592438615859, 0.00444618565962]
    dmean2: [0.000596193131059, 1.00136208534, 0.887401759624, 0.120906732976, 0.00471597490832]
    dvar: [1.76803519025e-06, 0.0687173530459, 0.0902325361967, 0.034535381943, 0.000748831196688]
    dvar2: [4.43304725195e-06, 0.147080942988, 0.214210420847, 0.102167539299, 0.000761659408454]
    kurt: [27.6037349701, -1.97190892696, -1.90064704418, 17.5414524078, 39.9887313843]
    max: [0.00676698051393, 0.647101461887, 0.647101521492, 0.647057712078, 0.184302031994]
    mean: [0.000478332047351, 0.310412526131, 0.273283958435, 0.0292598400265, 0.00429135654122]
    median: [0.000283633737126, 0.00394485564902, 0.000337910198141, 0.000226031479542, 7.31838590582e-05]
    min: [5.60227781534e-05, 0.00015701862867, 0.000149697822053, 5.74505393161e-05, 1.84149575944e-05]
    skew: [5.2409658432, 0.079179495573, 0.314994782209, 4.4202504158, 6.47851610184]
    var: [1.08028746126e-06, 0.102059774101, 0.101759985089, 0.0177528206259, 0.000736742571462]
