
metadata:
    version:
        essentia: "2.1-beta3"

Flux:
    dmean: 0.0194994807243
    dmean2: 0
    dvar: 0
    dvar2: 0
    kurt: -2
    max: 0.37964245677
    mean: 0.369892716408
    median: 0.369892716408
    min: 0.360142976046
    skew: 0
    var: 9.50574394665e-05

Rms:
    dmean: 0
    dmean2: 0
    dvar: 0
    dvar2: 0
    kurt: 0
    max: 0.130681842566
    mean: 0.130681842566
    median: 0.130681842566
    min: 0.130681842566
    skew: 0
    var: 0

RollOff:
    dmean: 129.19921875
    dmean2: 0
    dvar: 0
    dvar2: 0
    kurt: -1.99999988079
    max: 667.529296875
    mean: 602.9296875
    median: 602.9296875
    min: 538.330078125
    skew: 0
    var: 4173.109375

SpecCent:
    dmean: 75.8032226562
    dmean2: 0
    dvar: 0
    dvar2: 0
    kurt: -1.99999988079
    max: 558.739868164
    mean: 520.838256836
    median: 520.838256836
    min: 482.936645508
    skew: 0
    var: 1436.53210449

Zcr:
    dmean: 0
    dmean2: 0
    dvar: 0
    dvar2: 0
    kurt: 0
    max: 0.0068359375
    mean: 0.0068359375
    median: 0.0068359375
    min: 0.0068359375
    skew: 0
    var: 0

HarmonicAmpFreq:
    dmean: [85.7965393066]
    dmean2: [0]
    dvar: [0]
    dvar2: [0]
    kurt: [-1.99999988079]
    max: [575.117553711]
    mean: [532.219299316]
    median: [532.219299316]
    min: [489.321014404]
    skew: [-1.03910645066e-06]
    var: [1840.26147461]

HarmonicAmpMag:
    dmean: [0.114513590932]
    dmean2: [0]
    dvar: [0]
    dvar2: [0]
    kurt: [-2]
    max: [0.124466210604]
    mean: [0.0672094151378]
    median: [0.0672094151378]
    min: [0.00995262339711]
    skew: [7.75245183604e-08]
    var: [0.00327834044583]

MfccCoeff:
    dmean: [367.359924316, 16.8266296387, 17.8529853821, 47.4959259033, 52.849899292, 31.514585495, 3.19298744202, 18.7389755249, 21.62550354, 13.9371566772, 5.47199058533, 3.49974632263, 6.70349311829]
    dmean2: [0, 0, 0, 0, 0, 0, 0, 0, 0, 0, 0, 0, 0]
    dvar: [0, 0, 0, 0, 0, 0, 0, 0, 0, 0, 0, 0, 0]
    dvar2: [0, 0, 0, 0, 0, 0, 0, 0, 0, 0, 0, 0, 0]
    kurt: [-2, -2, -1.99999988079, -2, -2, -1.99999988079, -2, -1.99999988079, -2, -2, -1.99999988079, -2, -2]
    max: [-625.327941895, 177.033660889, 56.1493873596, 10.8747310638, -19.7203502655, -25.6145610809, -23.7875442505, 2.02494049072, 14.7258110046, 17.7886447906, 14.0787162781, 10.032995224, 6.57357978821]
    mean: [-809.00793457, 168.620346069, 47.2228927612, -12.8732309341, -46.1453018188, -41.3718528748, -25.3840370178, -7.34454727173, 3.91305923462, 10.820066452, 11.3427209854, 8.28312206268, 3.22183322906]
    median: [-809.00793457, 168.620346069, 47.2228927612, -12.8732309341, -46.1453018188, -41.3718528748, -25.3840370178, -7.34454727173, 3.91305923462, 10.820066452, 11.3427209854, 8.28312206268, 3.22183322906]
    min: [-992.687866211, 160.20703125, 38.2964019775, -36.6211929321, -72.5702514648, -57.1291465759, -26.9805316925, -16.7140350342, -6.8996925354, 3.8514881134, 8.60672569275, 6.53324890137, -0.129913330078]
    skew: [5.24442668848e-07, 0, 6.43574480819e-07, 0, 1.58773758585e-07, -1.2480306566e-07, -1.75776040123e-06, 0, 0, 0, 0, 0, 0]
    var: [33738.328125, 70.7838668823, 79.6822662354, 563.965759277, 698.278015137, 248.292266846, 2.54879236221, 87.7873001099, 116.915603638, 48.5610847473, 7.48567008972, 3.06205606461, 11.234205246]

SpecContrastCoeff:
    dmean: [0.05801820755, 0.0323758125305, 0.140044987202, 0.0596736073494, 0.0102246403694, 0.0197821259499]
    dmean2: [0, 0, 0, 0, 0, 0]
    dvar: [0, 0, 0, 0, 0, 0]
    dvar2: [0, 0, 0, 0, 0, 0]
    kurt: [-2, -1.99999988079, -2, -1.99999988079, -2, -2]
    max: [-0.876827716827, -0.665734648705, -0.658475637436, -0.858491778374, -0.931107461452, -0.93993550539]
    mean: [-0.905836820602, -0.68192255497, -0.728498101234, -0.888328552246, -0.93621981144, -0.949826598167]
    median: [-0.905836820602, -0.68192255497, -0.728498101234, -0.888328552246, -0.93621981144, -0.949826598167]
    min: [-0.934845924377, -0.698110461235, -0.798520624638, -0.918165385723, -0.941332101822, -0.95971763134]
    skew: [0, 0, -1.31392050662e-06, -2.97894553114e-06, 1.74957240233e-05, 8.9875784397e-06]
    var: [0.000841528119054, 0.000262048299192, 0.00490314979106, 0.000890234834515, 2.61358181888e-05, 9.78331299848e-05]

SpecPeakAmp:
    dmean: [0.1241081357, 0.0330722294748, 0.0133478334174, 0.00115306396037, 0.00628567347303]
    dmean2: [0, 0, 0, 0, 0]
    dvar: [0, 0, 0, 0, 0]
    dvar2: [0, 0, 0, 0, 0]
    kurt: [-2, -2, -2, -2, -1.99999988079]
    max: [0.124466210604, 0.0334680266678, 0.013858246617, 0.00995262339711, 0.00687712198123]
    mean: [0.0624121427536, 0.0169319119304, 0.00718432990834, 0.00937609188259, 0.00373428524472]
    median: [0.0624121427536, 0.0169319119304, 0.00718432990834, 0.00937609188259, 0.00373428524472]
    min: [0.000358072138624, 0.000395797746023, 0.00051041302504, 0.00879955943674, 0.000591448682826]
    skew: [-9.13483262366e-08, 0, 0, -2.42602231992e-06, 5.72222340622e-08]
    var: [0.00385070755146, 0.0002734430891, 4.45411642431e-05, 3.32389134883e-07, 9.87742168945e-06]
