
metadata:
    version:
        essentia: "2.1-beta3"

Flux:
    dmean: 6.52423159408e-06
    dmean2: 9.64805167314e-06
    dvar: 5.40702871366e-10
    dvar2: 1.16020704155e-09
    kurt: 13.8101177216
    max: 0.000124896134366
    mean: 7.6638207247e-06
    median: 1.41195323522e-06
    min: 5.02938291902e-07
    skew: 3.84321165085
    var: 5.6940879789e-10

Rms:
    dmean: 1.82343262622e-06
    dmean2: 1.80336689937e-06
    dvar: 4.16041680273e-11
    dvar2: 3.06104620817e-11
    kurt: 19.4667129517
    max: 0.000101647434349
    mean: 9.95037553366e-05
    median: 0.000101210018329
    min: 5.91364587308e-05
    skew: -4.49160718918
    var: 5.58160601072e-11

RollOff:
    dmean: 1.00154435635
    dmean2: 1.025390625
    dvar: 20.5633563995
    dvar2: 21.0285148621
    kurt: 17.0477027893
    max: 775.1953125
    mean: 754.640869141
    median: 753.662109375
    min: 753.662109375
    skew: 4.36437177658
    var: 20.118303299

SpecCent:
    dmean: 5.46999502182
    dmean2: 7.99633359909
    dvar: 21.3034152985
    dvar2: 22.9646511078
    kurt: 15.7039413452
    max: 998.855163574
    mean: 954.810791016
    median: 952.875976562
    min: 946.483886719
    skew: 3.6809835434
    var: 69.7983474731

Zcr:
    dmean: 0.00103333941661
    dmean2: 0.00129045755602
    dvar: 1.15462180474e-05
    dvar2: 1.07154555735e-05
    kurt: 17.3097724915
    max: 0.03369140625
    mean: 0.0327481366694
    median: 0.03369140625
    min: 0.015625
    skew: -4.36643695831
    var: 1.21744969874e-05

HarmonicAmpFreq:
    dmean: [0.00271819368936]
    dmean2: [0.00278291245922]
    dvar: [0.000310320203425]
    dvar2: [0.000317528698361]
    kurt: [38.6996192932]
    max: [739.060913086]
    mean: [739.058044434]
    median: [739.060913086]
    min: [738.944030762]
    skew: [-6.36696815491]
    var: [0.000303476612316]

HarmonicAmpMag:
    dmean: [1.88464446182e-06]
    dmean2: [1.92951688405e-06]
    dvar: [1.4917915514e-10]
    dvar2: [1.52644452633e-10]
    kurt: [39.0232620239]
    max: [8.10397104942e-05]
    mean: [1.84181158147e-06]
    median: [0]
    min: [0]
    skew: [6.40494060516]
    var: [1.4586759578e-10]

MfccCoeff:
    dmean: [0.117525324225, 0.117526739836, 0.000341371051036, 0.116457916796, 0.164168596268, 0.115696400404, 0.00102127424907, 0.112530730665, 0.158079370856, 0.111016027629, 0.00167367618997, 0.105830527842, 0.148098438978]
    dmean2: [0.12093680352, 0.120939709246, 0.000377110060072, 0.119833812118, 0.168936952949, 0.119061425328, 0.00112551730126, 0.115789867938, 0.162669315934, 0.114248365164, 0.00184231717139, 0.108889624476, 0.152398616076]
    dvar: [0.314317822456, 0.314446926117, 3.17924286719e-06, 0.308175504208, 0.61325776577, 0.30532720685, 2.81389675365e-05, 0.28713786602, 0.568610310555, 0.281721681356, 7.55868750275e-05, 0.253390282393, 0.499071002007]
    dvar2: [0.317930877209, 0.318068444729, 3.2723505683e-06, 0.311705946922, 0.620310425758, 0.308867692947, 2.89819708996e-05, 0.29040235281, 0.575148105621, 0.285009652376, 7.78686153353e-05, 0.256249338388, 0.504809081554]
    kurt: [26.8408870697, 26.8674354553, 37.7373428345, 26.7655448914, 26.8419723511, 26.9699420929, 37.7390670776, 26.6585903168, 26.8418979645, 27.0784015656, 37.7359046936, 26.5411071777, 26.841878891]
    max: [-1134.97631836, 3.44526290894, 0.0131530761719, 8.01086425781e-05, -6.103515625e-05, 2.28881835938e-05, -2.67028808594e-05, 3.28562927246, 4.63175582886, 3.26750183105, 0.0644493103027, -3.0517578125e-05, -3.81469726562e-05]
    mean: [-1135.09265137, 3.32896184921, 0.0114524150267, -3.29206943512, -4.64780378342, -3.28370666504, -0.0343003720045, 3.17425465584, 4.47531700134, 3.15765833855, 0.0561429820955, -2.9783372879, -4.19281721115]
    median: [-1134.97875977, 3.44285202026, 0.0116882324219, -3.40494918823, -4.80690002441, -3.39582824707, -0.034984588623, 3.28335571289, 4.62851715088, 3.26528167725, 0.0572624206543, -3.08097839355, -4.33634185791]
    min: [-1138.42004395, 1.14440917969e-05, -6.103515625e-05, -3.40732955933, -4.8102722168, -3.39818572998, -0.039363861084, -5.34057617188e-05, -4.57763671875e-05, -2.28881835938e-05, -2.67028808594e-05, -3.08309173584, -4.33937835693]
    skew: [-5.21243095398, -5.21488142014, -6.23602199554, 5.20572090149, 5.21258592606, 5.22410154343, 6.23621749878, -5.19610881805, -5.21258068085, -5.23386955261, -6.23578548431, 5.18556547165, 5.2125787735]
    var: [0.310814350843, 0.310933083296, 3.13179634759e-06, 0.304752409458, 0.606414377689, 0.301892518997, 2.77520139207e-05, 0.283972144127, 0.562266767025, 0.278530418873, 7.45408979128e-05, 0.250618100166, 0.493503272533]

SpecContrastCoeff:
    dmean: [0.0340580455959, 0.0212428718805, 0.0186542030424, 0.00919525697827, 0.0103867314756, 0.0081646675244]
    dmean2: [0.0520416162908, 0.0350916497409, 0.0257765166461, 0.0157956033945, 0.0166038237512, 0.0134821431711]
    dvar: [0.00172362593003, 0.000227324519074, 0.00152609462384, 9.35221469263e-05, 0.000136307033245, 8.32473961054e-05]
    dvar2: [0.0018488423666, 0.000632871757261, 0.00145729316864, 0.000152199805598, 0.000175768887857, 0.000107755666249]
    kurt: [15.6374263763, 0.212961435318, 16.6263637543, 3.98506116867, 13.3082447052, 9.54984092712]
    max: [-0.626539230347, -0.870334744453, -0.568283677101, -0.870807409286, -0.860292613506, -0.874598622322]
    mean: [-0.665069520473, -0.911213815212, -0.594661176205, -0.89984190464, -0.883166730404, -0.890465676785]
    median: [-0.656493365765, -0.911342740059, -0.587825536728, -0.900400280952, -0.882743358612, -0.889460504055]
    min: [-0.907981574535, -0.959438025951, -0.800201714039, -0.943027675152, -0.952777147293, -0.941477775574]
    skew: [-3.79204130173, 0.148268833756, -4.203353405, -1.23929953575, -3.05479359627, -2.78225874901]
    var: [0.00220681121573, 0.000318783742841, 0.00172089447733, 0.000162148659001, 0.00018843653379, 0.000124094833154]

SpecPeakAmp:
    dmean: [2.98984531355e-07, 1.81841826929e-07, 2.04436446438e-06, 2.06168550676e-07, 1.42445244933e-07]
    dmean2: [3.90451447174e-07, 2.69308713996e-07, 2.25223129746e-06, 3.43402149383e-07, 2.1549820417e-07]
    dvar: [7.04341858275e-13, 1.86014642274e-13, 1.46893386344e-10, 1.02874468926e-13, 7.46600386224e-14]
    dvar2: [6.49006239375e-13, 2.02186683194e-13, 1.49730908228e-10, 1.18035992764e-13, 6.29924850346e-14]
    kurt: [17.1128368378, 28.8380374908, 39.008972168, 24.1712608337, 29.2083053589]
    max: [1.69205741258e-05, 2.87000307253e-06, 8.10397104942e-05, 2.1966877739e-06, 2.14438136936e-06]
    mean: [1.65743567777e-05, 2.25350277105e-07, 2.18053628487e-06, 2.82422575992e-07, 3.22927036223e-07]
    median: [1.6770689399e-05, 1.13446347427e-07, 4.34322373621e-07, 1.67042699672e-07, 3.17192530019e-07]
    min: [1.23231266116e-05, 3.59427581031e-08, 7.05437770421e-08, 5.99246021693e-08, 7.9155945798e-08]
    skew: [-4.33565807343, 5.2289814949, 6.40322494507, 4.55411243439, 5.1580324173]
    var: [7.5871204935e-13, 1.87041219101e-13, 1.44647169242e-10, 1.06104910285e-13, 8.82284019064e-14]
