
metadata:
    version:
        essentia: "2.1-beta3"

Flux:
    dmean: 0.000163927004905
    dmean2: 0.000215155087062
    dvar: 2.85690504143e-07
    dvar2: 5.60807052352e-07
    kurt: 9.66561603546
    max: 0.00311970780604
    mean: 0.000213342078496
    median: 8.27941039461e-06
    min: 5.46618321096e-06
    skew: 3.30441737175
    var: 4.63133005724e-07

Rms:
    dmean: 6.69367364026e-05
    dmean2: 5.34249666089e-05
    dvar: 5.09964444007e-08
    dvar2: 2.25072174231e-08
    kurt: 20.7705688477
    max: 0.00224305130541
    mean: 0.00215979991481
    median: 0.0022377059795
    min: 0.000419887393946
    skew: -4.52553272247
    var: 9.56447792078e-08

RollOff:
    dmean: 6.36208295822
    dmean2: 6.00926589966
    dvar: 1487.55651855
    dvar2: 1279.44262695
    kurt: 39.5171394348
    max: 1033.59375
    mean: 760.36126709
    median: 753.662109375
    min: 753.662109375
    skew: 6.4254899025
    var: 1706.79614258

SpecCent:
    dmean: 9.8348197937
    dmean2: 12.1109743118
    dvar: 1662.54638672
    dvar2: 1466.87597656
    kurt: 39.4976654053
    max: 1035.03723145
    mean: 746.75592041
    median: 740.088378906
    min: 736.658630371
    skew: 6.42177963257
    var: 1900.4206543

Zcr:
    dmean: 0.00143155187834
    dmean2: 0.00141942221671
    dvar: 1.65527289937e-05
    dvar2: 1.13422329377e-05
    kurt: 17.5234184265
    max: 0.03369140625
    mean: 0.0320963524282
    median: 0.03369140625
    min: 0.00146484375
    skew: -4.20396232605
    var: 3.25245382555e-05

HarmonicAmpFreq:
    dmean: [0.387032240629]
    dmean2: [0.410593420267]
    dvar: [5.97431898117]
    dvar2: [6.58474111557]
    kurt: [39.891368866]
    max: [755.383483887]
    mean: [739.942687988]
    median: [739.606262207]
    min: [738.980163574]
    skew: [6.46647787094]
    var: [5.42692136765]

HarmonicAmpMag:
    dmean: [8.2568898506e-05]
    dmean2: [0.000126776692923]
    dvar: [1.43170254319e-07]
    dvar2: [3.67773594689e-07]
    kurt: [40.0223693848]
    max: [0.00181836623233]
    mean: [4.04903803428e-05]
    median: [0]
    min: [0]
    skew: [6.4824514389]
    var: [7.18376256259e-08]

MfccCoeff:
    dmean: [1.98041605949, 2.12376475334, 0.548304498196, 0.912895023823, 1.44758236408, 0.977244436741, 0.0754131004214, 0.56997615099, 0.798710823059, 0.560910701752, 0.0654435604811, 0.536256790161, 0.75000756979]
    dmean2: [2.73616623878, 2.95617818832, 0.840936005116, 1.10034930706, 1.7976590395, 1.20089423656, 0.113923542202, 0.583735287189, 0.740716695786, 0.451707035303, 0.0991022884846, 0.402178019285, 0.504314243793]
    dvar: [77.1892471313, 88.7194747925, 6.28876543045, 18.2282161713, 44.1275520325, 20.2896385193, 0.110480763018, 9.174243927, 14.3335723877, 5.44727373123, 0.0793169587851, 4.61366319656, 8.30395793915]
    dvar2: [169.677703857, 197.942581177, 16.1460762024, 28.6505355835, 75.1731643677, 33.6250038147, 0.282337397337, 9.40682506561, 11.3067502975, 2.9015891552, 0.204690799117, 2.17105460167, 4.12907409668]
    kurt: [21.4363136292, 22.8999595642, 40.0214881897, 27.6539669037, 24.0821762085, 25.2465572357, 39.4731788635, 34.5398483276, 33.4521903992, 29.6734962463, 38.5371437073, 27.9116840363, 24.5678348541]
    max: [-1087.3692627, 54.1921806335, 12.0459899902, 8.01086425781e-05, -6.103515625e-05, 2.28881835938e-05, 0.0885353088379, 19.7553806305, 27.5990409851, 19.2882022858, 0.0573539733887, -3.0517578125e-05, -3.81469726562e-05]
    mean: [-1117.80175781, 20.6767482758, 0.277862548828, -19.9493942261, -28.1544437408, -19.7670841217, -0.0665465444326, 19.1651611328, 26.7446689606, 18.6227073669, 0.0214552991092, -17.9260883331, -24.87150383]
    median: [-1117.9005127, 20.5078849792, 0.0116882324219, -20.3647270203, -28.6617088318, -20.145866394, -0.0349998474121, 19.7202854156, 27.598613739, 19.2878513336, 0.0572853088379, -18.5903320312, -25.8561058044]
    min: [-1138.42004395, 1.14440917969e-05, -0.0327453613281, -27.5263442993, -42.2875061035, -28.7998008728, -1.61367416382, -5.34057617188e-05, -4.57763671875e-05, -2.28881835938e-05, -1.32155227661, -18.5907669067, -25.8565177917]
    skew: [2.50789046288, 3.04290103912, 6.48234701157, 4.7457780838, 3.88502573967, 4.21045684814, -6.41385889053, -5.92057418823, -5.79604053497, -5.39890480042, -6.31863021851, 5.22704982758, 4.91185045242]
    var: [30.7454853058, 35.2185897827, 3.1475186348, 10.8483142853, 23.4646644592, 11.2209024429, 0.0547536201775, 8.95326900482, 17.6959571838, 9.07985973358, 0.0417217314243, 8.67255210876, 17.8537464142]

SpecContrastCoeff:
    dmean: [0.0526766441762, 0.016582487151, 0.0255499314517, 0.0147243170068, 0.0100391777232, 0.0117168361321]
    dmean2: [0.0964148119092, 0.0299956742674, 0.0298482459038, 0.0246852003038, 0.0169817730784, 0.0211680009961]
    dvar: [0.00157839467283, 0.000370626308722, 0.0027994341217, 6.87860228936e-05, 7.7328113548e-05, 0.00010221611592]
    dvar2: [0.00289523717947, 0.000795427709818, 0.00178874330595, 0.000213822670048, 0.00022712025384, 0.000265156908426]
    kurt: [3.13733673096, 10.9109191895, 20.1208724976, -0.442428588867, 2.33186101913, 3.88967895508]
    max: [-0.73512917757, -0.838074326515, -0.451183259487, -0.910598933697, -0.903866946697, -0.894252479076]
    mean: [-0.816880881786, -0.948784410954, -0.48486328125, -0.93689250946, -0.930087029934, -0.923551797867]
    median: [-0.823185861111, -0.955966234207, -0.46737164259, -0.93865275383, -0.929237902164, -0.924569010735]
    min: [-0.988094031811, -0.966641068459, -0.957306623459, -0.956149816513, -0.955842196941, -0.962398707867]
    skew: [-1.1883200407, 3.29728651047, -4.46861505508, 0.391704410315, -0.110765978694, -0.188142344356]
    var: [0.00254800356925, 0.000610036542639, 0.0072090937756, 0.000120395619888, 7.06741921022e-05, 0.000111118199129]

SpecPeakAmp:
    dmean: [3.06254946736e-06, 2.99008252114e-06, 3.12762858812e-06, 3.21590709973e-06, 8.3175029431e-05]
    dmean2: [3.95317010771e-06, 4.74135595141e-06, 4.90885031468e-06, 5.0175240176e-06, 0.000127777995658]
    dvar: [8.51723067075e-11, 1.09728774678e-10, 1.33063129959e-10, 1.48668466426e-10, 1.43235510563e-07]
    dvar2: [1.97030627924e-10, 2.8505567351e-10, 3.39828221119e-10, 3.80949688461e-10, 3.6774068235e-07]
    kurt: [26.1438827515, 39.3801689148, 39.7286567688, 39.7344360352, 40.0224227905]
    max: [5.3601408581e-05, 5.32327358087e-05, 5.71352647967e-05, 5.98993683525e-05, 0.00181836623233]
    mean: [1.70967377926e-05, 2.4549592581e-06, 2.54759697782e-06, 2.73894102065e-06, 4.17399387516e-05]
    median: [1.66170138982e-05, 1.34285937747e-06, 1.41216787597e-06, 1.37711663228e-06, 1.40129964166e-06]
    min: [9.47658008954e-07, 3.47029214254e-07, 4.48917035101e-07, 5.85073394177e-07, 4.27516937407e-07]
    skew: [4.26097154617, 6.40750074387, 6.44790458679, 6.44872379303, 6.48245716095]
    var: [3.75189879165e-11, 5.90426943448e-11, 6.79560019368e-11, 7.45075043329e-11, 7.17366432923e-08]
