
metadata:
    version:
        essentia: "2.1-beta3"

Flux:
    dmean: 0.00369627564214
    dmean2: 0.00486494740471
    dvar: 0.00014322498464
    dvar2: 0.000281082990114
    kurt: 9.64828968048
    max: 0.0698265656829
    mean: 0.00471495836973
    median: 0.000130217304104
    min: 1.23756572066e-05
    skew: 3.30222725868
    var: 0.000232756778132

Rms:
    dmean: 0.00150355871301
    dmean2: 0.00120220798999
    dvar: 2.57223837252e-05
    dvar2: 1.13891355795e-05
    kurt: 20.8053665161
    max: 0.0502172745764
    mean: 0.0483536832035
    median: 0.050098836422
    min: 0.00930016860366
    skew: -4.52917289734
    var: 4.81435963593e-05

RollOff:
    dmean: 6.36208295822
    dmean2: 6.00926589966
    dvar: 1487.55651855
    dvar2: 1279.44262695
    kurt: 39.5171394348
    max: 1033.59375
    mean: 760.36126709
    median: 753.662109375
    min: 753.662109375
    skew: 6.4254899025
    var: 1706.79614258

SpecCent:
    dmean: 8.32752132416
    dmean2: 10.7594976425
    dvar: 1015.10412598
    dvar2: 914.346862793
    kurt: 39.4922485352
    max: 967.766113281
    mean: 744.611022949
    median: 739.872497559
    min: 736.22277832
    skew: 6.4203081131
    var: 1138.82946777

Zcr:
    dmean: 0.00142045458779
    dmean2: 0.00140806683339
    dvar: 1.62104934134e-05
    dvar2: 1.0980677871e-05
    kurt: 17.8315086365
    max: 0.03369140625
    mean: 0.0321072041988
    median: 0.03369140625
    min: 0.00146484375
    skew: -4.23326683044
    var: 3.21934530803e-05

HarmonicAmpFreq:
    dmean: [0.348322093487]
    dmean2: [0.476927280426]
    dvar: [2.00067710876]
    dvar2: [1.99716043472]
    kurt: [35.3496322632]
    max: [748.234130859]
    mean: [738.859802246]
    median: [738.515197754]
    min: [738.509521484]
    skew: [5.95244550705]
    var: [2.11569142342]

HarmonicAmpMag:
    dmean: [0.00934569351375]
    dmean2: [0.0168858170509]
    dvar: [0.000500991474837]
    dvar2: [0.0011349163251]
    kurt: [2.32724046707]
    max: [0.0685123577714]
    mean: [0.0587544925511]
    median: [0.0685024634004]
    min: [0]
    skew: [-2.05809020996]
    var: [0.000547601259314]

MfccCoeff:
    dmean: [14.2968301773, 8.94024848938, 3.02168893814, 2.59347462654, 1.54549372196, 3.29354453087, 3.92809295654, 4.3435792923, 2.74177765846, 2.35943126678, 2.47194385529, 3.04483389854, 2.14076757431]
    dmean2: [21.4271469116, 13.405834198, 5.24660301208, 3.98040032387, 1.73890471458, 5.30783939362, 6.90443754196, 7.00167798996, 4.13970851898, 3.63603639603, 4.43312883377, 4.74253559113, 2.76074576378]
    dvar: [2949.84887695, 681.263244629, 4.72328948975, 11.1198034286, 21.2980232239, 7.15299367905, 4.35450172424, 10.7029876709, 28.547876358, 15.1972541809, 1.85502004623, 13.2825956345, 30.2040081024]
    dvar2: [7392.48095703, 1628.24365234, 8.8482093811, 7.43579149246, 12.4149398804, 9.2699804306, 15.0472755432, 14.479798317, 35.1822967529, 17.8931941986, 5.52331447601, 14.2645149231, 30.9673080444]
    kurt: [36.7001609802, 26.3422298431, 7.59961128235, 18.459646225, 21.2107620239, 14.0551433563, -1.42232751846, 15.0293254852, 17.5962982178, 15.6048793793, -1.40741741657, 14.827375412, 16.2276058197]
    max: [-847.795898438, 154.552886963, 12.9233398438, -12.6480827332, -17.9445304871, -12.8328933716, 2.40465164185, 43.0086746216, 59.1843986511, 40.532989502, 2.44068527222, -1.62127685547, -0.627281188965]
    mean: [-1090.42919922, 45.246295929, 1.09318470955, -39.5572280884, -55.96667099, -39.296043396, -1.17407000065, 35.4494819641, 49.4219017029, 34.1691932678, 0.196192681789, -31.7236499786, -43.4306945801]
    median: [-1096.93566895, 41.5848197937, 0.523193359375, -40.2119522095, -56.408203125, -39.9060173035, -0.855533599854, 36.8063011169, 51.6156349182, 35.7256393433, 0.306789398193, -32.9865989685, -45.5153923035]
    min: [-1122.35534668, 16.3870048523, -5.8550567627, -52.2350234985, -72.3095397949, -48.4373435974, -5.03281784058, 5.93766784668, 7.9854927063, 4.69958496094, -2.44709396362, -35.126537323, -46.041469574]
    skew: [6.10324239731, 4.93085670471, 1.71256041527, 3.11841130257, 3.64027023315, 3.37109971046, -0.150388240814, -3.56413793564, -4.17633533478, -3.93159103394, -0.168853327632, 3.83139419556, 4.10301685333]
    var: [1393.35644531, 332.691070557, 6.86909580231, 24.1280860901, 45.0220794678, 27.2430877686, 6.34857225418, 32.1024398804, 61.6718101501, 32.9882850647, 2.57988190651, 35.326084137, 68.4536361694]

SpecContrastCoeff:
    dmean: [0.0235443282872, 0.0225368496031, 0.0308736730367, 0.0134039940313, 0.0114435050637, 0.011317837052]
    dmean2: [0.045537058264, 0.0410193353891, 0.0339574404061, 0.0240746438503, 0.021077612415, 0.0215106010437]
    dvar: [0.000440915464424, 0.000729526916984, 0.00489025888965, 9.47219741647e-05, 0.00012149594113, 0.000147884027683]
    dvar2: [0.00101584929507, 0.00158559065312, 0.00248203077354, 0.000175873021362, 0.000228663906455, 0.000330977200065]
    kurt: [1.53042793274, 9.66960430145, 23.0712661743, 4.4090590477, 5.47881031036, 2.03393268585]
    max: [-0.890606164932, -0.797013580799, -0.27603700757, -0.886393904686, -0.90185803175, -0.921446204185]
    mean: [-0.951523840427, -0.937942922115, -0.314936310053, -0.939138114452, -0.952264308929, -0.955946087837]
    median: [-0.961347579956, -0.947323083878, -0.293300837278, -0.945382833481, -0.958644807339, -0.961834728718]
    min: [-0.981051564217, -0.957759380341, -0.943903207779, -0.949757039547, -0.959556639194, -0.963015496731]
    skew: [1.51048529148, 3.16287088394, -4.75489664078, 1.87766075134, 2.25115919113, 1.81696760654]
    var: [0.000457948452095, 0.00108090601861, 0.0118049886078, 0.000165655539604, 0.000140136791742, 0.000123787220218]

SpecPeakAmp:
    dmean: [7.27412043489e-05, 7.24456258467e-05, 0.0298657547683, 0.0249019265175, 0.0187068358064]
    dmean2: [0.000113859823614, 0.000114130591101, 0.0601662248373, 0.0509254485369, 0.0382640957832]
    dvar: [6.47233520112e-08, 6.36879278204e-08, 0.00110081385355, 0.00108290673234, 0.000928891415242]
    dvar2: [1.64727538277e-07, 1.64656256629e-07, 0.00224095955491, 0.00241532106884, 0.00224359775893]
    kurt: [39.621509552, 39.3487167358, -1.68478894234, -1.50000011921, 1.61272764206]
    max: [0.00126619590446, 0.00127840600908, 0.0685123577714, 0.0685120150447, 0.0685105919838]
    mean: [5.88831680943e-05, 6.29948990536e-05, 0.0252861045301, 0.0228750705719, 0.0106954472139]
    median: [3.3297965274e-05, 3.2812502468e-05, 5.59832369618e-05, 5.46255068912e-05, 4.23835044785e-05]
    min: [9.9351091194e-06, 1.05255503513e-05, 1.59599585459e-05, 1.21736939036e-05, 8.91555737326e-06]
    skew: [6.4350066185, 6.40295648575, 0.539339959621, 0.707093775272, 1.90070450306]
    var: [3.32831717742e-08, 3.38397896371e-08, 0.00106598029379, 0.00104103574995, 0.000615640485194]
