
metadata:
    version:
        essentia: "2.1-beta3"

Flux:
    dmean: 0.00278917467222
    dmean2: 0.00367148499936
    dvar: 8.40647844598e-05
    dvar2: 0.000165703677339
    kurt: 9.59705638885
    max: 0.0532695949078
    mean: 0.00358467665501
    median: 6.50927249808e-05
    min: 1.69456325239e-05
    skew: 3.29628539085
    var: 0.000136269241921

Rms:
    dmean: 0.00108500488568
    dmean2: 0.000800622394308
    dvar: 1.52857373905e-05
    dvar2: 6.89298167345e-06
    kurt: 20.8333473206
    max: 0.038367010653
    mean: 0.0370049849153
    median: 0.0383601672947
    min: 0.00701463920996
    skew: -4.53195381165
    var: 2.83650970232e-05

RollOff:
    dmean: 7.34086465836
    dmean2: 7.01081037521
    dvar: 1748.13659668
    dvar2: 1525.20007324
    kurt: 39.1728286743
    max: 2950.04882812
    mean: 2656.24145508
    median: 2648.58398438
    min: 2648.58398438
    skew: 6.38602161407
    var: 1981.56872559

SpecCent:
    dmean: 4.87599897385
    dmean2: 5.4329123497
    dvar: 701.350280762
    dvar2: 669.474487305
    kurt: 39.9092941284
    max: 2807.36621094
    mean: 2627.30078125
    median: 2623.09912109
    min: 2621.390625
    skew: 6.46926259995
    var: 737.873352051

Zcr:
    dmean: 0.00399502832443
    dmean2: 0.00280477828346
    dvar: 0.000215695952647
    dvar2: 0.000146944570588
    kurt: 17.8792991638
    max: 0.11962890625
    mean: 0.114485673606
    median: 0.11962890625
    min: 0.00390625
    skew: -4.2424197197
    var: 0.000418785930378

HarmonicAmpFreq:
    dmean: [0.125188648701]
    dmean2: [0.128100022674]
    dvar: [0.67390447855]
    dvar2: [0.689203858376]
    kurt: [40.0178756714]
    max: [2646.85180664]
    mean: [2641.46606445]
    median: [2641.34350586]
    min: [2641.34350586]
    skew: [6.48193264008]
    var: [0.659269452095]

HarmonicAmpMag:
    dmean: [1.35098059673e-06]
    dmean2: [1.38239875014e-06]
    dvar: [7.84813811161e-11]
    dvar2: [8.02631017205e-11]
    kurt: [40.0227279663]
    max: [5.94431439822e-05]
    mean: [1.32095874505e-06]
    median: [0]
    min: [0]
    skew: [6.48249387741]
    var: [7.6777015301e-11]

MfccCoeff:
    dmean: [10.4929561615, 1.22594213486, 3.00536036491, 1.17485165596, 0.844878554344, 0.833492696285, 0.601266920567, 1.00601541996, 0.428924113512, 1.08500516415, 0.242316678166, 1.03873825073, 0.452690213919]
    dmean2: [15.7350816727, 1.95255243778, 4.13493680954, 1.57725203037, 0.819974303246, 0.84955561161, 0.413608372211, 0.873481214046, 0.487866610289, 0.87116330862, 0.370486497879, 0.931264102459, 0.491698205471]
    dvar: [2257.72241211, 29.2288646698, 187.092712402, 26.4352359772, 18.8490428925, 12.6731204987, 6.99908304214, 15.3998661041, 2.10552716255, 17.1660232544, 0.233118489385, 17.5393638611, 1.59151947498]
    dvar2: [5629.02832031, 77.7749938965, 388.237823486, 49.9417762756, 13.2009954453, 7.46234607697, 2.75102329254, 6.25955820084, 2.27813267708, 11.1929006577, 0.355789661407, 14.7623758316, 1.14142417908]
    kurt: [38.3823814392, 35.7754402161, 19.335067749, 20.8750934601, 37.975769043, 35.2246780396, 30.8331642151, 30.5691146851, 17.4142417908, 24.1199512482, 15.4437427521, 21.4409236908, 23.6469860077]
    max: [-892.024169922, 21.5531044006, -4.85627746582, 34.946105957, 38.9004554749, -3.93291473389, -2.29774093628, 43.4092178345, 13.3577766418, -4.52734375, 4.48515701294, 42.6666946411, -2.237159729]
    mean: [-1100.70324707, -6.74640369415, -45.1013412476, 21.5856208801, 36.8903427124, -32.5201148987, -25.9296188354, 39.8980102539, 12.7268447876, -42.6704902649, 0.965098917484, 40.867603302, -13.6355581284]
    median: [-1104.92004395, -7.48021316528, -44.8718986511, 21.5609016418, 37.6792182922, -33.1217918396, -26.7129745483, 40.8647422791, 13.3498497009, -44.0049057007, 0.748973846436, 42.3685379028, -13.8755683899]
    min: [-1134.72314453, -8.69578933716, -87.4470062256, 2.65761184692, 3.81268310547, -36.2681236267, -26.7141189575, 4.57549285889, 0.592636108398, -45.6745529175, 0.736560821533, 3.86684417725, -16.5705909729]
    skew: [6.2668056488, 6.03572416306, -0.360504984856, -2.27052783966, -6.25803804398, 5.94002437592, 5.56267595291, -5.53239250183, -4.25281620026, 4.96366262436, 3.99602365494, -4.69739484787, 4.70294237137]
    var: [1009.48205566, 19.1897239685, 76.2191925049, 12.2154083252, 25.4838695526, 19.7205181122, 14.4056434631, 32.3262023926, 5.39177036285, 43.2212409973, 0.473633915186, 43.7956886292, 3.84633827209]

SpecContrastCoeff:
    dmean: [0.0488953590393, 0.013479125686, 0.0134268011898, 0.0166315212846, 0.0284072887152, 0.01774167642]
    dmean2: [0.0962718129158, 0.0241672042757, 0.0247971285135, 0.0331143848598, 0.0402939468622, 0.0346859954298]
    dvar: [0.00198434642516, 0.000189951664652, 9.23815241549e-05, 9.86033992376e-05, 0.00186780828517, 0.000166681231349]
    dvar2: [0.00697888806462, 0.000437240494648, 0.00029391341377, 0.000333437666995, 0.00138295663055, 0.000648343353532]
    kurt: [1.93332052231, 11.7155170441, 2.72333526611, -0.761433839798, 18.83527565, 0.0328040122986]
    max: [-0.809654653072, -0.906058430672, -0.93880879879, -0.909794211388, -0.383500337601, -0.908368587494]
    mean: [-0.938324570656, -0.985209822655, -0.981492042542, -0.937498986721, -0.433017253876, -0.940297603607]
    median: [-0.950792610645, -0.991523504257, -0.985922813416, -0.940373539925, -0.418506026268, -0.947001993656]
    min: [-0.996026217937, -0.995189905167, -0.991319358349, -0.951425075531, -0.817228257656, -0.951223552227]
    skew: [1.48949229717, 3.10064077377, 1.71729874611, 0.644263505936, -4.30421209335, 1.18170726299]
    var: [0.00167143112049, 0.000248761905823, 0.000144826699398, 0.000153599932673, 0.00494879623875, 0.000172129424755]

SpecPeakAmp:
    dmean: [1.44822324728e-05, 1.38490731842e-05, 1.36607823151e-05, 1.26924023789e-05, 1.3754704014e-05]
    dmean2: [2.29236884479e-05, 2.31405501836e-05, 2.29052511713e-05, 2.19913108594e-05, 2.30734731304e-05]
    dvar: [1.95275107195e-09, 1.96240690364e-09, 1.8972945437e-09, 1.55790513823e-09, 1.95547600335e-09]
    dvar2: [5.10824760269e-09, 5.09375963631e-09, 4.94900831427e-09, 4.18382084533e-09, 5.09936093351e-09]
    kurt: [38.8965034485, 39.5209083557, 39.4249420166, 34.7613983154, 39.4150009155]
    max: [0.000222653790843, 0.00022145890398, 0.000220552581595, 0.000221857568249, 0.00022447668016]
    mean: [1.50567193486e-05, 1.01138084574e-05, 1.02684607555e-05, 1.13677469926e-05, 1.04652899608e-05]
    median: [9.62047943176e-06, 5.81633776164e-06, 5.84430154049e-06, 6.09000153418e-06, 6.21235494691e-06]
    min: [4.71903604193e-06, 3.85351711429e-07, 6.97342727562e-07, 7.88772240412e-07, 8.72201724178e-07]
    skew: [6.34908056259, 6.42272901535, 6.41158771515, 5.93008708954, 6.41057634354]
    var: [9.92566029367e-10, 1.02113795197e-09, 1.01205488434e-09, 1.07630526713e-09, 1.04837249992e-09]
