
metadata:
    version:
        essentia: "2.1-beta3"

Flux:
    dmean: 0.0332011133432
    dmean2: 0.0438390597701
    dvar: 0.0116098728031
    dvar2: 0.0222909804434
    kurt: 9.45691108704
    max: 0.642836213112
    mean: 0.0434093251824
    median: 0.00118568725884
    min: 7.12512337486e-05
    skew: 3.27415132523
    var: 0.0196201428771

Rms:
    dmean: 0.0138449082151
    dmean2: 0.0111130783334
    dvar: 0.0021907677874
    dvar2: 0.000977310468443
    kurt: 21.0431995392
    max: 0.462669312954
    mean: 0.44556376338
    median: 0.461575746536
    min: 0.0845728293061
    skew: -4.55248451233
    var: 0.00408617639914

RollOff:
    dmean: 5.87269163132
    dmean2: 5.5084939003
    dvar: 1251.16650391
    dvar2: 1058.76257324
    kurt: 39.4301986694
    max: 1012.06054688
    mean: 759.8828125
    median: 753.662109375
    min: 753.662109375
    skew: 6.4159412384
    var: 1455.37902832

SpecCent:
    dmean: 6.89961671829
    dmean2: 9.40916442871
    dvar: 528.971618652
    dvar2: 488.840423584
    kurt: 39.2974967957
    max: 902.238891602
    mean: 743.040161133
    median: 739.80279541
    min: 736.224121094
    skew: 6.39641523361
    var: 580.931274414

Zcr:
    dmean: 0.00142045458779
    dmean2: 0.00140806683339
    dvar: 1.62104934134e-05
    dvar2: 1.0980677871e-05
    kurt: 17.8315086365
    max: 0.03369140625
    mean: 0.0321072041988
    median: 0.03369140625
    min: 0.00146484375
    skew: -4.23326683044
    var: 3.21934530803e-05

HarmonicAmpFreq:
    dmean: [0.0463076494634]
    dmean2: [0.0831667855382]
    dvar: [0.0316960960627]
    dvar2: [0.0640998408198]
    kurt: [15.7229423523]
    max: [739.604858398]
    mean: [738.565612793]
    median: [738.514892578]
    min: [738.355895996]
    skew: [4.12365913391]
    var: [0.052683904767]

HarmonicAmpMag:
    dmean: [0.0287381168455]
    dmean2: [0.0381687618792]
    dvar: [0.0129014989361]
    dvar2: [0.0189289879054]
    kurt: [8.72536087036]
    max: [0.631229877472]
    mean: [0.583397567272]
    median: [0.631150901318]
    min: [0]
    skew: [-3.23015975952]
    var: [0.0257207080722]

MfccCoeff:
    dmean: [31.3612499237, 21.6670379639, 34.6146278381, 7.03535890579, 8.09680461884, 5.74069643021, 1.6674374342, 2.8067650795, 2.76914572716, 2.63610219955, 1.08199775219, 1.73496365547, 1.87134361267]
    dmean2: [49.843120575, 37.7415847778, 63.4789886475, 12.5392627716, 11.9635915756, 9.94283390045, 2.83614683151, 4.06129407883, 3.84633398056, 3.87708592415, 1.96323764324, 2.53142023087, 2.17287445068]
    dvar: [6404.984375, 154.009674072, 376.969024658, 77.5792007446, 46.0084915161, 39.4034385681, 4.00077772141, 13.1350498199, 27.4230899811, 13.5342874527, 0.921412825584, 13.9900817871, 28.5690422058]
    dvar2: [15044.2324219, 440.386230469, 1008.03930664, 156.572814941, 98.6758728027, 90.5812683105, 9.85032463074, 18.0614814758, 28.3401622772, 13.6331958771, 1.85886096954, 18.2320098877, 26.3659381866]
    kurt: [25.3568439484, -0.601675748825, -1.20864617825, 5.30175495148, 7.60696029663, 5.71304893494, 3.90739345551, 16.6477470398, 16.9359474182, 16.5118026733, 2.9892950058, 13.1947631836, 16.0891551971]
    max: [-617.221191406, 167.290740967, 31.0329627991, -31.8703079224, -27.9174003601, -19.2446060181, 3.14026260376, 40.186504364, 54.3713798523, 36.0497589111, 0.643405914307, -5.43440246582, 0.184272766113]
    mean: [-970.184204102, 134.494873047, -2.86541175842, -61.1738891602, -68.7204971313, -42.6187438965, 0.472539722919, 35.222694397, 47.7752876282, 32.1737213135, -0.866768121719, -31.2771759033, -42.0851707458]
    median: [-977.393249512, 137.041381836, -5.849609375, -60.591835022, -69.3558654785, -43.661190033, 1.3016242981, 36.4323692322, 49.7583656311, 33.5771865845, -0.908588409424, -32.459941864, -44.17710495]
    min: [-1009.6618042, 103.987129211, -41.6234092712, -91.5529556274, -95.9730834961, -64.6297302246, -9.01202392578, 6.77581214905, 6.23153305054, 1.70995330811, -4.18117141724, -35.2388420105, -45.8536109924]
    skew: [5.00878429413, -0.332732260227, 0.140080228448, 0.429799556732, 1.50773966312, 0.684879183769, -1.85438621044, -3.94128346443, -4.11826944351, -3.98732471466, -1.4251730442, 3.74658823013, 4.07745933533]
    var: [3563.74072266, 205.047897339, 500.592590332, 78.6457672119, 87.9774398804, 42.4828910828, 5.85458517075, 28.6605205536, 62.0659332275, 33.1832427979, 0.92702203989, 29.2330188751, 66.4918746948]

SpecContrastCoeff:
    dmean: [0.0319327563047, 0.0307771544904, 0.031981036067, 0.0165773071349, 0.0127237476408, 0.00762885529548]
    dmean2: [0.0597996711731, 0.0547327101231, 0.0330858826637, 0.0317018404603, 0.0239711869508, 0.0139072854072]
    dvar: [0.00124606664758, 0.00157696870156, 0.00887613091618, 0.00017337060126, 0.000138664123369, 0.000115818322229]
    dvar2: [0.00323934433982, 0.00399928353727, 0.00406848918647, 0.000265557726379, 0.000264917092863, 0.000294409896014]
    kurt: [4.88218784332, 9.52436733246, 27.6112689972, 4.42944669724, 3.21652173996, 4.14387369156]
    max: [-0.854917109013, -0.73881983757, -0.10089609772, -0.863216876984, -0.892755866051, -0.917993426323]
    mean: [-0.966551721096, -0.921434521675, -0.139125004411, -0.92418974638, -0.942565083504, -0.951995253563]
    median: [-0.978758633137, -0.935440778732, -0.112320311368, -0.93262219429, -0.949951708317, -0.956245362759]
    min: [-0.986957788467, -0.945664763451, -0.927939295769, -0.937426328659, -0.951955318451, -0.958005428314]
    skew: [2.32549095154, 3.14506816864, -5.19058799744, 2.00850772858, 1.88980054855, 2.30358147621]
    var: [0.000937866512686, 0.00170256546699, 0.0168748795986, 0.000286220340058, 0.000170869025169, 9.97904717224e-05]

SpecPeakAmp:
    dmean: [0.000696913164575, 0.058000780642, 0.229434683919, 0.114945061505, 0.0289984364063]
    dmean2: [0.00109058886301, 0.118355348706, 0.448836356401, 0.235061869025, 0.0592030882835]
    dvar: [6.03644684816e-06, 0.0328004993498, 0.0876637920737, 0.059111520648, 0.0172624774277]
    dvar2: [1.56879286806e-05, 0.0970047786832, 0.244505107403, 0.166742131114, 0.0520666241646]
    kurt: [39.0159797668, 17.5388050079, -0.31615447998, 6.34739875793, 40.0194625854]
    max: [0.0124011887237, 0.63116568327, 0.631229877472, 0.631186127663, 0.631209492683]
    mean: [0.000526403891854, 0.0287512913346, 0.485310405493, 0.0565758645535, 0.0142751680687]
    median: [0.000249128497671, 0.000450279912911, 0.631137549877, 0.000464033451863, 0.000108337138954]
    min: [2.94957044389e-05, 8.05107047199e-05, 0.00010219989781, 7.41530529922e-05, 4.87062134198e-05]
    skew: [6.36721134186, 4.41978740692, -1.28118538857, 2.88916802406, 6.48210763931]
    var: [3.24300845023e-06, 0.0168807543814, 0.0685824751854, 0.0322068631649, 0.00865050964057]
