
metadata:
    version:
        essentia: "2.1-beta3"

Flux:
    dmean: 0.01813352108
    dmean2: 0
    dvar: 0
    dvar2: 0
    kurt: -2
    max: 0.382589429617
    mean: 0.373522669077
    median: 0.373522669077
    min: 0.364455908537
    skew: 0
    var: 8.22061483632e-05

Rms:
    dmean: 0
    dmean2: 0
    dvar: 0
    dvar2: 0
    kurt: 0
    max: 0.131635084748
    mean: 0.131635084748
    median: 0.131635084748
    min: 0.131635084748
    skew: 0
    var: 0

RollOff:
    dmean: 279.931640625
    dmean2: 0
    dvar: 0
    dvar2: 0
    kurt: -2
    max: 1313.52539062
    mean: 1173.55957031
    median: 1173.55957031
    min: 1033.59375
    skew: 0
    var: 19590.4316406

SpecCent:
    dmean: 112.87310791
    dmean2: 0
    dvar: 0
    dvar2: 0
    kurt: -2
    max: 1069.2923584
    mean: 1012.85583496
    median: 1012.85583496
    min: 956.419250488
    skew: -1.6080897467e-06
    var: 3185.0847168

Zcr:
    dmean: 0
    dmean2: 0
    dvar: 0
    dvar2: 0
    kurt: 0
    max: 0.0126953125
    mean: 0.0126953125
    median: 0.0126953125
    min: 0.0126953125
    skew: 0
    var: 0

HarmonicAmpFreq:
    dmean: [29.5463867188]
    dmean2: [0]
    dvar: [0]
    dvar2: [0]
    kurt: [-1.99999988079]
    max: [957.104736328]
    mean: [942.331542969]
    median: [942.331542969]
    min: [927.558349609]
    skew: [0]
    var: [218.247238159]

HarmonicAmpMag:
    dmean: [0.105227872729]
    dmean2: [0]
    dvar: [0]
    dvar2: [0]
    kurt: [-1.99999988079]
    max: [0.105227872729]
    mean: [0.0526139363647]
    median: [0.0526139363647]
    min: [0]
    skew: [0]
    var: [0.00276822620071]

MfccCoeff:
    dmean: [397.202087402, 13.1990280151, 29.0709648132, 64.0141601562, 7.32559585571, 46.812084198, 25.3393917084, 16.7816524506, 23.1536178589, 5.79377365112, 10.4215278625, 8.21223449707, 1.48995399475]
    dmean2: [0, 0, 0, 0, 0, 0, 0, 0, 0, 0, 0, 0, 0]
    dvar: [0, 0, 0, 0, 0, 0, 0, 0, 0, 0, 0, 0, 0]
    dvar2: [0, 0, 0, 0, 0, 0, 0, 0, 0, 0, 0, 0, 0]
    kurt: [-2, -2, -1.99999988079, -2, -2, -2, -1.99999988079, -2, -2, -2, -2, -1.99999988079, -2]
    max: [-581.669067383, 138.707702637, -22.4849395752, -46.6719779968, -36.0473594666, 41.1662597656, 43.0770950317, 21.7866420746, 5.87041473389, -6.76192855835, 0.565525054932, 5.23238372803, 2.23106575012]
    mean: [-780.270141602, 132.108184814, -37.0204238892, -78.6790542603, -39.7101593018, 17.7602176666, 30.4073982239, 13.3958158493, -5.70639419556, -9.65881538391, -4.64523887634, 1.12626647949, 1.48608875275]
    median: [-780.270141602, 132.108184814, -37.0204238892, -78.6790542603, -39.7101593018, 17.7602176666, 30.4073982239, 13.3958158493, -5.70639419556, -9.65881538391, -4.64523887634, 1.12626647949, 1.48608875275]
    min: [-978.871154785, 125.508674622, -51.5559043884, -110.686134338, -43.3729553223, -5.64582443237, 17.7377033234, 5.00498962402, -17.283203125, -12.5557022095, -9.85600280762, -2.97985076904, 0.741111755371]
    skew: [4.46810588528e-07, 1.69876841483e-06, 3.97485877102e-07, -1.78695344744e-07, 1.55257009737e-06, 0, 2.10077530483e-07, 0, 0, 0, 0, 0, 0]
    var: [39442.375, 43.5535850525, 211.28024292, 1024.45300293, 13.4160881042, 547.842834473, 160.521179199, 70.4059677124, 134.022506714, 8.39195346832, 27.1520614624, 16.8601989746, 0.554990708828]

SpecContrastCoeff:
    dmean: [0.00525814294815, 0.0845326781273, 0.0155093669891, 0.210953235626, 0.00560885667801, 0.0233807563782]
    dmean2: [0, 0, 0, 0, 0, 0]
    dvar: [0, 0, 0, 0, 0, 0]
    dvar2: [0, 0, 0, 0, 0, 0]
    kurt: [-2, -2, -2, -2, -1.99999988079, -2]
    max: [-0.964235603809, -0.830696880817, -0.747777402401, -0.565241336823, -0.91936558485, -0.93424808979]
    mean: [-0.966864705086, -0.872963190079, -0.755532085896, -0.670717954636, -0.922170042992, -0.945938467979]
    median: [-0.966864705086, -0.872963190079, -0.755532085896, -0.670717954636, -0.922170042992, -0.945938467979]
    min: [-0.969493746758, -0.915229558945, -0.76328676939, -0.776194572449, -0.924974441528, -0.957628846169]
    skew: [3.40174883604e-05, -2.11996621147e-06, 0, 0, 3.18927777698e-05, 0]
    var: [6.91201694281e-06, 0.00178644340485, 6.01351166551e-05, 0.0111253168434, 7.8648181443e-06, 0.0001366649376]

SpecPeakAmp:
    dmean: [0.105104357004, 0.0522749423981, 0.0275134108961, 0.01446313411, 0.00904025416821]
    dmean2: [0, 0, 0, 0, 0]
    dvar: [0, 0, 0, 0, 0]
    dvar2: [0, 0, 0, 0, 0]
    kurt: [-2, -2, -2, -2, -2]
    max: [0.105227872729, 0.0524229966104, 0.0276695284992, 0.0146329170093, 0.00923221558332]
    mean: [0.0526756942272, 0.0262855254114, 0.0139128230512, 0.00740134995431, 0.00471208849922]
    median: [0.0526756942272, 0.0262855254114, 0.0139128230512, 0.00740134995431, 0.00471208849922]
    min: [0.000123517922475, 0.000148054750753, 0.00015611803974, 0.000169783015735, 0.000191961808014]
    skew: [5.01323427216e-08, 0, 0, 0, 1.92343847516e-07]
    var: [0.00276173138991, 0.00068316742545, 0.000189246944501, 5.22955633642e-05, 2.04315474548e-05]
