
metadata:
    version:
        essentia: "2.1-beta3"

Flux:
    dmean: 6.47446540825e-06
    dmean2: 9.65422441368e-06
    dvar: 5.38106559311e-10
    dvar2: 1.15448461901e-09
    kurt: 13.7982978821
    max: 0.000124706188217
    mean: 7.75257649366e-06
    median: 1.51849326357e-06
    min: 7.50430160679e-07
    skew: 3.84183931351
    var: 5.66885594022e-10

Rms:
    dmean: 1.72239379026e-06
    dmean2: 1.63185416113e-06
    dvar: 4.23612013523e-11
    dvar2: 3.19433923757e-11
    kurt: 19.5639743805
    max: 0.000101411729702
    mean: 9.95014779619e-05
    median: 0.000101272060419
    min: 5.90296658629e-05
    skew: -4.50342273712
    var: 5.59404501888e-11

RollOff:
    dmean: 1.00154435635
    dmean2: 1.025390625
    dvar: 20.5633563995
    dvar2: 21.0285148621
    kurt: 17.0510482788
    max: 1507.32421875
    mean: 1486.7689209
    median: 1485.79101562
    min: 1485.79101562
    skew: 4.36493968964
    var: 20.1182975769

SpecCent:
    dmean: 4.22055006027
    dmean2: 5.7335319519
    dvar: 26.0857219696
    dvar2: 19.7798576355
    kurt: 12.0869274139
    max: 1622.55871582
    mean: 1586.79528809
    median: 1585.3605957
    min: 1581.68786621
    skew: 3.47298789024
    var: 58.2305755615

Zcr:
    dmean: 0.00187363731675
    dmean2: 0.00210425956175
    dvar: 4.60084738734e-05
    dvar2: 4.06842882512e-05
    kurt: 17.3893356323
    max: 0.0673828125
    mean: 0.0654407814145
    median: 0.06689453125
    min: 0.0302734375
    skew: -4.37498569489
    var: 5.08318189532e-05

HarmonicAmpFreq:
    dmean: [0]
    dmean2: [0]
    dvar: [0]
    dvar2: [0]
    kurt: [-2]
    max: [1479.55883789]
    mean: [1479.55871582]
    median: [1479.55883789]
    min: [1479.55883789]
    skew: [1]
    var: [1.49011611938e-08]

HarmonicAmpMag:
    dmean: [0]
    dmean2: [0]
    dvar: [0]
    dvar2: [0]
    kurt: [nan]
    max: [0]
    mean: [0]
    median: [0]
    min: [0]
    skew: [nan]
    var: [0]

MfccCoeff:
    dmean: [0.089931756258, 0.0391732156277, 0.102699458599, 0.101992584765, 0.0392381548882, 0.124737404287, 0.0376551412046, 0.0994692072272, 0.0973821207881, 0.0378224588931, 0.117497995496, 0.0347565039992, 0.0924274548888]
    dmean2: [0.0925409197807, 0.0402999147773, 0.105671107769, 0.104931056499, 0.0403863824904, 0.128347486258, 0.0387427918613, 0.102353774011, 0.100177764893, 0.0389696769416, 0.120896473527, 0.035810559988, 0.0951225608587]
    dvar: [0.16713885963, 0.0316838845611, 0.218074262142, 0.214856386185, 0.0319066978991, 0.321577042341, 0.0290881097317, 0.204758703709, 0.195589929819, 0.0297275651246, 0.285343050957, 0.0245208684355, 0.176933184266]
    dvar2: [0.168861418962, 0.0320119857788, 0.220338374376, 0.217085391283, 0.0322385802865, 0.324914187193, 0.0293889585882, 0.20688521862, 0.197620257735, 0.0300351046026, 0.288304775953, 0.0247703790665, 0.178770929575]
    kurt: [20.6649570465, 20.5770168304, 20.7152957916, 20.6042232513, 21.0520610809, 20.670917511, 20.1060943604, 20.8305587769, 20.4885025024, 21.5664710999, 20.6708927155, 19.6054553986, 20.9599933624]
    max: [-1136.10656738, 1.00541305542, -6.103515625e-05, 8.01086425781e-05, 1.0178527832, 3.20886993408, 0.954181671143, -5.34057617188e-05, -4.57763671875e-05, 0.99129486084, 3.02263259888, 0.866348266602, -3.81469726562e-05]
    mean: [-1136.19641113, 0.966311693192, -2.5424041748, -2.5176782608, 0.978924810886, 3.08449006081, 0.916412353516, -2.46930217743, -2.39645218849, 0.954028904438, 2.90547156334, 0.831368863583, -2.30128455162]
    median: [-1136.10888672, 1.00439071655, -2.64225769043, -2.61686325073, 1.01698303223, 3.2057723999, 0.952945709229, -2.56593704224, -2.49118041992, 0.990562438965, 3.01971817017, 0.864921569824, -2.39097595215]
    min: [-1138.42004395, 1.14440917969e-05, -2.64474487305, -2.61945724487, -6.103515625e-05, 2.28881835938e-05, -2.67028808594e-05, -2.56828308105, -2.49374389648, -2.28881835938e-05, -2.67028808594e-05, -3.0517578125e-05, -2.39309692383]
    skew: [-4.67030000687, -4.66323947906, 4.67509555817, 4.66557502747, -4.70401287079, -4.6712884903, -4.62294340134, 4.6849861145, 4.65565681458, -4.74830818176, -4.67128372192, -4.5802359581, 4.69609928131]
    var: [0.165556252003, 0.0313825719059, 0.215998798609, 0.212813839316, 0.0316035151482, 0.318517178297, 0.0288152527064, 0.202810287476, 0.193734169006, 0.0294475723058, 0.282627373934, 0.0242979582399, 0.175251692533]

SpecContrastCoeff:
    dmean: [0.0182928200811, 0.0200286433101, 0.0139809194952, 0.0136220846325, 0.00933831278235, 0.00954020116478]
    dmean2: [0.0259050633758, 0.032852422446, 0.0233389139175, 0.0178954340518, 0.0141498120502, 0.0141320722178]
    dvar: [0.00139233481605, 0.000406563980505, 0.000116768096632, 0.00122315296903, 8.21366847958e-05, 0.000141876007547]
    dvar2: [0.00141670682933, 0.000725557620171, 0.000292544165859, 0.0011027068831, 9.51354013523e-05, 0.000135636131745]
    kurt: [15.2727870941, 5.74670219421, 4.69734334946, 17.6051483154, 10.4440841675, 15.3060302734]
    max: [-0.626655817032, -0.837482094765, -0.866990447044, -0.612370252609, -0.885148048401, -0.860169708729]
    mean: [-0.657151401043, -0.883282899857, -0.894086837769, -0.631992638111, -0.899349272251, -0.874440789223]
    median: [-0.649366378784, -0.881817519665, -0.891998112202, -0.624586045742, -0.898235917091, -0.873531460762]
    min: [-0.843159496784, -0.9693120718, -0.946355521679, -0.824491381645, -0.952015936375, -0.946266829967]
    skew: [-3.99867367744, -1.63381755352, -1.32694590092, -4.3192782402, -2.79387021065, -3.64670801163]
    var: [0.00151633459609, 0.000417068222305, 0.000167195132235, 0.00141130865086, 0.000122000972624, 0.000192048391909]

SpecPeakAmp:
    dmean: [2.73250009286e-07, 3.75408575337e-08, 4.16103134171e-08, 7.9627803018e-08, 1.97330379592e-07]
    dmean2: [3.59451775012e-07, 5.4403169969e-08, 5.59760486851e-08, 1.29798507942e-07, 3.13751144176e-07]
    dvar: [5.1566455099e-13, 1.56681984061e-15, 9.635847655e-15, 1.52215462863e-14, 2.1277462214e-13]
    dvar2: [4.90010484445e-13, 2.92597600168e-15, 1.14841065802e-14, 2.58325719621e-14, 2.51948960826e-13]
    kurt: [19.8127765656, 6.21126651764, 16.6910896301, 14.400056839, 32.5873184204]
    max: [1.69032991835e-05, 5.84490408073e-07, 5.95518429236e-07, 8.17403815745e-07, 3.28238320435e-06]
    mean: [1.66114077729e-05, 3.78117846367e-07, 9.9786340968e-08, 1.47624206193e-07, 3.26397639583e-07]
    median: [1.67609814525e-05, 3.70770464997e-07, 7.71748034367e-08, 9.69024682718e-08, 1.82325777587e-07]
    min: [1.26023596749e-05, 3.07025175061e-07, 4.6354852401e-08, 5.88071600305e-08, 8.89788935865e-08]
    skew: [-4.55490064621, 1.9025580883, 4.2003698349, 3.59928131104, 5.6309595108]
    var: [5.51786101619e-13, 2.21220971263e-15, 9.81424719325e-15, 1.68052912217e-14, 2.20856373554e-13]
