
metadata:
    version:
        essentia: "2.1-beta3"

Flux:
    dmean: 0.000162745069247
    dmean2: 0.000214712883462
    dvar: 2.85416518864e-07
    dvar2: 5.61883268801e-07
    kurt: 9.60590171814
    max: 0.00310905161314
    mean: 0.000212646831642
    median: 7.3051878644e-06
    min: 5.22180653206e-06
    skew: 3.29731202126
    var: 4.62626644548e-07

Rms:
    dmean: 6.50109432172e-05
    dmean2: 4.97138644278e-05
    dvar: 5.15038784954e-08
    dvar2: 2.30830394798e-08
    kurt: 20.8011837006
    max: 0.00224114628509
    mean: 0.00215960713103
    median: 0.00223803543486
    min: 0.000414711830672
    skew: -4.52888393402
    var: 9.61069446248e-08

RollOff:
    dmean: 7.34086465836
    dmean2: 7.01081037521
    dvar: 1748.13659668
    dvar2: 1525.20007324
    kurt: 39.1740150452
    max: 1787.25585938
    mean: 1493.44641113
    median: 1485.79101562
    min: 1485.79101562
    skew: 6.38616132736
    var: 1981.56872559

SpecCent:
    dmean: 10.8008918762
    dmean2: 12.2724552155
    dvar: 2377.07250977
    dvar2: 2071.97753906
    kurt: 39.4681739807
    max: 1831.8059082
    mean: 1485.09594727
    median: 1476.54223633
    min: 1473.74914551
    skew: 6.41905355453
    var: 2749.79443359

Zcr:
    dmean: 0.00253018457443
    dmean2: 0.00213481113315
    dvar: 6.82231984683e-05
    dvar2: 4.64863551315e-05
    kurt: 17.7289390564
    max: 0.0673828125
    mean: 0.0641493052244
    median: 0.06689453125
    min: 0.001953125
    skew: -4.22714614868
    var: 0.000133178386022

HarmonicAmpFreq:
    dmean: [0.0509643554688]
    dmean2: [0.0521495714784]
    dvar: [0.111686713994]
    dvar2: [0.114222280681]
    kurt: [40.0724334717]
    max: [1479.77648926]
    mean: [1479.72729492]
    median: [1479.77648926]
    min: [1477.53405762]
    skew: [-6.48824357986]
    var: [0.109261631966]

HarmonicAmpMag:
    dmean: [8.08438898048e-08]
    dmean2: [8.27239787782e-08]
    dvar: [2.81036587231e-13]
    dvar2: [2.8741676465e-13]
    kurt: [40.0227241516]
    max: [3.55713109457e-06]
    mean: [7.90473606571e-08]
    median: [0]
    min: [0]
    skew: [6.48249387741]
    var: [2.74933342152e-13]

MfccCoeff:
    dmean: [1.14200937748, 0.484892398119, 1.26637756824, 1.17883634567, 0.454988986254, 1.25625276566, 0.31410703063, 0.815417230129, 0.665717542171, 0.241518631577, 0.74429410696, 0.224901899695, 0.581531107426]
    dmean2: [1.46109366417, 0.616917788982, 1.61090481281, 1.47800934315, 0.572188258171, 1.52353847027, 0.358492821455, 0.930056214333, 0.704627454281, 0.250549405813, 0.679108202457, 0.184247925878, 0.454631268978]
    dvar: [26.2689208984, 4.75753068924, 32.460269928, 28.4998645782, 4.23550081253, 33.5701332092, 2.27729272842, 15.3803014755, 11.5340652466, 1.57216024399, 11.7704954147, 0.883205354214, 5.55389022827]
    dvar2: [48.491153717, 8.65749454498, 59.0431060791, 49.9267425537, 7.47858715057, 53.7985229492, 3.09101843834, 20.8401298523, 12.8268671036, 1.66318655014, 8.8509721756, 0.491328477859, 2.80119156837]
    kurt: [19.942193985, 20.5414466858, 20.5652103424, 22.2512359619, 21.9063167572, 26.1736335754, 31.1503715515, 31.2257957458, 33.4432296753, 33.655708313, 32.4294128418, 29.6241264343, 28.330324173]
    max: [-1106.43933105, 13.6594352722, -6.103515625e-05, 8.01086425781e-05, 12.9788208008, 37.1481628418, 9.80954360962, -5.34057617188e-05, -4.57763671875e-05, 8.14534187317, 25.3336753845, 7.64311981201, -3.81469726562e-05]
    mean: [-1119.30847168, 8.33431720734, -21.7871227264, -21.6479091644, 8.24956703186, 26.3487224579, 8.00961112976, -20.8494243622, -20.4911327362, 7.76669168472, 24.5267658234, 7.37923240662, -19.098077774]
    median: [-1119.03076172, 8.46201705933, -22.1214027405, -22.0207939148, 8.3885345459, 26.8936920166, 8.21016311646, -21.371711731, -21.0742034912, 7.99276924133, 25.3332328796, 7.64292144775, -19.8007774353]
    min: [-1138.42004395, 1.14440917969e-05, -35.6841392517, -33.7204055786, -6.103515625e-05, 2.28881835938e-05, -2.67028808594e-05, -25.4999771118, -22.0950241089, -2.28881835938e-05, -2.67028808594e-05, -3.0517578125e-05, -19.801158905]
    skew: [-2.51230025291, -2.78732204437, 2.79613304138, 3.42835259438, -3.30771875381, -4.50002145767, -5.46878957748, 5.47845554352, 5.8100271225, -5.83525943756, -5.69214916229, -5.39491271973, 5.26514053345]
    var: [12.514292717, 2.31130003929, 15.7791309357, 14.6000175476, 2.14573502541, 19.4855690002, 1.64332067966, 11.1215734482, 10.3973445892, 1.48922812939, 15.106751442, 1.42695701122, 9.76754379272]

SpecContrastCoeff:
    dmean: [0.0427886806428, 0.0173406172544, 0.0171735230833, 0.0201174337417, 0.00833082292229, 0.00780367851257]
    dmean2: [0.0726402401924, 0.0287511907518, 0.0267813038081, 0.0251695718616, 0.0143943121657, 0.0139893712476]
    dvar: [0.00108363071922, 0.000154726076289, 9.9832934211e-05, 0.00226392876357, 3.46417364199e-05, 5.28498094354e-05]
    dvar2: [0.00211022910662, 0.000512481841724, 0.000221541253268, 0.00217910157517, 8.05901290732e-05, 0.000138392686495]
    kurt: [5.66024684906, 0.51210975647, 2.56232023239, 18.0695266724, -0.0160312652588, 8.33940315247]
    max: [-0.692130386829, -0.893564581871, -0.890982985497, -0.480843007565, -0.908868670464, -0.904011964798]
    mean: [-0.770404040813, -0.936073958874, -0.947305977345, -0.515465855598, -0.926589608192, -0.924427449703]
    median: [-0.766367554665, -0.934978187084, -0.950688719749, -0.497978717089, -0.926917850971, -0.924019098282]
    min: [-0.957927942276, -0.968891739845, -0.965520501137, -0.906276106834, -0.946652889252, -0.966377139091]
    skew: [-2.00322079659, 0.307960748672, 1.48530614376, -4.29545116425, 0.0383522771299, -2.3399374485]
    var: [0.00236031180248, 0.000205404328881, 0.000277351558907, 0.00535031640902, 6.23882515356e-05, 9.56420917646e-05]

SpecPeakAmp:
    dmean: [1.45860406064e-06, 7.82597851412e-07, 7.09924279363e-07, 7.85384486335e-07, 8.28237546102e-07]
    dmean2: [2.13082716982e-06, 1.21773746287e-06, 1.16538353723e-06, 1.24835150928e-06, 1.26884197016e-06]
    dvar: [9.86204694298e-12, 4.63915711402e-12, 3.61374905694e-12, 5.14860680131e-12, 6.00321355126e-12]
    dvar2: [1.40992530151e-11, 1.20887007002e-11, 9.63385534541e-12, 1.30847841243e-11, 1.52581072776e-11]
    kurt: [26.4698543549, 37.540725708, 33.3671798706, 38.5706443787, 38.9636802673]
    max: [2.19965913857e-05, 1.13632022476e-05, 1.15303791972e-05, 1.20630420497e-05, 1.27729163069e-05]
    mean: [1.6422211047e-05, 9.60555780694e-07, 1.03165200471e-06, 9.70002702161e-07, 9.24123980894e-07]
    median: [1.6709233023e-05, 7.3121884725e-07, 7.84226642736e-07, 7.44683006815e-07, 6.8874066983e-07]
    min: [6.63067396545e-07, 2.23476632755e-07, 3.01320426388e-07, 1.05009156925e-07, 2.50249826195e-07]
    skew: [-4.65024757385, 6.19546699524, 5.7666554451, 6.30851411819, 6.35626029968]
    var: [6.88386153636e-12, 2.53384075874e-12, 2.72941370026e-12, 2.84527176125e-12, 3.23086674602e-12]
