
metadata:
    version:
        essentia: "2.1-beta3"

Flux:
    dmean: 0.00367141212337
    dmean2: 0.00485087651759
    dvar: 0.000143118872074
    dvar2: 0.000281179236481
    kurt: 9.60780239105
    max: 0.0696620494127
    mean: 0.00468404311687
    median: 8.36026447359e-05
    min: 1.54462759383e-05
    skew: 3.29739809036
    var: 0.000232742764638

Rms:
    dmean: 0.00145505042747
    dmean2: 0.00111072545405
    dvar: 2.5700619517e-05
    dvar2: 1.14937492981e-05
    kurt: 20.7241611481
    max: 0.0501757524908
    mean: 0.0483539775014
    median: 0.0501085110009
    min: 0.0093944510445
    skew: -4.52149343491
    var: 4.80156923004e-05

RollOff:
    dmean: 6.85147380829
    dmean2: 6.51003837585
    dvar: 1491.62805176
    dvar2: 1283.95654297
    kurt: 39.0403785706
    max: 1765.72265625
    mean: 1492.96789551
    median: 1485.79101562
    min: 1485.79101562
    skew: 6.37132263184
    var: 1710.45959473

SpecCent:
    dmean: 8.57206058502
    dmean2: 10.015704155
    dvar: 1178.50512695
    dvar2: 1011.17907715
    kurt: 39.2301025391
    max: 1729.94946289
    mean: 1482.54248047
    median: 1476.41320801
    min: 1473.54516602
    skew: 6.39168024063
    var: 1404.15429688

Zcr:
    dmean: 0.00251908740029
    dmean2: 0.00212345574982
    dvar: 6.75368428347e-05
    dvar2: 4.57750938949e-05
    kurt: 17.8824062347
    max: 0.0673828125
    mean: 0.0641601532698
    median: 0.06689453125
    min: 0.001953125
    skew: -4.24178600311
    var: 0.000132511966513

HarmonicAmpFreq:
    dmean: [0.16771350801]
    dmean2: [0.170129105449]
    dvar: [1.18826699257]
    dvar2: [1.19411087036]
    kurt: [40.0017127991]
    max: [1479.77832031]
    mean: [1479.61230469]
    median: [1479.77832031]
    min: [1472.39892578]
    skew: [-6.48004961014]
    var: [1.18285357952]

HarmonicAmpMag:
    dmean: [0.00184310832992]
    dmean2: [0.00282990490086]
    dvar: [7.13380941306e-05]
    dvar2: [0.000183251278941]
    kurt: [40.0223808289]
    max: [0.0405891388655]
    mean: [0.000903792097233]
    median: [0]
    min: [0]
    skew: [6.48245334625]
    var: [3.57939316018e-05]

MfccCoeff:
    dmean: [12.9798946381, 3.09076476097, 2.74514293671, 1.40720701218, 0.746733903885, 1.26609277725, 0.980596005917, 1.25508999825, 1.40412628651, 1.1649261713, 1.3330655098, 1.18393325806, 1.65870940685]
    dmean2: [19.3354892731, 4.50072479248, 3.54773616791, 1.52171969414, 0.866449773312, 1.01992511749, 1.4767357111, 1.41730320454, 1.80673897266, 1.55801093578, 1.60678052902, 1.87139320374, 2.14576029778]
    dvar: [3265.74633789, 159.480407715, 129.286849976, 20.3386478424, 1.827247262, 19.036699295, 1.61552321911, 11.4497995377, 12.1899833679, 1.55070388317, 23.8885555267, 2.27859568596, 15.7036447525]
    dvar2: [8208.51269531, 390.069549561, 269.437194824, 16.6171398163, 0.70908498764, 7.86925554276, 2.01802921295, 8.80812931061, 12.7480201721, 1.08251798153, 29.1088275909, 3.39348864555, 16.5965881348]
    kurt: [38.7725982666, 35.1458854675, 15.7581825256, 27.0802993774, 26.1637153625, 27.103307724, 16.9787769318, 21.9892864227, 20.7430706024, 19.3400192261, 18.0498409271, 14.027797699, 16.2360649109]
    max: [-839.909301758, 71.2604522705, -11.2902374268, -11.5401725769, 19.7705688477, 61.8812561035, 18.4265785217, -8.21576690674, -8.68483734131, 16.1245746613, 50.8964958191, 15.5991611481, -4.12174224854]
    mean: [-1095.0703125, 17.6480865479, -43.5065803528, -42.5159683228, 15.8573713303, 51.1942367554, 15.7215127945, -39.9178543091, -39.4435997009, 14.5205516815, 46.5292053223, 14.2181625366, -35.7093238831]
    median: [-1100.7557373, 16.4551506042, -42.9323234558, -42.7245254517, 16.1832122803, 51.9879455566, 15.9226264954, -41.0623474121, -40.4876937866, 15.128534317, 48.2505912781, 14.6122741699, -37.3386802673]
    min: [-1128.11633301, 4.67014694214, -79.0597000122, -56.6352005005, 3.40399169922, 12.6143951416, 4.58430862427, -44.8253479004, -43.8451156616, 1.72402954102, 7.85452651978, 3.02004241943, -38.141872406]
    skew: [6.32637834549, 5.83030986786, -0.768710613251, 4.31834745407, -4.71978378296, -4.9387960434, -4.02567338943, 4.74135923386, 4.63510370255, -4.29091358185, -4.3494553566, -3.75280570984, 4.11479759216]
    var: [1501.8972168, 69.4973602295, 56.7918281555, 26.6496715546, 4.3198056221, 40.8133735657, 4.53151464462, 31.6859703064, 31.2015571594, 5.39938211441, 54.2724189758, 5.28705692291, 37.848323822]

SpecContrastCoeff:
    dmean: [0.0466292984784, 0.0170433502644, 0.0165031533688, 0.0254330206662, 0.0136769684032, 0.0123297413811]
    dmean2: [0.077481277287, 0.0292557179928, 0.026742791757, 0.0288719274104, 0.0244272649288, 0.023563593626]
    dvar: [0.00156675453763, 0.0002418369113, 0.000166081183124, 0.0036110044457, 9.35226416914e-05, 0.000146876613144]
    dvar2: [0.00472906185314, 0.00034531368874, 0.000285062909825, 0.00296498602256, 0.000209517762414, 0.000346534798155]
    kurt: [1.4706492424, 6.66581821442, 4.56396627426, 19.9497756958, -0.940351724625, 0.882249116898]
    max: [-0.821599066257, -0.896080255508, -0.872746527195, -0.319163024426, -0.911234140396, -0.924267292023]
    mean: [-0.937084376812, -0.976817846298, -0.944180727005, -0.362195491791, -0.931683599949, -0.952146887779]
    median: [-0.949077188969, -0.984943807125, -0.950646877289, -0.34248894453, -0.93508297205, -0.957345366478]
    min: [-0.993923306465, -0.989717245102, -0.959695994854, -0.870640933514, -0.942707538605, -0.960094928741]
    skew: [1.34395647049, 2.31520652771, 2.13581228256, -4.46523857117, 0.744222760201, 1.49515628815]
    var: [0.00147641461808, 0.000327111338265, 0.000382185302442, 0.00842330418527, 0.000117040486657, 0.000114403126645]

SpecPeakAmp:
    dmean: [2.61710592895e-05, 2.38515913225e-05, 2.28426961257e-05, 2.45105366048e-05, 0.00185008486733]
    dmean2: [4.22464581789e-05, 3.7612295273e-05, 3.67491011275e-05, 3.85056846426e-05, 0.00284055853263]
    dvar: [6.36615560268e-09, 6.34137764521e-09, 5.77136871627e-09, 7.01484559329e-09, 7.14135821909e-05]
    dvar2: [1.58456785471e-08, 1.62592090902e-08, 1.51544270466e-08, 1.79703487646e-08, 0.000183362557436]
    kurt: [38.9886665344, 39.4668235779, 37.1098518372, 39.5782394409, 40.0226860046]
    max: [0.000414527137764, 0.000406601262512, 0.000417515606387, 0.000425121514127, 0.0405891388655]
    mean: [2.94945384667e-05, 1.93585019588e-05, 2.09867375816e-05, 2.00512167794e-05, 0.000912623829208]
    median: [1.86354518519e-05, 1.11853005365e-05, 1.14582026072e-05, 1.16357050501e-05, 1.18159323392e-05]
    min: [9.60456418397e-06, 1.39469091209e-06, 1.90642037978e-06, 2.41273892243e-06, 3.2541240671e-06]
    skew: [6.35996627808, 6.41635799408, 6.16491031647, 6.42960214615, 6.4824886322]
    var: [3.41062600384e-09, 3.43039041617e-09, 3.70208486089e-09, 3.74858677432e-09, 3.57778735633e-05]
