
metadata:
    version:
        essentia: "2.1-beta3"

Flux:
    dmean: 0.032939966768
    dmean2: 0.0435313172638
    dvar: 0.0115949483588
    dvar2: 0.0222492031753
    kurt: 9.43044376373
    max: 0.641931295395
    mean: 0.0431017465889
    median: 0.000766231503803
    min: 6.72260357533e-05
    skew: 3.27090215683
    var: 0.0196219421923

Rms:
    dmean: 0.0133553063497
    dmean2: 0.0101981209591
    dvar: 0.00216915947385
    dvar2: 0.000971822824795
    kurt: 20.8718547821
    max: 0.462290793657
    mean: 0.445599317551
    median: 0.461648762226
    min: 0.0869951695204
    skew: -4.53576993942
    var: 0.00405059335753

RollOff:
    dmean: 6.36208295822
    dmean2: 6.00926589966
    dvar: 1255.71704102
    dvar2: 1063.77819824
    kurt: 38.8727836609
    max: 1744.18945312
    mean: 1492.48937988
    median: 1485.79101562
    min: 1485.79101562
    skew: 6.35279750824
    var: 1459.50073242

SpecCent:
    dmean: 6.1434879303
    dmean2: 7.67756128311
    dvar: 365.730316162
    dvar2: 301.385375977
    kurt: 38.416633606
    max: 1621.76635742
    mean: 1480.03540039
    median: 1476.53930664
    min: 1473.54663086
    skew: 6.2971496582
    var: 465.323822021

Zcr:
    dmean: 0.00251908740029
    dmean2: 0.00212345574982
    dvar: 6.75368428347e-05
    dvar2: 4.57750938949e-05
    kurt: 17.8824062347
    max: 0.0673828125
    mean: 0.0641601532698
    median: 0.06689453125
    min: 0.001953125
    skew: -4.24178600311
    var: 0.000132511966513

HarmonicAmpFreq:
    dmean: [15.972495079]
    dmean2: [32.3939628601]
    dvar: [2411.6328125]
    dvar2: [7127.94091797]
    kurt: [17.4620571136]
    max: [1480.24572754]
    mean: [1472.26147461]
    median: [1480.24133301]
    min: [1308.10192871]
    skew: [-4.40658950806]
    var: [1245.08007812]

HarmonicAmpMag:
    dmean: [0.259817779064]
    dmean2: [0.510876893997]
    dvar: [0.0930333659053]
    dvar2: [0.209853485227]
    kurt: [-1.18063306808]
    max: [0.635157167912]
    mean: [0.445871025324]
    median: [0.635091602802]
    min: [0]
    skew: [-0.888116896152]
    var: [0.0821866095066]

MfccCoeff:
    dmean: [30.5289287567, 30.4911689758, 24.8308029175, 6.50485086441, 3.64818739891, 5.05564928055, 2.76597380638, 2.12600874901, 2.75734710693, 1.62631595135, 1.66676700115, 1.18051326275, 1.58852875233]
    dmean2: [48.0647125244, 52.3996086121, 41.643901825, 11.8174610138, 6.29588508606, 8.47561454773, 4.70548439026, 2.76383256912, 3.97281241417, 2.31241154671, 2.6793487072, 1.99275064468, 1.75642430782]
    dvar: [7363.27490234, 297.239868164, 159.031326294, 50.2811546326, 10.3268651962, 50.9548301697, 4.4404835701, 23.8009624481, 16.3179836273, 3.20591711998, 28.5890026093, 4.09418964386, 20.5319652557]
    dvar2: [17803.0136719, 657.292175293, 418.526489258, 126.00844574, 15.8960475922, 87.092880249, 4.75047636032, 29.5109558105, 14.5176916122, 7.29529666901, 52.4466247559, 9.69085788727, 17.2288284302]
    kurt: [29.4273490906, -1.0578545332, -1.11111283302, 8.53801727295, 7.55070209503, 10.4187402725, 2.45789289474, 16.1567707062, 18.4990272522, 10.8524599075, 11.1869363785, 16.6126041412, 18.0053462982]
    max: [-598.292663574, 99.562171936, -53.7364768982, -39.4142532349, 27.0917243958, 81.4141921997, 20.9962501526, -8.89077758789, -4.87986755371, 17.806596756, 51.8720054626, 15.3232574463, 1.3585357666]
    mean: [-984.719116211, 75.0478897095, -88.7937393188, -73.5212097168, 23.8612499237, 63.7091674805, 17.1985168457, -44.2201461792, -40.6843261719, 15.6808080673, 47.2275428772, 14.0791454315, -35.3893127441]
    median: [-991.89630127, 79.8370742798, -87.149307251, -74.7673416138, 25.3182258606, 64.2053451538, 18.47133255, -45.7843933105, -42.2462463379, 16.1285800934, 48.6892356873, 14.3648681641, -37.129070282]
    min: [-1020.32910156, 31.3655357361, -118.534362793, -89.6896438599, 6.35609054565, 24.9523468018, 8.13667678833, -53.432144165, -46.4666519165, 7.58515930176, 19.3088493347, 5.5029296875, -37.7589836121]
    skew: [5.398686409, -0.560282826424, -0.293894201517, 2.542719841, -2.6008014679, -2.83788847923, -1.4958126545, 3.95201301575, 4.25269031525, -3.0774974823, -3.55266427994, -4.01570558548, 4.27452325821]
    var: [3940.68530273, 467.726013184, 319.351867676, 70.8595046997, 16.0925979614, 69.1678390503, 8.20415019989, 46.2866477966, 43.5856590271, 3.15128064156, 41.2708320618, 2.72663140297, 46.7458229065]

SpecContrastCoeff:
    dmean: [0.0243533123285, 0.0202244371176, 0.0192890018225, 0.0287420172244, 0.0164552461356, 0.0109670767561]
    dmean2: [0.0436746515334, 0.0343774110079, 0.0322383902967, 0.0281483381987, 0.0285450201482, 0.0212559551001]
    dvar: [0.000723820878193, 0.000317081372486, 0.000180231232662, 0.00597265502438, 0.000121796780149, 0.000137324124807]
    dvar2: [0.00159805756994, 0.000500871683471, 0.000302929314785, 0.00368075631559, 0.000275100552244, 0.000312660733471]
    kurt: [2.49191045761, 5.78799724579, 2.8005027771, 22.3278942108, 0.503348112106, 1.09194803238]
    max: [-0.898650288582, -0.883697330952, -0.859710693359, -0.149002403021, -0.87244784832, -0.911128938198]
    mean: [-0.974328696728, -0.97225767374, -0.93081176281, -0.196789339185, -0.915769279003, -0.945453286171]
    median: [-0.985880434513, -0.981853365898, -0.938336730003, -0.172204077244, -0.920090198517, -0.952040612698]
    min: [-0.993746995926, -0.98724848032, -0.949287474155, -0.827726304531, -0.929546177387, -0.952935993671]
    skew: [1.87500107288, 2.18211221695, 1.76117396355, -4.66857385635, 1.14296078682, 1.58202695847]
    var: [0.000599391118158, 0.000418416660978, 0.000464161188575, 0.0120318783447, 0.000220280664507, 0.000142082120874]

SpecPeakAmp:
    dmean: [0.00027826425503, 0.000331828458002, 0.161401450634, 0.231197983027, 0.259831815958]
    dmean2: [0.000435089808889, 0.000545345945284, 0.321563571692, 0.47294074297, 0.5312961936]
    dvar: [9.94271431409e-07, 9.833297554e-07, 0.0719128847122, 0.0931086465716, 0.0972326993942]
    dvar2: [2.53525809057e-06, 2.50503649113e-06, 0.17533326149, 0.207495108247, 0.242227360606]
    kurt: [39.7206230164, 37.8645553589, 1.16299009323, -1.13222360611, -0.585587263107]
    max: [0.00500550121069, 0.00502625759691, 0.635151863098, 0.635157167912, 0.635141193867]
    mean: [0.000210721191252, 0.00026551092742, 0.107306957245, 0.183816194534, 0.155557259917]
    median: [0.000112963884021, 0.000120161093946, 0.000376251118723, 0.000435581983766, 0.000390653323848]
    min: [1.44210380313e-05, 3.21271945722e-05, 3.34847500199e-05, 3.52526985807e-05, 3.73803522962e-05]
    skew: [6.44657468796, 6.23100280762, 1.75925755501, 0.931522786617, 1.18927049637]
    var: [5.24345750819e-07, 5.285492648e-07, 0.0543426610529, 0.0827422812581, 0.0744030922651]
