
metadata:
    version:
        essentia: "2.1-beta3"

Flux:
    dmean: 0.0175449252129
    dmean2: 0
    dvar: 0
    dvar2: 0
    kurt: -2
    max: 0.387826144695
    mean: 0.379053682089
    median: 0.379053682089
    min: 0.370281219482
    skew: 0
    var: 7.69561011111e-05

Rms:
    dmean: 0
    dmean2: 0
    dvar: 0
    dvar2: 0
    kurt: 0
    max: 0.133190438151
    mean: 0.133190438151
    median: 0.133190438151
    min: 0.133190438151
    skew: 0
    var: 0

RollOff:
    dmean: 559.86328125
    dmean2: 0
    dvar: 0
    dvar2: 0
    kurt: -2
    max: 2648.58398438
    mean: 2368.65234375
    median: 2368.65234375
    min: 2088.72070312
    skew: 0
    var: 78361.7265625

SpecCent:
    dmean: 127.491699219
    dmean2: 0
    dvar: 0
    dvar2: 0
    kurt: -2
    max: 2007.36303711
    mean: 1943.6171875
    median: 1943.6171875
    min: 1879.87133789
    skew: 0
    var: 4063.53344727

Zcr:
    dmean: 0
    dmean2: 0
    dvar: 0
    dvar2: 0
    kurt: 0
    max: 0.025390625
    mean: 0.025390625
    median: 0.025390625
    min: 0.025390625
    skew: 0
    var: 0

HarmonicAmpFreq:
    dmean: [138.432861328]
    dmean2: [0]
    dvar: [0]
    dvar2: [0]
    kurt: [-2]
    max: [1895.59448242]
    mean: [1826.37805176]
    median: [1826.37805176]
    min: [1757.16162109]
    skew: [0]
    var: [4790.9140625]

HarmonicAmpMag:
    dmean: [0.0846907198429]
    dmean2: [0]
    dvar: [0]
    dvar2: [0]
    kurt: [-2]
    max: [0.0846907198429]
    mean: [0.0423453599215]
    median: [0.0423453599215]
    min: [0]
    skew: [0]
    var: [0.00179312948603]

MfccCoeff:
    dmean: [403.84387207, 18.8855113983, 38.9859619141, 31.2899360657, 60.9081878662, 32.2868309021, 18.6184825897, 34.437789917, 6.60331726074, 19.6096954346, 5.15767860413, 6.7363243103, 7.15361976624]
    dmean2: [0, 0, 0, 0, 0, 0, 0, 0, 0, 0, 0, 0, 0]
    dvar: [0, 0, 0, 0, 0, 0, 0, 0, 0, 0, 0, 0, 0]
    dvar2: [0, 0, 0, 0, 0, 0, 0, 0, 0, 0, 0, 0, 0]
    kurt: [-2, -1.99999988079, -2, -2, -2, -2, -1.99999988079, -2, -1.99999988079, -2, -2, -2, -2]
    max: [-597.561706543, 28.8081912994, -120.109848022, -11.8609733582, 90.2001647949, 24.6963539124, -20.3214511871, 18.1995182037, 12.6212730408, 7.70470428467, 2.3060874939, 4.72149658203, -0.74746131897]
    mean: [-799.483642578, 19.365436554, -139.602828979, -27.505941391, 59.7460708618, 8.5529384613, -29.6306915283, 0.980623245239, 9.3196144104, -2.10014343262, -0.272751808167, 1.35333442688, -4.32427120209]
    median: [-799.483642578, 19.365436554, -139.602828979, -27.505941391, 59.7460708618, 8.5529384613, -29.6306915283, 0.980623245239, 9.3196144104, -2.10014343262, -0.272751808167, 1.35333442688, -4.32427120209]
    min: [-1001.40557861, 9.92267990112, -159.095809937, -43.1509094238, 29.2919750214, -7.59047698975, -38.9399337769, -16.2382717133, 6.01795578003, -11.9049911499, -2.85159111023, -2.01482772827, -7.90108108521]
    skew: [0, -2.89963821842e-07, 0, 0, -1.0372517778e-07, 0, -3.40447172675e-07, 0, 0, 0, 0, 0, 0]
    var: [40772.46875, 89.1656341553, 379.976318359, 244.765029907, 927.451904297, 260.609863281, 86.6619720459, 296.490356445, 10.9009494781, 96.1350402832, 6.65041208267, 11.3445167542, 12.7935686111]

SpecContrastCoeff:
    dmean: [0.0161352753639, 0.033840239048, 0.0703520178795, 0.00562888383865, 0.210875451565, 0.028161585331]
    dmean2: [0, 0, 0, 0, 0, 0]
    dvar: [0, 0, 0, 0, 0, 0]
    dvar2: [0, 0, 0, 0, 0, 0]
    kurt: [-2, -1.99999988079, -2, -2.00000023842, -1.99999988079, -2]
    max: [-0.947791755199, -0.91650635004, -0.85318595171, -0.723350226879, -0.507347226143, -0.92606151104]
    mean: [-0.955859422684, -0.933426499367, -0.888361930847, -0.726164698601, -0.612784981728, -0.940142273903]
    median: [-0.955859422684, -0.933426499367, -0.888361930847, -0.726164698601, -0.612784981728, -0.940142273903]
    min: [-0.963927030563, -0.950346589088, -0.923537969589, -0.728979110718, -0.718222677708, -0.954223096371]
    skew: [1.10959590529e-05, 5.25712130184e-06, -2.54929659604e-06, 3.17926096614e-05, 8.441915611e-07, -6.3526285885e-06]
    var: [6.50867805234e-05, 0.000286290422082, 0.00123735156376, 7.92108403402e-06, 0.0111171137542, 0.000198268724489]

SpecPeakAmp:
    dmean: [0.0846749767661, 0.0556761845946, 0.0402083843946, 0.029479816556, 0.0217774752527]
    dmean2: [0, 0, 0, 0, 0]
    dvar: [0, 0, 0, 0, 0]
    dvar2: [0, 0, 0, 0, 0]
    kurt: [-2, -2, -1.99999988079, -2, -1.99999988079]
    max: [0.0846907198429, 0.055694706738, 0.0402309149504, 0.0295073278248, 0.0218105576932]
    mean: [0.0423532314599, 0.0278566144407, 0.020126722753, 0.0147674195468, 0.0109218200669]
    median: [0.0423532314599, 0.0278566144407, 0.020126722753, 0.0147674195468, 0.0109218200669]
    min: [1.57425383804e-05, 1.85226654139e-05, 2.25294534175e-05, 2.751077227e-05, 3.30830225721e-05]
    skew: [0, 0, -1.67892579839e-07, -1.064993711e-07, 1.32089681415e-07]
    var: [0.0017924628919, 0.000774959393311, 0.000404178572353, 0.000217264911043, 0.00011856459605]
