
metadata:
    version:
        essentia: "2.1-beta3"

Flux:
    dmean: 6.50319225315e-06
    dmean2: 9.47173248278e-06
    dvar: 5.41127143094e-10
    dvar2: 1.16275988837e-09
    kurt: 13.7596416473
    max: 0.000124713275
    mean: 7.77396871854e-06
    median: 1.54697863763e-06
    min: 8.07432343208e-07
    skew: 3.83850932121
    var: 5.68715963212e-10

Rms:
    dmean: 1.68125336586e-06
    dmean2: 1.56290150244e-06
    dvar: 4.28892234228e-11
    dvar2: 3.24767192306e-11
    kurt: 19.4887733459
    max: 0.000101383695437
    mean: 9.95001828414e-05
    median: 0.000101271216408
    min: 5.8960293245e-05
    skew: -4.49611091614
    var: 5.62848066765e-11

RollOff:
    dmean: 0.500772178173
    dmean2: 0.5126953125
    dvar: 10.5324554443
    dvar2: 10.7771167755
    kurt: 39.0359954834
    max: 2993.11523438
    mean: 2972.06982422
    median: 2971.58203125
    min: 2971.58203125
    skew: 6.40643072128
    var: 10.2986545563

SpecCent:
    dmean: 4.10126161575
    dmean2: 7.41196966171
    dvar: 5.41288948059
    dvar2: 15.812871933
    kurt: 0.24918627739
    max: 2963.68554688
    mean: 2954.78930664
    median: 2954.52001953
    min: 2949.65405273
    skew: 0.643809735775
    var: 9.76219177246

Zcr:
    dmean: 0.00346339028329
    dmean2: 0.00373186380602
    dvar: 0.000183857453521
    dvar2: 0.000169104881934
    kurt: 17.4293308258
    max: 0.13427734375
    mean: 0.130914866924
    median: 0.13427734375
    min: 0.0615234375
    skew: -4.38495445251
    var: 0.000198507434106

HarmonicAmpFreq:
    dmean: [0]
    dmean2: [0]
    dvar: [0]
    dvar2: [0]
    kurt: [-2]
    max: [2963.89208984]
    mean: [2963.89111328]
    median: [2963.89208984]
    min: [2963.89208984]
    skew: [1]
    var: [9.53674316406e-07]

HarmonicAmpMag:
    dmean: [0]
    dmean2: [0]
    dvar: [0]
    dvar2: [0]
    kurt: [nan]
    max: [0]
    mean: [0]
    median: [0]
    min: [0]
    skew: [nan]
    var: [0]

MfccCoeff:
    dmean: [0.0488849021494, 0.0187683105469, 0.0589510910213, 0.0507677644491, 0.0313887484372, 0.0678079277277, 0.00542503176257, 0.0648635178804, 0.0406384132802, 0.0428019687533, 0.0638731122017, 0.00812566000968, 0.0682841464877]
    dmean2: [0.0500517338514, 0.0192144475877, 0.0603532344103, 0.0519736148417, 0.0321353748441, 0.0694180428982, 0.00555565254763, 0.0664031654596, 0.0416036322713, 0.0438185185194, 0.0653893575072, 0.00831803865731, 0.0699054151773]
    dvar: [0.0503894612193, 0.00742482114583, 0.0732636153698, 0.0543417148292, 0.0207712575793, 0.0969414189458, 0.000620351114776, 0.0887042284012, 0.0348178111017, 0.0386257842183, 0.086018614471, 0.00139218498953, 0.0983109027147]
    dvar2: [0.0508773215115, 0.00749616418034, 0.0739679187536, 0.0548657923937, 0.0209707766771, 0.0978741273284, 0.000626313441899, 0.0895576030016, 0.0351528450847, 0.038997925818, 0.0868460386992, 0.00140557310078, 0.0992567688227]
    kurt: [21.4464511871, 21.4199047089, 21.4206008911, 21.4207839966, 21.4209156036, 21.4206695557, 21.4204349518, 21.4207286835, 21.4206504822, 21.4205780029, 21.4206829071, 21.420797348, 21.4207172394]
    max: [-1137.13256836, 1.14440917969e-05, -6.103515625e-05, 1.33711624146, 0.826568603516, 2.28881835938e-05, 0.142826080322, 1.70818328857, -4.57763671875e-05, -2.28881835938e-05, 1.68214797974, 0.213973999023, -3.81469726562e-05]
    mean: [-1137.18066406, -0.475642472506, -1.49418330193, 1.28686833382, 0.795505166054, -1.7186691761, 0.137457072735, 1.64399647713, -1.03005826473, -1.08489596844, 1.61894190311, 0.205933824182, -1.73082268238]
    median: [-1137.13330078, -0.493961334229, -1.55173492432, 1.33642959595, 0.826148986816, -1.78486633301, 0.142749786377, 1.70732116699, -1.06973266602, -1.12668609619, 1.68130111694, 0.2138671875, -1.79748916626]
    min: [-1138.42004395, -0.494220733643, -1.55252075195, 8.01086425781e-05, -6.103515625e-05, -1.78577423096, -2.67028808594e-05, -5.34057617188e-05, -1.07027435303, -1.12725067139, -2.67028808594e-05, -3.0517578125e-05, -1.79839324951]
    skew: [-4.73971414566, 4.73566102982, 4.73572444916, -4.73573875427, -4.73574972153, 4.73572969437, -4.73571252823, -4.73573446274, 4.73572778702, 4.73572015762, -4.73573160172, -4.73574066162, 4.73573255539]
    var: [0.0499310828745, 0.0073583368212, 0.0726036950946, 0.0538514964283, 0.0205842088908, 0.0960685908794, 0.000614741118625, 0.0879051685333, 0.0345041006804, 0.0382776074111, 0.0852436646819, 0.00137964519672, 0.0974250584841]

SpecContrastCoeff:
    dmean: [0.017876226455, 0.0193387623876, 0.0150420237333, 0.011483868584, 0.0105582904071, 0.00537465326488]
    dmean2: [0.0232700631022, 0.0285576805472, 0.0250486694276, 0.016396349296, 0.0144924242049, 0.00798740144819]
    dvar: [0.00151432014536, 0.000555029255338, 0.000321051484207, 0.000129055799334, 0.000453554879641, 3.20669932989e-05]
    dvar2: [0.00142625125591, 0.000865285925101, 0.000494091305882, 0.000219535970245, 0.000404959195293, 6.15408062004e-05]
    kurt: [14.5852851868, 7.05359172821, 10.2091646194, 9.4849395752, 15.9394187927, 3.08798694611]
    max: [-0.642369747162, -0.818407356739, -0.857694804668, -0.87423312664, -0.661222338676, -0.867411792278]
    mean: [-0.667469263077, -0.869105100632, -0.886926412582, -0.901825487614, -0.683951675892, -0.886610925198]
    median: [-0.655194163322, -0.869198918343, -0.884309411049, -0.900695443153, -0.679981827736, -0.88772046566]
    min: [-0.865437865257, -0.991252958775, -0.981994569302, -0.973561346531, -0.806145310402, -0.919099628925]
    skew: [-3.90346741676, -2.01159548759, -2.83260202408, -2.4938480854, -4.02641820908, -0.872888743877]
    var: [0.0017950917827, 0.000840245163999, 0.000414977868786, 0.000231390062254, 0.000600204395596, 8.39759086375e-05]

SpecPeakAmp:
    dmean: [2.68804541292e-07, 2.5259424774e-07, 1.59292812896e-06, 1.75844968453e-06, 1.33130481572e-06]
    dmean2: [3.08769301682e-07, 4.35449862835e-07, 3.176314749e-06, 3.43439546668e-06, 2.69155952992e-06]
    dvar: [6.88710807134e-13, 5.98143550749e-13, 2.78975670689e-12, 2.49092847043e-12, 2.71714313375e-12]
    dvar2: [7.188321661e-13, 1.61974036614e-12, 7.24942328389e-12, 4.54170815539e-12, 8.31673445389e-12]
    kurt: [18.7486343384, 20.3082714081, -0.698577404022, -1.96515619755, 0.666296720505]
    max: [1.68772730831e-05, 3.56290865966e-06, 3.59461341759e-06, 3.61330739906e-06, 3.59593695975e-06]
    mean: [1.6583233446e-05, 2.39576394279e-07, 1.01731018276e-06, 1.9084534415e-06, 7.62509046126e-07]
    median: [1.6767604393e-05, 9.09963091544e-08, 1.58127789973e-07, 2.1426319563e-06, 1.18240080837e-07]
    min: [1.22384708447e-05, 5.79080072782e-08, 6.52512710531e-08, 5.70757414664e-08, 5.02078378872e-08]
    skew: [-4.4870762825, 4.49659776688, 1.12483298779, -0.0272629130632, 1.62061965466]
    var: [6.90631254442e-13, 3.57423644718e-13, 2.18247859021e-12, 2.69728878989e-12, 1.7678203736e-12]
