
metadata:
    version:
        essentia: "2.1-beta3"

Flux:
    dmean: 0.000162334967172
    dmean2: 0.000215244377614
    dvar: 2.85785489496e-07
    dvar2: 5.64795470837e-07
    kurt: 9.55565738678
    max: 0.00309912813827
    mean: 0.000211788210436
    median: 6.39289419269e-06
    min: 5.21061292602e-06
    skew: 3.29154896736
    var: 4.62453243699e-07

Rms:
    dmean: 6.39434656478e-05
    dmean2: 4.77169451187e-05
    dvar: 5.19889695738e-08
    dvar2: 2.32707968451e-08
    kurt: 20.8341026306
    max: 0.00223955488764
    mean: 0.00215936335735
    median: 0.00223851948977
    min: 0.000406641192967
    skew: -4.5313501358
    var: 9.68612496877e-08

RollOff:
    dmean: 6.36208295822
    dmean2: 6.00926589966
    dvar: 1255.71704102
    dvar2: 1063.77819824
    kurt: 38.8733482361
    max: 3229.98046875
    mean: 2978.27954102
    median: 2971.58203125
    min: 2971.58203125
    skew: 6.35286474228
    var: 1459.50073242

SpecCent:
    dmean: 4.99045085907
    dmean2: 7.85392427444
    dvar: 61.2583503723
    dvar2: 43.5269050598
    kurt: 34.3582687378
    max: 3001.05761719
    mean: 2938.09619141
    median: 2936.734375
    min: 2933.30053711
    skew: 5.81681346893
    var: 96.7122955322

Zcr:
    dmean: 0.00480513134971
    dmean2: 0.00380405155011
    dvar: 0.000270745425951
    dvar2: 0.000184486605576
    kurt: 17.8915843964
    max: 0.13427734375
    mean: 0.128352865577
    median: 0.13427734375
    min: 0.00439453125
    skew: -4.24363136292
    var: 0.000526105985045

HarmonicAmpFreq:
    dmean: [0.319807559252]
    dmean2: [0.327244967222]
    dvar: [4.39790534973]
    dvar2: [4.49774932861]
    kurt: [40.0160751343]
    max: [2963.96142578]
    mean: [2963.64819336]
    median: [2963.96142578]
    min: [2949.88989258]
    skew: [-6.48172426224]
    var: [4.30239725113]

HarmonicAmpMag:
    dmean: [7.67733610019e-08]
    dmean2: [7.8558791472e-08]
    dvar: [2.53448412431e-13]
    dvar2: [2.59202300465e-13]
    kurt: [40.022731781]
    max: [3.37802794093e-06]
    mean: [7.50672910499e-08]
    median: [0]
    min: [0]
    skew: [6.48249435425]
    var: [2.47944297472e-13]

MfccCoeff:
    dmean: [0.754777371883, 0.282935410738, 0.901461362839, 0.744671881199, 0.472311198711, 0.941213965416, 0.154484137893, 0.828604280949, 0.514644801617, 0.490710169077, 0.676082789898, 0.146496519446, 0.594892263412]
    dmean2: [0.879263937473, 0.318984627724, 1.05785882473, 0.839458048344, 0.579959630966, 1.06309247017, 0.104715749621, 0.946893393993, 0.501064896584, 0.592173933983, 0.678602337837, 0.230692848563, 0.60554087162]
    dvar: [12.1717824936, 1.78617966175, 17.2181434631, 12.391793251, 4.50925970078, 19.7992229462, 0.318624019623, 15.1781396866, 6.08035087585, 5.02658224106, 11.3136367798, 0.350759387016, 9.05463695526]
    dvar2: [17.3788948059, 2.33616375923, 25.0597801208, 16.1912479401, 7.39266347885, 25.9627819061, 0.184562832117, 20.4702682495, 5.46915817261, 7.79670810699, 10.9707269669, 0.841210722923, 9.02773475647]
    kurt: [28.5349178314, 29.9605751038, 28.1701755524, 30.0679168701, 24.8011360168, 30.228603363, 20.3027458191, 30.2031822205, 30.9526596069, 27.6989898682, 31.8300971985, 17.0466918945, 32.6901626587]
    max: [-1115.99597168, 1.14440917969e-05, -6.103515625e-05, 22.6637763977, 13.5222015381, 2.28881835938e-05, 4.77161026001, 25.1455936432, -4.57763671875e-05, -2.28881835938e-05, 22.1717643738, 1.32427215576, -3.81469726562e-05]
    mean: [-1120.85498047, -7.18594789505, -20.5669689178, 18.9547843933, 9.36466884613, -23.9394550323, 4.56861066818, 20.6055526733, -16.1537590027, -10.582482338, 21.4346065521, -2.11011719704, -19.0524082184]
    median: [-1120.42236328, -7.37840652466, -21.0617408752, 19.4616737366, 9.55084228516, -24.5745201111, 4.77042007446, 21.1336307526, -16.6812896729, -10.8063583374, 22.1051597595, -2.27687835693, -19.6306724548]
    min: [-1138.42004395, -8.60066604614, -26.6565818787, 8.01086425781e-05, -6.103515625e-05, -28.6755638123, -2.67028808594e-05, -5.34057617188e-05, -16.6821289062, -14.4172439575, -2.67028808594e-05, -2.27926635742, -19.7698173523]
    skew: [-5.1303524971, 5.39940404892, 5.05147266388, -5.41071844101, -4.23690271378, 5.4225692749, -4.47853088379, -5.388027668, 5.57491254807, 4.81163549423, -5.66294813156, 4.1821937561, 5.74437761307]
    var: [8.25644302368, 1.34944570065, 11.3934221268, 9.37202739716, 2.53630805016, 14.9082546234, 0.664586246014, 11.0457077026, 6.71807813644, 3.04687356949, 11.66456604, 0.423430889845, 9.09272098541]

SpecContrastCoeff:
    dmean: [0.0372836254537, 0.0192536041141, 0.0146969910711, 0.0143761476502, 0.0174835007638, 0.0048335371539]
    dmean2: [0.0674274712801, 0.0310854464769, 0.0258536506444, 0.025378011167, 0.0245465449989, 0.00819354411215]
    dvar: [0.00142653693911, 0.000304269138724, 0.000178702233825, 7.99027839093e-05, 0.00145169673488, 1.24886464619e-05]
    dvar2: [0.00310764787719, 0.000907879380975, 0.000461260584416, 0.000252439844189, 0.00159849622287, 2.34695962718e-05]
    kurt: [9.40078830719, 1.40744924545, 4.80905199051, 0.328250169754, 16.8702220917, 0.685003995895]
    max: [-0.685323238373, -0.901059150696, -0.907628238201, -0.906923234463, -0.521139919758, -0.912759780884]
    mean: [-0.74478751421, -0.940845727921, -0.932790279388, -0.940301597118, -0.564249455929, -0.923867344856]
    median: [-0.741109192371, -0.94249266386, -0.93260127306, -0.940899133682, -0.552172780037, -0.923217654228]
    min: [-0.983753025532, -0.99693018198, -0.990037441254, -0.962891936302, -0.860997498035, -0.938248038292]
    skew: [-2.91318297386, -0.245516851544, -1.41023921967, 0.341259598732, -4.15312385559, -0.716413140297]
    var: [0.00299599161372, 0.000289173156489, 0.000185374708963, 0.000131130989757, 0.00322848977521, 2.86570339085e-05]

SpecPeakAmp:
    dmean: [9.30047690417e-07, 7.34951754566e-07, 7.12904295597e-07, 7.42292854738e-07, 7.25771144516e-07]
    dmean2: [1.16808337225e-06, 1.16475621326e-06, 1.14056376788e-06, 1.21190976188e-06, 1.22514938994e-06]
    dvar: [4.04967552547e-12, 5.89399189177e-12, 5.92593031937e-12, 5.7583330465e-12, 4.55594199519e-12]
    dvar2: [2.70700822869e-12, 1.50958620604e-11, 1.51803136034e-11, 1.48686410406e-11, 1.20669663498e-11]
    kurt: [31.5967254639, 39.0248413086, 39.2804374695, 38.9745941162, 34.5571975708]
    max: [1.74919787241e-05, 1.22743358588e-05, 1.23810168589e-05, 1.24625394164e-05, 1.2389661606e-05]
    mean: [1.62635005836e-05, 7.30929286874e-07, 7.5977771985e-07, 7.82692950452e-07, 8.4660655375e-07]
    median: [1.67824182427e-05, 4.52111606819e-07, 4.59322109236e-07, 5.16611635248e-07, 5.01380839069e-07]
    min: [3.78017261937e-07, 1.55607565944e-07, 2.4295357548e-07, 1.67554830455e-07, 1.54218682269e-07]
    skew: [-5.54939222336, 6.36684370041, 6.39541339874, 6.35883665085, 5.89675331116]
    var: [6.40508739796e-12, 3.06421988477e-12, 3.09625372216e-12, 3.13896564991e-12, 3.24496809631e-12]
