
metadata:
    version:
        essentia: "2.1-beta3"

Flux:
    dmean: 0.00365397729911
    dmean2: 0.00483707897365
    dvar: 0.000143238677992
    dvar2: 0.000282775785308
    kurt: 9.55801296234
    max: 0.0694273412228
    mean: 0.00467642676085
    median: 7.85672309576e-05
    min: 1.84557375178e-05
    skew: 3.29169344902
    var: 0.000232476595556

Rms:
    dmean: 0.00143139727879
    dmean2: 0.00106840766966
    dvar: 2.60090091615e-05
    dvar2: 1.16486689876e-05
    kurt: 20.7985363007
    max: 0.0501411855221
    mean: 0.0483477711678
    median: 0.0501190908253
    min: 0.00916570238769
    skew: -4.52818775177
    var: 4.84572301502e-05

RollOff:
    dmean: 7.34086465836
    dmean2: 7.01081037521
    dvar: 1748.13659668
    dvar2: 1525.20007324
    kurt: 39.1743659973
    max: 3273.046875
    mean: 2979.23681641
    median: 2971.58203125
    min: 2971.58203125
    skew: 6.38620233536
    var: 1981.56872559

SpecCent:
    dmean: 7.73493003845
    dmean2: 10.4082651138
    dvar: 623.557922363
    dvar2: 542.169311523
    kurt: 38.9860229492
    max: 3121.3737793
    mean: 2940.92675781
    median: 2936.54077148
    min: 2933.30932617
    skew: 6.36185407639
    var: 749.120117188

Zcr:
    dmean: 0.00481622852385
    dmean2: 0.00383811770007
    dvar: 0.000269170210231
    dvar2: 0.000182746109203
    kurt: 17.9711742401
    max: 0.13427734375
    mean: 0.128352865577
    median: 0.13427734375
    min: 0.00439453125
    skew: -4.25122594833
    var: 0.000524664879777

HarmonicAmpFreq:
    dmean: [0.150939941406]
    dmean2: [0.154450178146]
    dvar: [0.979663252831]
    dvar2: [1.00190389156]
    kurt: [39.9935951233]
    max: [2970.59936523]
    mean: [2964.10668945]
    median: [2963.95800781]
    min: [2963.95800781]
    skew: [6.4791226387]
    var: [0.958389222622]

HarmonicAmpMag:
    dmean: [1.74541719389e-06]
    dmean2: [1.78600828349e-06]
    dvar: [1.30998711878e-10]
    dvar2: [1.3397269405e-10]
    kurt: [40.0227279663]
    max: [7.67983583501e-05]
    mean: [1.70663020072e-06]
    median: [0]
    min: [0]
    skew: [6.48249387741]
    var: [1.28153820889e-10]

MfccCoeff:
    dmean: [10.0683317184, 1.1988093853, 2.60334014893, 1.1888256073, 0.517996430397, 1.25030732155, 0.226001039147, 1.12370824814, 0.849629342556, 0.638693213463, 1.18330037594, 0.0567408464849, 1.12400388718]
    dmean2: [15.0054311752, 1.65580964088, 3.46766972542, 1.33342278004, 0.346589028835, 0.76704365015, 0.231058612466, 0.764898777008, 0.68597972393, 0.674550354481, 1.27087831497, 0.0642215386033, 1.27536404133]
    dvar: [2135.36303711, 31.6390151978, 162.7293396, 44.553188324, 5.70401525497, 28.5344791412, 0.739072978497, 22.265663147, 11.3885555267, 8.01660346985, 24.2415332794, 0.076282709837, 21.8480148315]
    dvar2: [5268.27246094, 67.5826339722, 315.352355957, 55.993812561, 2.25361657143, 12.2419958115, 0.74769204855, 14.0090360641, 8.61534118652, 8.44264888763, 26.3628101349, 0.0661839321256, 25.4929275513]
    kurt: [37.2462692261, 20.2799530029, 20.8755760193, 38.4046516418, 31.1832733154, 27.7530841827, 15.2645931244, 24.0439224243, 21.5705280304, 20.5398464203, 19.1491641998, 33.002822876, 18.3662662506]
    max: [-892.756469727, -2.19621658325, -6.78033447266, 50.4704589844, 26.2168617249, -7.54453277588, 7.40727615356, 51.9822463989, -4.30993652344, -4.13932800293, 49.1052970886, 2.98519134521, -5.96760940552]
    mean: [-1091.17150879, -17.2489471436, -51.4523277283, 44.7447509766, 24.8188686371, -56.5962257385, 7.08446931839, 50.1559715271, -34.0322952271, -28.6593532562, 47.232875824, 1.01533949375, -43.8636283875]
    median: [-1094.80688477, -17.1913337708, -51.696056366, 45.5730323792, 25.4606819153, -58.3011131287, 7.40600967407, 51.7817764282, -35.2630386353, -29.6515426636, 49.0382652283, 0.986061096191, -45.5779838562]
    min: [-1132.73840332, -35.5986785889, -86.0229415894, 5.844165802, 3.47210693359, -58.4663047791, 0.704792022705, 6.83484840393, -35.2635574341, -29.8596572876, 6.2052116394, 0.556434631348, -45.7180137634]
    skew: [6.10216283798, -1.3848580122, 1.77796006203, -6.27767086029, -5.6019244194, 5.28192424774, -4.00301027298, -4.95172119141, 4.68145561218, 4.65559196472, -4.47464609146, 5.5161356926, 4.39257144928]
    var: [925.97454834, 12.5392494202, 70.9648742676, 35.0659866333, 11.6913099289, 65.6650924683, 1.57025897503, 55.8031349182, 27.896490097, 20.1678943634, 58.5396194458, 0.0966733843088, 51.5424461365]

SpecContrastCoeff:
    dmean: [0.0701571851969, 0.0140119055286, 0.0132470428944, 0.0168658886105, 0.0244379024953, 0.0195944607258]
    dmean2: [0.134718462825, 0.0258705839515, 0.0241370759904, 0.0307547152042, 0.0319457165897, 0.038133289665]
    dvar: [0.00282203243114, 0.000305974099319, 0.000141813870869, 8.85393383214e-05, 0.00220534787513, 0.000174099244759]
    dvar2: [0.00789043214172, 0.000563345791306, 0.000248821743298, 0.00028745571035, 0.00184216094203, 0.000448682112619]
    kurt: [2.03339719772, 8.90957546234, 7.59631919861, 0.954537391663, 18.5593585968, -0.569716691971]
    max: [-0.730424046516, -0.897567212582, -0.914160549641, -0.910224914551, -0.37358930707, -0.903480112553]
    mean: [-0.910302579403, -0.984253704548, -0.982315838337, -0.953630328178, -0.429892361164, -0.932948291302]
    median: [-0.931490540504, -0.991671681404, -0.989810228348, -0.958953976631, -0.415034532547, -0.939642071724]
    min: [-0.989055454731, -0.995947897434, -0.993182837963, -0.967201530933, -0.830887138844, -0.945692002773]
    skew: [1.48796093464, 2.8179397583, 2.49902558327, 1.16160643101, -4.31541967392, 0.886658430099]
    var: [0.00262515828945, 0.000341533246683, 0.000223710187129, 0.000190322884009, 0.00550466263667, 0.000177833877387]

SpecPeakAmp:
    dmean: [1.25897504404e-05, 9.53880771704e-06, 9.47963417275e-06, 9.29729503696e-06, 7.9213796198e-06]
    dmean2: [2.03922154469e-05, 1.61188836501e-05, 1.60390554811e-05, 1.57994218171e-05, 1.44359873957e-05]
    dvar: [3.67729846573e-10, 5.01378660811e-10, 4.8230225369e-10, 4.45531611604e-10, 2.90968971139e-10]
    dvar2: [9.77837255611e-10, 1.31122845914e-09, 1.27053101373e-09, 1.18687737416e-09, 7.50110029646e-10]
    kurt: [27.4904689789, 36.8004379272, 36.7983474731, 36.0231361389, 20.2805690765]
    max: [0.000107896870759, 0.000115752547572, 0.000115107868623, 0.000114659662358, 0.000116265306133]
    mean: [1.90278660739e-05, 8.47016235639e-06, 8.48247509566e-06, 8.76006379258e-06, 1.01328014352e-05]
    median: [1.6885189325e-05, 6.49337653158e-06, 6.42381883154e-06, 6.57055306874e-06, 6.59606166664e-06]
    min: [4.90654201712e-06, 5.2993374311e-07, 7.04004492036e-07, 9.10872131499e-07, 1.01030593669e-06]
    skew: [4.9326915741, 6.10350751877, 6.10104656219, 6.01370668411, 4.55796003342]
    var: [2.13430079166e-10, 2.71996591916e-10, 2.68681021875e-10, 2.67664806985e-10, 3.7419584098e-10]
