
metadata:
    version:
        essentia: "2.1-beta3"

Flux:
    dmean: 0.0249750092626
    dmean2: 0.0330039821565
    dvar: 0.00681477505714
    dvar2: 0.0131590841338
    kurt: 9.38347148895
    max: 0.489741623402
    mean: 0.0330008678138
    median: 0.000599466613494
    min: 7.02781835571e-05
    skew: 3.26562666893
    var: 0.0114772822708

Rms:
    dmean: 0.00997066125274
    dmean2: 0.00737123098224
    dvar: 0.00129810418002
    dvar2: 0.000587004353292
    kurt: 21.0701713562
    max: 0.353489518166
    mean: 0.340987086296
    median: 0.353428810835
    min: 0.0638636052608
    skew: -4.55477571487
    var: 0.00240576989017

RollOff:
    dmean: 5.87269163132
    dmean2: 5.5084939003
    dvar: 1040.40332031
    dvar2: 864.664428711
    kurt: 38.6573524475
    max: 2885.44921875
    mean: 2654.8059082
    median: 2648.58398438
    min: 2648.58398438
    skew: 6.32909679413
    var: 1228.69165039

SpecCent:
    dmean: 0.843028664589
    dmean2: 1.47966253757
    dvar: 0.853874266148
    dvar2: 1.11602675915
    kurt: 19.4814128876
    max: 2628.78466797
    mean: 2623.2331543
    median: 2623.12573242
    min: 2621.75708008
    skew: 4.01313304901
    var: 0.985082924366

Zcr:
    dmean: 0.00401722313836
    dmean2: 0.00285019981675
    dvar: 0.000215529013076
    dvar2: 0.000146720951307
    kurt: 17.8808860779
    max: 0.11962890625
    mean: 0.114474825561
    median: 0.11962890625
    min: 0.00390625
    skew: -4.2425365448
    var: 0.000418679526774

HarmonicAmpFreq:
    dmean: [0.615711569786]
    dmean2: [0.630030453205]
    dvar: [16.3013324738]
    dvar2: [16.6714115143]
    kurt: [40.0273361206]
    max: [2641.3425293]
    mean: [2640.74121094]
    median: [2641.3425293]
    min: [2614.2512207]
    skew: [-6.48302745819]
    var: [15.9473171234]

HarmonicAmpMag:
    dmean: [1.20815439004e-05]
    dmean2: [1.23625095512e-05]
    dvar: [6.27643981232e-09]
    dvar2: [6.41892983211e-09]
    kurt: [40.0227165222]
    max: [0.000531587924343]
    mean: [1.18130647024e-05]
    median: [0]
    min: [0]
    skew: [6.48249292374]
    var: [6.14013462297e-09]

MfccCoeff:
    dmean: [40.3150863647, 34.2590713501, 8.64843082428, 12.5633506775, 4.06195163727, 2.10684514046, 1.71769034863, 4.4371919632, 2.46144509315, 2.44154953957, 0.710829436779, 2.38139343262, 1.26455450058]
    dmean2: [67.8015213013, 64.6781311035, 16.3617324829, 24.7809867859, 7.50640916824, 3.7282640934, 2.89271712303, 7.44908761978, 3.988104105, 4.22899770737, 0.899599671364, 2.96974277496, 1.95429110527]
    dvar: [6071.20898438, 246.907775879, 39.285282135, 52.8909187317, 39.4602890015, 20.6438407898, 11.4009580612, 27.0974674225, 4.34002256393, 29.3061237335, 2.65749502182, 28.0215702057, 2.70509529114]
    dvar2: [14054.0498047, 1072.50170898, 58.7075881958, 190.71446228, 73.5223312378, 34.7098808289, 20.5468120575, 46.3664321899, 2.42390418053, 51.910861969, 3.58178639412, 23.4127025604, 4.10999965668]
    kurt: [26.8811988831, -0.409035205841, 19.1185054779, 0.649056196213, 9.80492019653, 11.828912735, 8.94003391266, 14.5622673035, 19.2004432678, 10.7699451447, 20.5421276093, 18.1053180695, 13.7853870392]
    max: [-655.76574707, 63.8930015564, -57.8161735535, 52.2579650879, 71.1998443604, -24.027671814, -15.819984436, 62.4990844727, 15.413974762, -22.1152744293, 6.82783126831, 49.3272247314, -3.9764251709]
    mean: [-1015.49993896, 4.91002655029, -103.344810486, 38.9178199768, 61.9369316101, -49.5574874878, -32.6066207886, 50.0874824524, 12.9917507172, -48.8031578064, 1.97186076641, 43.8017463684, -15.0670909882]
    median: [-1022.90905762, 7.42045211792, -103.799621582, 39.089553833, 63.3965950012, -51.1255455017, -32.8559417725, 50.9489212036, 13.9381141663, -49.9006195068, 2.01498794556, 45.9835662842, -15.4201622009]
    min: [-1057.01867676, -25.1962051392, -111.690200806, 12.8814277649, 30.3332271576, -54.851650238, -41.6371994019, 13.4778308868, -8.30701446533, -59.2420806885, -8.03527259827, 0.481803894043, -20.9538078308]
    skew: [5.07567167282, 0.231056123972, 3.78558444977, -0.324319392443, -3.21274805069, 3.58559393883, 2.58084559441, -3.54017949104, -4.17321825027, 3.30525135994, -3.46681880951, -4.25721931458, 2.93245887756]
    var: [3563.82250977, 464.143371582, 65.947013855, 65.2465057373, 56.9406471252, 34.0350112915, 15.3920965195, 51.032749176, 14.6747779846, 39.3237495422, 3.16339373589, 64.477142334, 4.88316774368]

SpecContrastCoeff:
    dmean: [0.0183724313974, 0.0149104110897, 0.0149777587503, 0.0200129672885, 0.0324456803501, 0.0205435603857]
    dmean2: [0.0339182019234, 0.0277977120131, 0.0282960906625, 0.0394193865359, 0.0443575717509, 0.0404195189476]
    dvar: [0.000473410327686, 0.000317873083986, 0.00014030848979, 0.000132308879984, 0.00333700864576, 0.000250045763096]
    dvar2: [0.00119649176486, 0.000785469252151, 0.000391480745748, 0.000474464526633, 0.00266469316557, 0.000829412660096]
    kurt: [8.70744895935, 8.8165178299, 5.76343727112, 0.579589128494, 21.4461307526, 1.41138315201]
    max: [-0.891520321369, -0.908565759659, -0.925049185753, -0.878284394741, -0.22477170825, -0.865238845348]
    mean: [-0.981334865093, -0.985913515091, -0.979722499847, -0.923975527287, -0.291651368141, -0.926723659039]
    median: [-0.989527761936, -0.992941915989, -0.985035777092, -0.927360296249, -0.275845915079, -0.935665130615]
    min: [-0.998358428478, -0.996195673943, -0.98955231905, -0.939673662186, -0.757646083832, -0.941468477249]
    skew: [2.86096167564, 2.85330152512, 2.17233729362, 0.93100976944, -4.53181838989, 1.43184542656]
    var: [0.000391531852074, 0.000277971819742, 0.000158806622494, 0.000198758978513, 0.0066842911765, 0.00033922525472]

SpecPeakAmp:
    dmean: [0.000166056430317, 0.000165182122146, 0.000163449381944, 0.000154565699631, 0.000164316152222]
    dmean2: [0.000266541144811, 0.000265137176029, 0.000262661720626, 0.000253225007327, 0.000263167341473]
    dvar: [3.18300863e-07, 3.16665762057e-07, 3.11304773959e-07, 2.73456493005e-07, 3.22059889868e-07]
    dvar2: [8.10903713955e-07, 8.06838045264e-07, 7.95528649178e-07, 7.13650990747e-07, 8.20825391656e-07]
    kurt: [39.0355415344, 39.0296478271, 38.9679260254, 36.7343406677, 39.0670051575]
    max: [0.00282522570342, 0.00282381102443, 0.00282237306237, 0.00283431122079, 0.00284653925337]
    mean: [0.000119858057587, 0.00011581335275, 0.000117200426757, 0.000126526603708, 0.000118064919661]
    median: [5.83847649978e-05, 5.37613377674e-05, 5.39618413313e-05, 5.41676054127e-05, 5.42278612556e-05]
    min: [5.90212948737e-06, 3.85138037018e-06, 8.53095298226e-06, 9.72608177108e-06, 1.09220873128e-05]
    skew: [6.37011766434, 6.36945772171, 6.36228609085, 6.1224694252, 6.37385749817]
    var: [1.68286689473e-07, 1.6862583152e-07, 1.68397932043e-07, 1.73444789198e-07, 1.71109377334e-07]
