
metadata:
    version:
        essentia: "2.1-beta3"

Flux:
    dmean: 0.0328024029732
    dmean2: 0.0433391928673
    dvar: 0.0116131519899
    dvar2: 0.0223564654589
    kurt: 9.39821243286
    max: 0.640565514565
    mean: 0.0430479720235
    median: 0.000674860551953
    min: 0.000170532948687
    skew: 3.26724338531
    var: 0.0196073837578

Rms:
    dmean: 0.0131170423701
    dmean2: 0.0098221944645
    dvar: 0.00219967844896
    dvar2: 0.000991879380308
    kurt: 21.0023231506
    max: 0.461973130703
    mean: 0.445549279451
    median: 0.461761832237
    min: 0.0847143754363
    skew: -4.54829645157
    var: 0.004086333327

RollOff:
    dmean: 7.34086465836
    dmean2: 7.01081037521
    dvar: 2022.12854004
    dvar2: 1783.99743652
    kurt: 39.6429710388
    max: 3294.58007812
    mean: 2979.23681641
    median: 2971.58203125
    min: 2971.58203125
    skew: 6.43941307068
    var: 2270.08007812

SpecCent:
    dmean: 9.01723384857
    dmean2: 11.8521871567
    dvar: 1160.90124512
    dvar2: 1069.02490234
    kurt: 39.5033760071
    max: 3180.54052734
    mean: 2942.22045898
    median: 2936.81591797
    min: 2933.31323242
    skew: 6.42156934738
    var: 1298.70153809

Zcr:
    dmean: 0.00479403417557
    dmean2: 0.0037472746335
    dvar: 0.000270748831099
    dvar2: 0.00018308032304
    kurt: 17.7377872467
    max: 0.13427734375
    mean: 0.128331169486
    median: 0.13427734375
    min: 0.00439453125
    skew: -4.22867870331
    var: 0.000528667296749

HarmonicAmpFreq:
    dmean: [0.325456112623]
    dmean2: [0.333024859428]
    dvar: [4.55463218689]
    dvar2: [4.65803337097]
    kurt: [40.042011261]
    max: [2978.27661133]
    mean: [2964.27319336]
    median: [2963.95654297]
    min: [2963.95654297]
    skew: [6.48472452164]
    var: [4.45572185516]

HarmonicAmpMag:
    dmean: [1.62963515322e-05]
    dmean2: [1.66753361555e-05]
    dvar: [1.14195559675e-08]
    dvar2: [1.16788072546e-08]
    kurt: [40.022731781]
    max: [0.000717039452866]
    mean: [1.59342107509e-05]
    median: [0]
    min: [0]
    skew: [6.48249435425]
    var: [1.11715570128e-08]

MfccCoeff:
    dmean: [43.4000854492, 36.1070175171, 4.69095945358, 10.8360185623, 4.94408130646, 5.55663919449, 2.50863409042, 2.34418988228, 2.30897545815, 2.0752825737, 2.63624978065, 0.346010565758, 1.7412456274]
    dmean2: [72.6960754395, 67.2281494141, 7.37555646896, 20.7321987152, 8.67810153961, 9.0736207962, 4.49284172058, 3.18545675278, 3.47276067734, 3.50679516792, 4.23357057571, 0.597897648811, 2.21284937859]
    dvar: [6317.96142578, 336.14944458, 22.3391056061, 53.1015892029, 22.5989742279, 56.3532600403, 3.14549541473, 38.5430145264, 18.0688705444, 13.1565208435, 36.1759910583, 0.0683406144381, 29.3558826447]
    dvar2: [15579.6748047, 1010.24700928, 19.5480575562, 138.567642212, 34.8381385803, 74.6349258423, 7.307076931, 55.0266075134, 26.3393154144, 17.5479660034, 50.8281478882, 0.131588920951, 37.9893302917]
    kurt: [23.3993701935, -0.991665840149, 24.4020614624, 1.98104476929, 6.15258789062, 11.0005846024, 1.30301380157, 14.3308563232, 13.6101074219, 11.7040920258, 12.9448184967, -0.707464933395, 14.1075668335]
    max: [-660.350463867, 43.9840164185, -64.0960083008, 87.7572174072, 46.2218666077, -27.7098655701, 11.7395820618, 67.6045074463, -9.9542388916, -8.1833190918, 56.0361747742, 1.55058288574, -8.22007751465]
    mean: [-997.321899414, -14.6058607101, -108.501266479, 74.5507049561, 38.2370376587, -75.9708786011, 9.60913658142, 58.2424583435, -38.7158355713, -31.0699901581, 50.6940307617, 1.00253462791, -45.3052902222]
    median: [-1001.28283691, -10.9929237366, -108.92678833, 74.7753601074, 38.4131660461, -78.2714080811, 10.6209144592, 59.8982696533, -39.7672767639, -32.4727783203, 53.0067558289, 1.05367279053, -47.1034202576]
    min: [-1068.10192871, -50.942943573, -115.005126953, 46.4285011292, 14.6538848877, -87.0844116211, 2.49852371216, 16.4948825836, -45.0570602417, -34.487663269, 12.1386680603, 0.340782165527, -49.7405967712]
    skew: [4.61522674561, 0.0805441588163, 4.67797040939, -0.969286084175, -2.38415360451, 3.3990187645, -1.42939114571, -3.85003972054, 3.73073387146, 3.53349328041, -3.74779582024, -0.437385767698, 3.88841438293]
    var: [3345.14990234, 550.818725586, 56.6213035583, 76.8780670166, 38.8788032532, 115.956138611, 5.785135746, 71.791343689, 35.1202049255, 25.1478805542, 67.476852417, 0.107867017388, 57.882019043]

SpecContrastCoeff:
    dmean: [0.0245364848524, 0.0118927024305, 0.0131039032713, 0.0188930910081, 0.0280078165233, 0.0219851341099]
    dmean2: [0.0466153845191, 0.0218692179769, 0.0240212231874, 0.0351282283664, 0.0316102653742, 0.0419413000345]
    dvar: [0.000744445482269, 0.000178102156497, 9.14332267712e-05, 0.000117022376799, 0.00371638312936, 0.000272011355264]
    dvar2: [0.00198028050363, 0.000387628853787, 0.000232576072449, 0.000298378086882, 0.00265122880228, 0.00061107223155]
    kurt: [7.92766189575, 7.87742233276, 3.37314558029, 3.43231344223, 20.1584205627, -0.297322511673]
    max: [-0.868541121483, -0.921884477139, -0.933423399925, -0.883693158627, -0.223388284445, -0.876528441906]
    mean: [-0.971545934677, -0.988558888435, -0.9821819067, -0.943671107292, -0.28373208642, -0.919504106045]
    median: [-0.980884194374, -0.995601773262, -0.988253712654, -0.948839247227, -0.263997226954, -0.92731243372]
    min: [-0.986927032471, -0.997189879417, -0.991959810257, -0.959387123585, -0.792581260204, -0.934472560883]
    skew: [2.72917437553, 2.67582917213, 1.8111975193, 1.71234881878, -4.44798469543, 1.03875946999]
    var: [0.000537032610737, 0.000216530228499, 0.000159436065587, 0.000279819214484, 0.00829095300287, 0.00028616504278]

SpecPeakAmp:
    dmean: [7.62866329751e-05, 7.50094404793e-05, 7.35199137125e-05, 7.32093394618e-05, 6.09193921264e-05]
    dmean2: [0.000128315368784, 0.000125904218294, 0.000123755526147, 0.00012383540161, 0.000111658860988]
    dvar: [1.95178166962e-08, 1.93386391345e-08, 1.82883006516e-08, 1.8326060669e-08, 1.30423636335e-08]
    dvar2: [4.82265321011e-08, 4.78841464258e-08, 4.5694292794e-08, 4.62400961965e-08, 2.49544562791e-08]
    kurt: [22.7003593445, 22.391784668, 22.7346115112, 22.6806697845, 12.9759311676]
    max: [0.000701310345903, 0.000694905174896, 0.000691681343596, 0.00072358205216, 0.000753255619202]
    mean: [8.12216312625e-05, 7.25898717064e-05, 7.32574626454e-05, 7.61094779591e-05, 8.99045189726e-05]
    median: [6.97776777088e-05, 5.73657634959e-05, 5.98441256443e-05, 5.98976184847e-05, 6.00158891757e-05]
    min: [1.01846426332e-05, 3.04939430862e-06, 6.07886931903e-06, 7.49005039324e-06, 8.65609490575e-06]
    skew: [4.66646575928, 4.6637544632, 4.69494581223, 4.67393779755, 3.73911237717]
    var: [1.16178187071e-08, 1.18367298185e-08, 1.15805622869e-08, 1.2672871641e-08, 2.22505018854e-08]
