
metadata:
    version:
        essentia: "2.1-beta3"

Flux:
    dmean: 0.0172497630119
    dmean2: 0
    dvar: 0
    dvar2: 0
    kurt: -2
    max: 0.390075922012
    mean: 0.381451040506
    median: 0.381451040506
    min: 0.372826159
    skew: 0
    var: 7.43885830161e-05

Rms:
    dmean: 0
    dmean2: 0
    dvar: 0
    dvar2: 0
    kurt: 0
    max: 0.133844122291
    mean: 0.133844122291
    median: 0.133844122291
    min: 0.133844122291
    skew: 0
    var: 0

RollOff:
    dmean: 925.927734375
    dmean2: 0
    dvar: 0
    dvar2: 0
    kurt: -2
    max: 2777.78320312
    mean: 2314.81933594
    median: 2314.81933594
    min: 1851.85546875
    skew: 0
    var: 214335.546875

SpecCent:
    dmean: 38.0329589844
    dmean2: 0
    dvar: 0
    dvar2: 0
    kurt: -2
    max: 2334.76586914
    mean: 2315.74951172
    median: 2315.74951172
    min: 2296.73291016
    skew: -1.92419447558e-05
    var: 361.626495361

Zcr:
    dmean: 0
    dmean2: 0
    dvar: 0
    dvar2: 0
    kurt: 0
    max: 0.017578125
    mean: 0.017578125
    median: 0.017578125
    min: 0.017578125
    skew: 0
    var: 0

HarmonicAmpFreq:
    dmean: [0]
    dmean2: [0]
    dvar: [0]
    dvar2: [0]
    kurt: [nan]
    max: [2492.7668457]
    mean: [2492.7668457]
    median: [2492.7668457]
    min: [2492.7668457]
    skew: [nan]
    var: [0]

HarmonicAmpMag:
    dmean: [0]
    dmean2: [0]
    dvar: [0]
    dvar2: [0]
    kurt: [nan]
    max: [0]
    mean: [0]
    median: [0]
    min: [0]
    skew: [nan]
    var: [0]

MfccCoeff:
    dmean: [295.641235352, 108.895217896, 33.925994873, 72.2885055542, 14.8162937164, 6.17790412903, 10.2062206268, 10.1381225586, 2.40001869202, 0.479633331299, 1.26835441589, 3.37456893921, 1.89029884338]
    dmean2: [0, 0, 0, 0, 0, 0, 0, 0, 0, 0, 0, 0, 0]
    dvar: [0, 0, 0, 0, 0, 0, 0, 0, 0, 0, 0, 0, 0]
    dvar2: [0, 0, 0, 0, 0, 0, 0, 0, 0, 0, 0, 0, 0]
    kurt: [-2, -2, -1.99999988079, -2, -1.99999988079, -2, -2, -2, -2, -2, -2, -1.99999988079, -2]
    max: [-569.940307617, 171.636505127, -97.5465240479, 2.78663635254, 27.1852664948, -8.42412376404, -9.81459236145, 14.7875442505, 1.72708320618, -5.88596343994, 2.37739753723, 4.72528457642, -2.23309326172]
    mean: [-717.760925293, 117.188896179, -114.509521484, -33.3576164246, 19.7771186829, -11.5130758286, -14.9177026749, 9.71848297119, 0.527073860168, -6.12578010559, 1.74322032928, 3.03800010681, -3.17824268341]
    median: [-717.760925293, 117.188896179, -114.509521484, -33.3576164246, 19.7771186829, -11.5130758286, -14.9177026749, 9.71848297119, 0.527073860168, -6.12578010559, 1.74322032928, 3.03800010681, -3.17824268341]
    min: [-865.581542969, 62.7412872314, -131.472518921, -69.5018692017, 12.3689727783, -14.6020278931, -20.0208129883, 4.64942169189, -0.67293548584, -6.36559677124, 1.10904312134, 1.35071563721, -4.1233921051]
    skew: [0, 0, 0, 0, 3.75311060452e-07, 0, 0, 0, 0, 0, 0, 0, 0]
    var: [21850.9355469, 2964.54223633, 287.743286133, 1306.40698242, 54.8806381226, 9.54162502289, 26.0417346954, 25.6953830719, 1.44002246857, 0.0575120337307, 0.402180731297, 2.84692883492, 0.893307447433]

SpecContrastCoeff:
    dmean: [0.0513361692429, 0.0778480768204, 0.125777959824, 0.0918461084366, 0.157901763916, 0.0470368862152]
    dmean2: [0, 0, 0, 0, 0, 0]
    dvar: [0, 0, 0, 0, 0, 0]
    dvar2: [0, 0, 0, 0, 0, 0]
    kurt: [-2, -2, -2, -2, -2, -2]
    max: [-0.882957041264, -0.803623080254, -0.85600066185, -0.832939863205, -0.533382892609, -0.871737957001]
    mean: [-0.908625125885, -0.842547118664, -0.918889641762, -0.878862917423, -0.612333774567, -0.895256400108]
    median: [-0.908625125885, -0.842547118664, -0.918889641762, -0.878862917423, -0.612333774567, -0.895256400108]
    min: [-0.934293210506, -0.881471157074, -0.981778621674, -0.924785971642, -0.691284656525, -0.918774843216]
    skew: [0, 0, 0, 0, 0, 0]
    var: [0.000658850593027, 0.00151508080307, 0.00395502382889, 0.00210892688483, 0.00623324187472, 0.000553117191885]

SpecPeakAmp:
    dmean: [0.00323349935934, 0.000366524793208, 0.00064943684265, 0.00109968939796, 0.001992309466]
    dmean2: [0, 0, 0, 0, 0]
    dvar: [0, 0, 0, 0, 0]
    dvar2: [0, 0, 0, 0, 0]
    kurt: [-2, -2, -2, -2, -1.99999988079]
    max: [0.00355277047493, 0.00375876389444, 0.00413969671354, 0.00479280762374, 0.00578432390466]
    mean: [0.00193602079526, 0.00357550149783, 0.00381497829221, 0.00424296315759, 0.00478816917166]
    median: [0.00193602079526, 0.00357550149783, 0.00381497829221, 0.00424296315759, 0.00478816917166]
    min: [0.000319271202898, 0.00339223910123, 0.00349025987089, 0.00369311822578, 0.00379201443866]
    skew: [1.05085284474e-07, 0, 0, -1.25225096781e-06, 0]
    var: [2.61387936007e-06, 3.35851062516e-08, 1.05442055087e-07, 3.02329198121e-07, 9.92324203253e-07]
