
metadata:
    version:
        essentia: "2.1-beta3"

Flux:
    dmean: 7.13866074875e-06
    dmean2: 1.07058194772e-05
    dvar: 5.95568316886e-10
    dvar2: 1.28125166032e-09
    kurt: 13.9280509949
    max: 0.000132686705911
    mean: 8.53636083775e-06
    median: 2.03086892725e-06
    min: 7.69170867443e-07
    skew: 3.85317373276
    var: 6.33086416624e-10

Rms:
    dmean: 2.73636169368e-06
    dmean2: 3.21112634083e-06
    dvar: 4.56587025133e-11
    dvar2: 3.09765268991e-11
    kurt: 19.2812385559
    max: 0.000109105094452
    mean: 0.000106247833173
    median: 0.000108182139229
    min: 6.29569549346e-05
    skew: -4.44291448593
    var: 6.41792383127e-11

RollOff:
    dmean: 1.00154435635
    dmean2: 1.025390625
    dvar: 20.5633563995
    dvar2: 21.0285148621
    kurt: 17.0476436615
    max: 193.798828125
    mean: 173.244400024
    median: 172.265625
    min: 172.265625
    skew: 4.36436223984
    var: 20.118303299

SpecCent:
    dmean: 8.73316383362
    dmean2: 13.8364171982
    dvar: 41.7142524719
    dvar2: 50.0841751099
    kurt: 8.64332008362
    max: 611.630859375
    mean: 569.869506836
    median: 568.174560547
    min: 561.302368164
    skew: 2.45512986183
    var: 79.2307662964

Zcr:
    dmean: 0.000408793595852
    dmean2: 0.000662667385768
    dvar: 5.75866806685e-07
    dvar2: 6.11049017607e-07
    kurt: 15.4094219208
    max: 0.0078125
    mean: 0.00731312157586
    median: 0.00732421875
    min: 0.00341796875
    skew: -3.90698313713
    var: 6.12179121617e-07

HarmonicAmpFreq:
    dmean: [0.0855283513665]
    dmean2: [0.0964983999729]
    dvar: [0.155313774943]
    dvar2: [0.144953981042]
    kurt: [38.0199279785]
    max: [166.002120972]
    mean: [165.908432007]
    median: [165.976226807]
    min: [163.251541138]
    skew: [-6.29069900513]
    var: [0.166163757443]

HarmonicAmpMag:
    dmean: [3.88960370401e-06]
    dmean2: [3.99206646762e-06]
    dvar: [3.12766812449e-10]
    dvar2: [3.08613079536e-10]
    kurt: [23.6037349701]
    max: [0.000145945683471]
    mean: [0.000142086471897]
    median: [0.000145863246871]
    min: [3.99002856284e-05]
    skew: [-4.92432975769]
    var: [3.16882492468e-10]

MfccCoeff:
    dmean: [0.123387537897, 0.170425057411, 0.158473521471, 0.139242485166, 0.113708496094, 0.0831692740321, 0.0491975285113, 0.0138759166002, 0.0228448919952, 0.0568130835891, 0.0875073820353, 0.113687738776, 0.134109318256]
    dmean2: [0.127915158868, 0.176645189524, 0.164208546281, 0.144194826484, 0.117633998394, 0.0858742818236, 0.0505694448948, 0.0143434433267, 0.024334680289, 0.0595011040568, 0.0912322998047, 0.11824362725, 0.139261335135]
    dvar: [0.38653165102, 0.737534999847, 0.637556552887, 0.491942465305, 0.327765583992, 0.175051882863, 0.0609173215926, 0.0043974048458, 0.0130687067285, 0.0819710791111, 0.195124536753, 0.32898157835, 0.457367569208]
    dvar2: [0.393184065819, 0.750172257423, 0.648319244385, 0.500008940697, 0.332867890596, 0.177505657077, 0.0615442767739, 0.00432999292389, 0.0135419610888, 0.0840075835586, 0.199373215437, 0.33558422327, 0.465950727463]
    kurt: [32.1464080811, 32.1395950317, 32.1210098267, 32.0861930847, 32.0252761841, 31.9110870361, 31.6354103088, 29.8727226257, 33.4968986511, 32.6972351074, 32.474811554, 32.3508415222, 32.2572631836]
    max: [-1134.25390625, 5.75577926636, 5.35446166992, 4.70863723755, 3.85055541992, 2.82395172119, 1.67993545532, 0.475593566895, -4.57763671875e-05, -0.0511779785156, -0.100360870361, -0.145690917969, -0.185432434082]
    mean: [-1134.37475586, 5.58879518509, 5.19919395447, 4.57219552994, 3.73915028572, 2.74247264862, 1.63164412975, 0.461619824171, -0.710776388645, -1.82979249954, -2.84370517731, -3.70737528801, -4.38456010818]
    median: [-1134.25561523, 5.75342941284, 5.35231018066, 4.70677566528, 3.84912109375, 2.82299804688, 1.67937850952, 0.474925994873, -0.731967926025, -1.88399887085, -2.92771148682, -3.81674194336, -4.51386260986]
    min: [-1138.23461914, 0.257152557373, 0.2421875, 0.218067169189, 0.185333251953, 0.145683288574, 0.100299835205, 0.0510940551758, -0.737915039062, -1.88716888428, -2.92945480347, -3.81874847412, -4.51596069336]
    skew: [-5.70270967484, -5.70201015472, -5.70023679733, -5.69691562653, -5.69111585617, -5.68025541306, -5.65407848358, -5.48823833466, 5.83231544495, 5.7553024292, 5.73400783539, 5.72215795517, 5.71322774887]
    var: [0.380176514387, 0.725451529026, 0.62726444006, 0.484227538109, 0.322886496782, 0.172706827521, 0.0603217743337, 0.00446418998763, 0.0126304319128, 0.0800453871489, 0.19107465446, 0.322685271502, 0.449172109365]

SpecContrastCoeff:
    dmean: [0.0196842774749, 0.0167457982898, 0.0111143868417, 0.0203205216676, 0.0120852738619, 0.00960591621697]
    dmean2: [0.0253039039671, 0.0255252290517, 0.0179532151669, 0.0317517332733, 0.0167943611741, 0.0142121342942]
    dvar: [0.00212934729643, 0.000254141079495, 0.000241186484345, 0.000587901158724, 0.000361050188076, 0.000154307723278]
    dvar2: [0.00204135593958, 0.000580530089792, 0.000363656552508, 0.000652873772196, 0.000332081923261, 0.0001807816152]
    kurt: [15.9174823761, 3.65749740601, 11.3324069977, 10.0403079987, 12.876127243, 12.1466941833]
    max: [-0.564403891563, -0.813659846783, -0.874471962452, -0.77643764019, -0.820221304893, -0.849402368069]
    mean: [-0.592178225517, -0.868289530277, -0.899125993252, -0.81121712923, -0.841702640057, -0.865073561668]
    median: [-0.579593777657, -0.868596017361, -0.896889150143, -0.810246765614, -0.838714718819, -0.86265206337]
    min: [-0.85676586628, -0.934974193573, -0.97341376543, -0.944304645061, -0.943898737431, -0.931011021137]
    skew: [-4.0922036171, -0.871609449387, -2.83591413498, -2.93346357346, -3.52628111839, -3.35362434387]
    var: [0.00283172447234, 0.000419865944423, 0.000228203585721, 0.000905310211238, 0.000477160821902, 0.000202918148716]

SpecPeakAmp:
    dmean: [4.039368946e-07, 7.83026916906e-05, 7.45709476178e-05, 2.79402172509e-07, 5.65744528558e-07]
    dmean2: [4.90093327699e-07, 0.000156357782544, 0.000152556327521, 4.46860212833e-07, 1.10589917313e-06]
    dvar: [9.68034463353e-13, 5.03409447461e-09, 5.26856913652e-09, 2.34702638184e-13, 5.1811495632e-13]
    dvar2: [9.9714821903e-13, 1.46083163344e-08, 1.50477976746e-08, 4.32761519762e-13, 1.51065390665e-12]
    kurt: [18.7680492401, -0.946736097336, -0.666875362396, 9.23373222351, 0.540854930878]
    max: [1.7181293515e-05, 0.000145931917359, 0.000145945683471, 2.3167008294e-06, 2.1159271455e-06]
    mean: [1.65622659551e-05, 0.000105694569356, 3.68749460904e-05, 4.07982753359e-07, 6.01862154781e-07]
    median: [1.67624311871e-05, 0.000145814963616, 4.16106075818e-07, 2.82856092326e-07, 3.11475019998e-07]
    min: [1.11804574772e-05, 2.36660596897e-07, 2.95196173283e-07, 1.07719280606e-07, 1.5440508605e-07]
    skew: [-4.4052901268, -0.997986674309, 1.15443921089, 3.24327206612, 1.55743837357]
    var: [1.02628832082e-12, 4.01441679898e-09, 3.96047461493e-09, 2.22201150166e-13, 4.12118256188e-13]
