
metadata:
    version:
        essentia: "2.1-beta3"

Flux:
    dmean: 0.000179777896847
    dmean2: 0.00022919831099
    dvar: 3.35459020562e-07
    dvar2: 6.4704710212e-07
    kurt: 9.98274421692
    max: 0.0034451186657
    mean: 0.000235092637013
    median: 1.37111674121e-05
    min: 8.24737162475e-06
    skew: 3.34113264084
    var: 5.45883267478e-07

Rms:
    dmean: 8.64763205755e-05
    dmean2: 8.31682991702e-05
    dvar: 5.06287598512e-08
    dvar2: 1.94648368534e-08
    kurt: 19.6575679779
    max: 0.00244481954724
    mean: 0.00234068674035
    median: 0.00242097279988
    min: 0.000561063701753
    skew: -4.40673351288
    var: 1.03135974427e-07

RollOff:
    dmean: 5.38330078125
    dmean2: 5.0077214241
    dvar: 845.686950684
    dvar2: 686.615844727
    kurt: 38.3793106079
    max: 387.59765625
    mean: 178.0078125
    median: 172.265625
    min: 172.265625
    skew: 6.29871559143
    var: 1018.03265381

SpecCent:
    dmean: 12.2617578506
    dmean2: 12.8594655991
    dvar: 2450.92700195
    dvar2: 1490.63623047
    kurt: 37.0374526978
    max: 575.040710449
    mean: 180.029922485
    median: 169.55241394
    min: 166.476486206
    skew: 6.16429567337
    var: 3677.49780273

Zcr:
    dmean: 0.000554865051527
    dmean2: 0.000772165716626
    dvar: 8.73380542998e-07
    dvar2: 7.12289931926e-07
    kurt: 17.5223865509
    max: 0.0078125
    mean: 0.00716145848855
    median: 0.00732421875
    min: 0
    skew: -4.11777830124
    var: 1.75899958776e-06

HarmonicAmpFreq:
    dmean: [0.0703263729811]
    dmean2: [0.108531504869]
    dvar: [0.0483277998865]
    dvar2: [0.0826928913593]
    kurt: [10.5144863129]
    max: [165.995635986]
    mean: [165.904800415]
    median: [165.97883606]
    min: [164.752807617]
    skew: [-3.5072722435]
    var: [0.0742947235703]

HarmonicAmpMag:
    dmean: [0.000131324079121]
    dmean2: [0.000104247657873]
    dvar: [2.39280495862e-07]
    dvar2: [1.63357526617e-07]
    kurt: [15.9951457977]
    max: [0.00331663014367]
    mean: [0.00315822521225]
    median: [0.00331476726569]
    min: [0]
    skew: [-4.10631227493]
    var: [3.84676326348e-07]

MfccCoeff:
    dmean: [1.91918110847, 2.52863240242, 2.03233265877, 1.37891244888, 0.748421251774, 0.504197061062, 0.306754022837, 0.121427185833, 0.12632265687, 0.308621674776, 0.470410645008, 0.601268768311, 0.695437252522]
    dmean2: [2.58167648315, 3.37850809097, 2.65262341499, 1.70726764202, 0.815579950809, 0.413257867098, 0.241941586137, 0.224218681455, 0.132002010942, 0.217589974403, 0.30131855607, 0.392777562141, 0.4699883461]
    dvar: [76.5829849243, 133.712539673, 88.4404067993, 43.7110824585, 16.1870288849, 4.83341789246, 1.5233874321, 0.408427923918, 0.280764698982, 1.26202428341, 3.06116890907, 5.13064432144, 6.96988105774]
    dvar2: [155.651992798, 267.244720459, 166.429733276, 71.1103134155, 18.3671684265, 2.41090297699, 1.04509782791, 0.798336267471, 0.278356671333, 0.667887687683, 1.82836043835, 3.13368582726, 4.39792203903]
    kurt: [18.9569683075, 19.1572761536, 21.2915782928, 29.0947380066, 38.0349731445, 33.5667037964, 23.4721126556, 17.0643939972, 19.4215259552, 22.063747406, 21.8424263, 22.0093688965, 21.8913269043]
    max: [-1085.1796875, 70.85962677, 58.9053688049, 42.8740730286, 26.8259162903, 19.1384124756, 11.961933136, 4.96746826172, -4.57763671875e-05, -2.28881835938e-05, -2.67028808594e-05, -3.0517578125e-05, -3.81469726562e-05]
    mean: [-1111.29968262, 37.4159469604, 34.679523468, 30.3639640808, 24.7858448029, 18.3106765747, 11.3115854263, 4.15011310577, -2.82880139351, -9.29632759094, -14.9471921921, -19.5181064606, -22.8131427765]
    median: [-1111.18041992, 37.6401481628, 35.0430641174, 30.8812141418, 25.3923530579, 18.8871154785, 11.7324562073, 4.32279968262, -2.94401550293, -9.68916320801, -15.5770626068, -20.3343200684, -23.7674217224]
    min: [-1138.42004395, 1.14440917969e-05, -6.103515625e-05, 8.01086425781e-05, -6.103515625e-05, 2.28881835938e-05, -2.67028808594e-05, -5.34057617188e-05, -3.00505065918, -9.69804382324, -15.5839138031, -20.3392486572, -23.7702293396]
    skew: [-0.27144792676, -0.788178622723, -2.38307952881, -4.75088167191, -6.2621884346, -5.80552625656, -4.90640211105, -4.32498025894, 4.56753778458, 4.65166807175, 4.64906454086, 4.67334032059, 4.66751861572]
    var: [31.9207897186, 56.7572593689, 40.4838256836, 24.6113910675, 14.2983837128, 8.28037834167, 3.86931228638, 0.804636836052, 0.2849868536, 2.63086080551, 6.87694978714, 11.7037801743, 16.0648498535]

SpecContrastCoeff:
    dmean: [0.0262059848756, 0.0217311959714, 0.0255181249231, 0.0115533629432, 0.00924942269921, 0.00858936924487]
    dmean2: [0.0290782377124, 0.0395600572228, 0.0464220009744, 0.0198646429926, 0.0159524027258, 0.0147434780374]
    dvar: [0.00447013648227, 0.000391503912397, 0.000315074634273, 9.52072441578e-05, 8.42892986839e-05, 8.83248940227e-05]
    dvar2: [0.00415750034153, 0.000733289518394, 0.000836595194414, 0.000239382497966, 0.000245491770329, 0.000272519449936]
    kurt: [14.4927158356, 3.41390228271, -0.5407538414, 0.536230564117, 6.37505435944, 8.71979045868]
    max: [-0.397103637457, -0.857239365578, -0.901906132698, -0.912518799305, -0.906352698803, -0.904540240765]
    mean: [-0.440027415752, -0.945282638073, -0.944009840488, -0.932943046093, -0.926442027092, -0.923296928406]
    median: [-0.410824358463, -0.956159114838, -0.947597265244, -0.934357881546, -0.926816940308, -0.921686768532]
    min: [-0.983172893524, -0.965061485767, -0.968742132187, -0.964715361595, -0.962640762329, -0.96324211359]
    skew: [-3.86432886124, 1.96277213097, 0.785073876381, -0.183417707682, -1.51231169701, -2.02040553093]
    var: [0.0116134816781, 0.000646549684461, 0.00035427135299, 0.000106220519228, 6.89281150699e-05, 7.2425667895e-05]

SpecPeakAmp:
    dmean: [9.47033258853e-05, 0.0017858435167, 0.00165913486853, 2.44026659857e-06, 2.26397492042e-06]
    dmean2: [0.000143471756019, 0.00359495007433, 0.00339334993623, 3.86366673411e-06, 3.66902168025e-06]
    dvar: [1.74929041918e-07, 2.66314918917e-06, 2.73554542218e-06, 3.44848177791e-11, 2.25259203651e-11]
    dvar2: [4.48822220278e-07, 4.52669928563e-06, 4.82753239339e-06, 8.56266238469e-11, 5.89153448249e-11]
    kurt: [40.0028076172, -1.92756092548, -1.74578070641, 27.9661159515, 31.8799362183]
    max: [0.00202485569753, 0.00331594189629, 0.00331663014367, 2.96863781841e-05, 2.46825802606e-05]
    mean: [6.15341050434e-05, 0.00186280196067, 0.0012553682318, 3.65792243429e-06, 3.23545737047e-06]
    median: [1.70116727531e-05, 0.00331362010911, 3.30411421601e-06, 3.04900504489e-06, 2.76605032923e-06]
    min: [6.51473465041e-06, 1.17613171824e-06, 6.89430464718e-07, 4.90963657285e-07, 3.7828948507e-07]
    skew: [6.4801402092, -0.240123361349, 0.504137337208, 5.22564792633, 5.5339589119]
    var: [8.76255796811e-08, 2.64559548668e-06, 2.57645683632e-06, 1.83270724985e-11, 1.16227678523e-11]
