
metadata:
    version:
        essentia: "2.1-beta3"

Flux:
    dmean: 0.00405129976571
    dmean2: 0.00532259931788
    dvar: 0.000167059348314
    dvar2: 0.000326783308992
    kurt: 9.72962760925
    max: 0.0759942010045
    mean: 0.00517985085025
    median: 0.000246216135565
    min: 2.80448984995e-05
    skew: 3.3115670681
    var: 0.00027233894798

Rms:
    dmean: 0.00196512881666
    dmean2: 0.00189379719086
    dvar: 2.73789319181e-05
    dvar2: 1.10155842776e-05
    kurt: 20.3745708466
    max: 0.0547220818698
    mean: 0.0523543730378
    median: 0.054194342345
    min: 0.0109161967412
    skew: -4.47680139542
    var: 5.47395720787e-05

RollOff:
    dmean: 5.87269163132
    dmean2: 5.5084939003
    dvar: 1040.40332031
    dvar2: 864.664428711
    kurt: 38.6582298279
    max: 409.130859375
    mean: 178.486328125
    median: 172.265625
    min: 172.265625
    skew: 6.32920122147
    var: 1228.69165039

SpecCent:
    dmean: 4.65724086761
    dmean2: 6.68284273148
    dvar: 75.2001266479
    dvar2: 49.8115119934
    kurt: 35.2805099487
    max: 235.438705444
    mean: 166.656951904
    median: 165.196060181
    min: 160.467315674
    skew: 5.92804861069
    var: 114.014877319

Zcr:
    dmean: 0.000510475831106
    dmean2: 0.000704033416696
    dvar: 7.58112207677e-07
    dvar2: 3.9147573716e-07
    kurt: 16.2672843933
    max: 0.0078125
    mean: 0.00715060764924
    median: 0.00732421875
    min: 0.00048828125
    skew: -4.00159978867
    var: 1.60170179697e-06

HarmonicAmpFreq:
    dmean: [0.123220615089]
    dmean2: [0.193739071488]
    dvar: [0.184716209769]
    dvar2: [0.476618111134]
    kurt: [24.1524143219]
    max: [166.00062561]
    mean: [165.881225586]
    median: [165.977111816]
    min: [163.487213135]
    skew: [-4.8568944931]
    var: [0.166518077254]

HarmonicAmpMag:
    dmean: [0.00293499906547]
    dmean2: [0.0023014745675]
    dvar: [0.000119045907923]
    dvar2: [8.1876241893e-05]
    kurt: [15.7796497345]
    max: [0.0742349773645]
    mean: [0.0706712380052]
    median: [0.0741993635893]
    min: [0]
    skew: [-4.0805516243]
    var: [0.000193838044652]

MfccCoeff:
    dmean: [11.6041231155, 11.4298009872, 3.7255012989, 2.53010392189, 5.36823987961, 7.17704916, 7.60311698914, 6.53084611893, 4.64232683182, 2.90821528435, 1.61019337177, 1.32346987724, 2.10220265388]
    dmean2: [18.1450119019, 17.8578910828, 5.67416667938, 3.52668523788, 8.49184608459, 12.3511314392, 12.8805389404, 11.1880130768, 8.32228279114, 5.2257142067, 2.46177649498, 1.63146328926, 2.72100114822]
    dvar: [1035.45507812, 772.176391602, 54.3056526184, 22.3825359344, 13.8873968124, 15.3643522263, 12.4902381897, 9.84139156342, 6.17026329041, 3.7818365097, 7.38424062729, 14.8225440979, 20.0504875183]
    dvar2: [2507.4284668, 1775.3527832, 54.6426696777, 10.8351373672, 20.6785640717, 34.0073852539, 40.6417236328, 34.8231239319, 16.9294090271, 6.96432447433, 9.50654029846, 16.9226093292, 19.1791362762]
    kurt: [31.7919998169, 22.7197170258, 25.9400367737, 23.9886398315, 15.0707454681, 5.44964122772, 0.662688493729, -1.15371930599, -1.28417086601, 5.6517496109, 16.7206096649, 16.0075817108, 14.9791297913]
    max: [-940.417236328, 190.684082031, 92.1726074219, 74.3100738525, 58.0818519592, 41.5978088379, 28.1569290161, 14.2223300934, 0.537399291992, -3.35249328613, -2.3558921814, -0.912414550781, 0.417694091797]
    mean: [-1076.41149902, 83.2842178345, 73.7575836182, 62.5796432495, 49.3048820496, 34.9653739929, 20.8821544647, 7.54377794266, -4.45258569717, -14.98939991, -23.9473571777, -31.1762695312, -36.5649909973]
    median: [-1078.72460938, 82.0145645142, 74.6829223633, 63.8789825439, 50.9893684387, 36.1295471191, 21.3092536926, 6.71612548828, -5.10710144043, -16.0144958496, -25.0947628021, -32.6011009216, -38.4618644714]
    min: [-1117.15197754, 28.7292289734, 24.9298744202, 19.3616065979, 12.9850463867, 6.82726287842, 1.76138687134, -1.6604385376, -10.3777008057, -19.2922592163, -27.2137050629, -33.4319572449, -39.6156425476]
    skew: [5.35058927536, 3.67738032341, -4.36803340912, -4.55386638641, -3.52894616127, -1.97097480297, -0.739259004593, 0.0170133654028, 0.238864317536, 2.11766648293, 4.12211418152, 4.09484529495, 3.94317030907]
    var: [469.347106934, 350.511566162, 66.9271011353, 54.3422584534, 47.9497184753, 45.9612503052, 33.8892784119, 20.871307373, 9.69332885742, 8.14552021027, 17.4197769165, 35.1738243103, 53.6762466431]

SpecContrastCoeff:
    dmean: [0.0371962562203, 0.0117654865608, 0.00719752116129, 0.00625310838223, 0.00748231448233, 0.0124299144372]
    dmean2: [0.0427106805146, 0.0206690765917, 0.0133236953989, 0.0111709069461, 0.0137826772407, 0.0234058648348]
    dvar: [0.00677112815902, 0.000496299762744, 9.2446389317e-05, 0.000108831467514, 0.000155909001478, 0.000142862205394]
    dvar2: [0.0045133586973, 0.00103619229048, 0.00021461135475, 0.00022799456201, 0.000345736916643, 0.00030907287146]
    kurt: [17.7209701538, 8.12898445129, 4.32423305511, 10.0538902283, 8.87389183044, 3.32114839554]
    max: [-0.189390391111, -0.832891285419, -0.93019759655, -0.918306052685, -0.909523963928, -0.91053301096]
    mean: [-0.247902259231, -0.941968858242, -0.961208283901, -0.962717354298, -0.958844900131, -0.954262316227]
    median: [-0.217780262232, -0.952796459198, -0.965150654316, -0.966307044029, -0.963067471981, -0.959393262863]
    min: [-0.980157971382, -0.953725159168, -0.968880653381, -0.967386901379, -0.964079141617, -0.96221357584]
    skew: [-4.21984672546, 3.07685852051, 2.21790909767, 3.13130235672, 2.98400449753, 1.94589352608]
    var: [0.0186889469624, 0.000803520786576, 6.57446289551e-05, 8.86048364919e-05, 0.000118877804198, 0.000133145120344]

SpecPeakAmp:
    dmean: [0.00488843675703, 0.0236115977168, 0.0202727243304, 4.27274826507e-05, 2.7710582799e-05]
    dmean2: [0.00774883525446, 0.0482611991465, 0.0414657332003, 7.16563081369e-05, 4.50201550848e-05]
    dvar: [0.000248561234912, 0.00118830264546, 0.00108997116331, 6.3490004365e-09, 3.59834739783e-09]
    dvar2: [0.000657077820506, 0.00303033133969, 0.00288976193406, 1.66845399718e-08, 9.27192456146e-09]
    kurt: [19.8389358521, -0.214108705521, 2.65377283096, 27.2194232941, 31.4525299072]
    max: [0.0730811432004, 0.0742313116789, 0.0742349773645, 0.000409220607253, 0.000308517861413]
    mean: [0.00313724344596, 0.0577522106469, 0.00995523575693, 4.16597104049e-05, 2.96063280985e-05]
    median: [8.36899853311e-05, 0.0741870701313, 5.91361640545e-05, 2.55633858615e-05, 2.20229521801e-05]
    min: [1.69735285453e-05, 1.98170455405e-05, 1.14878121167e-05, 7.90530521044e-06, 6.32131468592e-06]
    skew: [4.49141120911, -1.33634698391, 2.15724611282, 5.02212238312, 5.51991939545]
    var: [0.000161738498718, 0.000946718035266, 0.000635573989712, 3.67218033759e-09, 1.97811389491e-09]
