
metadata:
    version:
        essentia: "2.1-beta3"

Flux:
    dmean: 0.0360606946051
    dmean2: 0.049149248749
    dvar: 0.0134414527565
    dvar2: 0.0261292010546
    kurt: 9.21958732605
    max: 0.685539186001
    mean: 0.0476118288934
    median: 0.00221835914999
    min: 8.00060297479e-05
    skew: 3.24643659592
    var: 0.0227505136281

Rms:
    dmean: 0.0186976958066
    dmean2: 0.0181466955692
    dvar: 0.0026573271025
    dvar2: 0.00115094648208
    kurt: 21.7215538025
    max: 0.504175066948
    mean: 0.481862813234
    median: 0.499291330576
    min: 0.0747504755855
    skew: -4.61167430878
    var: 0.00509838294238

RollOff:
    dmean: 11.2559928894
    dmean2: 11.0169878006
    dvar: 4541.70556641
    dvar2: 4213.48388672
    kurt: 39.6764755249
    max: 645.99609375
    mean: 183.75
    median: 172.265625
    min: 172.265625
    skew: 6.44261360168
    var: 4875.84082031

SpecCent:
    dmean: 9.96639919281
    dmean2: 11.8695230484
    dvar: 1754.61291504
    dvar2: 1469.41638184
    kurt: 39.4131355286
    max: 470.92868042
    mean: 172.22354126
    median: 165.237731934
    min: 162.110275269
    skew: 6.41264295578
    var: 2042.37329102

Zcr:
    dmean: 0.00048828125
    dmean2: 0.000692678033374
    dvar: 6.39395295821e-07
    dvar2: 3.01988251294e-07
    kurt: 17.4313259125
    max: 0.0078125
    mean: 0.00718315970153
    median: 0.00732421875
    min: 0.0009765625
    skew: -4.10026931763
    var: 1.33114110668e-06

HarmonicAmpFreq:
    dmean: [0.112574145198]
    dmean2: [0.181131407619]
    dvar: [0.164916485548]
    dvar2: [0.435199826956]
    kurt: [25.5609912872]
    max: [165.994918823]
    mean: [165.888885498]
    median: [165.977096558]
    min: [163.582687378]
    skew: [-5.02014160156]
    var: [0.150727331638]

HarmonicAmpMag:
    dmean: [0.0267772544175]
    dmean2: [0.0206331536174]
    dvar: [0.00981428008527]
    dvar2: [0.00679344404489]
    kurt: [15.6676082611]
    max: [0.683929383755]
    mean: [0.651090562344]
    median: [0.683629751205]
    min: [0]
    skew: [-4.06074619293]
    var: [0.0163747780025]

MfccCoeff:
    dmean: [60.7218017578, 13.6367549896, 28.433631897, 12.0048284531, 8.78769016266, 6.39085865021, 4.16879796982, 3.95764708519, 2.51081228256, 2.57541227341, 1.61308598518, 2.13265633583, 1.95917141438]
    dmean2: [99.4899597168, 25.4710407257, 49.4919700623, 21.9861602783, 14.7701072693, 10.1673069, 5.90611314774, 6.86978912354, 4.4533662796, 4.56414842606, 2.06319141388, 2.61940860748, 2.23771762848]
    dvar: [4216.32373047, 187.868103027, 258.088012695, 132.667129517, 35.8595848083, 15.3682060242, 7.96040344238, 5.27741861343, 1.75618314743, 4.30068778992, 10.0043516159, 18.6853218079, 23.7529067993]
    dvar2: [9349.51367188, 307.458374023, 689.068603516, 253.033111572, 61.9381752014, 26.2386474609, 16.3592338562, 11.6793451309, 5.49389457703, 6.46683645248, 8.59887981415, 16.0554904938, 21.3085403442]
    kurt: [12.9360466003, 6.46411800385, -0.652250766754, 5.62000370026, 6.39347267151, 11.1307134628, 11.2509870529, 2.92877912521, -0.643951177597, 9.48544311523, 19.865272522, 17.9636669159, 16.2949256897]
    max: [-659.41229248, 190.156585693, 122.095275879, 89.8609466553, 59.3786048889, 39.2578735352, 25.4539413452, 11.8455219269, -0.753105163574, -0.712280273438, 3.73936080933, 5.76723480225, 4.22003173828]
    mean: [-963.557006836, 169.813720703, 86.9414138794, 62.8314781189, 46.1638031006, 31.2237300873, 19.0057678223, 6.7573390007, -4.21135520935, -14.7307424545, -23.6048564911, -31.0888271332, -36.4866790771]
    median: [-963.971069336, 176.168945312, 81.8559570312, 59.315864563, 48.72032547, 30.8198013306, 20.4383888245, 6.54821014404, -4.60413360596, -14.8938903809, -24.9030818939, -32.4860496521, -38.4715156555]
    min: [-1027.72277832, 111.944343567, 34.1768531799, 9.29860305786, 6.23608398438, -2.92182159424, -6.36448669434, -6.1039276123, -7.83450317383, -17.6940078735, -25.8174495697, -33.9824485779, -40.1348838806]
    skew: [3.10661292076, -2.24805760384, 0.163872539997, -0.810324370861, -2.00951147079, -2.68963289261, -2.88543105125, -1.11969256401, 0.316340357065, 2.73144340515, 4.43334674835, 4.24717140198, 4.07911777496]
    var: [3602.83740234, 171.013809204, 442.05355835, 162.957122803, 83.101852417, 47.266456604, 26.4214305878, 10.8372383118, 2.94387817383, 9.1341085434, 24.3628101349, 46.9556159973, 60.9649467468]

SpecContrastCoeff:
    dmean: [0.0341334976256, 0.0169489216059, 0.00666538579389, 0.00432232581079, 0.00357392150909, 0.00350069999695]
    dmean2: [0.0302171539515, 0.0290333032608, 0.0130395628512, 0.00730364955962, 0.00609336886555, 0.00582178402692]
    dvar: [0.0105793438852, 0.00129699415993, 8.4036415501e-05, 4.41416123067e-05, 1.99732094188e-05, 2.34775361605e-05]
    dvar2: [0.00456778751686, 0.00321136252023, 0.000193338186364, 9.56718577072e-05, 4.39614341303e-05, 5.63880566915e-05]
    kurt: [25.2473926544, 12.966755867, 4.77500581741, 8.87930297852, 6.4034538269, 6.69285964966]
    max: [-0.0284477379173, -0.786328732967, -0.915630400181, -0.920246958733, -0.932222783566, -0.933386862278]
    mean: [-0.0815167427063, -0.929542124271, -0.951498329639, -0.955947875977, -0.954893767834, -0.956187129021]
    median: [-0.0476232878864, -0.939929068089, -0.956106424332, -0.958468973637, -0.956307888031, -0.957491695881]
    min: [-0.995335161686, -0.94686883688, -0.95658570528, -0.960009515285, -0.959165334702, -0.960635483265]
    skew: [-4.96989107132, 3.70526003838, 2.30927300453, 3.01797223091, 2.67750620842, 2.73768782616]
    var: [0.0237467549741, 0.0009280986269, 8.77134007169e-05, 6.18161939201e-05, 3.19230020978e-05, 3.1117189792e-05]

SpecPeakAmp:
    dmean: [0.0441858656704, 0.186643108726, 0.186651185155, 0.000345035892678, 0.000191563376575]
    dmean2: [0.0701830461621, 0.381639122963, 0.381663203239, 0.000539589207619, 0.000280565873254]
    dvar: [0.0204771123827, 0.0922982916236, 0.0925042182207, 2.35747705801e-07, 2.08904424426e-07]
    dvar2: [0.0541912801564, 0.223226770759, 0.245184272528, 3.98681777369e-07, 4.31562170888e-07]
    kurt: [20.0332241058, -0.21403837204, 2.65377902985, 11.6799354553, 16.2459621429]
    max: [0.674107432365, 0.683929383755, 0.683918893337, 0.00263974862173, 0.00202233204618]
    mean: [0.0288215316832, 0.532086908817, 0.0917114987969, 0.000288583658403, 0.000183886048035]
    median: [0.000762779498473, 0.683516204357, 0.000542539346498, 9.31033791858e-05, 8.88856229722e-05]
    min: [0.000153691813466, 0.000160659867106, 0.000101494559203, 2.78509232885e-05, 2.48389969784e-05]
    skew: [4.49870204926, -1.33636343479, 2.1572496891, 3.36265134811, 4.20414161682]
    var: [0.0136120887473, 0.08037763834, 0.0539488680661, 2.49987152756e-07, 1.61018974154e-07]
