
metadata:
    version:
        essentia: "2.1-beta3"

Flux:
    dmean: 0.0271044969559
    dmean2: 0
    dvar: 0
    dvar2: 0
    kurt: -1.99999988079
    max: 0.440025001764
    mean: 0.426472753286
    median: 0.426472753286
    min: 0.412920504808
    skew: 0
    var: 0.000183663432836

Rms:
    dmean: 0
    dmean2: 0
    dvar: 0
    dvar2: 0
    kurt: 0
    max: 0.149969875813
    mean: 0.149969875813
    median: 0.149969875813
    min: 0.149969875813
    skew: 0
    var: 0

RollOff:
    dmean: 43.06640625
    dmean2: 0
    dvar: 0
    dvar2: 0
    kurt: -2
    max: 322.998046875
    mean: 301.46484375
    median: 301.46484375
    min: 279.931640625
    skew: 0
    var: 463.678833008

SpecCent:
    dmean: 533.486083984
    dmean2: 0
    dvar: 0
    dvar2: 0
    kurt: -2
    max: 733.225158691
    mean: 466.482116699
    median: 466.482116699
    min: 199.739059448
    skew: 0
    var: 71151.8515625

Zcr:
    dmean: 0
    dmean2: 0
    dvar: 0
    dvar2: 0
    kurt: 0
    max: 0.0029296875
    mean: 0.0029296875
    median: 0.0029296875
    min: 0.0029296875
    skew: 0
    var: 0

HarmonicAmpFreq:
    dmean: [22.9006652832]
    dmean2: [0]
    dvar: [0]
    dvar2: [0]
    kurt: [-2]
    max: [250.020950317]
    mean: [238.570617676]
    median: [238.570617676]
    min: [227.120285034]
    skew: [0]
    var: [131.110122681]

HarmonicAmpMag:
    dmean: [0.162837311625]
    dmean2: [0]
    dvar: [0]
    dvar2: [0]
    kurt: [-2]
    max: [0.176453128457]
    mean: [0.0950344726443]
    median: [0.0950344726443]
    min: [0.0136158177629]
    skew: [0]
    var: [0.00662899762392]

MfccCoeff:
    dmean: [432.436279297, 22.1900482178, 42.2699356079, 0.821918487549, 0.849285125732, 18.8080196381, 23.6543884277, 24.2930393219, 21.0340232849, 16.951259613, 9.41404247284, 5.4893283844, 0.836235046387]
    dmean2: [0, 0, 0, 0, 0, 0, 0, 0, 0, 0, 0, 0, 0]
    dvar: [0, 0, 0, 0, 0, 0, 0, 0, 0, 0, 0, 0, 0]
    dvar2: [0, 0, 0, 0, 0, 0, 0, 0, 0, 0, 0, 0, 0]
    kurt: [-2, -2, -2, -2, -2, -2, -2, -2, -2, -2, -1.99999988079, -2, -2]
    max: [-553.557495117, 162.669342041, 72.4469299316, 26.5330543518, 8.22770309448, 4.75599479675, -3.21572113037, -5.38300132751, -9.43960380554, -10.0169487, -11.458521843, -10.5605831146, -10.1743736267]
    mean: [-769.775634766, 151.574310303, 51.3119621277, 26.122095108, 7.80306053162, -4.64801502228, -15.0429153442, -17.5295219421, -19.956615448, -18.4925785065, -16.1655426025, -13.3052473068, -10.5924911499]
    median: [-769.775634766, 151.574310303, 51.3119621277, 26.122095108, 7.80306053162, -4.64801502228, -15.0429153442, -17.5295219421, -19.956615448, -18.4925785065, -16.1655426025, -13.3052473068, -10.5924911499]
    min: [-985.993774414, 140.479293823, 30.1769943237, 25.7111358643, 7.37841796875, -14.0520248413, -26.8701095581, -29.6760406494, -30.4736270905, -26.968208313, -20.8725643158, -16.049911499, -11.0106086731]
    skew: [0, 2.0556688014e-06, 0, 0, 0, 0, 0, 2.38408944142e-07, 0, 0, -3.29203260208e-07, 0, 0]
    var: [46750.2851562, 123.099563599, 446.686859131, 0.168887495995, 0.18032130599, 88.4354019165, 139.882522583, 147.53793335, 110.607536316, 71.8363037109, 22.156047821, 7.53318166733, 0.174822255969]

SpecContrastCoeff:
    dmean: [0.00817781686783, 0.168690860271, 0.0171043872833, 0.0276836752892, 0.030094563961, 0.0263652205467]
    dmean2: [0, 0, 0, 0, 0, 0]
    dvar: [0, 0, 0, 0, 0, 0]
    dvar2: [0, 0, 0, 0, 0, 0]
    kurt: [-1.99999988079, -1.99999988079, -2, -1.99999988079, -2, -2]
    max: [-0.527106940746, -0.645296633244, -0.900180339813, -0.927403867245, -0.926839292049, -0.932606101036]
    mean: [-0.531195878983, -0.729642033577, -0.908732533455, -0.941245675087, -0.941886544228, -0.945788741112]
    median: [-0.531195878983, -0.729642033577, -0.908732533455, -0.941245675087, -0.941886544228, -0.945788741112]
    min: [-0.535284757614, -0.813987493515, -0.917284727097, -0.955087542534, -0.95693385601, -0.958971321583]
    skew: [2.18266632146e-05, -1.06705829239e-06, 0, -6.51587151879e-06, -5.93958384343e-06, 6.79870981912e-06]
    var: [1.67191719811e-05, 0.00711415149271, 7.31400141376e-05, 0.00019159646763, 0.000226420699619, 0.000173781212652]
