
metadata:
    version:
        essentia: "2.1-beta3"

Flux:
    dmean: 7.45841816752e-06
    dmean2: 1.11941453724e-05
    dvar: 6.18960549481e-10
    dvar2: 1.32592714586e-09
    kurt: 13.7345561981
    max: 0.00013385375496
    mean: 8.81600863067e-06
    median: 2.29980855693e-06
    min: 5.87692568388e-07
    skew: 3.83448529243
    var: 6.50580977979e-10

Rms:
    dmean: 2.28155590776e-06
    dmean2: 2.48809442382e-06
    dvar: 4.73721027683e-11
    dvar2: 3.39988731612e-11
    kurt: 19.7520236969
    max: 0.000109005013655
    mean: 0.000106246086943
    median: 0.000108032822027
    min: 6.25366083113e-05
    skew: -4.51236915588
    var: 6.4652269649e-11

RollOff:
    dmean: 1.00154435635
    dmean2: 1.025390625
    dvar: 20.5633563995
    dvar2: 21.0285148621
    kurt: 17.0475826263
    max: 366.064453125
    mean: 345.510040283
    median: 344.53125
    min: 344.53125
    skew: 4.36435222626
    var: 20.118303299

SpecCent:
    dmean: 7.69763040543
    dmean2: 11.298658371
    dvar: 65.9649581909
    dvar2: 71.4041824341
    kurt: 10.6106157303
    max: 853.147521973
    mean: 805.974975586
    median: 804.844970703
    min: 794.867126465
    skew: 3.13792514801
    var: 120.233161926

Zcr:
    dmean: 0.000635901174974
    dmean2: 0.000906808010768
    dvar: 2.23486745199e-06
    dvar2: 1.95924917534e-06
    kurt: 16.3840465546
    max: 0.01513671875
    mean: 0.0145818535239
    median: 0.01513671875
    min: 0.0068359375
    skew: -4.21311283112
    var: 2.58565842159e-06

HarmonicAmpFreq:
    dmean: [0.254339188337]
    dmean2: [0.429462969303]
    dvar: [0.21442322433]
    dvar2: [0.387964099646]
    kurt: [6.74690532684]
    max: [330.653320312]
    mean: [328.893585205]
    median: [328.735107422]
    min: [328.7137146]
    skew: [2.74019408226]
    var: [0.183417737484]

HarmonicAmpMag:
    dmean: [3.12276424665e-05]
    dmean2: [5.98455735599e-05]
    dvar: [3.36020744562e-09]
    dvar2: [9.01606433956e-09]
    kurt: [3.74724149704]
    max: [0.000146579171997]
    mean: [0.000129266540171]
    median: [0.000146460923133]
    min: [0]
    skew: [-2.35104751587]
    var: [2.00195304778e-09]

MfccCoeff:
    dmean: [0.152142196894, 0.198341548443, 0.150610640645, 0.0796955898404, 0.00335586909205, 0.0841962248087, 0.151088982821, 0.19330188632, 0.204626396298, 0.183966174722, 0.135392129421, 0.0673891976476, 0.00973705947399]
    dmean2: [0.157813668251, 0.205745875835, 0.156287789345, 0.0828029066324, 0.00355965760536, 0.0871026143432, 0.156503587961, 0.200367152691, 0.212241396308, 0.190985366702, 0.1407841295, 0.0704116821289, 0.0103278383613]
    dvar: [0.553346455097, 0.939757883549, 0.540333628654, 0.149822935462, 0.000365309882909, 0.173091545701, 0.551619827747, 0.8979845047, 1.00101673603, 0.803380906582, 0.429772257805, 0.102728009224, 0.00307713006623]
    dvar2: [0.561532139778, 0.953661620617, 0.548319756985, 0.152036637068, 0.000368598790374, 0.175654292107, 0.55978345871, 0.911270260811, 1.01582229137, 0.815257012844, 0.43611907959, 0.104237899184, 0.00310550350696]
    kurt: [29.7962188721, 29.7731971741, 29.6817893982, 29.3692398071, 38.6568832397, 30.4505004883, 30.1330375671, 29.9627151489, 29.7965431213, 29.5718765259, 29.1673583984, 27.9470405579, 38.6581802368]
    max: [-1133.73522949, 6.10404586792, 4.62496948242, 2.42915725708, -6.103515625e-05, 2.28881835938e-05, -2.67028808594e-05, -5.34057617188e-05, -4.57763671875e-05, -2.28881835938e-05, -2.67028808594e-05, -3.0517578125e-05, 0.371421813965]
    mean: [-1133.88562012, 5.90807294846, 4.47621297836, 2.35057449341, -0.124727770686, -2.55050110817, -4.54075813293, -5.78495836258, -6.09889554977, -5.45284461975, -3.97368764877, -1.92040252686, 0.361754506826]
    median: [-1133.73925781, 6.09891891479, 4.62106323242, 2.42711257935, -0.12784576416, -2.63181304932, -4.68641281128, -5.97113800049, -6.29581451416, -5.62967681885, -4.10359954834, -1.98473739624, 0.370777130127]
    min: [-1138.42004395, 1.14440917969e-05, -6.103515625e-05, 8.01086425781e-05, -0.128051757812, -2.63401031494, -4.69034957886, -5.97616577148, -6.30111694336, -5.63442993164, -4.10703659058, -1.98638153076, -3.81469726562e-05]
    skew: [-5.48201274872, -5.47991466522, -5.47145414352, -5.44259786606, 6.36277246475, 5.54283761978, 5.5132894516, 5.49747085571, 5.4820728302, 5.46129894257, 5.42401647568, 5.31247997284, -6.36291885376]
    var: [0.545390546322, 0.926252901554, 0.532563447952, 0.147663250566, 0.000363024300896, 0.170620247722, 0.543720185757, 0.885105311871, 0.986637532711, 0.791818082333, 0.423564434052, 0.101228408515, 0.00305736460723]

SpecContrastCoeff:
    dmean: [0.0188066009432, 0.0210032928735, 0.0151876471937, 0.0129160704091, 0.0196072123945, 0.0101406602189]
    dmean2: [0.0274669434875, 0.0294105689973, 0.0224109552801, 0.0183666478842, 0.029086465016, 0.0154022974893]
    dvar: [0.000889198447112, 0.00185934908222, 0.000303863838781, 0.000154180932441, 0.000401052791858, 0.00016240264813]
    dvar2: [0.00100306398235, 0.00199698796496, 0.000331696996, 0.000241398854996, 0.000376458221581, 0.000153176297317]
    kurt: [13.5195598602, 19.2086982727, 9.28217029572, 8.17168331146, 8.32165431976, 9.3332529068]
    max: [-0.68680614233, -0.515006363392, -0.84684586525, -0.871474027634, -0.807038962841, -0.833272457123]
    mean: [-0.713702261448, -0.565903246403, -0.871186077595, -0.893271386623, -0.833407342434, -0.853921890259]
    median: [-0.705886602402, -0.558514416218, -0.866682648659, -0.893140256405, -0.830890059471, -0.854779958725]
    min: [-0.857692480087, -0.818012177944, -0.963620424271, -0.969842553139, -0.944071531296, -0.924773931503]
    skew: [-3.71316242218, -4.33911180496, -2.85472893715, -2.33459424973, -2.69473409653, -2.74455857277]
    var: [0.00104601657949, 0.00215943064541, 0.000498479406815, 0.000283847941319, 0.000768001424149, 0.000268764677458]

SpecPeakAmp:
    dmean: [3.3802976418e-07, 2.93849507216e-06, 3.73967765199e-07, 8.14111263026e-05, 6.11699870205e-05]
    dmean2: [4.60483221332e-07, 3.04704849441e-06, 6.29782789474e-07, 0.000159681178047, 0.000125145917991]
    dvar: [6.81791483079e-13, 1.93636051637e-10, 2.20342339752e-13, 5.21877874249e-09, 5.1639656995e-09]
    dvar2: [7.03082774292e-13, 1.98212918301e-10, 2.47934566757e-13, 9.92437865222e-09, 1.27092967261e-08]
    kurt: [15.2975921631, 26.5162754059, 18.9490280151, -1.78196012974, -0.66671204567]
    max: [1.71864630829e-05, 8.49795760587e-05, 3.73227908312e-06, 0.000146579171997, 0.000146533086081]
    mean: [1.65672881849e-05, 3.08933977067e-06, 7.3448228477e-07, 9.01228340808e-05, 3.71262394765e-05]
    median: [1.67022408277e-05, 2.9025824233e-07, 7.77156060394e-07, 0.000146433187183, 6.50485787901e-07]
    min: [1.26022305267e-05, 1.31557911232e-07, 2.04721800401e-07, 1.41782038554e-07, 4.79111406548e-07]
    skew: [-4.03810071945, 5.18339443207, 3.9473323822, -0.466759264469, 1.15463984013]
    var: [7.7039486986e-13, 1.89571289222e-10, 2.92990891965e-13, 5.02921748691e-09, 3.9838035093e-09]
