
metadata:
    version:
        essentia: "2.1-beta3"

Flux:
    dmean: 0.000178559595952
    dmean2: 0.000231902376981
    dvar: 3.34057602913e-07
    dvar2: 6.51140112495e-07
    kurt: 9.78803539276
    max: 0.00340359122492
    mean: 0.00023514048371
    median: 1.39732919706e-05
    min: 8.52484117786e-06
    skew: 3.31861925125
    var: 5.42817303995e-07

Rms:
    dmean: 7.99002882559e-05
    dmean2: 7.00350792613e-05
    dvar: 6.05166690093e-08
    dvar2: 2.71298485899e-08
    kurt: 20.8675537109
    max: 0.00243564927951
    mean: 0.0023382853251
    median: 0.00242164055817
    min: 0.0004443032376
    skew: -4.53694009781
    var: 1.1310928727e-07

RollOff:
    dmean: 7.83025550842
    dmean2: 7.51158237457
    dvar: 2320.31030273
    dvar2: 2067.87182617
    kurt: 39.6880378723
    max: 689.0625
    mean: 352.666015625
    median: 344.53125
    min: 344.53125
    skew: 6.44442558289
    var: 2581.94677734

SpecCent:
    dmean: 19.0467071533
    dmean2: 19.9710559845
    dvar: 8451.54394531
    dvar2: 6634.23339844
    kurt: 39.0386543274
    max: 1022.28369141
    mean: 348.755371094
    median: 331.935913086
    min: 328.531707764
    skew: 6.37300395966
    var: 10430.2685547

Zcr:
    dmean: 0.000765713804867
    dmean2: 0.000874364108313
    dvar: 2.89784497909e-06
    dvar2: 1.50323569414e-06
    kurt: 17.7332344055
    max: 0.01513671875
    mean: 0.0143012152985
    median: 0.01513671875
    min: 0.00048828125
    skew: -4.20296621323
    var: 6.54456016491e-06

HarmonicAmpFreq:
    dmean: [1.10476541519]
    dmean2: [1.46820282936]
    dvar: [21.7568969727]
    dvar2: [20.9731369019]
    kurt: [39.3800201416]
    max: [361.046508789]
    mean: [329.656494141]
    median: [328.73651123]
    min: [328.724090576]
    skew: [6.4072933197]
    var: [22.5632610321]

HarmonicAmpMag:
    dmean: [0.00119009183254]
    dmean2: [0.00226924545132]
    dvar: [2.36651180785e-06]
    dvar2: [5.8487712522e-06]
    kurt: [0.241261005402]
    max: [0.00332979299128]
    mean: [0.00265249679796]
    median: [0.00332832639106]
    min: [0]
    skew: [-1.46785247326]
    var: [1.68126553035e-06]

MfccCoeff:
    dmean: [2.25404214859, 2.78473448753, 1.77423942089, 0.62036550045, 0.239388898015, 0.625623166561, 0.713015019894, 0.871217191219, 0.881644666195, 0.748277127743, 0.509997487068, 0.203189507127, 0.148421376944]
    dmean2: [3.12268352509, 3.83726406097, 2.39824008942, 0.792091548443, 0.338398069143, 0.749809801579, 0.70393294096, 0.714232325554, 0.650852799416, 0.53257983923, 0.367282837629, 0.157847210765, 0.151533260942]
    dvar: [104.036689758, 159.264144897, 65.5593719482, 8.57607364655, 1.08478438854, 9.13612651825, 13.4769992828, 14.210518837, 12.9173088074, 9.13455295563, 4.17543077469, 0.653673887253, 0.291326075792]
    dvar2: [226.716552734, 343.1222229, 135.33392334, 15.4288187027, 2.44424653053, 13.6286249161, 12.1443452835, 7.5666179657, 5.71241664886, 3.98189377785, 1.81300032139, 0.306403338909, 0.283369451761]
    kurt: [21.1880645752, 20.4271831512, 18.9879837036, 23.4955806732, 24.3050289154, 32.3403091431, 37.1598625183, 32.7265129089, 29.4211807251, 28.3030929565, 28.2990608215, 29.3747406006, 20.7641048431]
    max: [-1078.6295166, 74.4963760376, 48.8970069885, 18.5728492737, -6.103515625e-05, 2.28881835938e-05, -2.67028808594e-05, -5.34057617188e-05, -4.57763671875e-05, -2.28881835938e-05, -2.67028808594e-05, -3.0517578125e-05, 5.17323303223]
    mean: [-1113.26269531, 32.5357589722, 24.0139160156, 11.6696395874, -2.20464944839, -15.1840057373, -25.1564121246, -30.6325702667, -30.9288349152, -26.2389831543, -17.5869178772, -6.63607311249, 4.63561201096]
    median: [-1113.39611816, 32.4297904968, 24.0798072815, 11.8256263733, -2.1725769043, -15.4842300415, -25.8606491089, -31.6380386353, -32.0210647583, -27.1920089722, -18.2321224213, -6.87998199463, 4.81909942627]
    min: [-1138.42004395, 1.14440917969e-05, -6.103515625e-05, 8.01086425781e-05, -5.96614074707, -19.7988815308, -26.200843811, -31.941078186, -32.207359314, -27.2115097046, -18.2354946136, -6.88732147217, -3.81469726562e-05]
    skew: [2.15404176712, 1.73458015919, 0.239387094975, -3.29216432571, -3.38357400894, 5.42043113708, 6.17347335815, 5.71002817154, 5.38989067078, 5.28122425079, 5.27456617355, 5.36597204208, -4.62394046783]
    var: [41.1099624634, 63.2793083191, 26.9027786255, 4.17935180664, 0.426807016134, 5.80763816833, 14.8909568787, 23.4435901642, 25.1906929016, 18.487575531, 8.30005645752, 1.15851640701, 0.702766478062]

SpecContrastCoeff:
    dmean: [0.0359433442354, 0.0333620272577, 0.0176430363208, 0.0185123085976, 0.00991697981954, 0.00840164441615]
    dmean2: [0.0574426092207, 0.0418507568538, 0.0305747818202, 0.0308060925454, 0.0165835730731, 0.0138509022072]
    dvar: [0.000672311580274, 0.00363897392526, 0.000129110907437, 0.000110227803816, 6.61236626911e-05, 7.15529749868e-05]
    dvar2: [0.00126529927365, 0.00273157190531, 0.000340710714227, 0.000376703392249, 0.00017711459077, 0.000183639436727]
    kurt: [11.0996236801, 19.7275428772, -0.781179189682, -0.510601997375, 4.17333316803, 10.7594108582]
    max: [-0.727280914783, -0.394943147898, -0.911168575287, -0.905499339104, -0.905034840107, -0.901444971561]
    mean: [-0.794063210487, -0.442436516285, -0.940495312214, -0.931811630726, -0.924680054188, -0.916877746582]
    median: [-0.795752942562, -0.424333781004, -0.942980706692, -0.93390327692, -0.925305247307, -0.91574639082]
    min: [-0.989084661007, -0.982434093952, -0.957864403725, -0.961963176727, -0.9607847929, -0.961955487728]
    skew: [-2.52311325073, -4.40908002853, 0.601050317287, 0.238004505634, -1.10531437397, -2.62135601044]
    var: [0.00155640067533, 0.00951665267348, 0.000180831033504, 0.000169802660821, 7.97323955339e-05, 8.44391688588e-05]

SpecPeakAmp:
    dmean: [7.49960645408e-06, 9.18938603718e-05, 0.000305823865347, 0.00179307011422, 0.00181524304207]
    dmean2: [1.19306905617e-05, 0.000141075681313, 0.000623480242211, 0.00361340306699, 0.00371140684001]
    dvar: [3.51526391329e-10, 1.71465529775e-07, 9.11478366561e-07, 2.68662984126e-06, 2.73425735031e-06]
    dvar2: [8.50906956007e-10, 4.40069214847e-07, 2.69639781436e-06, 6.459229553e-06, 4.2189949454e-06]
    kurt: [36.0536956787, 40.0184555054, 17.5413951874, -0.911987066269, -1.98209524155]
    max: [0.000104867991467, 0.00199162005447, 0.00332864653319, 0.00332979299128, 0.0033297133632]
    mean: [1.83994761755e-05, 4.71000603284e-05, 0.000152401073137, 0.000909421942197, 0.00155616353732]
    median: [1.70319144672e-05, 2.92119443657e-06, 3.13308123623e-06, 3.1124909583e-06, 3.39636681019e-05]
    min: [3.98485371988e-06, 8.56407552874e-07, 6.99280974459e-07, 5.14687201303e-07, 4.08860017842e-07]
    skew: [5.98707485199, 6.4819893837, 4.42023849487, 1.03195536137, 0.133585199714]
    var: [1.78431366904e-10, 8.59396891428e-08, 4.69138797143e-07, 2.13884482037e-06, 2.74912508758e-06]
