
metadata:
    version:
        essentia: "2.1-beta3"

Flux:
    dmean: 0.00401786528528
    dmean2: 0.00535731669515
    dvar: 0.000167252714164
    dvar2: 0.000329768954543
    kurt: 9.58010196686
    max: 0.0752485394478
    mean: 0.00513844750822
    median: 0.000185336946743
    min: 1.69412905962e-05
    skew: 3.29432892799
    var: 0.000271799915936

Rms:
    dmean: 0.00176716863643
    dmean2: 0.00151297834236
    dvar: 2.97352198686e-05
    dvar2: 1.28001011035e-05
    kurt: 20.8924236298
    max: 0.0545081347227
    mean: 0.0523302815855
    median: 0.0542219802737
    min: 0.00980434101075
    skew: -4.53395223618
    var: 5.68919931538e-05

RollOff:
    dmean: 2.44695496559
    dmean2: 2.50386071205
    dvar: 257.466308594
    dvar2: 263.311401367
    kurt: 40.0227241516
    max: 452.197265625
    mean: 346.923828125
    median: 344.53125
    min: 344.53125
    skew: 6.48249387741
    var: 251.874938965

SpecCent:
    dmean: 3.38434815407
    dmean2: 5.58957672119
    dvar: 2.56903982162
    dvar2: 7.77265739441
    kurt: -1.42047655582
    max: 333.007446289
    mean: 329.800842285
    median: 329.779083252
    min: 325.800323486
    skew: -0.0536564998329
    var: 5.21185016632

Zcr:
    dmean: 0.000765713804867
    dmean2: 0.000897074874956
    dvar: 2.89784497909e-06
    dvar2: 1.62934338732e-06
    kurt: 17.724275589
    max: 0.01513671875
    mean: 0.0143120661378
    median: 0.01513671875
    min: 0.00048828125
    skew: -4.2027425766
    var: 6.55727535559e-06

HarmonicAmpFreq:
    dmean: [0.0659450218081]
    dmean2: [0.0770760476589]
    dvar: [0.0572679415345]
    dvar2: [0.0766870602965]
    kurt: [16.5297737122]
    max: [329.828338623]
    mean: [328.770874023]
    median: [328.732208252]
    min: [328.417907715]
    skew: [4.05265760422]
    var: [0.0448442399502]

HarmonicAmpMag:
    dmean: [0.00293687265366]
    dmean2: [0.00227390881628]
    dvar: [0.000119998214359]
    dvar2: [8.30549615785e-05]
    kurt: [15.6214981079]
    max: [0.0745263472199]
    mean: [0.0709450095892]
    median: [0.0745081678033]
    min: [0]
    skew: [-4.06286334991]
    var: [0.000196545195649]

MfccCoeff:
    dmean: [10.049823761, 11.4744358063, 7.06524515152, 7.56006002426, 8.13800907135, 7.97430276871, 6.75604534149, 4.67591714859, 2.42364764214, 2.47043633461, 2.35855746269, 1.24085307121, 0.992855787277]
    dmean2: [14.6780662537, 16.8135852814, 11.1599330902, 13.0315961838, 13.6889829636, 12.8490924835, 9.97484397888, 6.58970737457, 3.1258957386, 3.30188846588, 3.48817610741, 2.12490940094, 1.47501289845]
    dvar: [1137.09094238, 1097.31237793, 70.2441101074, 16.6215496063, 16.9536170959, 17.3203144073, 23.2188587189, 37.4243659973, 44.2028198242, 25.9671859741, 8.41966915131, 1.18099451065, 6.17524862289]
    dvar2: [2747.70068359, 2594.07861328, 131.153701782, 43.0823822021, 49.5725135803, 41.8377380371, 30.2620162964, 36.3826408386, 52.0846214294, 28.1791000366, 9.41591262817, 2.22213697433, 9.72106361389]
    kurt: [31.0249214172, 26.6613082886, 6.58402347565, -0.477664709091, -0.965414047241, 6.9717798233, 15.4703369141, 17.5373840332, 17.7949008942, 18.7354507446, 18.3461151123, 6.32514476776, 8.20309638977]
    max: [-935.599487305, 212.869567871, 79.44140625, 34.4830207825, 9.66128540039, 3.13945770264, -1.36050033569, -3.45699310303, -3.44236755371, -2.0891418457, -0.336986541748, 1.02437591553, 16.9197387695]
    mean: [-1077.60595703, 77.3077926636, 54.7740402222, 25.4389591217, -5.0351319313, -32.1435012817, -51.3344459534, -59.6081047058, -56.7358016968, -44.4281349182, -25.6819858551, -4.48954820633, 15.1735715866]
    median: [-1080.50354004, 74.8640823364, 55.1900978088, 26.7597236633, -4.36045837402, -32.6118125916, -52.8185501099, -61.8848495483, -59.0115432739, -46.0892181396, -26.2362575531, -4.12340545654, 16.17993927]
    min: [-1116.5612793, 29.1177482605, 24.1532325745, 9.93352127075, -13.0585746765, -40.4976463318, -58.4052200317, -65.9915466309, -63.8695755005, -51.115524292, -31.6348934174, -10.0612411499, 1.57035827637]
    skew: [5.34869003296, 4.70503950119, -0.328870475292, -0.505609869957, 0.0464503951371, 2.11313581467, 3.63190627098, 4.16539287567, 4.29901981354, 4.35534238815, 4.15607357025, -0.529562056065, -3.12876343727]
    var: [517.429748535, 508.412414551, 57.325466156, 29.512834549, 33.6730918884, 63.1409187317, 90.4795227051, 112.09954071, 103.058128357, 61.8784675598, 21.9997138977, 2.31387352943, 13.2294836044]

SpecContrastCoeff:
    dmean: [0.0466396436095, 0.0364945866168, 0.0144303301349, 0.0095277428627, 0.00913549400866, 0.0169344972819]
    dmean2: [0.0803689211607, 0.0418168455362, 0.0252332612872, 0.0182101912796, 0.018234975636, 0.0327773541212]
    dvar: [0.00112267665099, 0.00586235383525, 0.000315200653858, 0.00014566766913, 0.000176562389242, 0.000274609454209]
    dvar2: [0.00162236148026, 0.00270535610616, 0.000711946981028, 0.000294630561257, 0.000399707088945, 0.00058383308351]
    kurt: [5.95626354218, 23.1188602448, 7.51365947723, 4.3751502037, 3.52446937561, 0.642989397049]
    max: [-0.631594657898, -0.209927275777, -0.865540146828, -0.907256484032, -0.91323274374, -0.904384195805]
    mean: [-0.774957180023, -0.260688394308, -0.946762084961, -0.956709802151, -0.95577776432, -0.949920892715]
    median: [-0.791546821594, -0.238569051027, -0.954545199871, -0.963520526886, -0.962183117867, -0.958670914173]
    min: [-0.987112343311, -0.942340373993, -0.958611905575, -0.964477777481, -0.963222682476, -0.961918592453]
    skew: [-0.957077503204, -4.73641872406, 2.8035492897, 2.28287029266, 2.14428162575, 1.40468287468]
    var: [0.002525431104, 0.013802960515, 0.000414621201344, 0.000200892362045, 0.000179760783794, 0.000265474256594]

SpecPeakAmp:
    dmean: [0.000186752775335, 0.00539807183668, 0.0135748600587, 0.0164214279503, 4.3736094085e-05]
    dmean2: [0.000289811141556, 0.0100159170106, 0.0277518928051, 0.0323484092951, 5.72440658289e-05]
    dvar: [5.10244205998e-07, 0.000309690803988, 0.000822936417535, 0.000923373794649, 1.35641755605e-08]
    dvar2: [1.31135311676e-06, 0.000895272765774, 0.00180975743569, 0.00254021352157, 1.68394151956e-08]
    kurt: [39.8586463928, 22.9739513397, 0.250203609467, 3.89713287354, 29.0852508545]
    max: [0.00354812829755, 0.0744947567582, 0.0745263472199, 0.0745233371854, 0.000790334073827]
    mean: [0.000134928603075, 0.00268344092183, 0.0596431456506, 0.00875895190984, 4.99773705087e-05]
    median: [6.10424831393e-05, 5.9515627072e-05, 0.0745034068823, 5.68064060644e-05, 2.32550446526e-05]
    min: [1.42596518344e-05, 7.92163064034e-06, 3.27513134835e-06, 1.81180905656e-06, 1.15983471005e-06]
    skew: [6.46303701401, 4.87800455093, -1.5000436306, 2.41020464897, 5.36977148056]
    var: [2.6527837349e-07, 0.000158732756972, 0.00088397593936, 0.000545831513591, 1.45499194915e-08]
