
metadata:
    version:
        essentia: "2.1-beta3"

Flux:
    dmean: 0.0132118165493
    dmean2: 0
    dvar: 0
    dvar2: 0
    kurt: -2
    max: 0.298930197954
    mean: 0.292324304581
    median: 0.292324304581
    min: 0.285718381405
    skew: -6.7537207542e-06
    var: 4.36380250903e-05

Rms:
    dmean: 0
    dmean2: 0
    dvar: 0
    dvar2: 0
    kurt: 0
    max: 0.102559715509
    mean: 0.102559715509
    median: 0.102559715509
    min: 0.102559715509
    skew: 0
    var: 0

RollOff:
    dmean: 839.794921875
    dmean2: 0
    dvar: 0
    dvar2: 0
    kurt: -1.99999988079
    max: 2497.8515625
    mean: 2077.95410156
    median: 2077.95410156
    min: 1658.05664062
    skew: 0
    var: 176313.875

SpecCent:
    dmean: 62.81640625
    dmean2: 0
    dvar: 0
    dvar2: 0
    kurt: -2
    max: 2115.59570312
    mean: 2084.1875
    median: 2084.1875
    min: 2052.77929688
    skew: 0
    var: 986.475219727

Zcr:
    dmean: 0
    dmean2: 0
    dvar: 0
    dvar2: 0
    kurt: 0
    max: 0.015625
    mean: 0.015625
    median: 0.015625
    min: 0.015625
    skew: 0
    var: 0

HarmonicAmpFreq:
    dmean: [0]
    dmean2: [0]
    dvar: [0]
    dvar2: [0]
    kurt: [nan]
    max: [2221.84204102]
    mean: [2221.84204102]
    median: [2221.84204102]
    min: [2221.84204102]
    skew: [nan]
    var: [0]

HarmonicAmpMag:
    dmean: [0]
    dmean2: [0]
    dvar: [0]
    dvar2: [0]
    kurt: [nan]
    max: [0]
    mean: [0]
    median: [0]
    min: [0]
    skew: [nan]
    var: [0]

MfccCoeff:
    dmean: [294.773193359, 108.168945312, 55.919921875, 59.5460128784, 21.2734298706, 1.17679595947, 5.40685272217, 9.24501228333, 3.28180122375, 0.204406738281, 1.62562179565, 3.012342453, 1.02830123901]
    dmean2: [0, 0, 0, 0, 0, 0, 0, 0, 0, 0, 0, 0, 0]
    dvar: [0, 0, 0, 0, 0, 0, 0, 0, 0, 0, 0, 0, 0]
    dvar2: [0, 0, 0, 0, 0, 0, 0, 0, 0, 0, 0, 0, 0]
    kurt: [-2, -1.99999988079, -1.99999988079, -2, -1.99999988079, -2, -2, -2, -1.99999988079, -2, -2, -2, -2]
    max: [-596.133789062, 176.712249756, -67.9187927246, -17.4150238037, 27.5223770142, 1.67041015625, -15.1242980957, 7.86011695862, 8.47360038757, -4.1501159668, -2.40439224243, 5.08955955505, 1.20106124878]
    mean: [-743.520385742, 122.6277771, -95.8787536621, -47.1880302429, 16.8856620789, 1.08201217651, -17.8277244568, 3.23761081696, 6.8326997757, -4.25231933594, -3.21720314026, 3.58338832855, 0.686910629272]
    median: [-743.520385742, 122.6277771, -95.8787536621, -47.1880302429, 16.8856620789, 1.08201217651, -17.8277244568, 3.23761081696, 6.8326997757, -4.25231933594, -3.21720314026, 3.58338832855, 0.686910629272]
    min: [-890.906982422, 68.5433044434, -123.8387146, -76.9610366821, 6.24894714355, 0.493614196777, -20.5311508179, -1.38489532471, 5.19179916382, -4.35452270508, -4.03001403809, 2.07721710205, 0.172760009766]
    skew: [0, 0, 0, 0, 0, 0, 0, 0, 0, 0, 0, 0, 0]
    var: [21722.8085938, 2925.13012695, 781.759399414, 886.431884766, 113.139701843, 0.346212178469, 7.30851411819, 21.3675632477, 2.6925547123, 0.0104455286637, 0.660661578178, 2.26855182648, 0.264350861311]

SpecContrastCoeff:
    dmean: [0.0298049449921, 0.100400328636, 0.131746590137, 0.0575968027115, 0.160804331303, 0.037035048008]
    dmean2: [0, 0, 0, 0, 0, 0]
    dvar: [0, 0, 0, 0, 0, 0]
    dvar2: [0, 0, 0, 0, 0, 0]
    kurt: [-2, -2, -1.99999988079, -2, -2, -2]
    max: [-0.909268498421, -0.798429906368, -0.856644868851, -0.841036438942, -0.580690562725, -0.899658203125]
    mean: [-0.924170970917, -0.848630070686, -0.922518134117, -0.869834840298, -0.661092758179, -0.918175697327]
    median: [-0.924170970917, -0.848630070686, -0.922518134117, -0.869834840298, -0.661092758179, -0.918175697327]
    min: [-0.939073443413, -0.898830235004, -0.988391458988, -0.898633241653, -0.741494894028, -0.936693251133]
    skew: [0, 0, -1.37453491789e-06, 0, 1.11989390916e-06, -4.79839718537e-06]
    var: [0.00022208369046, 0.00252005644143, 0.00433929078281, 0.000829347933177, 0.00646450836211, 0.000342898711096]

SpecPeakAmp:
    dmean: [0.00203699618578, 9.04896296561e-05, 7.39467795938e-05, 0.000440953997895, 0.00117985461839]
    dmean2: [0, 0, 0, 0, 0]
    dvar: [0, 0, 0, 0, 0]
    dvar2: [0, 0, 0, 0, 0]
    kurt: [-2, -2, -2, -1.99999988079, -2]
    max: [0.00238497694954, 0.00287797814235, 0.00306987715885, 0.00351685192436, 0.00418163929135]
    mean: [0.00136647885665, 0.00283273332752, 0.00303290365264, 0.003296374809, 0.00359171209857]
    median: [0.00136647885665, 0.00283273332752, 0.00303290365264, 0.003296374809, 0.00359171209857]
    min: [0.000347980851075, 0.00278748851269, 0.00299593037926, 0.00307589792646, 0.00300178467296]
    skew: [1.57623475161e-07, 0, 9.45173542277e-06, 1.57813826718e-06, -6.08369248312e-07]
    var: [1.03733827927e-06, 2.04709316165e-09, 1.36703159903e-09, 4.86101043862e-08, 3.48014225438e-07]
