
metadata:
    version:
        essentia: "2.1-beta3"

Flux:
    dmean: 0.0359581783414
    dmean2: 0.0489622056484
    dvar: 0.0135366767645
    dvar2: 0.0263743568212
    kurt: 9.21380805969
    max: 0.684495151043
    mean: 0.0472532734275
    median: 0.00171794672497
    min: 7.98663822934e-05
    skew: 3.24624490738
    var: 0.0228191744536

Rms:
    dmean: 0.0162378754467
    dmean2: 0.0138896228746
    dvar: 0.00248678098433
    dvar2: 0.00104456965346
    kurt: 20.9003143311
    max: 0.502201259136
    mean: 0.482179939747
    median: 0.499541580677
    min: 0.0912424996495
    skew: -4.53396892548
    var: 0.00480559980497

RollOff:
    dmean: 8.80903720856
    dmean2: 8.51312637329
    dvar: 2978.46582031
    dvar2: 2698.81640625
    kurt: 39.7580070496
    max: 732.12890625
    mean: 353.623046875
    median: 344.53125
    min: 344.53125
    skew: 6.45225381851
    var: 3266.13085938

SpecCent:
    dmean: 18.3944950104
    dmean2: 19.0144615173
    dvar: 7815.43457031
    dvar2: 6032.64550781
    kurt: 38.8263969421
    max: 1002.23455811
    mean: 346.558776855
    median: 330.196075439
    min: 326.620758057
    skew: 6.35030651093
    var: 9909.88183594

Zcr:
    dmean: 0.00077681109542
    dmean2: 0.000942496350035
    dvar: 3.05953994939e-06
    dvar2: 1.90064224626e-06
    kurt: 18.4190196991
    max: 0.01513671875
    mean: 0.0143554685637
    median: 0.01513671875
    min: 0.0009765625
    skew: -4.27199459076
    var: 6.01238571107e-06

HarmonicAmpFreq:
    dmean: [0.0502881146967]
    dmean2: [0.0642167925835]
    dvar: [0.0291654784232]
    dvar2: [0.034688424319]
    kurt: [10.8391952515]
    max: [329.826080322]
    mean: [328.796569824]
    median: [328.733093262]
    min: [328.724487305]
    skew: [3.54096078873]
    var: [0.0560342893004]

HarmonicAmpMag:
    dmean: [0.02683018893]
    dmean2: [0.0205381754786]
    dvar: [0.00994854606688]
    dvar2: [0.00689183408394]
    kurt: [15.6060504913]
    max: [0.686638116837]
    mean: [0.65369695425]
    median: [0.686463832855]
    min: [0]
    skew: [-4.05533695221]
    var: [0.0165737662464]

MfccCoeff:
    dmean: [48.8081703186, 8.25370883942, 34.8925132751, 13.1662597656, 7.76074934006, 6.68439483643, 5.64354944229, 6.0152926445, 3.66868138313, 3.94503474236, 2.45357370377, 1.94439589977, 1.95207321644]
    dmean2: [77.512512207, 13.7154998779, 60.2081718445, 23.2714042664, 13.9924554825, 12.0136928558, 9.07327747345, 9.60136222839, 5.3389840126, 6.01541614532, 3.35822319984, 3.27047419548, 3.22011399269]
    dvar: [7015.59570312, 40.336151123, 343.771209717, 53.153377533, 39.8530654907, 40.9762573242, 41.461971283, 54.547542572, 50.6835327148, 36.5248146057, 14.4897499084, 3.64941334724, 4.53833961487]
    dvar2: [16050.4853516, 80.6412963867, 822.900695801, 121.551101685, 107.21295929, 90.9208068848, 64.5077209473, 85.5844955444, 64.3300247192, 41.7902870178, 15.6010284424, 5.32585906982, 5.35100698471]
    kurt: [22.5036468506, 10.2952060699, -1.29132270813, -0.380550384521, -0.311252593994, 3.26335811615, 11.5726909637, 11.7016372681, 15.3812103271, 16.0756111145, 20.0444984436, 10.8377084732, 6.58463287354]
    max: [-567.328796387, 187.710571289, 106.618103027, 41.1786994934, -3.58686828613, -11.938911438, -9.61883544922, -9.68785858154, -3.57165527344, 2.5224609375, 5.08184432983, 5.69184112549, 17.1874008179]
    mean: [-959.780578613, 165.881408691, 65.8659667969, 20.5679569244, -12.4071016312, -38.0317611694, -53.0268325806, -59.7158050537, -55.9170455933, -43.9569320679, -25.6190299988, -4.93885612488, 14.3430938721]
    median: [-966.539245605, 167.370452881, 60.7743263245, 19.0650672913, -10.4130096436, -39.0362358093, -53.8512649536, -61.3424911499, -57.8144836426, -45.3614730835, -26.5455989838, -4.60261535645, 15.6777610779]
    min: [-1006.43475342, 120.108650208, 23.8091430664, 5.50722122192, -26.0107078552, -49.259349823, -63.1569366455, -69.5524291992, -63.3451690674, -50.9342346191, -30.3580951691, -9.48369598389, 0.373153686523]
    skew: [4.57427978516, -2.40413594246, 0.229008898139, 0.598478198051, -0.923318266869, 1.4578139782, 3.21001172066, 3.37166786194, 3.93007707596, 3.95141768456, 4.31672477722, 1.97836279869, -2.7095515728]
    var: [4643.25683594, 89.2806549072, 626.56451416, 90.483253479, 36.0617408752, 54.8008995056, 82.0337600708, 112.183074951, 104.017112732, 78.7168273926, 30.062746048, 4.72714233398, 13.7262048721]

SpecContrastCoeff:
    dmean: [0.064003713429, 0.0340640731156, 0.0148197775707, 0.00842164084315, 0.00558947958052, 0.00868880189955]
    dmean2: [0.110161624849, 0.0332228243351, 0.0258638188243, 0.0151922823861, 0.00938310753554, 0.0158913377672]
    dvar: [0.00338145345449, 0.0108978031203, 0.000181440162123, 9.51818947215e-05, 7.7822485764e-05, 0.000240767927608]
    dvar2: [0.00546443508938, 0.00477691879496, 0.000373712973669, 0.000185032200534, 0.00017118510732, 0.00064914918039]
    kurt: [4.69962835312, 28.0168952942, 6.06964492798, 8.3866815567, 9.73986911774, 9.25241565704]
    max: [-0.594200134277, -0.0490630082786, -0.863056898117, -0.896707415581, -0.904501318932, -0.89155870676]
    mean: [-0.720381438732, -0.0928355306387, -0.935875594616, -0.949721455574, -0.951652109623, -0.950922250748]
    median: [-0.736799418926, -0.0633396282792, -0.943685352802, -0.95548504591, -0.955115556717, -0.956000506878]
    min: [-0.965005934238, -0.975419104099, -0.947280526161, -0.955771684647, -0.956332743168, -0.957051455975]
    skew: [-0.822794675827, -5.2320151329, 2.40947532654, 2.73569297791, 3.11590385437, 3.10928487778]
    var: [0.00355807412416, 0.0209761876613, 0.00030715475441, 0.000131472683279, 0.000101277328213, 0.00017624211614]
