
metadata:
    version:
        essentia: "2.1-beta3"

Flux:
    dmean: 0.0213693976402
    dmean2: 0
    dvar: 0
    dvar2: 0
    kurt: -2
    max: 0.414434701204
    mean: 0.403750002384
    median: 0.403750002384
    min: 0.393065303564
    skew: 0
    var: 0.000114162787213

Rms:
    dmean: 0
    dmean2: 0
    dvar: 0
    dvar2: 0
    kurt: 0
    max: 0.142424061894
    mean: 0.142424061894
    median: 0.142424061894
    min: 0.142424061894
    skew: 0
    var: 0

RollOff:
    dmean: 129.19921875
    dmean2: 0
    dvar: 0
    dvar2: 0
    kurt: -1.99999988079
    max: 602.9296875
    mean: 538.330078125
    median: 538.330078125
    min: 473.73046875
    skew: 0
    var: 4173.109375

SpecCent:
    dmean: 22.5786437988
    dmean2: 0
    dvar: 0
    dvar2: 0
    kurt: -2
    max: 448.102203369
    mean: 436.812866211
    median: 436.812866211
    min: 425.52355957
    skew: 4.07237439504e-06
    var: 127.448791504

Zcr:
    dmean: 0.00048828125
    dmean2: 0
    dvar: 0
    dvar2: 0
    kurt: -2
    max: 0.0068359375
    mean: 0.006591796875
    median: 0.006591796875
    min: 0.00634765625
    skew: 0
    var: 5.96046447754e-08

HarmonicAmpFreq:
    dmean: [72.0845947266]
    dmean2: [0]
    dvar: [0]
    dvar2: [0]
    kurt: [-2]
    max: [509.638580322]
    mean: [473.596282959]
    median: [473.596282959]
    min: [437.553985596]
    skew: [0]
    var: [1299.04724121]

HarmonicAmpMag:
    dmean: [0.12691822648]
    dmean2: [0]
    dvar: [0]
    dvar2: [0]
    kurt: [-2]
    max: [0.138220593333]
    mean: [0.074761480093]
    median: [0.074761480093]
    min: [0.0113023715094]
    skew: [1.70828187152e-07]
    var: [0.00402705837041]

MfccCoeff:
    dmean: [331.608215332, 37.0100097656, 18.9944038391, 40.3522720337, 51.3110733032, 38.1990661621, 7.11801338196, 10.0129165649, 17.3611297607, 14.94389534, 11.0544071198, 3.35404586792, 2.77866172791]
    dmean2: [0, 0, 0, 0, 0, 0, 0, 0, 0, 0, 0, 0, 0]
    dvar: [0, 0, 0, 0, 0, 0, 0, 0, 0, 0, 0, 0, 0]
    dvar2: [0, 0, 0, 0, 0, 0, 0, 0, 0, 0, 0, 0, 0]
    kurt: [-2, -2, -2, -2, -1.99999988079, -2, -2, -2, -2, -2, -2, -1.99999988079, -2]
    max: [-660.456848145, 202.672119141, 69.8182678223, 19.4325523376, -12.6462631226, -20.8607730865, -26.0179653168, -9.7212677002, 4.55630111694, 12.2248935699, 14.595287323, 11.4263305664, 7.91147422791]
    mean: [-826.260986328, 184.167114258, 60.3210678101, -0.743583679199, -38.3017997742, -39.960308075, -29.5769729614, -14.7277259827, -4.12426376343, 4.75294589996, 9.06808376312, 9.74930763245, 6.52214336395]
    median: [-826.260986328, 184.167114258, 60.3210678101, -0.743583679199, -38.3017997742, -39.960308075, -29.5769729614, -14.7277259827, -4.12426376343, 4.75294589996, 9.06808376312, 9.74930763245, 6.52214336395]
    min: [-992.065063477, 165.662109375, 50.8238639832, -20.919719696, -63.9573364258, -59.059841156, -33.1359786987, -19.7341842651, -12.8048286438, -2.71900177002, 3.54088020325, 8.07228469849, 5.1328125]
    skew: [5.48471632555e-07, 0, -6.05636387263e-07, 0, 0, 1.40162455864e-07, 8.03891168744e-07, 0, 0, 0, 0, 0, 0]
    var: [27491.0019531, 342.435211182, 90.1968460083, 407.076477051, 658.206542969, 364.792205811, 12.6665287018, 25.0646247864, 75.3522033691, 55.8300018311, 30.5499782562, 2.81240582466, 1.93024027348]

SpecContrastCoeff:
    dmean: [0.0551482439041, 0.223455905914, 0.153688013554, 0.033867418766, 0.0114167928696, 0.00929510593414]
    dmean2: [0, 0, 0, 0, 0, 0]
    dvar: [0, 0, 0, 0, 0, 0]
    dvar2: [0, 0, 0, 0, 0, 0]
    kurt: [-2, -2, -2, -1.99999988079, -2, -2]
    max: [-0.843002259731, -0.54573059082, -0.717652618885, -0.876447737217, -0.917385280132, -0.941874206066]
    mean: [-0.870576381683, -0.657458543777, -0.794496655464, -0.893381476402, -0.923093676567, -0.946521759033]
    median: [-0.870576381683, -0.657458543777, -0.794496655464, -0.893381476402, -0.923093676567, -0.946521759033]
    min: [-0.898150503635, -0.769186496735, -0.871340632439, -0.910315155983, -0.928802073002, -0.951169312]
    skew: [0, 0, 1.18656589621e-06, 5.24447386852e-06, 0, 0]
    var: [0.000760332215577, 0.0124831357971, 0.00590500142425, 0.000286750495434, 3.25857909047e-05, 2.15997479245e-05]

SpecPeakAmp:
    dmean: [0.137827798724, 0.0316476300359, 0.0123815620318, 0.00718289706856, 0.00512142525986]
    dmean2: [0, 0, 0, 0, 0]
    dvar: [0, 0, 0, 0, 0]
    dvar2: [0, 0, 0, 0, 0]
    kurt: [-1.99999988079, -1.99999988079, -1.99999988079, -2, -2]
    max: [0.138220593333, 0.0321709662676, 0.0129972659051, 0.00817036256194, 0.0113023715094]
    mean: [0.0693066939712, 0.0163471512496, 0.00680648488924, 0.00457891402766, 0.00874165911227]
    median: [0.0693066939712, 0.0163471512496, 0.00680648488924, 0.00457891402766, 0.00874165911227]
    min: [0.000392794056097, 0.000523334427271, 0.000615704164375, 0.000987465376966, 0.00618094624951]
    skew: [0, -1.72158223677e-07, 5.98940843588e-08, 0, -2.64476852863e-07]
    var: [0.00474912533537, 0.000250393146416, 3.83257647627e-05, 1.28985029733e-05, 6.55724943499e-06]
