
metadata:
    version:
        essentia: "2.1-beta3"

Flux:
    dmean: 8.05268064141e-06
    dmean2: 1.22235423987e-05
    dvar: 5.90637594389e-10
    dvar2: 1.26772015108e-09
    kurt: 13.8875522614
    max: 0.000133988491143
    mean: 9.86044960882e-06
    median: 3.76359412257e-06
    min: 3.36962671099e-07
    skew: 3.84574604034
    var: 6.35182406672e-10

Rms:
    dmean: 2.01155125978e-06
    dmean2: 2.05864012059e-06
    dvar: 4.79658292252e-11
    dvar2: 3.50610061817e-11
    kurt: 19.496099472
    max: 0.000108434069261
    mean: 0.000106238963781
    median: 0.000108159030788
    min: 6.29352798569e-05
    skew: -4.4955163002
    var: 6.41932687562e-11

RollOff:
    dmean: 1.00154435635
    dmean2: 1.025390625
    dvar: 20.5633563995
    dvar2: 21.0285148621
    kurt: 17.0477027893
    max: 689.0625
    mean: 668.508056641
    median: 667.529296875
    min: 667.529296875
    skew: 4.36437177658
    var: 20.118303299

SpecCent:
    dmean: 4.63298845291
    dmean2: 7.38792514801
    dvar: 20.8376331329
    dvar2: 21.2775058746
    kurt: 21.2866573334
    max: 1177.15234375
    mean: 1137.57336426
    median: 1135.67553711
    min: 1132.71325684
    skew: 4.34343957901
    var: 48.3761100769

Zcr:
    dmean: 0.000908430258278
    dmean2: 0.00109281996265
    dvar: 8.70040639711e-06
    dvar2: 7.49099763198e-06
    kurt: 17.3357925415
    max: 0.0302734375
    mean: 0.0291526094079
    median: 0.02978515625
    min: 0.01318359375
    skew: -4.34455251694
    var: 1.02474477899e-05

HarmonicAmpFreq:
    dmean: [0.0449020043015]
    dmean2: [0.0459710992873]
    dvar: [0.0525407642126]
    dvar2: [0.0537424758077]
    kurt: [31.5254516602]
    max: [660.565063477]
    mean: [659.152832031]
    median: [659.108764648]
    min: [659.108764648]
    skew: [5.64306545258]
    var: [0.0513913519681]

HarmonicAmpMag:
    dmean: [2.89855665869e-06]
    dmean2: [2.96757002616e-06]
    dvar: [1.9728008116e-10]
    dvar2: [2.01772501485e-10]
    kurt: [26.5929603577]
    max: [8.55246544234e-05]
    mean: [2.83268036583e-06]
    median: [0]
    min: [0]
    skew: [5.19032049179]
    var: [1.92983018454e-10]

MfccCoeff:
    dmean: [0.13125397265, 0.140182852745, 0.0263324119151, 0.0997044742107, 0.176002323627, 0.16567851603, 0.0749149769545, 0.0506306141615, 0.14896774292, 0.172700569034, 0.112118564546, 0.00445148535073, 0.109634041786]
    dmean2: [0.138450980186, 0.14789545536, 0.0278233122081, 0.105141051114, 0.185646787286, 0.174813047051, 0.0791400745511, 0.0533089414239, 0.157077878714, 0.182200834155, 0.118417285383, 0.00495910644531, 0.115511029959]
    dvar: [0.377781897783, 0.430270761251, 0.0148560749367, 0.219730913639, 0.680719733238, 0.599746644497, 0.120418548584, 0.0586404688656, 0.491335004568, 0.65316337347, 0.2704898417, 0.00034665100975, 0.270764917135]
    dvar2: [0.383045107126, 0.436236202717, 0.015043838881, 0.222892075777, 0.690294623375, 0.607985258102, 0.121944919229, 0.059594232589, 0.498453140259, 0.662221610546, 0.273961931467, 0.000365515326848, 0.274946540594]
    kurt: [28.4064445496, 28.3531665802, 27.4403800964, 28.7397575378, 28.5020771027, 28.2647781372, 27.4951305389, 30.0715751648, 28.8087310791, 28.3609790802, 27.6159305573, 23.8319454193, 29.4898490906]
    max: [-1134.58544922, 4.09043502808, 0.754241943359, 8.01086425781e-05, -6.103515625e-05, 2.28881835938e-05, -2.67028808594e-05, 1.52978515625, 4.38673782349, 5.04000091553, 3.22346878052, -3.0517578125e-05, -3.81469726562e-05]
    mean: [-1134.71447754, 3.95276641846, 0.728278398514, -2.83423542976, -4.97840166092, -4.66302490234, -2.07474899292, 1.48041164875, 4.24076986313, 4.87043571472, 3.11299514771, -0.105725891888, -3.16632080078]
    median: [-1134.59082031, 4.08471298218, 0.75309753418, -2.92803573608, -5.14404296875, -4.81900024414, -2.14534378052, 1.52795410156, 4.38090896606, 5.03299713135, 3.21863555908, -0.106739044189, -3.26935958862]
    min: [-1138.42004395, 1.14440917969e-05, -6.103515625e-05, -2.93195724487, -5.1510925293, -4.82576751709, -2.14860153198, -5.34057617188e-05, -4.57763671875e-05, -2.28881835938e-05, -2.67028808594e-05, -0.16854095459, -3.27347564697]
    skew: [-5.353931427, -5.3493475914, -5.26643180847, 5.38468790054, 5.36293840408, 5.34128427505, 5.27138710022, -5.50750732422, -5.39099931717, -5.35005664825, -5.28232145309, 3.31109905243, 5.45364141464]
    var: [0.373575419188, 0.425518721342, 0.0147087899968, 0.217194661498, 0.673068940639, 0.593189001083, 0.11921992898, 0.0578600056469, 0.48561745882, 0.64594244957, 0.267755925655, 0.000344815838616, 0.26737087965]

SpecContrastCoeff:
    dmean: [0.0201748423278, 0.0242982544005, 0.0215177442878, 0.0166270062327, 0.0120825180784, 0.0218846220523]
    dmean2: [0.0279829874635, 0.03754542768, 0.0303257256746, 0.0253820046782, 0.0168209392577, 0.0344024114311]
    dvar: [0.00180484214798, 0.00137943320442, 0.00137168122455, 0.000183775802725, 9.10822636797e-05, 0.000267239840468]
    dvar2: [0.00158724258654, 0.00137670978438, 0.00139919726644, 0.000250590295764, 0.000102109806903, 0.000643355131615]
    kurt: [19.3915328979, 21.4598579407, 14.7457866669, 6.48169994354, 9.35187911987, 4.15116834641]
    max: [-0.663787662983, -0.580665826797, -0.598795890808, -0.84397816658, -0.850147485733, -0.80629324913]
    mean: [-0.693460226059, -0.613119363785, -0.627747833729, -0.869699895382, -0.865901589394, -0.834254682064]
    median: [-0.683930039406, -0.605476379395, -0.619255304337, -0.869381785393, -0.863549113274, -0.832713603973]
    min: [-0.93696975708, -0.843322396278, -0.808382034302, -0.938531041145, -0.930838942528, -0.919244408607]
    skew: [-4.4236869812, -4.42548179626, -3.9340634346, -2.19336080551, -2.79239368439, -1.6222192049]
    var: [0.00202253973112, 0.00164354324806, 0.00153730052989, 0.000330241367919, 0.000206157841603, 0.000468258658657]

SpecPeakAmp:
    dmean: [2.86131182747e-07, 2.63003101963e-07, 1.74009826992e-07, 3.33494142524e-07, 3.08157996187e-06]
    dmean2: [3.41368433965e-07, 3.86507451822e-07, 2.25461164405e-07, 5.236644256e-07, 3.29164572577e-06]
    dvar: [8.41185411257e-13, 1.562584426e-13, 3.53614056439e-13, 2.99604931793e-13, 1.95136601322e-10]
    dvar2: [8.72910630497e-13, 1.34978034067e-13, 3.89531045223e-13, 2.71433022543e-13, 1.98833643994e-10]
    kurt: [17.164150238, 25.1805934906, 35.7113990784, 30.5103607178, 26.6454677582]
    max: [1.68956921698e-05, 4.08211781178e-06, 4.07573406846e-06, 4.27259510616e-06, 8.55246544234e-05]
    mean: [1.65644432855e-05, 1.36979997478e-06, 2.51964621611e-07, 4.49114480716e-07, 3.08689436679e-06]
    median: [1.67589187186e-05, 1.31046635943e-06, 1.30535681819e-07, 2.6599298053e-07, 1.85085241355e-07]
    min: [1.20711738418e-05, 2.4537470722e-07, 5.95054814312e-08, 1.1986419679e-07, 1.01921685314e-07]
    skew: [-4.35380649567, 4.29896640778, 6.0270857811, 5.38151597977, 5.19456672668]
    var: [8.57567543453e-13, 2.12023934108e-13, 3.54313475261e-13, 3.80884532898e-13, 1.91574756059e-10]
