
metadata:
    version:
        essentia: "2.1-beta3"

Flux:
    dmean: 0.000177314679604
    dmean2: 0.000234313309193
    dvar: 3.33984701228e-07
    dvar2: 6.58832220779e-07
    kurt: 9.61615753174
    max: 0.00336501118727
    mean: 0.00023398277699
    median: 1.28898536786e-05
    min: 7.94849529484e-06
    skew: 3.29883217812
    var: 5.40463702237e-07

Rms:
    dmean: 7.28872983018e-05
    dmean2: 5.8363268181e-05
    dvar: 6.00909970672e-08
    dvar2: 2.65469974892e-08
    kurt: 20.8251819611
    max: 0.00242846831679
    mean: 0.00233805109747
    median: 0.00242270319723
    min: 0.000445103418315
    skew: -4.52994680405
    var: 1.12993845391e-07

RollOff:
    dmean: 10.7666015625
    dmean2: 10.5162153244
    dvar: 4120.41845703
    dvar2: 3803.72119141
    kurt: 39.6428718567
    max: 1119.7265625
    mean: 678.53515625
    median: 667.529296875
    min: 667.529296875
    skew: 6.43879747391
    var: 4443.53173828

SpecCent:
    dmean: 18.890789032
    dmean2: 19.7466945648
    dvar: 9370.625
    dvar2: 7644.44970703
    kurt: 39.2772140503
    max: 1376.9017334
    mean: 677.748718262
    median: 660.446777344
    min: 657.266967773
    skew: 6.39903879166
    var: 11207.1181641

Zcr:
    dmean: 0.00120960583445
    dmean2: 0.00112418236677
    dvar: 1.29774352899e-05
    dvar2: 8.12325379229e-06
    kurt: 17.9914798737
    max: 0.0302734375
    mean: 0.0286241322756
    median: 0.02978515625
    min: 0.0009765625
    skew: -4.24877786636
    var: 2.60701563093e-05

HarmonicAmpFreq:
    dmean: [1.73236227036]
    dmean2: [1.75271964073]
    dvar: [126.110527039]
    dvar2: [126.055122375]
    kurt: [40.0114898682]
    max: [735.918701172]
    mean: [661.407836914]
    median: [659.694763184]
    min: [659.694763184]
    skew: [6.48117351532]
    var: [126.195335388]

HarmonicAmpMag:
    dmean: [8.88342474354e-05]
    dmean2: [0.000136395698064]
    dvar: [1.65722170209e-07]
    dvar2: [4.25701614404e-07]
    kurt: [40.0223846436]
    max: [0.00195630849339]
    mean: [4.35604160884e-05]
    median: [0]
    min: [0]
    skew: [6.48245334625]
    var: [8.31504536336e-08]

MfccCoeff:
    dmean: [1.80555868149, 1.77860951424, 0.137237548828, 1.38104510307, 1.71961176395, 1.11569023132, 0.389626324177, 0.325819760561, 0.596416711807, 0.771264493465, 0.580369591713, 0.131598040462, 0.395415127277]
    dmean2: [2.48695540428, 2.42176151276, 0.097441919148, 1.91946518421, 2.26270771027, 1.3361569643, 0.338339418173, 0.407897651196, 0.546742379665, 0.625579893589, 0.463120758533, 0.142160639167, 0.23022416234]
    dvar: [67.641746521, 65.6806182861, 0.273802280426, 40.5519142151, 64.0099105835, 29.1680183411, 2.80876517296, 2.49867296219, 9.43126773834, 11.1311702728, 5.43368434906, 0.352324664593, 2.80010604858]
    dvar2: [145.990325928, 138.450973511, 0.137852862477, 88.5718765259, 124.220558167, 44.6682472229, 1.83123993874, 4.24743843079, 7.31044387817, 5.98271799088, 2.90347075462, 0.388705730438, 1.31974422932]
    kurt: [20.5191802979, 19.3556442261, 24.1659755707, 21.506023407, 19.9789218903, 30.4634628296, 29.7738647461, 27.3937931061, 37.370475769, 31.8399772644, 27.2220115662, 26.7461090088, 26.5368824005]
    max: [-1089.92712402, 48.4108390808, 4.53759765625, 8.01086425781e-05, -6.103515625e-05, 2.28881835938e-05, -2.67028808594e-05, 10.1735019684, 23.0525550842, 27.7300052643, 19.0718345642, 1.94062042236, -3.81469726562e-05]
    mean: [-1117.36401367, 22.5092887878, 4.36217260361, -15.6206922531, -27.7000102997, -26.2746505737, -12.4189014435, 6.91701507568, 22.408115387, 26.8187847137, 18.3788375854, 1.51510989666, -15.425028801]
    median: [-1117.43212891, 22.522441864, 4.53735351562, -15.519115448, -27.9381980896, -26.8070030212, -12.8573455811, 6.98018836975, 23.0517082214, 27.7288913727, 19.070980072, 1.62245178223, -15.9781303406]
    min: [-1138.42004395, 1.14440917969e-05, -6.103515625e-05, -37.2979507446, -49.5860595703, -35.1846885681, -12.8579406738, -5.34057617188e-05, -4.57763671875e-05, -2.28881835938e-05, -2.67028808594e-05, -1.90051269531, -15.978679657]
    skew: [1.80033278465, 0.962439417839, -4.85872554779, -2.22296762466, 1.61458289623, 5.14105510712, 5.42119121552, -4.30149412155, -6.19008111954, -5.61741304398, -5.15657758713, -5.18032979965, 5.17023897171]
    var: [26.8570156097, 26.5108261108, 0.552378833294, 15.944647789, 28.1339511871, 17.9189243317, 4.03613853455, 1.32542312145, 11.7823419571, 18.2034702301, 9.22714233398, 0.325032502413, 6.6587729454]

SpecContrastCoeff:
    dmean: [0.0422791801393, 0.0321968756616, 0.0291010513902, 0.014745422639, 0.0119393793866, 0.00866673979908]
    dmean2: [0.0766336619854, 0.0448855683208, 0.0419064350426, 0.0265043564141, 0.0207562651485, 0.0154101969674]
    dvar: [0.000817409367301, 0.00232984148897, 0.00219190213829, 9.1170615633e-05, 6.9983281719e-05, 7.72461717133e-05]
    dvar2: [0.00192290963605, 0.00181854050606, 0.00173666502815, 0.000260948814685, 0.000168282276718, 0.00021740559896]
    kurt: [1.068379879, 19.3487033844, 18.1542778015, -0.511046409607, 2.60835361481, 10.961728096]
    max: [-0.764610409737, -0.47436851263, -0.487707048655, -0.903766453266, -0.902640283108, -0.900479733944]
    mean: [-0.826952636242, -0.516322016716, -0.526668310165, -0.931908726692, -0.923073649406, -0.912780582905]
    median: [-0.830451250076, -0.502043545246, -0.513282895088, -0.930378317833, -0.923030078411, -0.911754071712]
    min: [-0.930512547493, -0.947385370731, -0.947434067726, -0.949467182159, -0.957625448704, -0.962001919746]
    skew: [-0.729427576065, -4.33700180054, -4.26711511612, 0.388060986996, -1.00652003288, -2.83328223228]
    var: [0.00123457761947, 0.00609782757238, 0.00614902656525, 0.000111937872134, 9.64863866102e-05, 0.000100772260339]

SpecPeakAmp:
    dmean: [2.30760906561e-06, 8.96606579772e-05, 2.56979524238e-06, 2.09971335607e-06, 2.12212216866e-06]
    dmean2: [3.6816948068e-06, 0.000137849536259, 4.19969683207e-06, 3.40787551067e-06, 3.36357265951e-06]
    dvar: [6.92468044711e-12, 1.654480144e-07, 5.62004366655e-11, 3.64990503099e-11, 3.15859560729e-11]
    dvar2: [8.87501270391e-12, 4.25003491955e-07, 1.45378917238e-10, 9.1703047933e-11, 8.03215341461e-11]
    kurt: [21.6012325287, 40.0221824646, 38.5680732727, 38.2067146301, 34.7528076172]
    max: [1.87591576832e-05, 0.00195630849339, 3.78679505957e-05, 3.1092633435e-05, 2.86415870505e-05]
    mean: [1.63480981428e-05, 4.54755972896e-05, 2.39811583924e-06, 2.2966553388e-06, 2.71851376965e-06]
    median: [1.65828369063e-05, 2.03264221454e-06, 1.73401940629e-06, 1.75388015577e-06, 2.04036905416e-06]
    min: [3.30111021185e-07, 9.29013651785e-07, 4.79478330817e-07, 6.37389121039e-07, 5.93109973579e-07]
    skew: [-4.18780708313, 6.48242998123, 6.31219291687, 6.27132415771, 5.89665937424]
    var: [7.73568622353e-12, 8.29842150551e-08, 2.90903481859e-11, 1.92574064334e-11, 1.63160214506e-11]
