
metadata:
    version:
        essentia: "2.1-beta3"

Flux:
    dmean: 0.00398424826562
    dmean2: 0.00531036127359
    dvar: 0.000167338817846
    dvar2: 0.000331095536239
    kurt: 9.51547241211
    max: 0.0749051272869
    mean: 0.00511794537306
    median: 0.000158568363986
    min: 1.70862640516e-05
    skew: 3.28688287735
    var: 0.000271516182693

Rms:
    dmean: 0.00163736089598
    dmean2: 0.00131143128965
    dvar: 3.0276745747e-05
    dvar2: 1.32559689519e-05
    kurt: 20.8264446259
    max: 0.0543559975922
    mean: 0.0523274801672
    median: 0.0542339421809
    min: 0.0098177306354
    skew: -4.53031158447
    var: 5.69893236388e-05

RollOff:
    dmean: 4.89390993118
    dmean2: 4.50694942474
    dvar: 671.567932129
    dvar2: 529.632141113
    kurt: 38.0067481995
    max: 861.328125
    mean: 672.79296875
    median: 667.529296875
    min: 667.529296875
    skew: 6.25828123093
    var: 827.523620605

SpecCent:
    dmean: 4.84020853043
    dmean2: 6.73038339615
    dvar: 198.094726562
    dvar2: 172.974182129
    kurt: 38.6079788208
    max: 764.432495117
    mean: 661.986083984
    median: 659.675231934
    min: 657.082824707
    skew: 6.31686878204
    var: 242.557250977

Zcr:
    dmean: 0.00118741125334
    dmean2: 0.00110147160012
    dvar: 1.30198013721e-05
    dvar2: 9.10529524845e-06
    kurt: 18.3541679382
    max: 0.0302734375
    mean: 0.0286566838622
    median: 0.02978515625
    min: 0.00146484375
    skew: -4.28386306763
    var: 2.49208060268e-05

HarmonicAmpFreq:
    dmean: [2.34005737305]
    dmean2: [2.71213984489]
    dvar: [175.698989868]
    dvar2: [178.719192505]
    kurt: [39.9259109497]
    max: [660.667480469]
    mean: [658.357421875]
    median: [660.657470703]
    min: [570.510986328]
    skew: [-6.47105503082]
    var: [175.584228516]

HarmonicAmpMag:
    dmean: [0.0254861004651]
    dmean2: [0.0511477664113]
    dvar: [0.00117309868801]
    dvar2: [0.00268155313097]
    kurt: [-1.37123322487]
    max: [0.0738998278975]
    mean: [0.0502261742949]
    median: [0.0738854184747]
    min: [0]
    skew: [-0.774889290333]
    var: [0.00115905166604]

MfccCoeff:
    dmean: [15.4420251846, 12.1437826157, 5.95912981033, 5.00720024109, 3.18805718422, 2.65006804466, 4.47110795975, 4.7189874649, 3.88446569443, 2.10599923134, 2.33956980705, 1.56072843075, 1.61556828022]
    dmean2: [23.5193157196, 18.7451763153, 10.5646066666, 8.44947719574, 4.82595825195, 4.14233970642, 8.21716976166, 8.11924743652, 5.82520103455, 2.44801855087, 3.43850398064, 2.797290802, 2.11061096191]
    dvar: [2552.66845703, 749.690002441, 11.1832361221, 10.2470884323, 20.4833831787, 19.9930744171, 8.47034835815, 6.02208709717, 18.9043807983, 34.1067466736, 16.1613864899, 1.22532916069, 12.7394199371]
    dvar2: [6277.3671875, 1720.20458984, 23.8433303833, 20.0919818878, 6.50500774384, 24.8852539062, 20.1673107147, 16.121799469, 12.7261447906, 32.7712936401, 21.0582294464, 3.73644351959, 13.3376150131]
    kurt: [35.8939819336, 25.2986354828, 4.83524417877, 13.6861515045, 24.3764781952, 18.2488861084, 2.4343252182, 8.62488174438, 18.5501270294, 18.1580181122, 15.3962039948, 3.63380098343, 14.7976131439]
    max: [-856.840942383, 173.906036377, 30.6703529358, -6.02061080933, -15.4579582214, -16.4216690063, -10.7750854492, 21.5342502594, 49.4366188049, 55.6215286255, 35.8460655212, 1.91405487061, -1.83044433594]
    mean: [-1083.40307617, 56.2471084595, 11.4663801193, -33.6664123535, -59.6563529968, -54.5231781006, -23.374288559, 16.7023868561, 45.2562561035, 49.5249633789, 29.5649223328, -2.72706866264, -30.8312931061]
    median: [-1089.5045166, 52.29529953, 10.2384033203, -35.3227310181, -61.769317627, -56.1090812683, -24.3220748901, 16.3967227936, 46.4906806946, 51.5224838257, 30.9572410583, -2.6787109375, -32.236995697]
    min: [-1118.6307373, 22.498790741, 7.00524902344, -38.7394180298, -69.3545227051, -65.3908081055, -31.1310501099, -3.32641601562, 1.52191162109, 2.22943115234, 0.270931243896, -4.48301696777, -33.2324790955]
    skew: [6.0017209053, 4.74588012695, 1.71013259888, 3.163626194, 4.65976047516, 4.20064592361, 1.22729551792, -2.21560716629, -4.2629108429, -4.30095720291, -3.91102051735, 1.13292145729, 3.92632341385]
    var: [1227.66540527, 392.478424072, 20.3208427429, 28.1718292236, 56.2751960754, 51.2189445496, 13.7866277695, 18.0158157349, 65.4958496094, 78.0588684082, 32.6325187683, 1.35990655422, 33.470703125]

SpecContrastCoeff:
    dmean: [0.0279772337526, 0.0394449979067, 0.0359204523265, 0.0130009688437, 0.010055705905, 0.0141282938421]
    dmean2: [0.0502375997603, 0.0500587597489, 0.046987645328, 0.0242209788412, 0.0176481679082, 0.0259697567672]
    dvar: [0.000620684644673, 0.0043817460537, 0.00386126409285, 0.000118481024401, 0.000110159853648, 0.000180933115189]
    dvar2: [0.00145993672777, 0.00235048914328, 0.00317669147626, 0.000241251313128, 0.0001818548335, 0.000383629521821]
    kurt: [1.32668018341, 20.7065181732, 20.8147640228, 2.44207572937, 6.1845407486, 3.95563030243]
    max: [-0.879070937634, -0.311499863863, -0.320327341557, -0.894101977348, -0.896420001984, -0.89564460516]
    mean: [-0.950289845467, -0.363548576832, -0.37104934454, -0.942482173443, -0.952138841152, -0.951999247074]
    median: [-0.958358824253, -0.343436717987, -0.352667868137, -0.948743879795, -0.958593249321, -0.959439575672]
    min: [-0.977737188339, -0.981271624565, -0.910381257534, -0.953666508198, -0.960145831108, -0.962014377117]
    skew: [1.49850869179, -4.50254106522, -4.51052713394, 1.71614849567, 2.35489225388, 2.00370311737]
    var: [0.000550479337107, 0.012092047371, 0.00918457563967, 0.000210738333408, 0.00016463760403, 0.000205478398129]

SpecPeakAmp:
    dmean: [0.00198823027313, 3.68496548617e-05, 0.0101049169898, 0.0235248561949, 0.0335910953581]
    dmean2: [0.0030563713517, 5.66344242543e-05, 0.0206596013159, 0.0481243953109, 0.0687263533473]
    dvar: [8.12551661511e-05, 1.11528217772e-08, 0.000641595805064, 0.00118137197569, 0.00135011365637]
    dvar2: [0.000208663652302, 2.79880705278e-08, 0.0018559374148, 0.00326325139031, 0.00263165449724]
    kurt: [40.0221176147, 37.4365997314, 10.0710372925, 1.61273336411, -1.9499925375]
    max: [0.0433591008186, 0.000545322196558, 0.0738987401128, 0.0738989040256, 0.0738998278975]
    mean: [0.00100121623836, 4.37750386482e-05, 0.004974310752, 0.0115476930514, 0.0328802242875]
    median: [3.93152549805e-05, 3.24125685438e-05, 4.13258348999e-05, 5.36649531568e-05, 6.70287117828e-05]
    min: [9.89130421658e-06, 1.06728111859e-05, 7.35641970095e-06, 5.04763329445e-06, 3.85922612622e-06]
    skew: [6.48242139816, 6.18497228622, 3.47430562973, 1.90070676804, 0.223597601056]
    var: [4.07773441111e-05, 5.89765702941e-09, 0.000339327874826, 0.000715984147973, 0.00134545064066]
