
metadata:
    version:
        essentia: "2.1-beta3"

Flux:
    dmean: 0.0359417051077
    dmean2: 0.0471415407956
    dvar: 0.0135631589219
    dvar2: 0.0259470492601
    kurt: 9.48669815063
    max: 0.697119474411
    mean: 0.0470713675022
    median: 0.00140222394839
    min: 8.49381176522e-05
    skew: 3.27743530273
    var: 0.0229761619121

Rms:
    dmean: 0.0150205548853
    dmean2: 0.0121532790363
    dvar: 0.00257208268158
    dvar2: 0.00115761475172
    kurt: 21.0613021851
    max: 0.500802755356
    mean: 0.482284009457
    median: 0.499679476023
    min: 0.0914134308696
    skew: -4.55463123322
    var: 0.00478823902085

RollOff:
    dmean: 8.31964683533
    dmean2: 8.01235485077
    dvar: 2322.94506836
    dvar2: 2070.88134766
    kurt: 39.3706932068
    max: 1012.06054688
    mean: 676.142578125
    median: 667.529296875
    min: 667.529296875
    skew: 6.40811920166
    var: 2584.23681641

SpecCent:
    dmean: 15.3193416595
    dmean2: 16.7372589111
    dvar: 5837.86376953
    dvar2: 4923.09912109
    kurt: 39.4783363342
    max: 1217.09912109
    mean: 672.761474609
    median: 659.509277344
    min: 657.085449219
    skew: 6.42091560364
    var: 6777.23242188

Zcr:
    dmean: 0.00119850854389
    dmean2: 0.00111282698344
    dvar: 1.26736231323e-05
    dvar2: 8.1431126091e-06
    kurt: 17.6430301666
    max: 0.0302734375
    mean: 0.0286349821836
    median: 0.02978515625
    min: 0.00146484375
    skew: -4.21477746964
    var: 2.54753504123e-05

HarmonicAmpFreq:
    dmean: [0.945750832558]
    dmean2: [1.13912320137]
    dvar: [25.8469829559]
    dvar2: [27.0863780975]
    kurt: [39.6991157532]
    max: [694.436767578]
    mean: [661.294799805]
    median: [660.661376953]
    min: [659.69152832]
    skew: [6.44354248047]
    var: [25.0580997467]

HarmonicAmpMag:
    dmean: [0.123830229044]
    dmean2: [0.231194645166]
    dvar: [0.0638529881835]
    dvar2: [0.185844197869]
    kurt: [2.33091926575]
    max: [0.680854260921]
    mean: [0.583926320076]
    median: [0.680773794651]
    min: [0]
    skew: [-2.05905365944]
    var: [0.0540676452219]

MfccCoeff:
    dmean: [37.1108436584, 21.9304466248, 37.0893516541, 6.57445812225, 8.01674747467, 5.68346261978, 3.27138996124, 2.01586914062, 2.74248814583, 3.34546661377, 1.9668738842, 1.30593645573, 1.59227609634]
    dmean2: [58.7785758972, 40.2507514954, 68.3854217529, 12.3332147598, 12.8217487335, 10.3453502655, 5.45832204819, 2.90109467506, 3.81576895714, 4.52508449554, 2.20268511772, 2.20316362381, 2.36592125893]
    dvar: [7306.31689453, 164.204025269, 429.806060791, 39.8532981873, 52.9283943176, 41.1214942932, 8.07418441772, 6.03296709061, 22.8264904022, 27.2096786499, 14.9357442856, 2.34321141243, 13.0605802536]
    dvar2: [17237.0644531, 464.846557617, 1348.20361328, 79.508354187, 108.613563538, 91.7198562622, 17.1466426849, 8.92534351349, 19.6327838898, 18.8360233307, 12.7385635376, 6.70726680756, 19.0124645233]
    kurt: [26.7828140259, -1.00935196877, -1.26313149929, 4.18393707275, 7.18072414398, 9.20249843597, 3.27911424637, 12.3832988739, 15.4633178711, 17.2446727753, 18.4482383728, 2.14727210999, 12.8655118942]
    max: [-569.168640137, 161.027587891, 45.2504005432, -25.9825515747, -30.2165336609, -24.4011459351, -9.46590423584, 19.4152317047, 47.0011253357, 51.8019256592, 32.759929657, 0.137321472168, -4.783203125]
    mean: [-956.768737793, 144.543991089, 7.0857925415, -51.7624855042, -71.0512542725, -57.3843765259, -22.4282112122, 16.3381137848, 43.5240821838, 46.9447441101, 27.8136501312, -3.28535962105, -30.1820011139]
    median: [-964.293029785, 149.709259033, 5.14471435547, -50.6690444946, -71.1940765381, -58.5414390564, -22.1995544434, 17.2047367096, 45.6899528503, 49.1687393188, 29.3220176697, -3.15616607666, -31.4455871582]
    min: [-994.866088867, 109.487709045, -30.2260704041, -65.8664627075, -85.5347824097, -73.3586730957, -32.4421768188, -1.66614532471, 3.8306312561, 0.448547363281, -4.70927810669, -6.78482818604, -34.2172317505]
    skew: [5.12227725983, -0.570452988148, 0.154767364264, 0.988457322121, 2.03098726273, 2.49615859985, 0.400629431009, -3.22083497047, -3.9396674633, -4.12383079529, -4.22111082077, -0.550842821598, 3.69149589539]
    var: [4160.90039062, 242.247528076, 569.852294922, 50.3826980591, 86.4023284912, 57.4773597717, 14.0589866638, 12.7124195099, 59.3014526367, 75.9336242676, 35.4611129761, 1.65627777576, 28.7889328003]

SpecContrastCoeff:
    dmean: [0.0409465990961, 0.0396099239588, 0.0373101122677, 0.0145856225863, 0.0101969549432, 0.00619802670553]
    dmean2: [0.0794851928949, 0.0475270971656, 0.0424578003585, 0.0277449414134, 0.0182288195938, 0.0102498084307]
    dvar: [0.00157962483354, 0.00761809246615, 0.00668414868414, 0.000124680751469, 0.000128953048261, 0.000107847736217]
    dvar2: [0.00361605896614, 0.0037331127096, 0.00322979665361, 0.000273447541986, 0.000257395295193, 0.000253659120062]
    kurt: [0.657694339752, 26.3045272827, 22.3987998962, 2.23019266129, 8.75233364105, 9.03444766998]
    max: [-0.853886067867, -0.138772934675, -0.156144976616, -0.885176181793, -0.884293913841, -0.90432715416]
    mean: [-0.955236971378, -0.187426671386, -0.20184969902, -0.931218147278, -0.944579422474, -0.952388584614]
    median: [-0.975920140743, -0.163509085774, -0.175378918648, -0.937000870705, -0.950836598873, -0.95612603426]
    min: [-0.985363960266, -0.943724513054, -0.90445202589, -0.94208085537, -0.951571464539, -0.957855939865]
    skew: [1.44296061993, -5.05356168747, -4.66777992249, 1.568187356, 2.79764652252, 3.06798553467]
    var: [0.00163383595645, 0.0158972069621, 0.0148922493681, 0.000173227017513, 0.000166237659869, 0.000115040813398]

SpecPeakAmp:
    dmean: [0.000550282245968, 0.111359812319, 0.185643449426, 0.309380024672, 0.278491050005]
    dmean2: [0.000885573157575, 0.218406409025, 0.379742115736, 0.63303399086, 0.569846212864]
    dvar: [3.45472858498e-06, 0.058212518692, 0.0917183086276, 0.114659145474, 0.111807107925]
    dvar2: [9.12221639737e-06, 0.165231689811, 0.221620321274, 0.223570004106, 0.299647539854]
    kurt: [39.2032241821, 7.62605571747, 1.61277246475, -1.83333277702, -0.214287996292]
    max: [0.00947072356939, 0.680854260921, 0.68085193634, 0.680850148201, 0.680833935738]
    mean: [0.000496355060022, 0.0547221712768, 0.106319352984, 0.272622734308, 0.151651620865]
    median: [0.000314595148666, 0.000372420618078, 0.000488495104946, 0.000589716015384, 0.000530373479705]
    min: [4.92957515235e-05, 0.000147035971167, 0.000140002041007, 0.00010431521514, 8.37505576783e-05]
    skew: [6.3860206604, 3.06254458427, 1.90072715282, 0.408246904612, 1.33630287647]
    var: [1.84815417015e-06, 0.0315731838346, 0.0607909746468, 0.111061580479, 0.0799930766225]
