
metadata:
    version:
        essentia: "2.1-beta3"

Flux:
    dmean: 0.0193781852722
    dmean2: 0
    dvar: 0
    dvar2: 0
    kurt: -2
    max: 0.419784247875
    mean: 0.410095155239
    median: 0.410095155239
    min: 0.400406062603
    skew: 0
    var: 9.38785160542e-05

Rms:
    dmean: 0
    dmean2: 0
    dvar: 0
    dvar2: 0
    kurt: 0
    max: 0.144120931625
    mean: 0.144120931625
    median: 0.144120931625
    min: 0.144120931625
    skew: 0
    var: 0

RollOff:
    dmean: 258.3984375
    dmean2: 0
    dvar: 0
    dvar2: 0
    kurt: -1.99999988079
    max: 1184.32617188
    mean: 1055.12695312
    median: 1055.12695312
    min: 925.927734375
    skew: 0
    var: 16692.4375

SpecCent:
    dmean: 0.174865722656
    dmean2: 0
    dvar: 0
    dvar2: 0
    kurt: -1.99999952316
    max: 834.840332031
    mean: 834.752929688
    median: 834.752929688
    min: 834.665466309
    skew: -0.00104714045301
    var: 0.00764450617135

Zcr:
    dmean: 0
    dmean2: 0
    dvar: 0
    dvar2: 0
    kurt: 0
    max: 0.01171875
    mean: 0.01171875
    median: 0.01171875
    min: 0.01171875
    skew: 0
    var: 0

HarmonicAmpFreq:
    dmean: [21.4332885742]
    dmean2: [0]
    dvar: [0]
    dvar2: [0]
    kurt: [-2]
    max: [849.684265137]
    mean: [838.967651367]
    median: [838.967651367]
    min: [828.250976562]
    skew: [-8.57925806486e-06]
    var: [114.846466064]

HarmonicAmpMag:
    dmean: [0.116361089051]
    dmean2: [0]
    dvar: [0]
    dvar2: [0]
    kurt: [-2]
    max: [0.116361089051]
    mean: [0.0581805445254]
    median: [0.0581805445254]
    min: [0]
    skew: [0]
    var: [0.00338497571647]

MfccCoeff:
    dmean: [314.889953613, 86.0456542969, 7.25217056274, 65.2833862305, 8.57028198242, 38.400062561, 38.6028556824, 3.78541374207, 21.972984314, 13.0145606995, 4.24136734009, 6.6604385376, 3.01333808899]
    dmean2: [0, 0, 0, 0, 0, 0, 0, 0, 0, 0, 0, 0, 0]
    dvar: [0, 0, 0, 0, 0, 0, 0, 0, 0, 0, 0, 0, 0]
    dvar2: [0, 0, 0, 0, 0, 0, 0, 0, 0, 0, 0, 0, 0]
    kurt: [-1.99999988079, -2, -2, -2, -1.99999988079, -2, -2, -2, -2, -2, -2, -2, -2]
    max: [-659.32421875, 231.870452881, -13.4427642822, -38.7187309265, -49.7897949219, 23.1550140381, 47.903968811, 22.6320419312, 12.0559463501, -0.309337615967, -4.70985794067, 0.867576599121, 1.97235107422]
    mean: [-816.769165039, 188.847625732, -17.0688495636, -71.3604202271, -54.0749359131, 3.95498275757, 28.6025409698, 20.7393341064, 1.06945419312, -6.8166179657, -6.83054161072, -2.46264266968, 0.465682029724]
    median: [-816.769165039, 188.847625732, -17.0688495636, -71.3604202271, -54.0749359131, 3.95498275757, 28.6025409698, 20.7393341064, 1.06945419312, -6.8166179657, -6.83054161072, -2.46264266968, 0.465682029724]
    min: [-974.214172363, 145.824798584, -20.694934845, -104.002113342, -58.3600769043, -15.2450485229, 9.30111312866, 18.8466281891, -9.91703796387, -13.3238983154, -8.95122528076, -5.79286193848, -1.04098701477]
    skew: [-5.76495779114e-07, 0, 0, -1.6847418749e-07, 0, 0, 0, 1.51202323195e-06, 0, 0, 0, 0, 0]
    var: [24788.9199219, 1850.96362305, 13.1484947205, 1065.47998047, 18.3624324799, 368.641204834, 372.54510498, 3.5823392868, 120.703010559, 42.3446960449, 4.49729919434, 11.0903606415, 2.27005171776]

SpecContrastCoeff:
    dmean: [0.0171369314194, 0.107661962509, 0.14644151926, 0.205145776272, 0.0146871805191, 0.024869799614]
    dmean2: [0, 0, 0, 0, 0, 0]
    dvar: [0, 0, 0, 0, 0, 0]
    dvar2: [0, 0, 0, 0, 0, 0]
    kurt: [-1.99999988079, -1.99999988079, -2, -2, -2, -1.99999988079]
    max: [-0.968000948429, -0.788458585739, -0.666777849197, -0.614370405674, -0.869101524353, -0.909627974033]
    mean: [-0.976569414139, -0.842289566994, -0.739998579025, -0.716943264008, -0.876445114613, -0.92206287384]
    median: [-0.976569414139, -0.842289566994, -0.739998579025, -0.716943264008, -0.876445114613, -0.92206287384]
    min: [-0.985137879848, -0.896120548248, -0.813219368458, -0.819516181946, -0.883788704872, -0.934497773647]
    skew: [0, 0, -1.22329561236e-06, -8.62983199568e-07, 0, 0]
    var: [7.34186032787e-05, 0.00289777456783, 0.00536127947271, 0.0105211976916, 5.39283173566e-05, 0.000154626730364]

SpecPeakAmp:
    dmean: [0.11615139246, 0.0533237494528, 0.024119425565, 0.0112905921414, 0.00661815190688]
    dmean2: [0, 0, 0, 0, 0]
    dvar: [0, 0, 0, 0, 0]
    dvar2: [0, 0, 0, 0, 0]
    kurt: [-2, -1.99999988079, -2, -1.99999988079, -2]
    max: [0.116361089051, 0.0535445101559, 0.0243607275188, 0.0115646831691, 0.00694501912221]
    mean: [0.0582853928208, 0.0268826354295, 0.0123010147363, 0.0059193870984, 0.00363594316877]
    median: [0.0582853928208, 0.0268826354295, 0.0123010147363, 0.0059193870984, 0.00363594316877]
    min: [0.000209696139791, 0.000220759233343, 0.000241301066126, 0.000274090998573, 0.000326867244439]
    skew: [0, -9.59749897333e-08, -1.29637072632e-07, 0, 0]
    var: [0.00337278656662, 0.000710855587386, 0.00014543668658, 3.18693673762e-05, 1.09499833343e-05]
