
metadata:
    version:
        essentia: "2.1-beta3"

Flux:
    dmean: 8.58695693751e-06
    dmean2: 1.32230188683e-05
    dvar: 5.90835602665e-10
    dvar2: 1.28730359705e-09
    kurt: 13.9071426392
    max: 0.000133307097713
    mean: 1.07484011096e-05
    median: 5.03861338075e-06
    min: 1.01882028503e-06
    skew: 3.84167504311
    var: 6.16985351698e-10

Rms:
    dmean: 1.87236753391e-06
    dmean2: 1.78441962362e-06
    dvar: 4.85451678855e-11
    dvar2: 3.6766638345e-11
    kurt: 19.5484619141
    max: 0.000108396321593
    mean: 0.000106246858195
    median: 0.000108120133518
    min: 6.30219292361e-05
    skew: -4.50197315216
    var: 6.38520278318e-11

RollOff:
    dmean: 0
    dmean2: 0
    dvar: 0
    dvar2: 0
    kurt: 0
    max: 1335.05859375
    mean: 1335.05859375
    median: 1335.05859375
    min: 1335.05859375
    skew: 0
    var: 0

SpecCent:
    dmean: 4.7536649704
    dmean2: 6.26636600494
    dvar: 32.4509315491
    dvar2: 21.7942714691
    kurt: 23.0620441437
    max: 1641.9732666
    mean: 1586.17077637
    median: 1584.62023926
    min: 1579.10876465
    skew: 4.63664770126
    var: 93.3558883667

Zcr:
    dmean: 0.00165788515005
    dmean2: 0.00186011905316
    dvar: 3.6285531678e-05
    dvar2: 3.21097177221e-05
    kurt: 17.3394546509
    max: 0.06005859375
    mean: 0.058349609375
    median: 0.0595703125
    min: 0.02685546875
    skew: -4.36532306671
    var: 4.07424849982e-05

HarmonicAmpFreq:
    dmean: [0]
    dmean2: [0]
    dvar: [0]
    dvar2: [0]
    kurt: [-2]
    max: [1321.22631836]
    mean: [1321.22644043]
    median: [1321.22631836]
    min: [1321.22631836]
    skew: [-1]
    var: [1.49011611938e-08]

HarmonicAmpMag:
    dmean: [0]
    dmean2: [0]
    dvar: [0]
    dvar2: [0]
    kurt: [nan]
    max: [0]
    mean: [0]
    median: [0]
    min: [0]
    skew: [nan]
    var: [0]

MfccCoeff:
    dmean: [0.10498046875, 0.0573844015598, 0.103704407811, 0.136965736747, 0.00293252640404, 0.133247554302, 0.104878269136, 0.0504207164049, 0.141186729074, 0.0587358698249, 0.092382915318, 0.127276405692, 0.00851227529347]
    dmean2: [0.109959192574, 0.06005859375, 0.108666919172, 0.14338684082, 0.00312659842893, 0.139629915357, 0.109650023282, 0.0530795156956, 0.147862032056, 0.0611501410604, 0.0970542579889, 0.133111864328, 0.00907425675541]
    dvar: [0.225036621094, 0.0676931664348, 0.218427106738, 0.384424120188, 0.000308684626361, 0.360507428646, 0.2283847332, 0.0494251288474, 0.407091528177, 0.0747566446662, 0.169223710895, 0.335234701633, 0.00259942794219]
    dvar2: [0.227580040693, 0.0684715732932, 0.220874279737, 0.388814598322, 0.000314559147228, 0.36454552412, 0.231066063046, 0.049924749881, 0.411708682775, 0.0757084861398, 0.171017765999, 0.33914399147, 0.00264850025997]
    kurt: [23.9206199646, 24.2070198059, 23.6781616211, 24.0690231323, 38.9721221924, 23.6669216156, 24.6360588074, 21.7373523712, 23.9199199677, 26.4073238373, 22.614200592, 24.4922409058, 38.9723358154]
    max: [-1135.58691406, 1.55921554565, -6.103515625e-05, 8.01086425781e-05, -6.103515625e-05, 3.57500457764, 2.87782669067, -5.34057617188e-05, -4.57763671875e-05, -2.28881835938e-05, 2.41588973999, 3.48101043701, 0.339279174805]
    mean: [-1135.6932373, 1.50106704235, -2.67797875404, -3.57070469856, -0.114097595215, 3.43984508514, 2.77172231674, -1.23756217957, -3.66754293442, -1.61762607098, 2.32192373276, 3.35219812393, 0.330898791552]
    median: [-1135.5949707, 1.55483627319, -2.77494812012, -3.69897079468, -0.116859436035, 3.56444549561, 2.87015151978, -1.28435134888, -3.79969024658, -1.67310714722, 2.40795516968, 3.47158432007, 0.338920593262]
    min: [-1138.42004395, 1.14440917969e-05, -2.78315734863, -3.70948410034, -0.116989135742, 2.28881835938e-05, -2.67028808594e-05, -1.28897094727, -3.81065368652, -1.67677307129, -2.67028808594e-05, -3.0517578125e-05, -3.81469726562e-05]
    skew: [-4.95304346085, -4.97813510895, 4.93169021606, 4.96600437164, 6.39889764786, -4.93070602417, -5.01595306396, 4.76277971268, 4.95290088654, 5.17348766327, -4.83880519867, -5.00326776505, -6.39891672134]
    var: [0.223726123571, 0.0672811567783, 0.217203602195, 0.382126837969, 0.000302610802464, 0.358491897583, 0.226894438267, 0.049245391041, 0.404716104269, 0.0741435810924, 0.168454840779, 0.333093434572, 0.00254850555211]

SpecContrastCoeff:
    dmean: [0.0383289568126, 0.0266993213445, 0.0186936873943, 0.016012981534, 0.0111570395529, 0.0170809999108]
    dmean2: [0.0604848638177, 0.0430472008884, 0.0324302054942, 0.0223869308829, 0.0183862727135, 0.0296902377158]
    dvar: [0.00130336720031, 0.000987996463664, 0.000204684314667, 0.00111508998089, 0.000228996344958, 0.000221617956413]
    dvar2: [0.00155848206487, 0.00128679885529, 0.00060338457115, 0.0010811118409, 0.000353461073246, 0.000460958282929]
    kurt: [10.252448082, 11.9603710175, 0.754030704498, 15.6549777985, 9.27116680145, 5.68426704407]
    max: [-0.624190509319, -0.75835108757, -0.874545514584, -0.57871723175, -0.816927433014, -0.807858765125]
    mean: [-0.672116279602, -0.799702644348, -0.895155549049, -0.610583543777, -0.856718122959, -0.846519649029]
    median: [-0.664961695671, -0.793736457825, -0.890858888626, -0.604293942451, -0.855067491531, -0.847336649895]
    min: [-0.863455593586, -0.966314911842, -0.940510034561, -0.779622375965, -0.928676068783, -0.916894733906]
    skew: [-3.04455208778, -3.16176247597, -1.01154339314, -4.08258152008, -2.3016037941, -1.28282642365]
    var: [0.00198837695643, 0.00119089207146, 0.000246339361183, 0.00129345885944, 0.000276868406218, 0.000282352993963]

SpecPeakAmp:
    dmean: [2.12233217667e-07, 6.21310107363e-07, 5.21223512351e-07, 1.00866536457e-07, 9.91080355561e-07]
    dmean2: [2.77624906175e-07, 1.09047186925e-06, 9.60303850661e-07, 1.41026688993e-07, 1.94157883016e-06]
    dvar: [4.58663977024e-13, 3.32088631767e-13, 3.23369044215e-13, 6.83061124481e-14, 1.66963892798e-12]
    dvar2: [4.52396312686e-13, 7.04187305255e-13, 7.95665725146e-13, 6.55951394547e-14, 3.99146080771e-12]
    kurt: [29.4357032776, -0.515874624252, -1.13176190853, 34.5292625427, -0.308763980865]
    max: [1.68948481587e-05, 2.70346663456e-06, 1.84895054645e-06, 1.87100147286e-06, 2.88608839583e-06]
    mean: [1.66240024555e-05, 1.01150624232e-06, 5.53566451345e-07, 1.46009156765e-07, 7.15062924428e-07]
    median: [1.67523448908e-05, 1.17672925626e-06, 1.44703932392e-07, 8.39185076984e-08, 9.95939970494e-08]
    min: [1.23834552141e-05, 2.62199293388e-08, 7.57551390507e-08, 3.12626156074e-08, 2.43205011685e-08]
    skew: [-5.42899465561, -0.253362625837, 0.818662285805, 5.88613128662, 1.29728412628]
    var: [4.7953259202e-13, 4.05591359109e-13, 3.66050478774e-13, 7.3242884739e-14, 1.33266358018e-12]
