
metadata:
    version:
        essentia: "2.1-beta3"

Flux:
    dmean: 0.000176971487235
    dmean2: 0.00023564696312
    dvar: 3.33381592554e-07
    dvar2: 6.59379054468e-07
    kurt: 9.54339694977
    max: 0.00335006345995
    mean: 0.000232967839111
    median: 1.16433175208e-05
    min: 7.08124207449e-06
    skew: 3.2902507782
    var: 5.40082339739e-07

Rms:
    dmean: 7.08362495061e-05
    dmean2: 5.34146856808e-05
    dvar: 6.05066148296e-08
    dvar2: 2.68313513629e-08
    kurt: 20.8431167603
    max: 0.00242688274011
    mean: 0.00233782827854
    median: 0.00242314813659
    min: 0.000439633528003
    skew: -4.53151130676
    var: 1.13558336068e-07

RollOff:
    dmean: 5.38330078125
    dmean2: 5.0077214241
    dvar: 1035.3737793
    dvar2: 859.147521973
    kurt: 39.3190193176
    max: 1571.92382812
    mean: 1340.80065918
    median: 1335.05859375
    min: 1335.05859375
    skew: 6.40380764008
    var: 1224.11206055

SpecCent:
    dmean: 6.05829668045
    dmean2: 7.21246767044
    dvar: 286.216461182
    dvar2: 235.254653931
    kurt: 37.8501853943
    max: 1447.25061035
    mean: 1320.88879395
    median: 1318.03344727
    min: 1313.66162109
    skew: 6.22931146622
    var: 372.440093994

Zcr:
    dmean: 0.00224165478721
    dmean2: 0.00189634808339
    dvar: 5.36909647053e-05
    dvar2: 3.60977974196e-05
    kurt: 18.0294761658
    max: 0.06005859375
    mean: 0.0572591163218
    median: 0.0595703125
    min: 0.001953125
    skew: -4.25568580627
    var: 0.000104230239231

HarmonicAmpFreq:
    dmean: [0.587463378906]
    dmean2: [0.601125299931]
    dvar: [14.8398675919]
    dvar2: [15.1767692566]
    kurt: [40.0198745728]
    max: [1319.53259277]
    mean: [1318.95776367]
    median: [1319.53259277]
    min: [1293.6842041]
    skew: [-6.48216342926]
    var: [14.5175914764]

HarmonicAmpMag:
    dmean: [8.24142674105e-08]
    dmean2: [8.43308782805e-08]
    dvar: [2.92060754921e-13]
    dvar2: [2.98691274622e-13]
    kurt: [40.0227279663]
    max: [3.6262276808e-06]
    mean: [8.05828364037e-08]
    median: [0]
    min: [0]
    skew: [6.48249387741]
    var: [2.85718118002e-13]

MfccCoeff:
    dmean: [1.50632822514, 0.976117908955, 1.08512270451, 1.66410255432, 0.364948630333, 0.984085261822, 0.861756563187, 0.299582034349, 0.784632921219, 0.30171880126, 0.53433316946, 0.694953799248, 0.0171129051596]
    dmean2: [2.01333403587, 1.33638107777, 1.36823046207, 2.16624617577, 0.558791041374, 1.1283198595, 1.03081810474, 0.260262966156, 0.780553758144, 0.295841306448, 0.4556684196, 0.554525911808, 0.0302001591772]
    dvar: [44.7213096619, 18.6622238159, 24.1582870483, 55.3834877014, 2.79615664482, 22.3864383698, 16.211309433, 1.73923230171, 16.0018939972, 2.30104517937, 5.36446237564, 8.21961688995, 0.00732774101198]
    dvar2: [91.6638412476, 40.310710907, 42.9059028625, 106.626785278, 7.15928125381, 30.7440261841, 24.9897174835, 1.13368034363, 15.2632379532, 2.1134519577, 3.31596136093, 4.29131889343, 0.018857114017]
    kurt: [17.9308128357, 19.9862289429, 21.8064174652, 18.6012020111, 40.0043334961, 31.2139167786, 27.9745254517, 31.4264678955, 33.8929252625, 34.0288047791, 31.0141525269, 29.2739486694, 21.9515190125]
    max: [-1098.1295166, 25.355052948, -6.103515625e-05, 8.01086425781e-05, -6.103515625e-05, 30.7861328125, 25.9728317261, -5.34057617188e-05, -4.57763671875e-05, -2.28881835938e-05, 18.2622642517, 23.8330783844, 0.339050292969]
    mean: [-1118.55419922, 10.8481025696, -19.5608406067, -25.6662197113, -0.291297733784, 24.9406147003, 19.1410045624, -9.88551139832, -26.0913410187, -10.0786657333, 17.6523151398, 23.0035896301, 0.319155722857]
    median: [-1118.43493652, 10.8346061707, -19.8821144104, -25.9642105103, -0.116806030273, 25.5543212891, 19.5560035706, -10.2226104736, -26.8798599243, -10.3859710693, 18.2617607117, 23.8327274323, 0.338745117188]
    min: [-1138.42004395, 1.14440917969e-05, -30.9813041687, -45.9052505493, -8.08601379395, 2.28881835938e-05, -2.67028808594e-05, -10.2229614258, -26.880317688, -10.3862609863, -2.67028808594e-05, -3.0517578125e-05, -0.20344543457]
    skew: [0.139542102814, 1.88920116425, 3.23279523849, 1.60092270374, -6.48029375076, -5.45881605148, -4.85527801514, 5.58138656616, 5.85622358322, 5.86643838882, -5.53724145889, -5.35896539688, -4.7907128334]
    var: [18.7385883331, 7.50289154053, 12.1290416718, 24.9320583344, 1.38115036488, 15.9168548584, 9.91731262207, 2.48990297318, 16.7472610474, 2.49377012253, 7.98856925964, 13.9458017349, 0.00869953073561]

SpecContrastCoeff:
    dmean: [0.0312062874436, 0.02690850012, 0.0137982452288, 0.0205998998135, 0.00895634014159, 0.00587662495673]
    dmean2: [0.0501432754099, 0.0422134026885, 0.0206823255867, 0.0234810002148, 0.0139276292175, 0.00950754247606]
    dvar: [0.00124318245798, 0.000278617546428, 0.000111568442662, 0.00193840276916, 3.84706945624e-05, 6.26978071523e-05]
    dvar2: [0.00313158845529, 0.000915138167329, 0.000224392599193, 0.00168770027813, 0.000109552187496, 0.000126916856971]
    kurt: [10.1065073013, 0.979123353958, 3.7010512352, 17.86054039, 0.704867362976, 9.06941699982]
    max: [-0.728455841541, -0.864438593388, -0.871797740459, -0.457715570927, -0.895299613476, -0.898194909096]
    mean: [-0.779563844204, -0.932682275772, -0.933479726315, -0.495064884424, -0.915923416615, -0.910073578358]
    median: [-0.775925695896, -0.93617361784, -0.938562512398, -0.478463202715, -0.915456473827, -0.908487856388]
    min: [-0.981436491013, -0.982435882092, -0.955626785755, -0.869248151779, -0.935218751431, -0.956733524799]
    skew: [-2.89959812164, 0.748743474483, 1.77267360687, -4.25051403046, 0.00143328320701, -2.90010285378]
    var: [0.00183705321979, 0.000468537211418, 0.000298991129966, 0.00489839771762, 6.09925627941e-05, 0.00011558465485]

SpecPeakAmp:
    dmean: [2.04050525099e-06, 1.75328284513e-06, 1.92329139281e-06, 1.97790336642e-06, 1.89610796042e-06]
    dmean2: [3.07820550915e-06, 2.76736273008e-06, 3.03454294226e-06, 3.08448852593e-06, 2.90061461783e-06]
    dvar: [2.78231257478e-11, 3.96260836644e-11, 4.44598281801e-11, 4.62323096473e-11, 4.9333689911e-11]
    dvar2: [5.60004646821e-11, 1.0405824119e-10, 1.16350713786e-10, 1.19075638239e-10, 1.27386087789e-10]
    kurt: [17.6724262238, 38.9052696228, 39.4979782104, 39.3620643616, 39.6862831116]
    max: [3.39037360391e-05, 3.26662739099e-05, 3.3124233596e-05, 3.37431156368e-05, 3.45168955391e-05]
    mean: [1.67258567672e-05, 1.69925658611e-06, 1.89364811831e-06, 1.81060681825e-06, 1.55700786308e-06]
    median: [1.68005099113e-05, 9.09557797968e-07, 1.12486372927e-06, 1.09187203634e-06, 7.89953276126e-07]
    min: [1.13077339847e-06, 2.38494891391e-07, 5.16853958743e-07, 3.34845452699e-07, 3.08084366907e-07]
    skew: [0.615408420563, 6.35396814346, 6.42053127289, 6.40427827835, 6.44276857376]
    var: [1.25445851623e-11, 2.20835572051e-11, 2.23036727975e-11, 2.33549724699e-11, 2.4787120273e-11]
