
metadata:
    version:
        essentia: "2.1-beta3"

Flux:
    dmean: 0.00396023644134
    dmean2: 0.00527681270614
    dvar: 0.000167567006429
    dvar2: 0.000330722192302
    kurt: 9.52931594849
    max: 0.0750152915716
    mean: 0.00506582250819
    median: 8.39848071337e-05
    min: 2.15835079871e-05
    skew: 3.28830552101
    var: 0.000272223056527

Rms:
    dmean: 0.0015839994885
    dmean2: 0.00119896605611
    dvar: 3.02868065774e-05
    dvar2: 1.34508627525e-05
    kurt: 20.7963657379
    max: 0.0543212890625
    mean: 0.0523303821683
    median: 0.0542407594621
    min: 0.00991766154766
    skew: -4.52741384506
    var: 5.67749957554e-05

RollOff:
    dmean: 7.34086465836
    dmean2: 7.01081037521
    dvar: 2022.12854004
    dvar2: 1783.99743652
    kurt: 39.6422538757
    max: 1658.05664062
    mean: 1342.71472168
    median: 1335.05859375
    min: 1335.05859375
    skew: 6.4393286705
    var: 2270.07983398

SpecCent:
    dmean: 10.7617406845
    dmean2: 11.8463754654
    dvar: 2202.20654297
    dvar2: 1927.78210449
    kurt: 39.3744773865
    max: 1660.60339355
    mean: 1325.58666992
    median: 1317.47045898
    min: 1313.95031738
    skew: 6.40814113617
    var: 2570.28417969

Zcr:
    dmean: 0.00224165478721
    dmean2: 0.00189634808339
    dvar: 5.36909647053e-05
    dvar2: 3.74063347408e-05
    kurt: 17.6863098145
    max: 0.06005859375
    mean: 0.0572482645512
    median: 0.0595703125
    min: 0.00244140625
    skew: -4.22267150879
    var: 0.000103570673673

HarmonicAmpFreq:
    dmean: [0.474340260029]
    dmean2: [0.485371440649]
    dvar: [9.67494297028]
    dvar2: [9.89458847046]
    kurt: [40.0242156982]
    max: [1340.40246582]
    mean: [1319.99511719]
    median: [1319.53149414]
    min: [1319.53149414]
    skew: [6.48266649246]
    var: [9.46483325958]

HarmonicAmpMag:
    dmean: [1.8750365598e-06]
    dmean2: [1.9186420559e-06]
    dvar: [1.51177778629e-10]
    dvar2: [1.54609880454e-10]
    kurt: [40.022731781]
    max: [8.250161045e-05]
    mean: [1.83336908322e-06]
    median: [0]
    min: [0]
    skew: [6.48249435425]
    var: [1.47894668734e-10]

MfccCoeff:
    dmean: [13.8664884567, 3.49672555923, 2.55268883705, 1.73898422718, 0.878580272198, 1.10719645023, 1.42172563076, 1.18623149395, 1.32523107529, 1.40140998363, 1.65675926208, 1.51369678974, 1.04394674301]
    dmean2: [20.5118541718, 4.88591766357, 3.32681369781, 1.83466386795, 1.26684582233, 1.00334179401, 1.72054028511, 1.67232429981, 1.45983612537, 1.97249448299, 2.27716517448, 1.81873309612, 1.65179121494]
    dvar: [3535.51489258, 164.139266968, 115.131134033, 31.5681037903, 1.42342185974, 15.6996517181, 7.97813367844, 3.12203359604, 22.1511955261, 3.27342319489, 12.7883443832, 24.1864089966, 0.349916189909]
    dvar2: [8902.58691406, 389.319000244, 248.7628479, 28.6809902191, 1.5702958107, 8.12684631348, 5.97415161133, 3.80269956589, 24.566488266, 4.15240097046, 16.2957820892, 29.0978946686, 0.738548159599]
    kurt: [38.2036399841, 25.34815979, 17.2583808899, 20.6189060211, 25.5002593994, 27.5618057251, 20.2739944458, 17.5371952057, 19.9701557159, 15.2522373199, 16.5338878632, 16.2693462372, -0.267077922821]
    max: [-827.873413086, 74.0835647583, -11.1386566162, -14.5602226257, 0.1630859375, 55.3862304688, 43.8680038452, -3.63832855225, -10.2453842163, -4.13336181641, 34.8599662781, 47.2967529297, 3.18398284912]
    mean: [-1093.77099609, 22.2938461304, -38.7006645203, -49.7474327087, -0.71158093214, 47.8207626343, 36.6563568115, -18.5238895416, -49.2881469727, -19.1771907806, 32.7571487427, 42.7926330566, 0.784624218941]
    median: [-1100.01672363, 20.8626823425, -38.0945091248, -49.8260574341, -0.503295898438, 48.6996154785, 37.387550354, -19.1548919678, -50.7873764038, -19.6395645142, 34.0761070251, 44.5241470337, 0.738111495972]
    min: [-1126.70458984, 6.46476364136, -74.1783828735, -73.1712722778, -9.45555114746, 12.5051574707, 9.59341812134, -19.9380264282, -56.0948410034, -23.6485214233, 4.82612991333, 5.94828796387, -0.270172119141]
    skew: [6.26625108719, 4.7709441185, -1.65433609486, 2.4827606678, -4.80345582962, -5.1160607338, -4.34843921661, 4.19779062271, 4.52410697937, 3.77645921707, -4.15072250366, -4.12438392639, 0.511309146881]
    var: [1642.17626953, 76.2781143188, 48.9094924927, 41.6133956909, 2.14442205429, 33.9714012146, 23.7434139252, 8.02260971069, 51.2294425964, 8.82841396332, 29.7534828186, 51.6308822632, 0.653748691082]

SpecContrastCoeff:
    dmean: [0.0455655902624, 0.015990851447, 0.0152643527836, 0.0265781935304, 0.012659904547, 0.0123036466539]
    dmean2: [0.0762848705053, 0.0280934739858, 0.0244386252016, 0.0287897586823, 0.0213502310216, 0.0222812704742]
    dvar: [0.00128469872288, 0.000183598851436, 0.000298179569654, 0.00328660313971, 8.73656172189e-05, 0.000127141844132]
    dvar2: [0.00435166945681, 0.000360455567716, 0.000506357115228, 0.00235857558437, 0.000180719565833, 0.000289732968668]
    kurt: [0.623022317886, 1.00671482086, 4.76053190231, 19.9736690521, 0.122251272202, 0.572182416916]
    max: [-0.842634677887, -0.919649481773, -0.836364686489, -0.292924523354, -0.905425190926, -0.923459112644]
    mean: [-0.937730431557, -0.972152888775, -0.929026961327, -0.337969183922, -0.937779307365, -0.951133310795]
    median: [-0.947922885418, -0.979108333588, -0.93827432394, -0.318624913692, -0.942528605461, -0.95638614893]
    min: [-0.989154875278, -0.986375391483, -0.948434531689, -0.844771742821, -0.948154091835, -0.959851264954]
    skew: [1.13297045231, 1.31161022186, 2.39968323708, -4.45884370804, 1.0658813715, 1.36166083813]
    var: [0.00125647441018, 0.000272695033345, 0.000735458219424, 0.00835878681391, 0.000121405617392, 0.000116887604236]

SpecPeakAmp:
    dmean: [2.87909715553e-05, 2.42256264755e-05, 2.54496408161e-05, 2.68878484349e-05, 2.72823745036e-05]
    dmean2: [4.77220855828e-05, 3.77649193979e-05, 3.88913504139e-05, 4.10382162954e-05, 4.16517286794e-05]
    dvar: [6.85262735445e-09, 6.21730134043e-09, 7.2728991718e-09, 8.35965607848e-09, 9.14061271118e-09]
    dvar2: [1.76532122254e-08, 1.66926312772e-08, 1.90503861575e-08, 2.17831601645e-08, 2.37562769456e-08]
    kurt: [38.5311279297, 36.5274848938, 39.0415077209, 38.9901580811, 39.2959327698]
    max: [0.000423718855018, 0.000424847152317, 0.000428159575677, 0.000453904416645, 0.000472482497571]
    mean: [3.05534013023e-05, 2.28511034948e-05, 2.16385433305e-05, 2.26060492423e-05, 2.30276909861e-05]
    median: [1.99880414584e-05, 1.28550564114e-05, 1.25109509099e-05, 1.3601932551e-05, 1.31966580739e-05]
    min: [9.09325081011e-06, 2.27507484851e-06, 3.57892395186e-06, 3.84908753404e-06, 4.30307272836e-06]
    skew: [6.30603027344, 6.09581899643, 6.36817407608, 6.36345148087, 6.39798164368]
    var: [3.57579743593e-09, 3.83275144955e-09, 3.79954023799e-09, 4.27944213399e-09, 4.6304609036e-09]
