
metadata:
    version:
        essentia: "2.1-beta3"

Flux:
    dmean: 4.91174023409e-06
    dmean2: 7.04903504811e-06
    dvar: 3.08665593085e-10
    dvar2: 6.70846822537e-10
    kurt: 14.0445384979
    max: 9.48888846324e-05
    mean: 7.3076780609e-06
    median: 3.01666932501e-06
    min: 6.84681936036e-07
    skew: 3.85898804665
    var: 3.14063469675e-10

Rms:
    dmean: 1.47792889038e-06
    dmean2: 1.27990870169e-06
    dvar: 2.50502431298e-11
    dvar2: 1.90753784296e-11
    kurt: 18.6902503967
    max: 7.78004759923e-05
    mean: 7.58941168897e-05
    median: 7.7265278378e-05
    min: 4.50163061032e-05
    skew: -4.41226673126
    var: 3.37199400346e-11

RollOff:
    dmean: 1.00154435635
    dmean2: 1.025390625
    dvar: 20.5633563995
    dvar2: 21.0285148621
    kurt: 17.0476436615
    max: 193.798828125
    mean: 173.244400024
    median: 172.265625
    min: 172.265625
    skew: 4.36436223984
    var: 20.118303299

SpecCent:
    dmean: 3.1622569561
    dmean2: 2.46835756302
    dvar: 17.8355617523
    dvar2: 14.144785881
    kurt: 7.65082168579
    max: 499.888092041
    mean: 472.106170654
    median: 471.236877441
    min: 465.346221924
    skew: 2.30878305435
    var: 37.8429222107

Zcr:
    dmean: 0.000283884437522
    dmean2: 0.000395275303163
    dvar: 5.34862181212e-07
    dvar2: 4.45480822009e-07
    kurt: 17.1631164551
    max: 0.0078125
    mean: 0.00751287303865
    median: 0.0078125
    min: 0.00341796875
    skew: -4.11661100388
    var: 6.09223434367e-07

HarmonicAmpFreq:
    dmean: [0.0983993187547]
    dmean2: [0.134980708361]
    dvar: [0.0718856304884]
    dvar2: [0.065217487514]
    kurt: [19.3106613159]
    max: [170.31892395]
    mean: [170.228759766]
    median: [170.290039062]
    min: [168.740310669]
    skew: [-4.52868413925]
    var: [0.0783188417554]

HarmonicAmpMag:
    dmean: [2.97181441056e-06]
    dmean2: [3.01425279758e-06]
    dvar: [1.82026851925e-10]
    dvar2: [1.78467782219e-10]
    kurt: [22.0732975006]
    max: [0.000108085514512]
    mean: [0.0001051047293]
    median: [0.00010802946781]
    min: [2.86778340524e-05]
    skew: [-4.7904086113]
    var: [1.85644222217e-10]

MfccCoeff:
    dmean: [0.101988323033, 0.14088049531, 0.130946666002, 0.114962555468, 0.0937514230609, 0.0684079900384, 0.0414890013635, 0.0149440318346, 0.0191547479481, 0.0473757013679, 0.0728383585811, 0.0943969041109, 0.111142888665]
    dmean2: [0.10801769793, 0.149129226804, 0.138346359134, 0.121018908918, 0.0980595201254, 0.0706794410944, 0.0428971797228, 0.0173397976905, 0.023204986006, 0.0531062185764, 0.079831622541, 0.102149054408, 0.119106657803]
    dvar: [0.211846455932, 0.40493068099, 0.352056026459, 0.274607270956, 0.186463579535, 0.103176794946, 0.0389867536724, 0.00457958644256, 0.0047964155674, 0.037865858525, 0.0965169221163, 0.169113561511, 0.242063507438]
    dvar2: [0.213359951973, 0.407835245132, 0.354653716087, 0.276736617088, 0.188024312258, 0.104158878326, 0.0393482930958, 0.00457101408392, 0.00474327942356, 0.0378856882453, 0.096839055419, 0.169928818941, 0.243490085006]
    kurt: [23.7783184052, 23.8132343292, 23.940076828, 24.1803512573, 24.5988807678, 25.373708725, 27.1713886261, 35.0666313171, 17.0126495361, 20.0433502197, 21.499753952, 22.3478240967, 22.9959545135]
    max: [-1135.68249512, 3.786693573, 3.53601074219, 3.13179397583, 2.59269714355, 1.9446182251, 1.21873855591, 0.449333190918, -4.57763671875e-05, -2.28881835938e-05, -2.67028808594e-05, -3.0517578125e-05, -3.81469726562e-05]
    mean: [-1135.78308105, 3.64754796028, 3.4066619873, 3.01816916466, 2.49998402596, 1.8769146204, 1.17773962021, 0.434891104698, -0.317789584398, -1.04659700394, -1.71964609623, -2.30829691887, -2.78857493401]
    median: [-1135.6887207, 3.77830123901, 3.52854919434, 3.12581253052, 2.58875274658, 1.94293212891, 1.21762466431, 0.447151184082, -0.332462310791, -1.08708190918, -1.78392791748, -2.39308547974, -2.8897895813]
    min: [-1138.42004395, 1.14440917969e-05, -6.103515625e-05, 8.01086425781e-05, -6.103515625e-05, 2.28881835938e-05, -2.67028808594e-05, -5.34057617188e-05, -0.336448669434, -1.09313201904, -1.79134750366, -2.40133666992, -2.89822387695]
    skew: [-4.94092845917, -4.94367408752, -4.95480489731, -4.97592020035, -5.01280164719, -5.08138799667, -5.24219226837, -5.98615169525, 4.35802698135, 4.61701393127, 4.7422914505, 4.81575393677, 4.87217140198]
    var: [0.210046768188, 0.401488184929, 0.349025160074, 0.272191733122, 0.184767529368, 0.102185748518, 0.0386737622321, 0.00462639238685, 0.00481190206483, 0.0376822538674, 0.0958923026919, 0.167882204056, 0.240164279938]

SpecContrastCoeff:
    dmean: [0.02613456361, 0.0288928616792, 0.0263783484697, 0.017990142107, 0.016138035804, 0.0104176690802]
    dmean2: [0.0336801931262, 0.0537181459367, 0.0491492114961, 0.0244432911277, 0.0261213667691, 0.016418972984]
    dvar: [0.00344042270444, 0.000316774006933, 0.000289967108984, 0.000569061900023, 0.000279389409116, 0.000178742746357]
    dvar2: [0.0035666259937, 0.0010294696549, 0.000615285011008, 0.000604446919169, 0.000478757719975, 0.000184274060302]
    kurt: [13.4774990082, 0.356433391571, 3.66552066803, 10.5145702362, 8.32067871094, 12.0667724609]
    max: [-0.493671894073, -0.82975590229, -0.818326175213, -0.78634172678, -0.809907972813, -0.818097412586]
    mean: [-0.536737978458, -0.87522315979, -0.869978845119, -0.815453886986, -0.849413156509, -0.848798334599]
    median: [-0.520661115646, -0.874244451523, -0.872322976589, -0.806980609894, -0.846167802811, -0.847821950912]
    min: [-0.871669530869, -0.936788618565, -0.958525359631, -0.94454407692, -0.935849845409, -0.930161952972]
    skew: [-3.78439831734, -0.490651845932, -1.03365314007, -3.2446706295, -2.50829577446, -3.08245444298]
    var: [0.00497961044312, 0.00053029373521, 0.0005542015424, 0.000939088873565, 0.000471003440907, 0.000288724986603]

SpecPeakAmp:
    dmean: [2.23025324431e-07, 2.79763771687e-05, 2.5155253752e-05, 5.29002619487e-08, 1.36331948397e-07]
    dmean2: [2.47489197136e-07, 5.43115565961e-05, 5.14593812113e-05, 6.49345253123e-08, 2.4264448939e-07]
    dvar: [9.13179904957e-13, 2.10916906163e-09, 2.07670858288e-09, 3.17724125275e-14, 3.22061509948e-14]
    dvar2: [9.52958415304e-13, 5.93115956349e-09, 5.67524072181e-09, 3.40608177242e-14, 7.97627683845e-14]
    kurt: [30.3188858032, 0.661643981934, 1.47455787659, 32.2498931885, 2.86286401749]
    max: [1.44162768265e-05, 0.000108070657006, 0.000108085514512, 1.23283336961e-06, 7.66658843077e-07]
    mean: [8.46755938255e-06, 8.79228682606e-05, 1.73120151885e-05, 1.01062298086e-07, 1.50554612333e-07]
    median: [8.38605410536e-06, 0.000108022519271, 7.51891349182e-08, 6.42339870183e-08, 7.87783704936e-08]
    min: [6.16240640738e-06, 3.74427173711e-08, 4.43427410346e-08, 3.60268117561e-08, 2.83834538095e-08]
    skew: [4.9858212471, -1.59974479675, 1.86392998695, 5.6659078598, 2.03862500191]
    var: [9.34583682145e-13, 1.64473767938e-09, 1.55786006317e-09, 3.2571967584e-14, 3.35602280287e-14]
