
metadata:
    version:
        essentia: "2.1-beta3"

Flux:
    dmean: 0.0355726592243
    dmean2: 0.0472563654184
    dvar: 0.0135953314602
    dvar2: 0.0261595826596
    kurt: 9.38659858704
    max: 0.692937493324
    mean: 0.0466057397425
    median: 0.000746444799006
    min: 0.000177753856406
    skew: 3.26584815979
    var: 0.0229737590998

Rms:
    dmean: 0.014549526386
    dmean2: 0.0110757583752
    dvar: 0.00256798882037
    dvar2: 0.00115399167407
    kurt: 20.9820232391
    max: 0.500481188297
    mean: 0.482257008553
    median: 0.49969959259
    min: 0.0918274670839
    skew: -4.54627656937
    var: 0.00478698359802

RollOff:
    dmean: 8.31964683533
    dmean2: 8.01235485077
    dvar: 2639.08959961
    dvar2: 2372.81176758
    kurt: 39.7260856628
    max: 1701.12304688
    mean: 1343.671875
    median: 1335.05859375
    min: 1335.05859375
    skew: 6.44867610931
    var: 2913.96386719

SpecCent:
    dmean: 13.6505622864
    dmean2: 14.7209615707
    dvar: 4159.72070312
    dvar2: 3674.37963867
    kurt: 39.5516052246
    max: 1783.78076172
    mean: 1328.50732422
    median: 1317.7578125
    min: 1313.93786621
    skew: 6.4284362793
    var: 4736.80322266

Zcr:
    dmean: 0.00223055761307
    dmean2: 0.00187363731675
    dvar: 5.30415927642e-05
    dvar2: 3.60946978617e-05
    kurt: 18.0346870422
    max: 0.06005859375
    mean: 0.0572482645512
    median: 0.0595703125
    min: 0.001953125
    skew: -4.25571680069
    var: 0.00010414289136

HarmonicAmpFreq:
    dmean: [0.981237232685]
    dmean2: [1.00405669212]
    dvar: [41.4015426636]
    dvar2: [42.3414573669]
    kurt: [40.0215644836]
    max: [1362.70532227]
    mean: [1320.49060059]
    median: [1319.53088379]
    min: [1319.53088379]
    skew: [6.48235988617]
    var: [40.5024261475]

HarmonicAmpMag:
    dmean: [1.77696565515e-05]
    dmean2: [1.81829036592e-05]
    dvar: [1.35777096233e-08]
    dvar2: [1.38859546084e-08]
    kurt: [40.0227355957]
    max: [0.000781864859164]
    mean: [1.73747739609e-05]
    median: [0]
    min: [0]
    skew: [6.48249435425]
    var: [1.32828432697e-08]

MfccCoeff:
    dmean: [29.5310897827, 28.4109516144, 25.3427753448, 6.8615603447, 4.89512443542, 4.5368771553, 2.91000294685, 1.70672619343, 3.01857280731, 1.1707406044, 1.77020347118, 1.90195202827, 0.586289048195]
    dmean2: [45.8830680847, 45.665435791, 38.8736152649, 11.2329559326, 9.52481842041, 7.30732250214, 4.8205280304, 2.73876285553, 4.77666091919, 1.54944455624, 2.38441038132, 3.12665295601, 0.808155119419]
    dvar: [7328.24511719, 321.41116333, 150.015655518, 54.4962272644, 13.1373748779, 32.6573448181, 29.4239311218, 2.24686098099, 24.3179321289, 3.02085590363, 18.0478076935, 26.4127998352, 2.76712656021]
    dvar2: [17653.4511719, 650.26171875, 402.122131348, 88.4947052002, 39.8875846863, 51.6582641602, 54.31823349, 2.08528518677, 34.2783317566, 4.756772995, 27.0563964844, 40.2074241638, 3.97858524323]
    kurt: [28.8583488464, -0.317884683609, -1.28731751442, 8.62043476105, 8.94646263123, 11.7194280624, 12.1880655289, 8.70990657806, 13.5905647278, 7.502368927, 13.5103263855, 13.1386604309, 24.7017021179]
    max: [-604.704833984, 148.420349121, -53.2509269714, -47.3682632446, 3.7035369873, 67.7651748657, 51.3547592163, -10.6067581177, -18.6715278625, -10.7080230713, 36.4073753357, 45.3573989868, 8.79961013794]
    mean: [-983.492980957, 85.5422668457, -78.3989181519, -84.3545074463, -0.252405852079, 58.4132957458, 40.969203949, -21.0338420868, -51.3832015991, -19.2119674683, 33.0047264099, 42.286315918, 0.264965683222]
    median: [-992.053771973, 92.6340103149, -77.5518951416, -85.6579666138, 0.198348999023, 58.7678985596, 42.4953842163, -21.4376220703, -52.8525924683, -19.5262756348, 34.430141449, 44.0462875366, 0.0333709716797]
    min: [-1024.85510254, 32.0513305664, -108.89805603, -107.993476868, -18.8695659637, 20.944442749, 11.8014564514, -23.1184997559, -60.3681716919, -23.6255874634, 3.75845718384, 9.82148742676, -2.18532371521]
    skew: [5.34605932236, -0.24070045352, -0.226879566908, 1.94460952282, -2.35787987709, -3.3500392437, -3.45604419708, 2.86091041565, 3.64398002625, 2.43141293526, -3.81731510162, -3.80104160309, 4.59142923355]
    var: [3825.94335938, 595.355529785, 345.781585693, 69.1011276245, 15.2031164169, 72.8677215576, 44.9273338318, 5.6396021843, 43.348110199, 4.14532613754, 38.8950500488, 50.5030326843, 2.07874512672]

SpecContrastCoeff:
    dmean: [0.0298552569002, 0.0247823819518, 0.0229608882219, 0.0279342476279, 0.0158805474639, 0.0108066052198]
    dmean2: [0.0545088350773, 0.0429937839508, 0.0379944443703, 0.0258772727102, 0.026595570147, 0.0196511652321]
    dvar: [0.00129718089011, 0.000564368849155, 0.000952792412136, 0.0054045887664, 0.000144335994264, 0.000162256168551]
    dvar2: [0.0032352313865, 0.00138845120091, 0.00240722950548, 0.00280454196036, 0.000296663696645, 0.000395623326767]
    kurt: [10.5330877304, 4.71166133881, 7.21229839325, 23.509344101, 0.529695272446, 2.22421312332]
    max: [-0.792121231556, -0.877942502499, -0.761249661446, -0.134308829904, -0.878350675106, -0.90616029501]
    mean: [-0.968035578728, -0.96578836441, -0.910207271576, -0.174546077847, -0.923948943615, -0.947020113468]
    median: [-0.983531832695, -0.974829912186, -0.921588480473, -0.150138244033, -0.930964291096, -0.953676044941]
    min: [-0.989942789078, -0.983225405216, -0.934652805328, -0.809296369553, -0.936546683311, -0.954971849918]
    skew: [2.98275446892, 2.1046192646, 2.80209040642, -4.78998756409, 1.22075140476, 1.83362102509]
    var: [0.00129537121393, 0.000528380216565, 0.00141593883745, 0.0118725653738, 0.00022032725974, 0.000150985564687]

SpecPeakAmp:
    dmean: [0.000106209452497, 0.000115847054985, 0.000109595333925, 0.000194926993572, 0.000212707745959]
    dmean2: [0.000154627661686, 0.000169629551237, 0.000168262573425, 0.00029498434742, 0.00032410240965]
    dvar: [2.65920920839e-08, 4.18468992791e-08, 4.08514928552e-08, 3.25200772977e-07, 4.23137834105e-07]
    dvar2: [4.87431854879e-08, 8.48024086508e-08, 8.27311765761e-08, 8.19792546736e-07, 1.0700510984e-06]
    kurt: [16.9962520599, 15.371629715, 11.2040328979, 31.8055496216, 34.2088279724]
    max: [0.000928168941755, 0.000989643391222, 0.00118115381338, 0.00288505107164, 0.00326651521027]
    mean: [0.000135035021231, 0.000137805749546, 0.00016184047854, 0.000197508925339, 0.000219204128371]
    median: [0.000119161275506, 0.000110105414933, 0.000116666924441, 0.000118875461339, 0.000144644771353]
    min: [1.34430974867e-05, 1.86885263247e-05, 2.76023256447e-05, 3.55080373993e-05, 5.83452638239e-05]
    skew: [3.98282909393, 4.00228643417, 3.46847581863, 5.63556241989, 5.87207365036]
    var: [2.24658478487e-08, 3.25717088856e-08, 4.9820496173e-08, 1.83262272913e-07, 2.27320882118e-07]
