
metadata:
    version:
        essentia: "2.1-beta3"

Flux:
    dmean: 0.0187256634235
    dmean2: 0
    dvar: 0
    dvar2: 0
    kurt: -1.99999988079
    max: 0.422455310822
    mean: 0.413092494011
    median: 0.413092494011
    min: 0.403729647398
    skew: -4.81330471302e-06
    var: 8.76626145327e-05

Rms:
    dmean: 0
    dmean2: 0
    dvar: 0
    dvar2: 0
    kurt: 0
    max: 0.144940152764
    mean: 0.144940152764
    median: 0.144940152764
    min: 0.144940152764
    skew: 0
    var: 0

RollOff:
    dmean: 495.263671875
    dmean2: 0
    dvar: 0
    dvar2: 0
    kurt: -2
    max: 2347.11914062
    mean: 2099.48730469
    median: 2099.48730469
    min: 1851.85546875
    skew: 0
    var: 61321.5273438

SpecCent:
    dmean: 14.1981201172
    dmean2: 0
    dvar: 0
    dvar2: 0
    kurt: -1.99999988079
    max: 1666.24267578
    mean: 1659.14355469
    median: 1659.14355469
    min: 1652.04455566
    skew: 2.58031614067e-05
    var: 50.3966522217

Zcr:
    dmean: 0.00048828125
    dmean2: 0
    dvar: 0
    dvar2: 0
    kurt: -2
    max: 0.0224609375
    mean: 0.022216796875
    median: 0.022216796875
    min: 0.02197265625
    skew: 0
    var: 5.96046447754e-08

HarmonicAmpFreq:
    dmean: [109.328613281]
    dmean2: [0]
    dvar: [0]
    dvar2: [0]
    kurt: [-2]
    max: [1681.09985352]
    mean: [1626.43554688]
    median: [1626.43554688]
    min: [1571.77124023]
    skew: [0]
    var: [2988.18652344]

HarmonicAmpMag:
    dmean: [0.0929797142744]
    dmean2: [0]
    dvar: [0]
    dvar2: [0]
    kurt: [-2]
    max: [0.0929797142744]
    mean: [0.0464898571372]
    median: [0.0464898571372]
    min: [0]
    skew: [0]
    var: [0.00216130679473]

MfccCoeff:
    dmean: [362.885559082, 79.2333145142, 33.0765838623, 5.27147674561, 57.4270172119, 19.672958374, 37.0755844116, 17.6284427643, 20.8086013794, 15.8195056915, 5.11617469788, 9.38996887207, 1.87503623962]
    dmean2: [0, 0, 0, 0, 0, 0, 0, 0, 0, 0, 0, 0, 0]
    dvar: [0, 0, 0, 0, 0, 0, 0, 0, 0, 0, 0, 0, 0]
    dvar2: [0, 0, 0, 0, 0, 0, 0, 0, 0, 0, 0, 0, 0]
    kurt: [-2, -2, -2, -1.99999988079, -1.99999988079, -2, -2, -2, -1.99999988079, -2, -2, -2, -2]
    max: [-601.97064209, 150.506576538, -96.3358154297, -39.7077407837, 83.6773071289, 37.5878448486, -10.0798797607, -1.71366882324, 21.2772636414, 9.5034122467, -0.509521484375, 7.92265319824, 0.664304733276]
    mean: [-783.413452148, 110.889923096, -112.874107361, -42.3434791565, 54.9637985229, 27.7513656616, -28.6176719666, -10.5278902054, 10.8729629517, 1.59365940094, -3.06760883331, 3.22766876221, -0.273213386536]
    median: [-783.413452148, 110.889923096, -112.874107361, -42.3434791565, 54.9637985229, 27.7513656616, -28.6176719666, -10.5278902054, 10.8729629517, 1.59365940094, -3.06760883331, 3.22766876221, -0.273213386536]
    min: [-964.856201172, 71.2732620239, -129.412399292, -44.9792175293, 26.2502880096, 17.9148864746, -47.1554641724, -19.3421115875, 0.468662261963, -6.31609344482, -5.62569618225, -1.46731567383, -1.21073150635]
    skew: [4.6037695256e-07, -2.82708640498e-07, 0, 0, -1.23754915649e-07, 0, 0, 0, 0, 0, 0, 0, 0]
    var: [32921.484375, 1569.47949219, 273.515106201, 6.94711685181, 824.465637207, 96.7563247681, 343.649749756, 77.6904983521, 108.249473572, 62.5641899109, 6.54381084442, 22.0428791046, 0.878940224648]

SpecContrastCoeff:
    dmean: [0.00255912542343, 0.0152398347855, 0.0781757831573, 0.0126078128815, 0.239222228527, 0.0258890390396]
    dmean2: [0, 0, 0, 0, 0, 0]
    dvar: [0, 0, 0, 0, 0, 0]
    dvar2: [0, 0, 0, 0, 0, 0]
    kurt: [-2, -2, -2, -2, -2, -2]
    max: [-0.993123412132, -0.96783131361, -0.851550042629, -0.752050161362, -0.508881866932, -0.91036516428]
    mean: [-0.994403004646, -0.975451231003, -0.890637934208, -0.758354067802, -0.628492951393, -0.9233096838]
    median: [-0.994403004646, -0.975451231003, -0.890637934208, -0.758354067802, -0.628492951393, -0.9233096838]
    min: [-0.995682537556, -0.983071148396, -0.929725825787, -0.764657974243, -0.748104095459, -0.93625420332]
    skew: [6.98458970874e-05, 0, 0, 0, -7.14306850114e-07, 0]
    var: [1.63728077496e-06, 5.80631422054e-05, 0.00152786332183, 3.97392359446e-05, 0.0143068190664, 0.000167560589034]

SpecPeakAmp:
    dmean: [0.0928758308291, 0.0584064163268, 0.0403102636337, 0.0277967061847, 0.0189867466688]
    dmean2: [0, 0, 0, 0, 0]
    dvar: [0, 0, 0, 0, 0]
    dvar2: [0, 0, 0, 0, 0]
    kurt: [-2, -2, -2, -2, -2]
    max: [0.0929797142744, 0.0585103519261, 0.0404156260192, 0.0279053989798, 0.0190999023616]
    mean: [0.0465417988598, 0.0293071437627, 0.0202604942024, 0.0140070458874, 0.00960652902722]
    median: [0.0465417988598, 0.0293071437627, 0.0202604942024, 0.0140070458874, 0.00960652902722]
    min: [0.000103887090518, 0.000103933853097, 0.000105363076727, 0.000108691943751, 0.000113154950668]
    skew: [7.26560998032e-08, -7.30362401669e-08, 0, -1.27040252096e-07, -1.66095730947e-07]
    var: [0.00215647974983, 0.000852827448398, 0.000406229344662, 0.000193164232769, 9.01241437532e-05]
