
metadata:
    version:
        essentia: "2.1-beta3"

Flux:
    dmean: 8.06643856777e-06
    dmean2: 1.26076583911e-05
    dvar: 5.8059607122e-10
    dvar2: 1.24826471382e-09
    kurt: 13.8347797394
    max: 0.000133024004754
    mean: 1.01097175502e-05
    median: 3.97647590944e-06
    min: 1.3258134004e-06
    skew: 3.84125900269
    var: 6.24181206721e-10

Rms:
    dmean: 1.7881822032e-06
    dmean2: 1.64655625667e-06
    dvar: 4.8794322749e-11
    dvar2: 3.70208412537e-11
    kurt: 19.531003952
    max: 0.000108240987174
    mean: 0.000106244144263
    median: 0.000108140106022
    min: 6.30111026112e-05
    skew: -4.5007352829
    var: 6.39236094613e-11

RollOff:
    dmean: 1.00154435635
    dmean2: 1.025390625
    dvar: 20.5633563995
    dvar2: 21.0285148621
    kurt: 17.0419883728
    max: 2670.1171875
    mean: 2649.56420898
    median: 2648.58398438
    min: 2648.58398438
    skew: 4.36339569092
    var: 20.118303299

SpecCent:
    dmean: 2.34630489349
    dmean2: 3.1296620369
    dvar: 10.7792482376
    dvar2: 7.5358133316
    kurt: 24.2217903137
    max: 2774.17529297
    mean: 2743.91723633
    median: 2743.15527344
    min: 2739.6730957
    skew: 4.75706529617
    var: 26.7778701782

Zcr:
    dmean: 0.0029296875
    dmean2: 0.00288318446837
    dvar: 0.000144492747495
    dvar2: 0.000130174375954
    kurt: 17.5118141174
    max: 0.1201171875
    mean: 0.116710312665
    median: 0.11962890625
    min: 0.0537109375
    skew: -4.38414382935
    var: 0.000160374431289

HarmonicAmpFreq:
    dmean: [0]
    dmean2: [0]
    dvar: [0]
    dvar2: [0]
    kurt: [-2]
    max: [2642.46508789]
    mean: [2642.46655273]
    median: [2642.46508789]
    min: [2642.46508789]
    skew: [-1]
    var: [2.14576721191e-06]

HarmonicAmpMag:
    dmean: [0]
    dmean2: [0]
    dvar: [0]
    dvar2: [0]
    kurt: [nan]
    max: [0]
    mean: [0]
    median: [0]
    min: [0]
    skew: [nan]
    var: [0]

MfccCoeff:
    dmean: [0.0482120960951, 0.0133014060557, 0.0629982203245, 0.0378843806684, 0.0482184849679, 0.056696690619, 0.0260939486325, 0.0668805167079, 0, 0.0668785646558, 0.0260957237333, 0.0566975809634, 0.0482175946236]
    dmean2: [0.0497174933553, 0.0137140182778, 0.0649606585503, 0.0390617735684, 0.0497185848653, 0.0584607794881, 0.0269045140594, 0.0689637288451, 0, 0.0689604654908, 0.0269079655409, 0.0584631413221, 0.0497196726501]
    dvar: [0.0479836501181, 0.00365275121294, 0.0819189324975, 0.0296237077564, 0.0479882471263, 0.0663521438837, 0.0140555528924, 0.092322088778, 0, 0.0923223420978, 0.0140551300719, 0.0663515031338, 0.0479876063764]
    dvar2: [0.0484352447093, 0.00368687999435, 0.0826933979988, 0.0299037974328, 0.0484413765371, 0.066979765892, 0.0141884768382, 0.0931949466467, 0, 0.0931951329112, 0.0141878649592, 0.0669786557555, 0.0484414324164]
    kurt: [21.8496761322, 21.8652038574, 21.8663234711, 21.8661193848, 21.8662834167, 21.8664608002, 21.8667831421, 21.8662395477, nan, 21.8663520813, 21.8662910461, 21.8663482666, 21.8662567139]
    max: [-1137.15307617, 1.14440917969e-05, -6.103515625e-05, 0.99556350708, 1.26693725586, 2.28881835938e-05, -2.67028808594e-05, 1.75730895996, -4.57763671875e-05, -2.28881835938e-05, 0.685665130615, 1.48979187012, -3.81469726562e-05]
    mean: [-1137.20153809, -0.336230546236, -1.59238708019, 0.957623898983, 1.21867191792, -1.43304586411, -0.659601390362, 1.69035720825, -4.57763671875e-05, -1.69043648243, 0.659539461136, 1.43303382397, -1.21875619888]
    median: [-1137.15515137, -0.348957061768, -1.65267181396, 0.993885040283, 1.26480865479, -1.4873046875, -0.684566497803, 1.75435638428, -4.57763671875e-05, -1.75443267822, 0.684509277344, 1.48728942871, -1.26489639282]
    min: [-1138.42004395, -0.349536895752, -1.65545654297, 8.01086425781e-05, -6.103515625e-05, -1.48979949951, -0.685726165771, -5.34057617188e-05, -4.57763671875e-05, -1.75738525391, -2.67028808594e-05, -3.0517578125e-05, -1.26702880859]
    skew: [-4.77152347565, 4.77410650253, 4.77420043945, -4.77418375015, -4.77419614792, 4.77421331406, 4.77424097061, -4.77419376373, nan, 4.77420425415, -4.77419757843, -4.77420377731, 4.77419519424]
    var: [0.047549713403, 0.0036197907757, 0.081175878644, 0.0293550789356, 0.0475532859564, 0.0657498911023, 0.0139278527349, 0.0914847329259, 0, 0.0914847180247, 0.0139277214184, 0.0657497346401, 0.0475521720946]

SpecContrastCoeff:
    dmean: [0.0186136942357, 0.0143303154036, 0.0166699048132, 0.013554749079, 0.00830875337124, 0.00699686305597]
    dmean2: [0.0247881803662, 0.0210104491562, 0.0261838585138, 0.0215334799141, 0.0104074291885, 0.010699512437]
    dvar: [0.00136315019336, 0.000363807397662, 0.000487071840325, 0.00021680915961, 0.00044370276737, 8.73294775374e-05]
    dvar2: [0.00123468833044, 0.000515956140589, 0.000662113248836, 0.00041464282549, 0.000439649360487, 0.000110143562779]
    kurt: [14.4398193359, 12.5561208725, 12.5204172134, 9.16154098511, 16.1823120117, 11.126865387]
    max: [-0.621527910233, -0.833405435085, -0.801334679127, -0.87231695652, -0.669622182846, -0.850116610527]
    mean: [-0.660047411919, -0.858893752098, -0.842807531357, -0.889863908291, -0.684021413326, -0.864377915859]
    median: [-0.650937318802, -0.855216622353, -0.841098845005, -0.885827600956, -0.679474174976, -0.861306011677]
    min: [-0.848730027676, -0.966287016869, -0.959973096848, -0.967052578926, -0.786610245705, -0.916490912437]
    skew: [-3.87890100479, -3.29312062263, -3.29051089287, -2.72239661217, -4.20410203934, -3.20170640945]
    var: [0.00171800632961, 0.000479947339045, 0.000614776974544, 0.00027243263321, 0.000498481851537, 0.000135318739922]

SpecPeakAmp:
    dmean: [6.06385924584e-07, 1.01906081795e-07, 6.06621028965e-08, 2.06276112635e-07, 6.67077415528e-07]
    dmean2: [9.58350142355e-07, 1.32791925012e-07, 7.35467935442e-08, 3.79681125651e-07, 1.26627696773e-06]
    dvar: [3.0105098644e-13, 6.13497154554e-14, 2.85632350834e-14, 7.85429731778e-14, 2.49746512533e-13]
    dvar2: [3.30946262148e-13, 6.28562618079e-14, 2.90758086011e-14, 2.25026011822e-13, 5.50662976589e-13]
    kurt: [15.3115024567, 23.7363796234, 16.3202362061, 8.48467254639, -1.70645642281]
    max: [1.72271975316e-05, 1.71328326815e-06, 9.23280936149e-07, 1.38722930387e-06, 1.5013695247e-06]
    mean: [1.66243335116e-05, 1.89090670233e-07, 1.25785575733e-07, 2.31556228414e-07, 7.160590485e-07]
    median: [1.67049620359e-05, 1.27111803749e-07, 8.51731414286e-08, 1.08710700886e-07, 3.94378332658e-07]
    min: [1.28930114442e-05, 3.5667063969e-08, 5.88238364685e-08, 4.93128773371e-08, 6.74506992482e-08]
    skew: [-3.57224202156, 4.85891723633, 4.23592710495, 2.66330051422, 0.322105586529]
    var: [5.07607573596e-13, 6.95681441057e-14, 3.06768601136e-14, 6.36977517715e-14, 2.91441160484e-13]
