
metadata:
    version:
        essentia: "2.1-beta3"

Flux:
    dmean: 0.000176421614015
    dmean2: 0.000233922342886
    dvar: 3.34616260034e-07
    dvar2: 6.60792693452e-07
    kurt: 9.58759784698
    max: 0.00335968774743
    mean: 0.000232130958466
    median: 1.03707552626e-05
    min: 8.14120630821e-06
    skew: 3.29544401169
    var: 5.40840858321e-07

Rms:
    dmean: 6.84788028593e-05
    dmean2: 5.04166710016e-05
    dvar: 6.07468422231e-08
    dvar2: 2.72700635406e-08
    kurt: 20.8133831024
    max: 0.00242414022796
    mean: 0.00233800220303
    median: 0.00242367316969
    min: 0.000444552919362
    skew: -4.52925634384
    var: 1.13102913701e-07

RollOff:
    dmean: 7.83025550842
    dmean2: 7.51158237457
    dvar: 2025.24182129
    dvar2: 1787.50793457
    kurt: 39.2810211182
    max: 2971.58203125
    mean: 2656.72021484
    median: 2648.58398438
    min: 2648.58398438
    skew: 6.39808225632
    var: 2272.82763672

SpecCent:
    dmean: 6.38635826111
    dmean2: 6.71887493134
    dvar: 1149.00964355
    dvar2: 985.673217773
    kurt: 39.4679031372
    max: 2869.93286133
    mean: 2629.05004883
    median: 2623.27416992
    min: 2617.66650391
    skew: 6.41949129105
    var: 1327.33630371

Zcr:
    dmean: 0.00400612549856
    dmean2: 0.00283884443343
    dvar: 0.000217108055949
    dvar2: 0.000147212398588
    kurt: 17.7921218872
    max: 0.11962890625
    mean: 0.114496529102
    median: 0.11962890625
    min: 0.00439453125
    skew: -4.23457813263
    var: 0.000416560971644

HarmonicAmpFreq:
    dmean: [0.380487620831]
    dmean2: [0.389336168766]
    dvar: [6.22514533997]
    dvar2: [6.36647224426]
    kurt: [40.0120620728]
    max: [2658.08374023]
    mean: [2641.71533203]
    median: [2641.34228516]
    min: [2641.34228516]
    skew: [6.48125982285]
    var: [6.08995485306]

HarmonicAmpMag:
    dmean: [8.52825650099e-08]
    dmean2: [8.7265881632e-08]
    dvar: [3.1274394424e-13]
    dvar2: [3.19844031902e-13]
    kurt: [40.0227241516]
    max: [3.75243280359e-06]
    mean: [8.33873983197e-08]
    median: [0]
    min: [0]
    skew: [6.4824924469]
    var: [3.05952149466e-13]

MfccCoeff:
    dmean: [0.851981401443, 0.213168755174, 1.1054251194, 0.587215781212, 0.837396621704, 0.823147833347, 0.479187786579, 0.882991969585, 0.213936984539, 0.784841895103, 0.142656326294, 0.689276456833, 0.290850907564]
    dmean2: [1.02821242809, 0.264539152384, 1.32249355316, 0.720758855343, 0.97154122591, 0.986221313477, 0.513834476471, 1.01357340813, 0.174083173275, 0.83716905117, 0.210408404469, 0.653249204159, 0.327923804522]
    dvar: [15.3131904602, 0.933463454247, 26.0436515808, 7.1646528244, 15.5377779007, 14.4757852554, 5.70869636536, 17.6326904297, 0.761367738247, 15.5824279785, 0.432931780815, 10.7339830399, 2.02020430565]
    dvar2: [24.2630615234, 1.59374952316, 40.2956886292, 11.8785896301, 22.0973529816, 22.4758014679, 6.56818389893, 24.3417110443, 0.421958833933, 17.6836566925, 1.04891943932, 8.99003314972, 2.6498298645]
    kurt: [26.0988483429, 23.1316642761, 26.9543380737, 24.41147995, 29.4278526306, 26.9921264648, 32.3408622742, 30.3343734741, 27.940700531, 32.7650718689, 34.8378257751, 32.3871765137, 32.3509254456]
    max: [-1113.3527832, 1.14440917969e-05, -6.103515625e-05, 17.0518379211, 25.4807624817, 2.28881835938e-05, -2.67028808594e-05, 27.2141513824, 7.05221939087, -2.28881835938e-05, 3.50464248657, 23.1238651276, -3.81469726562e-05]
    mean: [-1120.47570801, -4.05108833313, -23.9975967407, 11.6575870514, 20.0453681946, -17.8501319885, -14.0504150391, 21.9180641174, 6.80001211166, -23.4541416168, 0.781715810299, 22.399728775, -7.77066659927]
    median: [-1120.09179688, -4.12630081177, -24.5289115906, 11.8875923157, 20.5346069336, -18.241645813, -14.4510116577, 22.4650669098, 7.05198287964, -24.1229019165, 0.736583709717, 23.1232852936, -7.96789932251]
    min: [-1138.42004395, -6.12501907349, -32.7759056091, 8.01086425781e-05, -6.103515625e-05, -24.444694519, -15.472038269, -5.34057617188e-05, -4.57763671875e-05, -25.606300354, -2.67028808594e-05, -3.0517578125e-05, -9.27643203735]
    skew: [-4.54650497437, 3.76035046577, 4.73571300507, -4.11642694473, -5.22298192978, 4.72606420517, 5.698595047, -5.36455392838, -5.22912693024, 5.74196052551, 5.72067546844, -5.70052814484, 5.62515258789]
    var: [9.04122829437, 0.496400207281, 15.8838300705, 3.97050452232, 10.5870161057, 8.78372764587, 4.97001457214, 12.4679918289, 1.24719810486, 13.7600030899, 0.180290773511, 12.6175928116, 1.51840376854]

SpecContrastCoeff:
    dmean: [0.0297951642424, 0.0180383790284, 0.0155523950234, 0.0141828237101, 0.0211786627769, 0.00660562934354]
    dmean2: [0.0517245009542, 0.0300564207137, 0.0263770762831, 0.0279075037688, 0.031526658684, 0.0120452223346]
    dvar: [0.000939041899983, 0.000232153746765, 0.000118629381177, 6.0751572164e-05, 0.00128565554041, 5.64062829653e-05]
    dvar2: [0.00154886639211, 0.000617985380813, 0.000364146748325, 0.000197732544621, 0.00122565252241, 0.000131308697746]
    kurt: [11.7216463089, 1.56465816498, -0.359636306763, -0.644387483597, 17.6071624756, 5.10840988159]
    max: [-0.70868986845, -0.880094707012, -0.908456742764, -0.90877276659, -0.518019199371, -0.905464053154]
    mean: [-0.760603845119, -0.92935359478, -0.930793702602, -0.930230855942, -0.557893037796, -0.917634129524]
    median: [-0.753774702549, -0.931068897247, -0.930100679398, -0.929334402084, -0.547482132912, -0.917527198792]
    min: [-0.978076577187, -0.981667041779, -0.964433372021, -0.9535202384, -0.861257612705, -0.947522461414]
    skew: [-3.17510080338, 0.232692420483, -0.290475904942, 0.0889315530658, -4.21919059753, -1.74157273769]
    var: [0.00199846690521, 0.000341971579473, 0.000156001449795, 9.32298426051e-05, 0.00328076677397, 5.60152766411e-05]

SpecPeakAmp:
    dmean: [1.05895219349e-06, 4.0687146452e-07, 3.59566911357e-07, 4.17074232928e-07, 3.88105121374e-07]
    dmean2: [1.39083192607e-06, 6.38919686935e-07, 6.03411649536e-07, 6.87067597482e-07, 6.7625057909e-07]
    dvar: [4.97500825258e-12, 2.42094809911e-13, 3.03467998343e-13, 2.26858896252e-13, 2.07377124912e-13]
    dvar2: [4.12865401589e-12, 6.21209735128e-13, 8.25721815142e-13, 5.86562103142e-13, 4.82035418525e-13]
    kurt: [32.1732711792, 8.31875514984, 18.9842510223, 13.6603279114, 11.9109830856]
    max: [1.78760492417e-05, 2.79439586848e-06, 3.0374249036e-06, 3.10914492729e-06, 3.87370801036e-06]
    mean: [1.6239573597e-05, 8.19783736006e-07, 7.37405798645e-07, 8.6557031409e-07, 9.36976732646e-07]
    median: [1.6720898202e-05, 7.24624499071e-07, 6.86722785304e-07, 7.77719719736e-07, 7.60291129609e-07]
    min: [7.5956457124e-08, 1.99381517518e-07, 2.53915658277e-07, 3.1029972547e-07, 2.02708235975e-07]
    skew: [-5.58851575851, 2.52573013306, 3.86623001099, 3.04440712929, 3.36551141739]
    var: [6.57416959413e-12, 1.82889971613e-13, 1.69838183231e-13, 1.86098410445e-13, 4.53694617682e-13]
