
metadata:
    version:
        essentia: "2.1-beta3"

Flux:
    dmean: 0.00394529243931
    dmean2: 0.00519425142556
    dvar: 0.000168175407453
    dvar2: 0.000331431074301
    kurt: 9.5962972641
    max: 0.0753297060728
    mean: 0.00507152639329
    median: 9.66974330368e-05
    min: 2.41688721871e-05
    skew: 3.29620456696
    var: 0.000272516248515

Rms:
    dmean: 0.00153526861686
    dmean2: 0.00113379396498
    dvar: 3.0611307011e-05
    dvar2: 1.38082514241e-05
    kurt: 20.8435001373
    max: 0.0542592480779
    mean: 0.0523324161768
    median: 0.0542497038841
    min: 0.00989578571171
    skew: -4.53302335739
    var: 5.67794995732e-05

RollOff:
    dmean: 6.85147380829
    dmean2: 6.51003837585
    dvar: 1491.62805176
    dvar2: 1283.95654297
    kurt: 39.0390968323
    max: 2928.515625
    mean: 2655.76293945
    median: 2648.58398438
    min: 2648.58398438
    skew: 6.37117147446
    var: 1710.4597168

SpecCent:
    dmean: 4.06716108322
    dmean2: 4.72496128082
    dvar: 449.664855957
    dvar2: 439.867004395
    kurt: 39.9187355042
    max: 2768.94262695
    mean: 2626.39941406
    median: 2623.11181641
    min: 2620.97460938
    skew: 6.47023820877
    var: 462.345489502

Zcr:
    dmean: 0.00403941748664
    dmean2: 0.00290697673336
    dvar: 0.000215436884901
    dvar2: 0.000146588135976
    kurt: 17.7957191467
    max: 0.11962890625
    mean: 0.114474825561
    median: 0.11962890625
    min: 0.00439453125
    skew: -4.23450279236
    var: 0.000416252936702

HarmonicAmpFreq:
    dmean: [0.0279651992023]
    dmean2: [0.028615552932]
    dvar: [0.0336282514036]
    dvar2: [0.0343916900456]
    kurt: [40.0574874878]
    max: [2641.34326172]
    mean: [2641.31616211]
    median: [2641.34326172]
    min: [2640.11279297]
    skew: [-6.48651456833]
    var: [0.0328980088234]

HarmonicAmpMag:
    dmean: [1.90111995835e-06]
    dmean2: [1.94533208742e-06]
    dvar: [1.55413043545e-10]
    dvar2: [1.58941304562e-10]
    kurt: [40.0227241516]
    max: [8.36492763483e-05]
    mean: [1.85887279258e-06]
    median: [0]
    min: [0]
    skew: [6.48249340057]
    var: [1.52037951673e-10]

MfccCoeff:
    dmean: [12.1800985336, 1.84318590164, 3.00503897667, 1.17962992191, 1.06346595287, 0.961109578609, 0.912113130093, 1.05753934383, 0.837530732155, 1.09141123295, 0.700029551983, 1.19019651413, 1.00044536591]
    dmean2: [18.2660331726, 2.89466118813, 4.07745552063, 1.55610048771, 1.08062779903, 0.932464659214, 1.03746426105, 0.90359300375, 1.41901135445, 1.11584103107, 1.3304527998, 1.39636445045, 1.59084367752]
    dvar: [3013.72241211, 63.8548927307, 170.36529541, 21.5998916626, 14.5345773697, 10.3426418304, 5.71460437775, 14.0694570541, 1.97975277901, 18.3573226929, 0.231826782227, 19.4200992584, 1.72641789913]
    dvar2: [7555.39697266, 168.567932129, 350.50213623, 38.5401229858, 6.79793596268, 4.25335121155, 2.19877719879, 6.727186203, 2.53156685829, 17.2449474335, 0.524279356003, 21.0660381317, 1.94019281864]
    kurt: [38.7908859253, 37.755153656, 18.6260032654, 22.2831459045, 33.6960029602, 30.547542572, 26.9852428436, 26.6149253845, 15.5029525757, 21.2967224121, 8.08589076996, 18.8119926453, 20.5759468079]
    max: [-852.919677734, 33.268913269, -9.9273223877, 34.6923408508, 45.0663490295, -7.33129119873, -5.13019943237, 47.1273269653, 14.5401878357, -8.30487823486, 4.41080856323, 45.4627304077, -2.95478820801]
    mean: [-1096.47949219, -7.27697610855, -49.5476722717, 23.7965545654, 40.3734474182, -35.7341995239, -28.1151065826, 43.5242156982, 13.5174245834, -46.1065101624, 1.37415838242, 43.6358909607, -14.8506374359]
    median: [-1101.5213623, -8.29231643677, -49.3474235535, 23.8465614319, 41.1941566467, -36.4437828064, -28.8858413696, 44.6304397583, 14.0842399597, -47.5866394043, 1.26974105835, 45.2593536377, -15.1626243591]
    min: [-1130.90222168, -10.1964607239, -89.0935211182, 4.97755813599, 7.95960998535, -41.0487327576, -29.2114944458, 8.46904182434, 1.99766540527, -49.1881408691, 0.73392868042, 7.02735900879, -18.1701087952]
    skew: [6.32392549515, 6.23485612869, -0.00357878883369, -3.16422963142, -5.79801797867, 5.44085788727, 5.21465969086, -5.174451828, -4.03498363495, 4.71099281311, 2.64979028702, -4.43559265137, 4.37675333023]
    var: [1368.20922852, 38.3955116272, 71.0542755127, 11.0933132172, 25.9049339294, 20.8615989685, 14.6536445618, 34.3438262939, 5.49299812317, 46.3488273621, 0.524047613144, 47.1253089905, 4.53875923157]

SpecContrastCoeff:
    dmean: [0.0605628155172, 0.0163019057363, 0.0140655497089, 0.0172526184469, 0.0292064491659, 0.0186700820923]
    dmean2: [0.122143834829, 0.0293049477041, 0.0260617453605, 0.0341442339122, 0.0416827462614, 0.0367950871587]
    dvar: [0.00234375195578, 0.000234712060774, 0.000106295869045, 9.79818942142e-05, 0.00195970595814, 0.000169544873643]
    dvar2: [0.00821426603943, 0.000622142862994, 0.000325329223415, 0.000355242722435, 0.00142972799949, 0.000647440960165]
    kurt: [1.46039104462, 6.73317909241, 2.63882255554, -1.05401694775, 19.4171028137, -0.142720222473]
    max: [-0.789100050926, -0.907976210117, -0.936976194382, -0.910769343376, -0.361501187086, -0.90375494957]
    mean: [-0.922437727451, -0.982221543789, -0.980450510979, -0.935755908489, -0.414036303759, -0.937561631203]
    median: [-0.942046582699, -0.989427089691, -0.985422372818, -0.939225494862, -0.400522947311, -0.944054543972]
    min: [-0.995632529259, -0.994714975357, -0.990853369236, -0.949825108051, -0.807571649551, -0.949485957623]
    skew: [1.40061962605, 2.42365646362, 1.70187473297, 0.51337569952, -4.35498094559, 1.09552109241]
    var: [0.00201591011137, 0.00027951534139, 0.000149869345478, 0.000149542698637, 0.00508653558791, 0.000183655574801]

SpecPeakAmp:
    dmean: [2.31537542277e-05, 2.17176220758e-05, 2.13756738958e-05, 1.99899004656e-05, 2.14637657336e-05]
    dmean2: [3.63682884199e-05, 3.60820413334e-05, 3.55816409865e-05, 3.42219791492e-05, 3.56786658813e-05]
    dvar: [4.93222707121e-09, 5.13908737787e-09, 5.01094676864e-09, 4.2142986878e-09, 5.15854781113e-09]
    dvar2: [1.24372778743e-08, 1.32812436604e-08, 1.30081190264e-08, 1.12219273873e-08, 1.33794850754e-08]
    kurt: [38.7328643799, 39.6088066101, 39.5420188904, 35.9609489441, 39.5774230957]
    max: [0.000359578203643, 0.000358264835086, 0.000357370561687, 0.000359035737347, 0.000362432765542]
    mean: [2.54593651334e-05, 1.55017896759e-05, 1.56466339831e-05, 1.71740703081e-05, 1.59067494678e-05]
    median: [1.70319799508e-05, 8.53601977724e-06, 8.56538281369e-06, 8.7234957391e-06, 8.41397832119e-06]
    min: [9.62775720836e-06, 7.32140051696e-07, 1.25972269416e-06, 1.496920504e-06, 1.72009515609e-06]
    skew: [6.32979393005, 6.43329048157, 6.42558240891, 6.05067396164, 6.42980575562]
    var: [2.57614130028e-09, 2.68311040053e-09, 2.66896016399e-09, 2.79319078977e-09, 2.74335443251e-09]
