
metadata:
    version:
        essentia: "2.1-beta3"

Flux:
    dmean: 0.0353055261075
    dmean2: 0.0466813892126
    dvar: 0.0136217176914
    dvar2: 0.0263176821172
    kurt: 9.37646961212
    max: 0.692291796207
    mean: 0.0466568991542
    median: 0.000793727347627
    min: 0.000189814440091
    skew: 3.26480650902
    var: 0.0229503549635

Rms:
    dmean: 0.0140975927934
    dmean2: 0.0104149403051
    dvar: 0.00259424583055
    dvar2: 0.00117201614194
    kurt: 21.0671100616
    max: 0.499910831451
    mean: 0.482226848602
    median: 0.499822944403
    min: 0.0903377830982
    skew: -4.55432319641
    var: 0.00481117516756

RollOff:
    dmean: 5.87269163132
    dmean2: 5.5084939003
    dvar: 1040.40332031
    dvar2: 864.664428711
    kurt: 38.6573524475
    max: 2885.44921875
    mean: 2654.8059082
    median: 2648.58398438
    min: 2648.58398438
    skew: 6.32909679413
    var: 1228.69165039

SpecCent:
    dmean: 0.929204761982
    dmean2: 1.48632240295
    dvar: 1.94570744038
    dvar2: 1.20147013664
    kurt: 33.0456581116
    max: 2635.06298828
    mean: 2623.40844727
    median: 2623.09082031
    min: 2622.35449219
    skew: 5.68277072906
    var: 3.3751437664

Zcr:
    dmean: 0.00400612549856
    dmean2: 0.00282748905011
    dvar: 0.000217010514461
    dvar2: 0.000147071652464
    kurt: 17.8788928986
    max: 0.11962890625
    mean: 0.114485673606
    median: 0.11962890625
    min: 0.00390625
    skew: -4.24265527725
    var: 0.000418860086938

HarmonicAmpFreq:
    dmean: [0.586947381496]
    dmean2: [0.600597321987]
    dvar: [14.8138093948]
    dvar2: [15.1501178741]
    kurt: [40.0272331238]
    max: [2641.3425293]
    mean: [2640.76928711]
    median: [2641.3425293]
    min: [2615.5168457]
    skew: [-6.48301506042]
    var: [14.492099762]

HarmonicAmpMag:
    dmean: [1.70526654983e-05]
    dmean2: [1.74492397491e-05]
    dvar: [1.25041159649e-08]
    dvar2: [1.27879902223e-08]
    kurt: [40.0227203369]
    max: [0.000750317296479]
    mean: [1.66737172549e-05]
    median: [0]
    min: [0]
    skew: [6.48249292374]
    var: [1.22325669594e-08]

MfccCoeff:
    dmean: [40.8624649048, 42.6798248291, 9.04930114746, 10.0113563538, 6.03002357483, 6.0073928833, 2.82634758949, 2.65834355354, 1.07695996761, 2.1999835968, 0.965180456638, 1.94202113152, 0.941562831402]
    dmean2: [68.2065582275, 82.2631530762, 16.5547428131, 19.6577224731, 11.4512701035, 11.6724205017, 4.7839512825, 3.48128032684, 0.985545694828, 3.67147731781, 1.53325974941, 2.19216370583, 1.3397705555]
    dvar: [6603.37304688, 509.44519043, 32.9064903259, 30.6229248047, 41.4098243713, 24.7484149933, 7.01636838913, 30.8602371216, 6.10409069061, 26.5371894836, 4.55642366409, 28.9076709747, 2.4193251133]
    dvar2: [15204.8632812, 2156.32788086, 92.9657440186, 108.357841492, 80.6626739502, 59.4482650757, 8.74024677277, 40.9188842773, 2.32918524742, 46.1562538147, 6.42614793777, 25.4216003418, 3.55687451363]
    kurt: [26.7226600647, -1.08206772804, 12.1083688736, 1.89369392395, 6.06378650665, 5.3672542572, 10.9045057297, 17.2246856689, 21.2409515381, 10.9474096298, 24.6264896393, 18.0854377747, 16.2723026276]
    max: [-613.16998291, 58.0656433105, -67.3439483643, 53.06508255, 74.056427002, -26.785276413, -13.3463897705, 63.4824066162, 15.5063514709, -22.372461319, 7.13489151001, 48.1670761108, -3.88999938965]
    mean: [-985.192016602, 10.2957429886, -111.414520264, 42.4811592102, 59.3763237, -48.3046340942, -32.2334289551, 49.988445282, 13.1575832367, -48.9513511658, 1.59889304638, 43.9705886841, -15.1200389862]
    median: [-990.092834473, 15.1341056824, -110.800720215, 44.1028518677, 59.9983711243, -49.3320579529, -32.5276489258, 51.3722915649, 14.1214256287, -50.6240921021, 1.67419815063, 45.8540344238, -15.3723526001]
    min: [-1030.47680664, -34.4462661743, -122.159317017, 17.2700386047, 31.768453598, -57.8745689392, -39.7398529053, 10.6395206451, -9.75019073486, -57.3804473877, -10.9353885651, 0.922401428223, -19.4369544983]
    skew: [5.04396677017, -0.372257649899, 2.70602560043, -0.941157162189, -2.19338703156, 2.13309597969, 3.04524183273, -3.90033268929, -4.42980718613, 3.40845727921, -4.10744714737, -4.27745866776, 3.69049811363]
    var: [3820.67041016, 706.025695801, 75.980796814, 47.2910842896, 55.4021873474, 35.3783569336, 16.5958709717, 54.2407112122, 16.1509571075, 39.0113449097, 4.54117774963, 63.9549026489, 4.5752658844]

SpecContrastCoeff:
    dmean: [0.0252735894173, 0.0150579726323, 0.0153650501743, 0.0207157153636, 0.032512947917, 0.0201476663351]
    dmean2: [0.0466032624245, 0.0274281892926, 0.028720099479, 0.0408208407462, 0.0437837913632, 0.0389351248741]
    dvar: [0.000929859641474, 0.000307060428895, 0.000147423954331, 0.000138862393214, 0.00359259941615, 0.000221933456487]
    dvar2: [0.00248319958337, 0.000691109860782, 0.000388601241866, 0.00048037423403, 0.0027259720955, 0.000806786876637]
    kurt: [6.0058965683, 11.0397720337, 6.77104854584, 1.22879076004, 22.5136489868, -0.1952688694]
    max: [-0.880503773689, -0.90145868063, -0.9197255373, -0.869857788086, -0.198167935014, -0.878313064575]
    mean: [-0.974282264709, -0.985642313957, -0.978992044926, -0.920984208584, -0.264673888683, -0.924875020981]
    median: [-0.985042452812, -0.992672622204, -0.98464602232, -0.923893630505, -0.247576132417, -0.933293640614]
    min: [-0.998198151588, -0.995967626572, -0.989064455032, -0.937504351139, -0.752687811852, -0.939525485039]
    skew: [2.595277071, 3.11571359634, 2.32393097878, 1.10675704479, -4.64399576187, 1.06756496429]
    var: [0.000718417693861, 0.000294119876344, 0.000175194480107, 0.000225452167797, 0.0071499585174, 0.000299904146232]

SpecPeakAmp:
    dmean: [0.000225952724577, 0.000225088151637, 0.000223462455324, 0.000211190519622, 0.000224484465434]
    dmean2: [0.000360583799193, 0.000359966099495, 0.00035807833774, 0.000345204432961, 0.000358538323781]
    dvar: [5.77136006541e-07, 5.77139132929e-07, 5.68637403831e-07, 4.95585652516e-07, 5.86757096244e-07]
    dvar2: [1.46222907915e-06, 1.46662557654e-06, 1.44949694914e-06, 1.2908261624e-06, 1.49201798649e-06]
    kurt: [38.9408912659, 38.9050674438, 38.840927124, 36.4123306274, 38.9415359497]
    max: [0.00381985469721, 0.00381987867877, 0.0038238177076, 0.00383807043545, 0.0038527532015]
    mean: [0.000168738522916, 0.000160462994245, 0.000162328375154, 0.000175531575223, 0.000163362245075]
    median: [8.55344842421e-05, 7.50701801735e-05, 7.4869931268e-05, 7.61679984862e-05, 7.55300279707e-05]
    min: [1.24797925309e-05, 8.36894651002e-06, 1.02084341052e-05, 1.26174854813e-05, 1.54944700625e-05]
    skew: [6.35958337784, 6.35579061508, 6.34824562073, 6.08808517456, 6.36001491547]
    var: [3.06859732291e-07, 3.08388649728e-07, 3.08974790642e-07, 3.18632771723e-07, 3.1332473327e-07]
