
metadata:
    version:
        essentia: "2.1-beta3"

Flux:
    dmean: 0.0186398327351
    dmean2: 0
    dvar: 0
    dvar2: 0
    kurt: -2
    max: 0.422887146473
    mean: 0.413567245007
    median: 0.413567245007
    min: 0.404247313738
    skew: -4.77477669847e-06
    var: 8.68608403835e-05

Rms:
    dmean: 0
    dmean2: 0
    dvar: 0
    dvar2: 0
    kurt: 0
    max: 0.145083129406
    mean: 0.145083129406
    median: 0.145083129406
    min: 0.145083129406
    skew: 0
    var: 0

RollOff:
    dmean: 839.794921875
    dmean2: 0
    dvar: 0
    dvar2: 0
    kurt: -1.99999988079
    max: 2497.8515625
    mean: 2077.95410156
    median: 2077.95410156
    min: 1658.05664062
    skew: 0
    var: 176313.875

SpecCent:
    dmean: 81.7272949219
    dmean2: 0
    dvar: 0
    dvar2: 0
    kurt: -1.99999988079
    max: 2136.44506836
    mean: 2095.58154297
    median: 2095.58154297
    min: 2054.71777344
    skew: -8.98769485502e-06
    var: 1669.83764648

Zcr:
    dmean: 0.00048828125
    dmean2: 0
    dvar: 0
    dvar2: 0
    kurt: -2
    max: 0.0166015625
    mean: 0.016357421875
    median: 0.016357421875
    min: 0.01611328125
    skew: 0
    var: 5.96046447754e-08

HarmonicAmpFreq:
    dmean: [0]
    dmean2: [0]
    dvar: [0]
    dvar2: [0]
    kurt: [nan]
    max: [2223.71875]
    mean: [2223.71875]
    median: [2223.71875]
    min: [2223.71875]
    skew: [nan]
    var: [0]

HarmonicAmpMag:
    dmean: [0]
    dmean2: [0]
    dvar: [0]
    dvar2: [0]
    kurt: [nan]
    max: [0]
    mean: [0]
    median: [0]
    min: [0]
    skew: [nan]
    var: [0]

MfccCoeff:
    dmean: [306.917419434, 131.043182373, 47.210899353, 52.5596160889, 17.5895404816, 3.66353988647, 1.60328674316, 8.76886367798, 4.71875572205, 2.29377746582, 0.861127853394, 3.42110061646, 0.552740097046]
    dmean2: [0, 0, 0, 0, 0, 0, 0, 0, 0, 0, 0, 0, 0]
    dvar: [0, 0, 0, 0, 0, 0, 0, 0, 0, 0, 0, 0, 0]
    dvar2: [0, 0, 0, 0, 0, 0, 0, 0, 0, 0, 0, 0, 0]
    kurt: [-1.99999988079, -2, -2, -2, -1.99999988079, -2, -1.99999988079, -1.99999988079, -1.99999988079, -2, -2, -2, -2]
    max: [-555.093566895, 190.764221191, -75.6027374268, -19.7392520905, 26.2286548615, 1.38278579712, -15.1419219971, 7.67208480835, 8.58035469055, -1.7428817749, -3.07316207886, 5.01040267944, 1.77561950684]
    mean: [-708.552246094, 125.242630005, -99.208190918, -46.0190582275, 17.433883667, -0.448984146118, -15.9435653687, 3.28765296936, 6.22097682953, -2.88977050781, -3.50372600555, 3.29985237122, 1.49924945831]
    median: [-708.552246094, 125.242630005, -99.208190918, -46.0190582275, 17.433883667, -0.448984146118, -15.9435653687, 3.28765296936, 6.22097682953, -2.88977050781, -3.50372600555, 3.29985237122, 1.49924945831]
    min: [-862.010986328, 59.7210464478, -122.81363678, -72.298866272, 8.63911437988, -2.28075408936, -16.7452087402, -1.09677886963, 3.86159896851, -4.03665924072, -3.93428993225, 1.58930206299, 1.22287940979]
    skew: [-5.88009470448e-07, 1.66643360444e-07, 4.08343680647e-07, -5.38063460453e-08, 2.69170726597e-07, 0, 0, 0, 0, 0, 0, 0, 0]
    var: [23549.5742188, 4293.07861328, 557.217285156, 690.628295898, 77.347984314, 3.35538101196, 0.642632067204, 19.223241806, 5.56666374207, 1.31535375118, 0.185385301709, 2.92598247528, 0.0763804018497]

SpecContrastCoeff:
    dmean: [0.00660610198975, 0.104106247425, 0.138476848602, 0.0665501952171, 0.17551523447, 0.0387437939644]
    dmean2: [0, 0, 0, 0, 0, 0]
    dvar: [0, 0, 0, 0, 0, 0]
    dvar2: [0, 0, 0, 0, 0, 0]
    kurt: [-2, -1.99999988079, -1.99999988079, -2, -1.99999988079, -1.99999988079]
    max: [-0.915679216385, -0.790769934654, -0.849532961845, -0.826365411282, -0.562418341637, -0.899616658688]
    mean: [-0.91898226738, -0.842823028564, -0.918771386147, -0.859640479088, -0.65017592907, -0.918988585472]
    median: [-0.91898226738, -0.842823028564, -0.918771386147, -0.859640479088, -0.65017592907, -0.918988585472]
    min: [-0.922285318375, -0.894876182079, -0.988009810448, -0.892915606499, -0.737933576107, -0.938360452652]
    skew: [0, -1.7539965711e-06, 0, -2.71540625363e-06, -9.90429384728e-07, 4.62898196929e-06]
    var: [1.09101456474e-05, 0.00270952749997, 0.00479395920411, 0.00110723217949, 0.00770139927045, 0.000375270377845]

SpecPeakAmp:
    dmean: [0.00242526945658, 0.000442887889221, 0.000223121605814, 0.000279455911368, 0.00136554986238]
    dmean2: [0, 0, 0, 0, 0]
    dvar: [0, 0, 0, 0, 0]
    dvar2: [0, 0, 0, 0, 0]
    kurt: [-1.99999988079, -1.99999988079, -2, -2, -2]
    max: [0.00298803369515, 0.00407870858908, 0.00423254491761, 0.00462317559868, 0.00560492323712]
    mean: [0.00177539896686, 0.00385726476088, 0.00412098411471, 0.00448344741017, 0.00492214830592]
    median: [0.00177539896686, 0.00385726476088, 0.00412098411471, 0.00448344741017, 0.00492214830592]
    min: [0.000562764180358, 0.00363582069986, 0.0040094233118, 0.00434371968731, 0.00423937337473]
    skew: [-1.55653964384e-07, -1.55755537889e-06, 0, 5.00761416333e-06, 0]
    var: [1.47048308463e-06, 4.9037417682e-08, 1.24458123807e-08, 1.95239024947e-08, 4.66181603542e-07]
