
metadata:
    version:
        essentia: "2.1-beta3"

Flux:
    dmean: 7.08501193003e-06
    dmean2: 1.01663008536e-05
    dvar: 6.36188490777e-10
    dvar2: 1.36922650995e-09
    kurt: 13.6346130371
    max: 0.000135844442411
    mean: 1.11075032692e-05
    median: 4.96321808896e-06
    min: 9.14143811315e-07
    skew: 3.81781482697
    var: 6.53604115275e-10

Rms:
    dmean: 2.01504099095e-06
    dmean2: 1.79055757599e-06
    dvar: 4.82580433947e-11
    dvar2: 3.86318581291e-11
    kurt: 18.3372268677
    max: 0.000108890228148
    mean: 0.000106245599454
    median: 0.00010807068611
    min: 6.45933978376e-05
    skew: -4.38579177856
    var: 6.26581911356e-11

RollOff:
    dmean: 1.00154435635
    dmean2: 1.025390625
    dvar: 20.5633563995
    dvar2: 21.0285148621
    kurt: 17.0476436615
    max: 193.798828125
    mean: 173.244400024
    median: 172.265625
    min: 172.265625
    skew: 4.36436223984
    var: 20.118303299

SpecCent:
    dmean: 4.03574943542
    dmean2: 3.8662776947
    dvar: 95.1428756714
    dvar2: 93.090171814
    kurt: 25.9840316772
    max: 639.799499512
    mean: 578.076721191
    median: 576.72277832
    min: 570.101806641
    skew: 4.7691988945
    var: 106.804924011

Zcr:
    dmean: 0.000306595204165
    dmean2: 0.000406901031965
    dvar: 6.10165784565e-07
    dvar2: 5.32657338681e-07
    kurt: 16.6349830627
    max: 0.0078125
    mean: 0.00749067822471
    median: 0.0078125
    min: 0.0029296875
    skew: -4.0888133049
    var: 7.796634236e-07

HarmonicAmpFreq:
    dmean: [0.0275818575174]
    dmean2: [0.0416604913771]
    dvar: [0.0038927225396]
    dvar2: [0.00420644786209]
    kurt: [22.4917488098]
    max: [170.647018433]
    mean: [170.293533325]
    median: [170.286941528]
    min: [170.081542969]
    skew: [3.15036988258]
    var: [0.00396501692012]

HarmonicAmpMag:
    dmean: [4.24150357503e-06]
    dmean2: [4.32302294939e-06]
    dvar: [3.68743091617e-10]
    dvar2: [3.63676838644e-10]
    kurt: [21.8211174011]
    max: [0.000150226987898]
    mean: [0.000145978308865]
    median: [0.000150137522724]
    min: [3.79453013011e-05]
    skew: [-4.76897001266]
    var: [3.74135944448e-10]

MfccCoeff:
    dmean: [0.147489324212, 0.203393980861, 0.18810325861, 0.16357280314, 0.131152480841, 0.092617303133, 0.0500963777304, 0.00783592090011, 0.0381913296878, 0.0789294540882, 0.114770226181, 0.144114822149, 0.165594235063]
    dmean2: [0.153762087226, 0.211996898055, 0.195925757289, 0.170163840055, 0.136133462191, 0.0957202017307, 0.0511954165995, 0.00886953435838, 0.0413209833205, 0.0838662981987, 0.121170587838, 0.151436939836, 0.173322767019]
    dvar: [0.513017356396, 0.976158380508, 0.836365818977, 0.634503722191, 0.410287499428, 0.20694938302, 0.062348306179, 0.00127526430879, 0.0309482570738, 0.140054762363, 0.302056610584, 0.481199651957, 0.640357613564]
    dvar2: [0.522307693958, 0.99376386404, 0.851313829422, 0.645629227161, 0.417244553566, 0.210216209292, 0.063139051199, 0.00121438072529, 0.0317926965654, 0.143188863993, 0.308316171169, 0.490726023912, 0.652577102184]
    kurt: [29.497428894, 29.5046195984, 29.5313224792, 29.5824966431, 29.674331665, 29.8524246216, 30.3216247559, 35.4010391235, 27.9684314728, 28.7792320251, 29.0495262146, 29.210483551, 29.3375320435]
    max: [-1133.87561035, 6.26942062378, 5.80581665039, 5.06151199341, 4.07647705078, 2.90442657471, 1.60747146606, 0.255554199219, -4.57763671875e-05, -0.0136489868164, -0.0267601013184, -0.0388336181641, -0.0494232177734]
    mean: [-1134.02038574, 6.06975746155, 5.6211566925, 4.90093660355, 3.94769644737, 2.8132212162, 1.55775761604, 0.247593790293, -1.04940760136, -2.2675948143, -3.34727859497, -4.23785114288, -4.90057516098]
    median: [-1133.87939453, 6.26433944702, 5.80126953125, 5.05781936646, 4.07385253906, 2.90277099609, 1.60661697388, 0.254447937012, -1.08421325684, -2.34148788452, -3.4554977417, -4.37445068359, -5.05816650391]
    min: [-1138.37060547, 0.0684928894043, 0.0644836425781, 0.0581550598145, 0.04931640625, 0.0388259887695, 0.0266914367676, 0.0135726928711, -1.08847045898, -2.344871521, -3.45986557007, -4.37927246094, -5.06309509277]
    skew: [-5.4544968605, -5.45509910583, -5.45756101608, -5.46228313446, -5.47077178955, -5.48724746704, -5.53078937531, -6.01862287521, 5.31427669525, 5.38837051392, 5.41318511963, 5.42798757553, 5.43968868256]
    var: [0.504640817642, 0.960258483887, 0.822859525681, 0.624440193176, 0.403983592987, 0.203973427415, 0.0616181753576, 0.00133322668262, 0.0302131474018, 0.137253180146, 0.296403050423, 0.472599804401, 0.629348993301]

SpecContrastCoeff:
    dmean: [0.0342747680843, 0.028292067349, 0.0184553842992, 0.015144652687, 0.0108695449308, 0.011895082891]
    dmean2: [0.0503124631941, 0.0493817217648, 0.0327914319932, 0.0219049677253, 0.0137052815408, 0.018722102046]
    dvar: [0.00335814710706, 0.000679199118167, 0.000323871412547, 0.000487708370201, 0.000430912943557, 0.000230993595324]
    dvar2: [0.00299439532682, 0.00108771573287, 0.000648165296298, 0.00056000542827, 0.000370427354937, 0.000266865477897]
    kurt: [13.2468204498, 4.45426511765, 7.94058418274, 11.2523412704, 12.9540348053, 10.3131427765]
    max: [-0.495031327009, -0.767933905125, -0.840570569038, -0.777706444263, -0.790467977524, -0.820221781731]
    mean: [-0.537426173687, -0.831869542599, -0.873578429222, -0.806862652302, -0.819399118423, -0.847462058067]
    median: [-0.517093420029, -0.829053282738, -0.870636940002, -0.803407430649, -0.815527975559, -0.845681786537]
    min: [-0.851567149162, -0.953687369823, -0.9699254632, -0.927702367306, -0.928978085518, -0.926147758961]
    skew: [-3.7620818615, -1.60561716557, -2.44687962532, -3.31204843521, -3.66092228889, -2.92853522301]
    var: [0.00518301641569, 0.0011327334214, 0.000466512166895, 0.000740780727938, 0.000634749943856, 0.000332041614456]

SpecPeakAmp:
    dmean: [1.62858384556e-06, 2.69750544248e-05, 2.10717680602e-05, 1.7695583665e-07, 5.10768813911e-07]
    dmean2: [1.67093628534e-06, 4.90260572406e-05, 4.30364343629e-05, 2.76231162388e-07, 9.44350972532e-07]
    dvar: [9.70991967386e-11, 3.18516479858e-09, 2.69747957304e-09, 1.82892546594e-13, 5.52746379483e-13]
    dvar2: [9.95463086961e-11, 9.0913552242e-09, 8.86897577601e-09, 3.62675628461e-13, 1.36986548407e-12]
    kurt: [38.8373336792, 4.26224040985, 9.73686981201, 6.69078636169, 0.447718858719]
    max: [8.2103695604e-05, 0.000150226987898, 0.000150166481035, 1.86076806585e-06, 2.08426467907e-06]
    mean: [1.81816794793e-05, 0.000133985988214, 1.04397104224e-05, 2.48549952175e-07, 4.55826096868e-07]
    median: [1.67742655321e-05, 0.000150121646584, 1.17579908476e-07, 1.11206134079e-07, 1.08170212343e-07]
    min: [1.37198912853e-05, 9.61949737643e-08, 4.47457999542e-08, 4.83559361442e-08, 5.11866140585e-08]
    skew: [6.38191366196, -2.48568630219, 3.42564558983, 2.90823674202, 1.52599298954]
    var: [9.5235735964e-11, 2.04155892192e-09, 1.42850531404e-09, 2.01231352003e-13, 4.92745384426e-13]
