
metadata:
    version:
        essentia: "2.1-beta3"

Flux:
    dmean: 0.000176236557309
    dmean2: 0.000233334925724
    dvar: 3.35464278578e-07
    dvar2: 6.62580248445e-07
    kurt: 9.56610012054
    max: 0.00336187705398
    mean: 0.000232492660871
    median: 1.08384119812e-05
    min: 4.7067419473e-06
    skew: 3.29282164574
    var: 5.42884038168e-07

Rms:
    dmean: 7.48670354369e-05
    dmean2: 5.38852946192e-05
    dvar: 5.93040212493e-08
    dvar2: 2.62729269451e-08
    kurt: 20.714345932
    max: 0.00244041066617
    mean: 0.00233771605417
    median: 0.00242143007927
    min: 0.000436033093138
    skew: -4.51372337341
    var: 1.14280219066e-07

RollOff:
    dmean: 7.83025550842
    dmean2: 7.51158237457
    dvar: 2025.24182129
    dvar2: 1787.50793457
    kurt: 39.2818069458
    max: 495.263671875
    mean: 180.400390625
    median: 172.265625
    min: 172.265625
    skew: 6.39817428589
    var: 2272.82763672

SpecCent:
    dmean: 1.44734609127
    dmean2: 1.08458483219
    dvar: 5.09377384186
    dvar2: 4.23036575317
    kurt: 19.7069644928
    max: 193.165206909
    mean: 174.473770142
    median: 174.259841919
    min: 171.502075195
    skew: 3.88550376892
    var: 10.9663410187

Zcr:
    dmean: 0.00034401632729
    dmean2: 0.000397438212531
    dvar: 7.43210648579e-07
    dvar2: 4.46406517085e-07
    kurt: 18.3901119232
    max: 0.0078125
    mean: 0.0074001736939
    median: 0.0078125
    min: 0.0009765625
    skew: -4.20795106888
    var: 1.37705842462e-06

HarmonicAmpFreq:
    dmean: [0.089357547462]
    dmean2: [0.138112977147]
    dvar: [0.133665144444]
    dvar2: [0.35288476944]
    kurt: [30.9278068542]
    max: [170.293807983]
    mean: [170.221954346]
    median: [170.289916992]
    min: [168.275985718]
    skew: [-5.52853393555]
    var: [0.0972173064947]

HarmonicAmpMag:
    dmean: [0.000134574904223]
    dmean2: [0.000102372127003]
    dvar: [2.51880038604e-07]
    dvar2: [1.75525741497e-07]
    kurt: [15.3242588043]
    max: [0.00341288582422]
    mean: [0.00324707664549]
    median: [0.0034120248165]
    min: [0]
    skew: [-4.03080558777]
    var: [4.17313486878e-07]

MfccCoeff:
    dmean: [1.5289722681, 2.0824098587, 1.85514688492, 1.51528656483, 1.1128257513, 0.703129708767, 0.347480416298, 0.114756673574, 0.174921900034, 0.353610485792, 0.510360956192, 0.637089133263, 0.727533757687]
    dmean2: [2.01891517639, 2.7440431118, 2.42914390564, 1.9620205164, 1.41649103165, 0.873678684235, 0.40617582202, 0.121098011732, 0.163768321276, 0.302210062742, 0.38876453042, 0.432846784592, 0.486337095499]
    dvar: [52.7650527954, 98.1853561401, 78.7302398682, 53.5990753174, 29.987121582, 12.8249092102, 3.42916202545, 0.226975336671, 0.545363247395, 2.16801357269, 4.03083896637, 5.87224388123, 7.59009838104]
    dvar2: [101.574737549, 187.995040894, 148.220474243, 97.8550949097, 52.1292648315, 20.6911563873, 4.96082305908, 0.270519554615, 0.452087700367, 1.36468207836, 1.96624529362, 2.93502354622, 4.77112865448]
    kurt: [20.9309654236, 21.1782684326, 22.023607254, 23.7587490082, 26.7434406281, 31.0518341064, 35.5208778381, 21.7849140167, 21.6068172455, 28.2337932587, 26.8528575897, 24.1409626007, 21.7569732666]
    max: [-1093.17785645, 61.8342666626, 55.6899757385, 46.3896980286, 35.152256012, 23.3492431641, 12.262638092, 4.18392944336, -4.57763671875e-05, -2.28881835938e-05, -2.67028808594e-05, -3.0517578125e-05, -3.81469726562e-05]
    mean: [-1112.64501953, 35.5579948425, 32.9332580566, 28.743139267, 23.2479820251, 16.7839355469, 9.7361164093, 2.51211690903, -4.48631477356, -10.8881406784, -16.3746757507, -20.695854187, -23.6819667816]
    median: [-1112.45324707, 35.8348503113, 33.2239723206, 29.0437202454, 23.5383758545, 17.0280456543, 9.88656997681, 2.5181350708, -4.66906738281, -11.288482666, -16.9993648529, -21.5266799927, -24.6777763367]
    min: [-1138.42004395, 1.14440917969e-05, -6.103515625e-05, 8.01086425781e-05, -6.103515625e-05, 2.28881835938e-05, -2.67028808594e-05, -5.34057617188e-05, -4.67735290527, -11.2952880859, -17.0045223236, -21.5304870605, -24.6802635193]
    skew: [-1.9262098074, -2.06596684456, -2.48249363899, -3.161028862, -4.05021762848, -5.02793359756, -5.84252691269, -2.62841892242, 4.73576641083, 5.27266454697, 5.11869239807, 4.8643245697, 4.65024662018]
    var: [23.3072109222, 43.6748390198, 35.8170623779, 25.4434928894, 15.2725028992, 7.28007555008, 2.28195691109, 0.206723198295, 0.644912660122, 3.18679070473, 7.3728890419, 12.4614858627, 17.3507328033]

SpecContrastCoeff:
    dmean: [0.0306000392884, 0.0173677839339, 0.0122693143785, 0.0157388746738, 0.00808196607977, 0.00778320292011]
    dmean2: [0.0351626835763, 0.026570148766, 0.0179414004087, 0.0293701551855, 0.012757374905, 0.0128397056833]
    dvar: [0.00615363754332, 0.00030725466786, 7.06301798346e-05, 0.000110985245556, 5.59181098652e-05, 4.02771875088e-05]
    dvar2: [0.00709723262116, 0.000743578188121, 0.000136696078698, 0.000372103444533, 0.00012893845269, 6.89956650604e-05]
    kurt: [12.1984949112, 2.31158304214, 2.09117031097, 2.91602373123, 8.37353134155, 10.2752590179]
    max: [-0.336234271526, -0.868422210217, -0.906463325024, -0.882220864296, -0.887975215912, -0.905583560467]
    mean: [-0.398301392794, -0.938137829304, -0.931233108044, -0.925897538662, -0.914574861526, -0.91989338398]
    median: [-0.368367671967, -0.943213284016, -0.933414041996, -0.927044808865, -0.914125978947, -0.919467568398]
    min: [-0.98857229948, -0.963267982006, -0.981662750244, -0.971734642982, -0.970945179462, -0.971613168716]
    skew: [-3.58362317085, 1.64563393593, -0.818774044514, 0.0179337747395, -2.12739682198, -2.49735045433]
    var: [0.0152133358642, 0.000463435600977, 0.000188587466255, 0.000184723816346, 0.000153047018102, 0.000112952191557]

SpecPeakAmp:
    dmean: [8.96062047104e-05, 0.000910444185138, 0.000931317918003, 1.24352470721e-06, 1.03114700778e-06]
    dmean2: [0.000136507878779, 0.00180314225145, 0.0019037311431, 1.57426541136e-06, 1.38228131163e-06]
    dvar: [1.64106964462e-07, 2.21479808715e-06, 2.30338332585e-06, 1.22185256704e-11, 8.55152754164e-12]
    dvar2: [4.21012174456e-07, 6.07967922406e-06, 6.10933057033e-06, 2.44304142888e-11, 1.9626349157e-11]
    kurt: [39.9965896606, -1.98250961304, -1.90078437328, 17.3107528687, 18.6145877838]
    max: [0.00195722281933, 0.00341284321621, 0.00341288582422, 1.68274036696e-05, 1.37161750899e-05]
    mean: [6.02967884333e-05, 0.00176386802923, 0.00144256057683, 1.86075328656e-06, 1.67714995314e-06]
    median: [1.68669521372e-05, 0.00334897497669, 1.62320611707e-06, 1.20731283459e-06, 1.21202992887e-06]
    min: [4.26708811574e-06, 7.42211398119e-07, 4.31296143688e-07, 3.07861256488e-07, 2.38770127226e-07]
    skew: [6.47942113876, -0.0598498620093, 0.314909040928, 4.3345746994, 4.42254829407]
    var: [8.18050764906e-08, 2.8488375392e-06, 2.83469034912e-06, 9.18734359423e-12, 5.24277713257e-12]
