
metadata:
    version:
        essentia: "2.1-beta3"

Flux:
    dmean: 0.00398321263492
    dmean2: 0.00507467100397
    dvar: 0.000168986429344
    dvar2: 0.000325917440932
    kurt: 9.89621925354
    max: 0.0768821015954
    mean: 0.00504584982991
    median: 4.44551733381e-05
    min: 1.41336731758e-05
    skew: 3.3306825161
    var: 0.00027576147113

Rms:
    dmean: 0.0016306306934
    dmean2: 0.00118417793419
    dvar: 2.74223912129e-05
    dvar2: 1.22481806102e-05
    kurt: 19.5790557861
    max: 0.0546228662133
    mean: 0.0523838661611
    median: 0.0542211607099
    min: 0.0123201953247
    skew: -4.40813398361
    var: 5.2545528888e-05

RollOff:
    dmean: 5.38330078125
    dmean2: 5.0077214241
    dvar: 845.686950684
    dvar2: 686.615844727
    kurt: 38.3793106079
    max: 387.59765625
    mean: 178.0078125
    median: 172.265625
    min: 172.265625
    skew: 6.29871559143
    var: 1018.03265381

SpecCent:
    dmean: 8.98883342743
    dmean2: 7.54662227631
    dvar: 1897.48168945
    dvar2: 1293.8392334
    kurt: 37.6724510193
    max: 516.745788574
    mean: 178.860519409
    median: 169.88999939
    min: 167.33480835
    skew: 6.22862386703
    var: 2669.17993164

Zcr:
    dmean: 0.0003662109375
    dmean2: 0.000408793595852
    dvar: 8.79168510437e-07
    dvar2: 5.75866806685e-07
    kurt: 17.1081447601
    max: 0.0078125
    mean: 0.00737847201526
    median: 0.0078125
    min: 0.00048828125
    skew: -4.09966039658
    var: 1.65538995134e-06

HarmonicAmpFreq:
    dmean: [0.0384653247893]
    dmean2: [0.0657274127007]
    dvar: [0.0309157967567]
    dvar2: [0.0813495069742]
    kurt: [24.1155719757]
    max: [170.297042847]
    mean: [170.250289917]
    median: [170.289932251]
    min: [169.205795288]
    skew: [-4.96048116684]
    var: [0.0323954038322]

HarmonicAmpMag:
    dmean: [0.00301174470223]
    dmean2: [0.0023281481117]
    dvar: [0.000127044128021]
    dvar2: [8.71442316566e-05]
    kurt: [15.6641387939]
    max: [0.0763945057988]
    mean: [0.0727206096053]
    median: [0.0763766095042]
    min: [0]
    skew: [-4.07032299042]
    var: [0.000206923985388]

MfccCoeff:
    dmean: [12.3402957916, 6.24190044403, 1.52895212173, 1.55176091194, 1.51676034927, 1.16901171207, 0.796914875507, 0.463849753141, 0.266537934542, 0.591847360134, 0.864449739456, 1.26132047176, 1.56010866165]
    dmean2: [17.6589431763, 7.92867422104, 1.38273513317, 1.55778968334, 2.11230325699, 1.39161217213, 1.00616884232, 0.527575731277, 0.417015612125, 0.837900459766, 1.01184260845, 1.37874209881, 1.56137275696]
    dvar: [2675.87353516, 555.402587891, 24.7492008209, 22.4421825409, 28.1769638062, 17.292175293, 8.4627199173, 1.98784947395, 0.852319478989, 3.74956512451, 10.5032167435, 20.4823570251, 29.524061203]
    dvar2: [6698.32861328, 1259.60241699, 21.275144577, 30.2212619781, 46.6143074036, 21.8175449371, 11.2913360596, 2.16354393959, 2.25641441345, 6.33775663376, 12.5130605698, 23.1031837463, 31.5569877625]
    kurt: [35.4990577698, 16.044342041, 12.0372819901, 20.3548545837, 13.6883220673, 13.2498664856, 12.4106626511, 9.70063591003, 24.1819820404, 15.3954029083, 15.6274414062, 14.0849323273, 13.2585697174]
    max: [-852.372192383, 161.773025513, 93.4097290039, 73.8628082275, 56.9706306458, 38.5425720215, 23.3456611633, 9.48962593079, -3.89918518066, -4.00272369385, -2.85747909546, -1.16588592529, 0.422012329102]
    mean: [-1080.76916504, 74.2447433472, 66.3112487793, 57.8405532837, 46.927154541, 34.810344696, 21.6449794769, 8.27652359009, -4.76132392883, -16.6469287872, -26.8945426941, -35.020740509, -40.8165016174]
    median: [-1086.83752441, 71.2920303345, 66.4179992676, 58.6102142334, 48.3181800842, 36.1329650879, 22.7426490784, 8.89176368713, -4.66720581055, -17.2247619629, -28.1531581879, -36.9467277527, -43.2515830994]
    min: [-1113.93334961, 33.0820426941, 28.7198219299, 22.3199806213, 14.9791870117, 7.87291717529, 2.00578689575, -1.97998809814, -10.207901001, -20.8629074097, -28.1705226898, -36.9504203796, -43.2537345886]
    skew: [5.96948003769, 3.45399999619, -1.25143110752, -3.8849401474, -3.71723461151, -3.78293776512, -3.69969749451, -3.26537561417, -4.81443738937, 3.89205431938, 4.06241703033, 3.8703546524, 3.74821209908]
    var: [1254.11450195, 281.703155518, 64.7437591553, 40.6208724976, 44.8519973755, 31.1220493317, 18.1230564117, 5.15635871887, 0.866756081581, 6.62161779404, 22.5852108002, 47.425579071, 71.8067703247]

SpecContrastCoeff:
    dmean: [0.034015763551, 0.00834878347814, 0.00790698733181, 0.00840669963509, 0.00928495731205, 0.00879905745387]
    dmean2: [0.031390029937, 0.014533482492, 0.0124733960256, 0.0143942171708, 0.0123050548136, 0.00903459172696]
    dvar: [0.00849285442382, 0.000466674362542, 0.000205658201594, 0.000176174085937, 0.000122566212667, 5.68978357478e-05]
    dvar2: [0.00660911388695, 0.00102971005253, 0.000529647455551, 0.000343939493177, 0.000252779456787, 0.00015474576503]
    kurt: [15.2806339264, 7.18465900421, 11.5081167221, 7.36335468292, 3.74057817459, -0.557195425034]
    max: [-0.147629469633, -0.831056058407, -0.888949930668, -0.895100653172, -0.899083733559, -0.915124773979]
    mean: [-0.208432689309, -0.945479094982, -0.960671067238, -0.960281133652, -0.953806400299, -0.942869305611]
    median: [-0.170353636146, -0.956534028053, -0.967159986496, -0.966677010059, -0.960934877396, -0.948388397694]
    min: [-0.977669775486, -0.957793533802, -0.96816688776, -0.969256162643, -0.96420955658, -0.956787824631]
    skew: [-3.93892931938, 2.91704249382, 3.19730615616, 2.5462641716, 1.92763781548, 0.846698701382]
    var: [0.0222760625184, 0.000807293283287, 0.00021060439758, 0.000207064964343, 0.000193130676053, 0.000140356190968]

SpecPeakAmp:
    dmean: [0.00892703235149, 0.00740970717743, 6.38894562144e-05, 4.40381372755e-05, 3.84614431823e-05]
    dmean2: [0.0154833570123, 0.0146151864901, 8.4865030658e-05, 6.38597921352e-05, 5.64605543332e-05]
    dvar: [0.000531239958946, 0.000481076160213, 4.65514737868e-08, 2.15229292166e-08, 1.8526451484e-08]
    dvar2: [0.00146032043267, 0.00121389655396, 9.8957464445e-08, 5.15967748527e-08, 4.62595650674e-08]
    kurt: [12.3260765076, 4.51195240021, 17.549041748, 24.6797180176, 31.5417976379]
    max: [0.0763908848166, 0.0763945057988, 0.000905507942662, 0.000689535343554, 0.000656070478726]
    mean: [0.00442729704082, 0.0683719217777, 6.18045814917e-05, 4.02639525419e-05, 3.31131050189e-05]
    median: [3.79459233955e-05, 0.0763762816787, 2.51657638728e-05, 1.63672011695e-05, 1.44622727021e-05]
    min: [1.17116642286e-05, 2.49826280196e-05, 1.17628860608e-05, 5.18811930306e-06, 4.35675474364e-06]
    skew: [3.72498893738, -2.53363704681, 4.41300392151, 5.01283502579, 5.63038778305]
    var: [0.000280872365693, 0.000520057452377, 3.11283052667e-08, 1.23404815255e-08, 9.89602799706e-09]
