
metadata:
    version:
        essentia: "2.1-beta3"

Flux:
    dmean: 0.000124820653582
    dmean2: 0.000163386852364
    dvar: 1.67803776208e-07
    dvar2: 3.29258142528e-07
    kurt: 9.66297912598
    max: 0.00238949013874
    mean: 0.000162636177265
    median: 5.57302109883e-06
    min: 3.05181015392e-06
    skew: 3.30402135849
    var: 2.72066586149e-07

Rms:
    dmean: 5.24780480191e-05
    dmean2: 3.76985262847e-05
    dvar: 2.87903691998e-08
    dvar2: 1.27521113669e-08
    kurt: 20.3250217438
    max: 0.00172516854946
    mean: 0.00165317161009
    median: 0.00171217054594
    min: 0.00033405481372
    skew: -4.47663831711
    var: 5.56157893072e-08

RollOff:
    dmean: 6.36208295822
    dmean2: 6.00926589966
    dvar: 1255.71704102
    dvar2: 1063.77819824
    kurt: 38.872215271
    max: 430.6640625
    mean: 178.96484375
    median: 172.265625
    min: 172.265625
    skew: 6.35273075104
    var: 1459.50073242

SpecCent:
    dmean: 1.40241348743
    dmean2: 1.01393520832
    dvar: 3.14135527611
    dvar2: 2.6966509819
    kurt: 14.423324585
    max: 187.618499756
    mean: 172.161621094
    median: 171.920379639
    min: 169.255996704
    skew: 3.13136005402
    var: 8.59516620636

Zcr:
    dmean: 0.0003662109375
    dmean2: 0.000408793595852
    dvar: 8.79168510437e-07
    dvar2: 5.75866806685e-07
    kurt: 17.0726089478
    max: 0.0078125
    mean: 0.00736762164161
    median: 0.0078125
    min: 0.00048828125
    skew: -4.09098005295
    var: 1.65115181971e-06

HarmonicAmpFreq:
    dmean: [0.0808892697096]
    dmean2: [0.127582281828]
    dvar: [0.124152541161]
    dvar2: [0.331703752279]
    kurt: [32.8513565063]
    max: [170.292724609]
    mean: [170.228378296]
    median: [170.289810181]
    min: [168.32762146]
    skew: [-5.74472618103]
    var: [0.0902153253555]

HarmonicAmpMag:
    dmean: [9.5349692856e-05]
    dmean2: [7.32972039259e-05]
    dvar: [1.26079513052e-07]
    dvar2: [8.73232437471e-08]
    kurt: [15.4194660187]
    max: [0.00241289241239]
    mean: [0.00229585263878]
    median: [0.00241219531745]
    min: [0]
    skew: [-4.04190444946]
    var: [2.07968980703e-07]

MfccCoeff:
    dmean: [1.30905151367, 1.79465556145, 1.63177216053, 1.38261449337, 1.07686913013, 0.749286472797, 0.434403151274, 0.216834679246, 0.175436541438, 0.3407754004, 0.48243406415, 0.593269526958, 0.668189585209]
    dmean2: [1.69498884678, 2.32160568237, 2.10527777672, 1.77677631378, 1.37853252888, 0.959722280502, 0.568466186523, 0.29050001502, 0.131222039461, 0.273973494768, 0.380098968744, 0.439984172583, 0.459968835115]
    dvar: [36.6382408142, 68.9871139526, 57.3579368591, 41.6025009155, 25.6454410553, 12.7193183899, 4.45348358154, 0.74208933115, 0.387044459581, 1.76988530159, 3.64903259277, 5.31417226791, 6.50493001938]
    dvar2: [68.0217590332, 127.725891113, 105.330238342, 75.4164123535, 45.7844848633, 22.4948482513, 8.09073352814, 1.62770068645, 0.273750692606, 0.96048104763, 1.8845127821, 2.55200982094, 3.21694517136]
    kurt: [21.75274086, 21.911693573, 22.3974952698, 23.2199611664, 24.314994812, 25.3068561554, 24.3113021851, 17.4638137817, 15.0955181122, 25.3120079041, 26.8401145935, 26.016242981, 24.4257202148]
    max: [-1100.3840332, 52.2392997742, 47.756778717, 40.8369026184, 32.2179603577, 22.7759246826, 13.3994941711, 4.87366485596, -4.57763671875e-05, -2.28881835938e-05, -2.67028808594e-05, -3.0517578125e-05, -3.81469726562e-05]
    mean: [-1115.57629395, 31.5093784332, 29.1680278778, 25.425491333, 20.5084819794, 14.712223053, 8.37825012207, 1.87214541435, -4.44158983231, -10.2225790024, -15.1756305695, -19.0673522949, -21.7385559082]
    median: [-1115.3112793, 31.8789482117, 29.5206031799, 25.7451972961, 20.7738800049, 14.8968353271, 8.45257949829, 1.80805969238, -4.66839599609, -10.6255187988, -15.754201889, -19.8056564331, -22.6052207947]
    min: [-1138.42004395, 1.14440917969e-05, -6.103515625e-05, 8.01086425781e-05, -6.103515625e-05, 2.28881835938e-05, -2.67028808594e-05, -5.34057617188e-05, -4.67823791504, -10.6332397461, -15.7599849701, -19.8095779419, -22.6076164246]
    skew: [-2.6597237587, -2.72159290314, -2.90056180954, -3.17381858826, -3.48864722252, -3.71262907982, -3.30449652672, 2.77272391319, 3.97208404541, 4.97479057312, 5.11834478378, 5.03759717941, 4.89113140106]
    var: [17.1017799377, 32.3208351135, 27.1694068909, 20.0538539886, 12.6196603775, 6.33258390427, 2.12755846977, 0.324613690376, 0.756686091423, 2.96437692642, 6.33501768112, 10.158706665, 13.6617240906]

SpecContrastCoeff:
    dmean: [0.0281035359949, 0.0155537268147, 0.0120737859979, 0.0132479099557, 0.00696831941605, 0.00547671457753]
    dmean2: [0.0310547687113, 0.0242328755558, 0.0207326710224, 0.0236666593701, 0.0103949159384, 0.00847843196243]
    dvar: [0.00558535568416, 0.000186094039236, 0.000106132640212, 0.000108193911728, 3.82794496545e-05, 5.35048056918e-05]
    dvar2: [0.00630767736584, 0.000462361727841, 0.000258560845396, 0.000319976854371, 6.33800591459e-05, 9.29319721763e-05]
    kurt: [12.4466552734, 4.43499231339, 3.1086063385, 1.00114870071, 5.21034908295, 8.24995422363]
    max: [-0.347328901291, -0.872399687767, -0.908624708652, -0.904723525047, -0.910024285316, -0.891774654388]
    mean: [-0.410188883543, -0.944293022156, -0.941579341888, -0.931521594524, -0.929535090923, -0.919976651669]
    median: [-0.378912985325, -0.949326515198, -0.93998748064, -0.932004272938, -0.928775012493, -0.919797718525]
    min: [-0.986431837082, -0.966290533543, -0.982555747032, -0.97074598074, -0.969088315964, -0.971305191517]
    skew: [-3.61364769936, 2.0594098568, -0.399622678757, -0.191021844745, -1.86577403545, -2.19483113289]
    var: [0.0143352253363, 0.000368960492779, 0.000128436309751, 0.000158332128194, 9.41574471653e-05, 0.000133707377245]

SpecPeakAmp:
    dmean: [6.41382139293e-05, 0.000860395084601, 0.0007685192395, 9.63840534496e-07, 7.71996724325e-07]
    dmean2: [9.78638126981e-05, 0.00171963649336, 0.00157181569375, 1.2620354255e-06, 1.03435684196e-06]
    dvar: [8.41563903009e-08, 1.30309297219e-06, 1.25936639961e-06, 7.87552228293e-12, 4.98015344241e-12]
    dvar2: [2.1611005252e-07, 3.23179347106e-06, 3.21140100823e-06, 1.62302289664e-11, 1.14466205611e-11]
    kurt: [39.9961357117, -1.87588393688, -1.63576865196, 17.0759353638, 18.1662158966]
    max: [0.00139875814784, 0.00241287774406, 0.00241289241239, 1.280464312e-05, 1.03652291727e-05]
    mean: [3.9736591134e-05, 0.00140776555054, 0.000859124644194, 1.37461233862e-06, 1.21533048514e-06]
    median: [8.53955771163e-06, 0.00241187447682, 1.13095791221e-06, 8.68696872658e-07, 8.92170874067e-07]
    min: [3.49814854417e-06, 5.78909066462e-07, 3.32446091988e-07, 2.34691086121e-07, 1.81632998419e-07]
    skew: [6.4793753624, -0.330865770578, 0.603465855122, 4.32514381409, 4.39249038696]
    var: [4.19888905867e-08, 1.38484074341e-06, 1.3307185327e-06, 5.69900246786e-12, 3.12922647863e-12]
