
metadata:
    version:
        essentia: "2.1-beta3"

Flux:
    dmean: 0.0354067087173
    dmean2: 0.0459907613695
    dvar: 0.0135441813618
    dvar2: 0.025709329173
    kurt: 9.53860759735
    max: 0.699979364872
    mean: 0.0463554002345
    median: 0.000402602134272
    min: 1.97246899916e-05
    skew: 3.28280282021
    var: 0.0230439100415

Rms:
    dmean: 0.0154077112675
    dmean2: 0.0113088581711
    dvar: 0.00248674489558
    dvar2: 0.00113956374116
    kurt: 20.5878009796
    max: 0.503260970116
    mean: 0.48248359561
    median: 0.499276548624
    min: 0.101359836757
    skew: -4.50854063034
    var: 0.00461568078026

RollOff:
    dmean: 7.83025550842
    dmean2: 7.51158237457
    dvar: 2025.24182129
    dvar2: 1787.50793457
    kurt: 39.2818069458
    max: 495.263671875
    mean: 180.400390625
    median: 172.265625
    min: 172.265625
    skew: 6.39817428589
    var: 2272.82763672

SpecCent:
    dmean: 21.4895305634
    dmean2: 17.8592128754
    dvar: 12245.0878906
    dvar2: 7745.74853516
    kurt: 37.2770462036
    max: 1062.42907715
    mean: 193.290908813
    median: 170.066452026
    min: 167.323303223
    skew: 6.1900639534
    var: 17749.7792969

Zcr:
    dmean: 0.00034401632729
    dmean2: 0.00036337209167
    dvar: 8.19071090064e-07
    dvar2: 5.22225718669e-07
    kurt: 18.4964981079
    max: 0.0078125
    mean: 0.00736762164161
    median: 0.0078125
    min: 0
    skew: -4.24188518524
    var: 1.81009750122e-06

HarmonicAmpFreq:
    dmean: [0.0718189552426]
    dmean2: [0.0961576923728]
    dvar: [0.0822912231088]
    dvar2: [0.181524321437]
    kurt: [19.2173194885]
    max: [171.323516846]
    mean: [170.28855896]
    median: [170.29006958]
    min: [169.708404541]
    skew: [2.62492465973]
    var: [0.0361640192568]

HarmonicAmpMag:
    dmean: [0.0274657197297]
    dmean2: [0.0210402477533]
    dvar: [0.0104979518801]
    dvar2: [0.00717041501775]
    kurt: [15.7501316071]
    max: [0.703833639622]
    mean: [0.670172035694]
    median: [0.70368129015]
    min: [0]
    skew: [-4.0729804039]
    var: [0.0173620097339]

MfccCoeff:
    dmean: [33.9262428284, 8.22453212738, 8.23041534424, 10.5464391708, 7.14981079102, 3.94496321678, 2.86614894867, 2.18449378014, 1.73713028431, 1.71258354187, 1.86431312561, 1.94409358501, 2.13877248764]
    dmean2: [43.1700820923, 7.47479820251, 10.3529548645, 10.2809448242, 8.77527809143, 5.35124969482, 3.83349227905, 2.78089332581, 2.64002537727, 2.32307434082, 2.02816295624, 2.09691095352, 2.29169416428]
    dvar: [8932.77441406, 27.8074760437, 215.350921631, 74.4091491699, 49.3747673035, 21.145734787, 9.25442123413, 2.36503767967, 1.1574190855, 3.27242064476, 10.0544433594, 20.6800918579, 28.9173164368]
    dvar2: [22548.0253906, 28.1099090576, 438.550598145, 164.297897339, 81.7422409058, 36.1498985291, 14.3659181595, 3.51338434219, 4.38540029526, 3.08434987068, 9.56568908691, 19.9856262207, 26.2925434113]
    kurt: [26.7703132629, -0.324873447418, 7.85186290741, 1.14604616165, 2.92215013504, 7.85710334778, 4.41312408447, 0.328632831573, -0.0916347503662, 12.0389728546, 14.8313121796, 14.9178848267, 14.1160545349]
    max: [-551.714599609, 178.091796875, 136.492797852, 95.8579559326, 69.0674438477, 46.7381591797, 26.0730056763, 10.400384903, -3.02320861816, -2.92080688477, -1.91291427612, 0.606376647949, 1.83697509766]
    mean: [-1008.74304199, 143.809692383, 100.651542664, 69.4736251831, 50.1132545471, 35.4622840881, 20.1156768799, 5.96750688553, -6.43112945557, -17.9143123627, -28.2038841248, -36.2043609619, -42.1034469604]
    median: [-1018.55438232, 147.526916504, 104.955749512, 67.5814971924, 47.6856117249, 36.4511108398, 22.5300788879, 6.55162811279, -6.77764129639, -18.3468170166, -28.9944820404, -38.0929679871, -44.3207206726]
    min: [-1048.93884277, 122.102882385, 29.3377418518, 16.2895698547, 9.66383361816, 1.23917388916, -0.32407951355, -3.20807647705, -10.8629150391, -21.131187439, -31.8716182709, -39.4435691833, -45.730052948]
    skew: [5.08508682251, -0.0204250346869, -2.53998637199, -0.704956829548, -1.09330451488, -2.39096975327, -2.01446986198, -0.82490336895, 0.206544220448, 3.13358521461, 3.78525614738, 3.91659760475, 3.82049870491]
    var: [5771.40820312, 165.482421875, 318.082824707, 264.551116943, 146.323684692, 64.5782546997, 32.0536689758, 11.2458295822, 2.768014431, 9.16865253448, 26.3452358246, 52.4683494568, 77.0255813599]

SpecContrastCoeff:
    dmean: [0.0322473309934, 0.0138243222609, 0.0109237227589, 0.00624135928228, 0.00437188567594, 0.0102479467168]
    dmean2: [0.0264186523855, 0.0225539878011, 0.0176232587546, 0.0111965900287, 0.00761482445523, 0.0188075862825]
    dvar: [0.0120376143605, 0.0011407303391, 0.000469860591693, 9.68253953033e-05, 5.55451297259e-05, 0.000289871735731]
    dvar2: [0.00529145309702, 0.00299522909336, 0.00118963501882, 0.000256034167251, 0.000156551497639, 0.000803663220722]
    kurt: [27.8363990784, 11.1078395844, 18.2497177124, 6.55080795288, 11.587018013, 7.68091678619]
    max: [-0.0181993599981, -0.77702999115, -0.860621452332, -0.927434682846, -0.926912605762, -0.898174583912]
    mean: [-0.0633820593357, -0.93340998888, -0.954244971275, -0.958835422993, -0.957307159901, -0.952659547329]
    median: [-0.0295104123652, -0.945443332195, -0.960024118423, -0.962099373341, -0.959151744843, -0.957992374897]
    min: [-0.975650370121, -0.946757793427, -0.982871770859, -0.963055372238, -0.961152851582, -0.959722459316]
    skew: [-5.20699310303, 3.44545936584, 3.8868932724, 2.68641042709, 3.29403328896, 2.86530828476]
    var: [0.0224716737866, 0.00115547317546, 0.000288673472824, 6.89449734637e-05, 3.83294427593e-05, 0.000187033496331]

SpecPeakAmp:
    dmean: [0.17358443141, 0.192082881927, 0.0324030518532, 0.000316722114803, 0.000297585880617]
    dmean2: [0.334216743708, 0.39243042469, 0.066037774086, 0.000458954687929, 0.000437479291577]
    dvar: [0.0839417278767, 0.0978790223598, 0.0214479491115, 1.33468313379e-06, 1.24804671486e-06]
    dvar2: [0.228046551347, 0.26000764966, 0.0646935328841, 3.30135344484e-06, 3.14132171297e-06]
    kurt: [3.03228902817, 0.25038599968, 40.0143928528, 29.0806388855, 33.0412521362]
    max: [0.703833639622, 0.703826010227, 0.703702688217, 0.0054917158559, 0.00536987325177]
    mean: [0.0918386429548, 0.563322424889, 0.016035053879, 0.00022791797528, 0.000204901938559]
    median: [0.00033371389145, 0.703624904156, 0.000200429290999, 5.55048864044e-05, 4.77743706142e-05]
    min: [8.00511043053e-05, 0.000200158348889, 5.51435259695e-05, 1.64901539392e-05, 1.50439336721e-05]
    skew: [2.20042705536, -1.50008237362, 6.48151302338, 5.40891933441, 5.77432823181]
    var: [0.0509152896702, 0.0788089409471, 0.0107484674081, 7.37519144423e-07, 6.64592334942e-07]
