
metadata:
    version:
        essentia: "2.1-beta3"

Flux:
    dmean: 0.0243707001209
    dmean2: 0
    dvar: 0
    dvar2: 0
    kurt: -1.99999988079
    max: 0.418328613043
    mean: 0.406143248081
    median: 0.406143248081
    min: 0.393957912922
    skew: 3.67580128113e-06
    var: 0.000148482751683

Rms:
    dmean: 0
    dmean2: 0
    dvar: 0
    dvar2: 0
    kurt: 0
    max: 0.143081530929
    mean: 0.143081530929
    median: 0.143081530929
    min: 0.143081530929
    skew: 0
    var: 0

RollOff:
    dmean: 64.599609375
    dmean2: 0
    dvar: 0
    dvar2: 0
    kurt: -1.99999988079
    max: 322.998046875
    mean: 290.698242188
    median: 290.698242188
    min: 258.3984375
    skew: 0
    var: 1043.27734375

SpecCent:
    dmean: 0.136825561523
    dmean2: 0
    dvar: 0
    dvar2: 0
    kurt: -1.99999988079
    max: 216.946350098
    mean: 216.877929688
    median: 216.877929688
    min: 216.809524536
    skew: 0.000334583281074
    var: 0.00468030851334

Zcr:
    dmean: 0.00048828125
    dmean2: 0
    dvar: 0
    dvar2: 0
    kurt: -2
    max: 0.00390625
    mean: 0.003662109375
    median: 0.003662109375
    min: 0.00341796875
    skew: 0
    var: 5.96046447754e-08

HarmonicAmpFreq:
    dmean: [34.7115020752]
    dmean2: [0]
    dvar: [0]
    dvar2: [0]
    kurt: [-2]
    max: [258.819671631]
    mean: [241.463928223]
    median: [241.463928223]
    min: [224.108169556]
    skew: [-1.30757860006e-06]
    var: [301.222106934]

HarmonicAmpMag:
    dmean: [0.143162667751]
    dmean2: [0]
    dvar: [0]
    dvar2: [0]
    kurt: [-2]
    max: [0.156362235546]
    mean: [0.0847809016705]
    median: [0.0847809016705]
    min: [0.0131995640695]
    skew: [0]
    var: [0.00512388721108]

MfccCoeff:
    dmean: [224.402099609, 111.150268555, 45.1843223572, 2.55185699463, 16.514591217, 36.5523109436, 32.6431007385, 25.9761047363, 15.4479923248, 10.6897621155, 6.59258842468, 3.97533035278, 0.070442199707]
    dmean2: [0, 0, 0, 0, 0, 0, 0, 0, 0, 0, 0, 0, 0]
    dvar: [0, 0, 0, 0, 0, 0, 0, 0, 0, 0, 0, 0, 0]
    dvar2: [0, 0, 0, 0, 0, 0, 0, 0, 0, 0, 0, 0, 0]
    kurt: [-1.99999988079, -2, -2, -2, -2, -2, -2, -2, -2, -2, -2, -2, -1.99999988079]
    max: [-792.123474121, 265.260223389, 107.066772461, 50.0927276611, 19.1534156799, 11.8861465454, -0.174457550049, -4.12125396729, -9.46856498718, -10.4469947815, -11.5938796997, -10.2837409973, -9.02537918091]
    mean: [-904.324523926, 209.685089111, 84.474609375, 48.8167991638, 10.8961200714, -6.39000892639, -16.4960079193, -17.1093063354, -17.1925621033, -15.7918758392, -14.890173912, -12.2714061737, -9.06060028076]
    median: [-904.324523926, 209.685089111, 84.474609375, 48.8167991638, 10.8961200714, -6.39000892639, -16.4960079193, -17.1093063354, -17.1925621033, -15.7918758392, -14.890173912, -12.2714061737, -9.06060028076]
    min: [-1016.52557373, 154.109954834, 61.8824501038, 47.5408706665, 2.63882446289, -24.6661643982, -32.8175582886, -30.0973587036, -24.916557312, -21.136756897, -18.1864681244, -14.2590713501, -9.09582138062]
    skew: [0, 0, 2.54066833349e-07, 0, 0, 0, 0, 0, 3.3112647202e-07, 0, 0, 0, 0]
    var: [12589.0751953, 3088.59545898, 510.405761719, 1.62799358368, 68.1829299927, 334.017852783, 266.393005371, 168.689498901, 59.660118103, 28.5677528381, 10.8655557632, 3.95081281662, 0.00124052586034]

SpecContrastCoeff:
    dmean: [0.121673166752, 0.0416812896729, 0.0160572528839, 0.00939017534256, 0.00135314464569, 0.000607311725616]
    dmean2: [0, 0, 0, 0, 0, 0]
    dvar: [0, 0, 0, 0, 0, 0]
    dvar2: [0, 0, 0, 0, 0, 0]
    kurt: [-1.99999988079, -2, -2, -2, -2, -2]
    max: [-0.591845214367, -0.633599996567, -0.867950797081, -0.892861664295, -0.906731963158, -0.926978945732]
    mean: [-0.652681827545, -0.654440641403, -0.875979423523, -0.897556781769, -0.90740853548, -0.927282571793]
    median: [-0.652681827545, -0.654440641403, -0.875979423523, -0.897556781769, -0.90740853548, -0.927282571793]
    min: [-0.713518381119, -0.67528128624, -0.884008049965, -0.902251839638, -0.908085107803, -0.927586257458]
    skew: [1.48646108755e-06, 0, 0, 1.9051187337e-05, 0, -0.000294416182442]
    var: [0.00370108988136, 0.000434332469013, 6.44588435534e-05, 2.20438487304e-05, 4.57750104488e-07, 9.22068821296e-08]

SpecPeakAmp:
    dmean: [0.155693307519, 0.0197453144938, 0.00308077502996, 0.00630981521681, 0.00462501682341]
    dmean2: [0, 0, 0, 0, 0]
    dvar: [0, 0, 0, 0, 0]
    dvar2: [0, 0, 0, 0, 0]
    kurt: [-2, -2, -2, -2, -2]
    max: [0.156362235546, 0.0211613476276, 0.0131995640695, 0.00662971055135, 0.00482381414622]
    mean: [0.0785155817866, 0.0112886903808, 0.0116591770202, 0.00347480294295, 0.00251130573452]
    median: [0.0785155817866, 0.0112886903808, 0.0116591770202, 0.00347480294295, 0.00251130573452]
    min: [0.000668920867611, 0.00141603255179, 0.0101187890396, 0.000319895538269, 0.000198797453777]
    skew: [-1.23384396034e-07, -1.77214488417e-07, -8.80883021637e-07, 5.65679378894e-08, 1.43641614159e-07]
    var: [0.00606010202318, 9.74693684839e-05, 2.37279368775e-06, 9.95344089461e-06, 5.34769469596e-06]
