
metadata:
    version:
        essentia: "2.1-beta3"

Flux:
    dmean: 6.94496930009e-06
    dmean2: 9.67980213318e-06
    dvar: 5.79216008489e-10
    dvar2: 1.25232213488e-09
    kurt: 13.4942588806
    max: 0.000132430563099
    mean: 1.15026568892e-05
    median: 5.27187603439e-06
    min: 1.4736990579e-06
    skew: 3.78623080254
    var: 6.14289619172e-10

Rms:
    dmean: 2.18080253944e-06
    dmean2: 2.12352892959e-06
    dvar: 4.81180061074e-11
    dvar2: 3.49353324047e-11
    kurt: 19.2674789429
    max: 0.000108689586341
    mean: 0.000106236657302
    median: 0.000108122228994
    min: 6.29388960078e-05
    skew: -4.46923685074
    var: 6.47090089845e-11

RollOff:
    dmean: 1.00154435635
    dmean2: 1.025390625
    dvar: 20.5633563995
    dvar2: 21.0285148621
    kurt: 17.0475826263
    max: 366.064453125
    mean: 345.510040283
    median: 344.53125
    min: 344.53125
    skew: 4.36435222626
    var: 20.118303299

SpecCent:
    dmean: 7.04718160629
    dmean2: 7.68484926224
    dvar: 71.1777572632
    dvar2: 62.3216667175
    kurt: 13.5192451477
    max: 873.322143555
    mean: 817.454833984
    median: 815.426269531
    min: 808.985351562
    skew: 3.45498299599
    var: 123.329338074

Zcr:
    dmean: 0.000567768875044
    dmean2: 0.000802176364232
    dvar: 2.4499479423e-06
    dvar2: 2.49569143307e-06
    kurt: 16.5257644653
    max: 0.015625
    mean: 0.0150368427858
    median: 0.01513671875
    min: 0.00732421875
    skew: -4.23501634598
    var: 2.55302416008e-06

HarmonicAmpFreq:
    dmean: [0.51201325655]
    dmean2: [0.959614336491]
    dvar: [0.31000328064]
    dvar2: [0.57261300087]
    kurt: [-1.64310407639]
    max: [341.031890869]
    mean: [339.963531494]
    median: [340.381286621]
    min: [339.032958984]
    skew: [-0.274370521307]
    var: [0.316967189312]

HarmonicAmpMag:
    dmean: [6.3165120082e-05]
    dmean2: [0.000124638696434]
    dvar: [5.12608844261e-09]
    dvar2: [1.10566009681e-08]
    kurt: [-1.83833920956]
    max: [0.000148380902829]
    mean: [8.70089934324e-05]
    median: [0.00014808686683]
    min: [0]
    skew: [-0.349371284246]
    var: [5.09728970144e-09]

MfccCoeff:
    dmean: [0.150751158595, 0.196109503508, 0.1476816535, 0.0759327039123, 0.0089835235849, 0.0884598121047, 0.154316037893, 0.194433882833, 0.202756300569, 0.178582474589, 0.126596674323, 0.0559697709978, 0.0260614790022]
    dmean2: [0.163245797157, 0.212488085032, 0.160374954343, 0.0831189826131, 0.00991385336965, 0.0943076759577, 0.165745690465, 0.209693178535, 0.219559073448, 0.194470912218, 0.139313831925, 0.0637891888618, 0.02875318937]
    dvar: [0.483395963907, 0.81618142128, 0.458732634783, 0.117469906807, 0.00204563955776, 0.176914453506, 0.523059666157, 0.817161560059, 0.874478459358, 0.663409411907, 0.319599539042, 0.0539996027946, 0.0172302369028]
    dvar2: [0.485996842384, 0.820522844791, 0.461047172546, 0.117955863476, 0.00206507928669, 0.178188502789, 0.526373326778, 0.821952283382, 0.879192173481, 0.666546344757, 0.320713490248, 0.0539644435048, 0.0173954926431]
    kurt: [29.3130683899, 29.2689628601, 29.1095466614, 28.5351924896, 36.5620040894, 30.3457145691, 29.8632278442, 29.5885620117, 29.3092041016, 28.9125118256, 28.138759613, 25.2596378326, 36.5613822937]
    max: [-1134.0357666, 5.69526290894, 4.26470947266, 2.14891433716, -6.103515625e-05, 2.28881835938e-05, -2.67028808594e-05, -5.34057617188e-05, -4.57763671875e-05, -2.28881835938e-05, -2.67028808594e-05, -3.0517578125e-05, 0.871696472168]
    mean: [-1134.18383789, 5.50250339508, 4.11961841583, 2.07447814941, -0.291450500488, -2.58421564102, -4.4265460968, -5.52044630051, -5.69756889343, -4.94591712952, -3.40961837769, -1.3615193367, 0.845606744289]
    median: [-1134.04663086, 5.68098068237, 4.25366210938, 2.1427192688, -0.299263000488, -2.66630554199, -4.56847763062, -5.69840240479, -5.88222503662, -5.10744476318, -3.52263259888, -1.40922927856, 0.868305206299]
    min: [-1138.42004395, 1.14440917969e-05, -6.103515625e-05, 8.01086425781e-05, -0.300445556641, -2.67154693604, -4.57859420776, -5.71180725098, -5.89691162109, -5.12122344971, -3.53354263306, -1.41577148438, -3.81469726562e-05]
    skew: [-5.43739509583, -5.43313455582, -5.41844749451, -5.36574077606, 6.13843631744, 5.5329375267, 5.48807477951, 5.46263790131, 5.43684053421, 5.40033388138, 5.32953071594, 5.0703163147, -6.13837337494]
    var: [0.48011675477, 0.81068366766, 0.455737888813, 0.116787523031, 0.00203565275297, 0.175471261144, 0.519129633904, 0.811314761639, 0.868539452553, 0.659244477749, 0.317910313606, 0.053910408169, 0.0171449258924]

SpecContrastCoeff:
    dmean: [0.0245001316071, 0.020194016397, 0.0438300408423, 0.00953841302544, 0.0111052626744, 0.00931126438081]
    dmean2: [0.0280020236969, 0.0280589796603, 0.0816032141447, 0.01373529993, 0.0163517799228, 0.0138099119067]
    dvar: [0.00108922622167, 0.00208744197153, 0.000728500715923, 0.000235373241594, 0.000375056435587, 0.000256399420323]
    dvar2: [0.000795317522716, 0.00221284944564, 0.00206407462247, 0.000268309493549, 0.000365087063983, 0.0002284591028]
    kurt: [12.390625, 21.1202201843, 1.41907596588, 12.466835022, 13.9622840881, 14.283908844]
    max: [-0.625712275505, -0.504605710506, -0.806205153465, -0.858460307121, -0.816407442093, -0.829696178436]
    mean: [-0.676070153713, -0.545916080475, -0.86025261879, -0.8854585886, -0.836348354816, -0.845369338989]
    median: [-0.668293714523, -0.537194371223, -0.852057099342, -0.881359219551, -0.832396030426, -0.842696785927]
    min: [-0.87180018425, -0.817366659641, -0.963671803474, -0.974890768528, -0.939583837986, -0.930370867252]
    skew: [-3.48370862007, -4.5480465889, -1.03933680058, -3.32675337791, -3.81989383698, -3.86482357979]
    var: [0.00196092366241, 0.00235565728508, 0.00103854748886, 0.000342264334904, 0.000525104172993, 0.000354656513082]

SpecPeakAmp:
    dmean: [2.61810299662e-07, 2.08500068766e-06, 7.02711031408e-06, 3.35020886268e-05, 6.89673397574e-05]
    dmean2: [2.76471325833e-07, 2.18050081457e-06, 1.42595799844e-05, 6.59898723825e-05, 0.000141099837492]
    dvar: [8.24259768512e-13, 1.64507060751e-10, 9.71564939611e-10, 3.70944097661e-09, 5.4367039759e-09]
    dvar2: [8.37883690381e-13, 1.68525610134e-10, 2.93226665171e-09, 9.13845266126e-09, 9.31722610176e-09]
    kurt: [16.9990901947, 38.9792404175, 38.9816055298, 1.37313461304, -1.782102108]
    max: [1.69297054526e-05, 8.53058591019e-05, 0.000148272971273, 0.000148325285409, 0.000148380902829]
    mean: [1.65602086781e-05, 2.13734824683e-06, 3.59891851076e-06, 2.46049658017e-05, 5.74445948587e-05]
    median: [1.67639682331e-05, 1.64595860497e-07, 1.39345289085e-07, 1.35047031335e-07, 2.7877553066e-07]
    min: [1.21219181892e-05, 7.14517014444e-08, 4.88261271414e-08, 5.26807610868e-08, 1.03137942631e-07]
    skew: [-4.33092212677, 6.3997387886, 6.4000043869, 1.8231818676, 0.466695487499]
    var: [8.49776195591e-13, 1.60944868544e-10, 4.86999274241e-10, 2.90910406875e-09, 5.18880183265e-09]
