
metadata:
    version:
        essentia: "2.1-beta3"

Flux:
    dmean: 0.000176010609721
    dmean2: 0.000233398575801
    dvar: 3.33242070383e-07
    dvar2: 6.57963255435e-07
    kurt: 9.56485462189
    max: 0.00335429026745
    mean: 0.00023273305851
    median: 1.11827775982e-05
    min: 6.3289830905e-06
    skew: 3.29265260696
    var: 5.40084158729e-07

Rms:
    dmean: 7.81134294812e-05
    dmean2: 6.45400286885e-05
    dvar: 6.09717574207e-08
    dvar2: 2.75370410918e-08
    kurt: 21.0381660461
    max: 0.00243588187732
    mean: 0.00233769160695
    median: 0.00242040981539
    min: 0.000429066014476
    skew: -4.55169582367
    var: 1.14263379203e-07

RollOff:
    dmean: 3.42573690414
    dmean2: 3.00463294983
    dvar: 272.794525146
    dvar2: 185.0703125
    kurt: 35.6806869507
    max: 473.73046875
    mean: 348.359375
    median: 344.53125
    min: 344.53125
    skew: 6.01131391525
    var: 376.896484375

SpecCent:
    dmean: 3.32562327385
    dmean2: 4.59724378586
    dvar: 11.0228385925
    dvar2: 12.0762004852
    kurt: 14.3666801453
    max: 362.027008057
    mean: 341.818054199
    median: 341.173309326
    min: 337.94128418
    skew: 3.12449193001
    var: 14.7094316483

Zcr:
    dmean: 0.000710227293894
    dmean2: 0.000772165716626
    dvar: 3.10436712425e-06
    dvar2: 1.81012592293e-06
    kurt: 17.1276302338
    max: 0.015625
    mean: 0.0147243924439
    median: 0.01513671875
    min: 0.0009765625
    skew: -4.14345026016
    var: 6.62226739223e-06

HarmonicAmpFreq:
    dmean: [0.465900063515]
    dmean2: [0.907995164394]
    dvar: [0.23155850172]
    dvar2: [0.424246579409]
    kurt: [-1.78251349926]
    max: [340.409484863]
    mean: [339.953552246]
    median: [340.401763916]
    min: [338.979095459]
    skew: [-0.297673165798]
    var: [0.256913393736]

HarmonicAmpMag:
    dmean: [0.0015965893399]
    dmean2: [0.00316609744914]
    dvar: [2.64527761829e-06]
    dvar2: [4.93023344461e-06]
    kurt: [-1.87433862686]
    max: [0.00336930225603]
    mean: [0.00193388748448]
    median: [0.00336762657389]
    min: [0]
    skew: [-0.296018064022]
    var: [2.65889639195e-06]

MfccCoeff:
    dmean: [2.0300347805, 2.64569020271, 2.03500580788, 1.21004140377, 0.426910758018, 0.521045327187, 0.828339219093, 0.980701088905, 0.957913458347, 0.773175299168, 0.472459822893, 0.114383868873, 0.245143190026]
    dmean2: [2.7256257534, 3.5572822094, 2.75585794449, 1.68770551682, 0.692856550217, 0.399024784565, 0.734961867332, 0.843744337559, 0.758516013622, 0.547759115696, 0.297861993313, 0.153866440058, 0.163244560361]
    dvar: [82.8184127808, 140.541564941, 82.8242874146, 29.0271778107, 3.6431722641, 4.49209737778, 14.2679080963, 18.9090805054, 15.8594703674, 9.22790431976, 3.23610687256, 0.229936182499, 0.896536588669]
    dvar2: [170.181793213, 289.77911377, 173.657272339, 64.850692749, 9.74503803253, 2.1080186367, 9.69859409332, 11.7799119949, 7.99627828598, 4.22432184219, 1.91955280304, 0.332425683737, 0.444944083691]
    kurt: [18.3889942169, 18.4253139496, 18.7822780609, 23.1321277618, 30.7765846252, 29.4980888367, 33.6852073669, 32.7499389648, 30.1768836975, 26.6443557739, 22.5810070038, 14.8557758331, 25.8375320435]
    max: [-1083.5111084, 71.4156265259, 54.3780250549, 30.9886054993, 6.97398376465, 2.28881835938e-05, -2.67028808594e-05, -5.34057617188e-05, -4.57763671875e-05, -2.28881835938e-05, -2.67028808594e-05, -3.0517578125e-05, 8.93467712402]
    mean: [-1111.35205078, 34.9191932678, 25.4843540192, 11.7841739655, -3.59170937538, -17.8031215668, -28.3288707733, -33.4457321167, -32.5254058838, -26.0949687958, -15.6646728516, -3.37330698967, 8.4644985199]
    median: [-1111.22277832, 35.0729484558, 25.5458106995, 11.6795692444, -3.93614196777, -18.4351272583, -29.239906311, -34.5515518188, -33.6702651978, -27.083442688, -16.3106594086, -3.55182647705, 8.78076934814]
    min: [-1138.42004395, 1.14440917969e-05, -6.103515625e-05, 8.01086425781e-05, -4.00770568848, -18.5587081909, -29.3831253052, -34.676399231, -33.7431869507, -27.0852127075, -16.3114833832, -3.5541229248, -3.81469726562e-05]
    skew: [0.165056332946, 0.274911344051, 0.830829799175, 3.08964204788, 5.55846691132, 5.38816452026, 5.80711078644, 5.70989370346, 5.45061349869, 5.11110258102, 4.73410367966, 4.00592708588, -5.06522226334]
    var: [34.4030418396, 58.1969528198, 33.804271698, 11.4951648712, 2.88252472878, 8.32800292969, 19.775472641, 27.9330539703, 27.475976944, 18.8338546753, 7.44125509262, 0.48544973135, 2.02407979965]

SpecContrastCoeff:
    dmean: [0.0224240273237, 0.0309647321701, 0.0127748548985, 0.016158612445, 0.00937097053975, 0.00581364613026]
    dmean2: [0.0310241561383, 0.0326627641916, 0.0203391183168, 0.0230327714235, 0.016013123095, 0.00987077690661]
    dvar: [0.000332581228577, 0.00344383344054, 0.000154843743076, 9.74146023509e-05, 6.01420651947e-05, 3.0821767723e-05]
    dvar2: [0.000452726177173, 0.00195317738689, 0.000434503395809, 0.000174054264789, 0.000133903042297, 6.81215751683e-05]
    kurt: [11.0907993317, 19.6124305725, 4.39167928696, -0.0764806270599, 0.623637676239, 5.70023822784]
    max: [-0.786307871342, -0.365674138069, -0.890129089355, -0.900930523872, -0.89565372467, -0.890306591988]
    mean: [-0.831686675549, -0.429436415434, -0.944479823112, -0.926544010639, -0.92004096508, -0.915053784847]
    median: [-0.829407632351, -0.412678003311, -0.945709824562, -0.928309857845, -0.921161830425, -0.914099395275]
    min: [-0.991082906723, -0.959588229656, -0.96337968111, -0.967353582382, -0.947851836681, -0.943591833115]
    skew: [-2.75164437294, -4.36934757233, 1.90867292881, -0.246917784214, -0.227283388376, -0.938820958138]
    var: [0.00104577234015, 0.00914415065199, 0.000205001255381, 0.000199811795028, 8.97132922546e-05, 5.72695098526e-05]

SpecPeakAmp:
    dmean: [8.94310651347e-05, 1.57956242219e-06, 0.000303874403471, 0.000786908145528, 0.00153181515634]
    dmean2: [0.000136259186547, 2.22459902943e-06, 0.000544940005057, 0.00158833398018, 0.00313357636333]
    dvar: [1.63353163884e-07, 8.29078212333e-12, 9.15601106044e-07, 1.97524991563e-06, 2.80555991594e-06]
    dvar2: [4.19131509943e-07, 1.95026841898e-11, 2.54731253335e-06, 5.40217297385e-06, 5.99759960096e-06]
    kurt: [40.0155754089, 15.261926651, 17.551027298, 2.50302410126, -1.74578762054]
    max: [0.001951530925, 1.48650642586e-05, 0.00336811086163, 0.00336926616728, 0.00336930225603]
    mean: [5.9349105868e-05, 2.50125572165e-06, 0.0001513404859, 0.000471440289402, 0.00127467198763]
    median: [1.64295324794e-05, 2.16858916247e-06, 2.32056231653e-06, 2.27529744734e-06, 2.5156493848e-06]
    min: [4.37698508904e-06, 3.50851621533e-07, 1.52659097807e-07, 8.86309763359e-08, 6.3029979458e-08]
    skew: [6.48164463043, 3.8703827858, 4.42130899429, 2.1070189476, 0.504155755043]
    var: [8.1378416894e-08, 6.11774476564e-12, 4.72856356737e-07, 1.30943408294e-06, 2.66201914201e-06]
