
metadata:
    version:
        essentia: "2.1-beta3"

Flux:
    dmean: 0.00399385206401
    dmean2: 0.00522836763412
    dvar: 0.00016793627583
    dvar2: 0.000328071968397
    kurt: 9.71071052551
    max: 0.0759141147137
    mean: 0.00509524391964
    median: 0.000120367360068
    min: 2.02473511308e-05
    skew: 3.30936980247
    var: 0.000273380399449

Rms:
    dmean: 0.00173603603616
    dmean2: 0.0013820430031
    dvar: 2.95892550639e-05
    dvar2: 1.28304991449e-05
    kurt: 20.8020973206
    max: 0.054523345083
    mean: 0.0523399338126
    median: 0.0542270317674
    min: 0.0100473007187
    skew: -4.52511119843
    var: 5.64196234336e-05

RollOff:
    dmean: 10.2772102356
    dmean2: 10.0154428482
    dvar: 3719.72900391
    dvar2: 3415.02368164
    kurt: 39.6041374207
    max: 775.1953125
    mean: 355.05859375
    median: 344.53125
    min: 344.53125
    skew: 6.43440771103
    var: 4031.37255859

SpecCent:
    dmean: 21.2965869904
    dmean2: 20.3507194519
    dvar: 11257.7333984
    dvar2: 8512.90429688
    kurt: 38.7541770935
    max: 1147.74487305
    mean: 359.416748047
    median: 339.469207764
    min: 335.953338623
    skew: 6.34272909164
    var: 14337.8056641

Zcr:
    dmean: 0.000710227293894
    dmean2: 0.000794876425061
    dvar: 3.28859960064e-06
    dvar2: 1.98523207473e-06
    kurt: 17.7800483704
    max: 0.015625
    mean: 0.0147460941225
    median: 0.01513671875
    min: 0.0009765625
    skew: -4.20863676071
    var: 6.50193805996e-06

HarmonicAmpFreq:
    dmean: [0.0890801176429]
    dmean2: [0.135446235538]
    dvar: [0.0700010955334]
    dvar2: [0.150869265199]
    kurt: [10.735669136]
    max: [340.409576416]
    mean: [340.3409729]
    median: [340.405517578]
    min: [339.39956665]
    skew: [-3.53418922424]
    var: [0.0543127804995]

HarmonicAmpMag:
    dmean: [0.0063995514065]
    dmean2: [0.0093089081347]
    dvar: [0.00034964599763]
    dvar2: [0.000796998559963]
    kurt: [9.44442653656]
    max: [0.0754181221128]
    mean: [0.0701178237796]
    median: [0.0754033625126]
    min: [0]
    skew: [-3.30043554306]
    var: [0.000313038617605]

MfccCoeff:
    dmean: [15.7125911713, 7.3549861908, 4.09334373474, 4.0436964035, 4.30107164383, 4.73537397385, 4.64523077011, 3.86720895767, 2.73301672935, 2.11230969429, 1.90619802475, 1.22390902042, 1.31583797932]
    dmean2: [22.9497356415, 9.77258110046, 5.62224721909, 5.735932827, 6.42050600052, 6.80862998962, 6.42055654526, 5.22286558151, 3.19417095184, 2.44164514542, 2.084815979, 1.70793664455, 1.82836592197]
    dvar: [3781.51416016, 371.405090332, 20.9219665527, 6.10069894791, 6.90514087677, 11.2661886215, 27.5638065338, 49.9318275452, 53.1251792908, 35.0270652771, 10.0435991287, 0.78108561039, 8.7527589798]
    dvar2: [9514.01855469, 817.251831055, 25.1167392731, 6.70977449417, 7.62350034714, 11.2236890793, 29.3562660217, 58.7811088562, 56.5835990906, 34.075881958, 7.96714162827, 1.47220754623, 12.9656496048]
    kurt: [37.2244720459, 12.4506483078, 8.02335929871, 2.16280078888, -1.61948359013, 6.95534038544, 14.8458099365, 16.0062847137, 16.6424598694, 16.7412548065, 18.3401813507, 1.2065281868, 10.2401771545]
    max: [-802.562133789, 141.103088379, 81.7161865234, 36.4862556458, -2.7350769043, -10.6778488159, -11.7130889893, -8.44636535645, -3.4672088623, 0.633438110352, 2.37003707886, 1.76108551025, 21.494354248]
    mean: [-1075.36645508, 74.6707458496, 52.2923278809, 23.7633495331, -7.75329875946, -35.6009178162, -55.1861610413, -63.2741165161, -59.460067749, -45.3661460876, -24.5888671875, -1.48071944714, 19.4845409393]
    median: [-1081.7956543, 73.0278701782, 52.3793067932, 23.7406044006, -6.96003723145, -35.742855072, -56.3572769165, -65.4379119873, -62.1407394409, -47.6370849609, -25.7046260834, -1.23963928223, 20.9295272827]
    min: [-1114.74475098, 29.7046928406, 19.7387084961, 7.09050369263, -13.7093353271, -41.0448112488, -60.7336807251, -69.3669891357, -64.4856796265, -49.0059814453, -27.5547389984, -5.1706237793, -0.0532608032227]
    skew: [6.14929628372, 2.26937842369, -1.13504040241, -0.741051495075, -0.0654022097588, 2.19121146202, 3.70158839226, 4.02888727188, 4.13704395294, 4.14334249496, 4.20338153839, -0.277566969395, -3.36440324783]
    var: [1749.75671387, 196.592834473, 74.2353973389, 25.8106040955, 13.8015775681, 31.9757423401, 72.2535858154, 113.848846436, 114.624771118, 76.609161377, 24.3850154877, 1.34763157368, 20.5178947449]

SpecContrastCoeff:
    dmean: [0.0303446166217, 0.0338614843786, 0.0110647622496, 0.00965913198888, 0.0114312879741, 0.020026801154]
    dmean2: [0.0565040111542, 0.030565533787, 0.0157939698547, 0.0151947168633, 0.0195353645831, 0.0343828760087]
    dvar: [0.00156114669517, 0.00636812625453, 0.000101293291664, 0.000170306200744, 0.000269408075837, 0.000362043065252]
    dvar2: [0.00343177234754, 0.00328359520063, 0.000119999713206, 0.000224687653827, 0.000474379805382, 0.000770547194406]
    kurt: [7.12565994263, 22.2151927948, 5.87733078003, 11.6766328812, 9.0791759491, 1.36520528793]
    max: [-0.747963011265, -0.204470172524, -0.882997572422, -0.884272754192, -0.879232883453, -0.881621003151]
    mean: [-0.916643440723, -0.253333181143, -0.948015451431, -0.957306921482, -0.955184876919, -0.945026814938]
    median: [-0.932561099529, -0.227500334382, -0.95526522398, -0.963873505592, -0.962403833866, -0.954874694347]
    min: [-0.955438673496, -0.983554899693, -0.958537399769, -0.964882135391, -0.963563263416, -0.959702551365]
    skew: [2.78465366364, -4.67057991028, 2.41122460365, 3.2592523098, 2.91463422775, 1.51731336117]
    var: [0.0018770408351, 0.0162552092224, 0.00026431074366, 0.000223665731028, 0.000265406706603, 0.000365371000953]

SpecPeakAmp:
    dmean: [0.00204344256781, 5.05060743308e-05, 0.0239322781563, 0.0381543114781, 0.0206063855439]
    dmean2: [0.00313188694417, 6.95851922501e-05, 0.0472538508475, 0.0775606483221, 0.0421315170825]
    dvar: [8.55944454088e-05, 1.87554345388e-08, 0.00122271373402, 0.00139217462856, 0.0011245473288]
    dvar2: [0.000219823734369, 4.63625937641e-08, 0.00341782881878, 0.00251449877396, 0.0032448512502]
    kurt: [40.0205574036, 25.9152088165, 0.841828346252, -1.87543261051, 1.61258172989]
    max: [0.0445091240108, 0.000687946914695, 0.0754170641303, 0.0754181221128, 0.0754132121801]
    mean: [0.0010388516821, 6.35718897684e-05, 0.0134402737021, 0.0440501645207, 0.0117899589241]
    median: [4.95247877552e-05, 4.28161984019e-05, 4.61320050817e-05, 0.0753932669759, 4.74585212942e-05]
    min: [1.5273981262e-05, 2.06556687772e-05, 1.81584928214e-05, 1.34124557007e-05, 9.2941472758e-06]
    skew: [6.48223686218, 5.07659006119, 1.68565070629, -0.331349313259, 1.90063035488]
    var: [4.2948006012e-05, 1.10243512097e-08, 0.000825759198051, 0.00135429401416, 0.000745463126805]
