
metadata:
    version:
        essentia: "2.1-beta3"

Flux:
    dmean: 0.0356221757829
    dmean2: 0.0484952032566
    dvar: 0.0135335959494
    dvar2: 0.0263524036855
    kurt: 9.20404720306
    max: 0.684520542622
    mean: 0.0468427538872
    median: 0.001131794299
    min: 8.59137217049e-05
    skew: 3.24478912354
    var: 0.0228401236236

Rms:
    dmean: 0.0160114876926
    dmean2: 0.0129826264456
    dvar: 0.00253535993397
    dvar2: 0.00111180695239
    kurt: 20.8288440704
    max: 0.50234824419
    mean: 0.482157438993
    median: 0.499371230602
    min: 0.0908303409815
    skew: -4.52973604202
    var: 0.00482808472589

RollOff:
    dmean: 8.31964683533
    dmean2: 8.01235485077
    dvar: 2322.94506836
    dvar2: 2070.88134766
    kurt: 39.3706932068
    max: 689.0625
    mean: 353.14453125
    median: 344.53125
    min: 344.53125
    skew: 6.40811920166
    var: 2584.23681641

SpecCent:
    dmean: 15.8800468445
    dmean2: 15.7794570923
    dvar: 5792.48144531
    dvar2: 4620.31298828
    kurt: 38.9610862732
    max: 913.251037598
    mean: 353.673858643
    median: 339.781524658
    min: 335.951690674
    skew: 6.36423015594
    var: 7206.20068359

Zcr:
    dmean: 0.000710227293894
    dmean2: 0.000783521099947
    dvar: 3.26692520503e-06
    dvar2: 1.95325242203e-06
    kurt: 17.7800483704
    max: 0.015625
    mean: 0.0147460941225
    median: 0.01513671875
    min: 0.0009765625
    skew: -4.20863676071
    var: 6.50193805996e-06

HarmonicAmpFreq:
    dmean: [0.391485720873]
    dmean2: [0.411498308182]
    dvar: [5.78561782837]
    dvar2: [6.29552316666]
    kurt: [39.872959137]
    max: [356.045623779]
    mean: [340.730895996]
    median: [340.405517578]
    min: [339.892181396]
    skew: [6.46439361572]
    var: [5.33980798721]

HarmonicAmpMag:
    dmean: [0.0271184723824]
    dmean2: [0.0205867551267]
    dvar: [0.0101687777787]
    dvar2: [0.00706491619349]
    kurt: [15.4848098755]
    max: [0.694868803024]
    mean: [0.661431312561]
    median: [0.694707453251]
    min: [0.000716680893674]
    skew: [-4.04233312607]
    var: [0.017021311447]

MfccCoeff:
    dmean: [41.3277816772, 8.60124874115, 30.1512699127, 15.879032135, 5.33810091019, 7.72407102585, 4.79453420639, 5.0861697197, 3.90922999382, 3.18833374977, 2.53055095673, 0.993134737015, 1.69232177734]
    dmean2: [61.6697731018, 15.451830864, 43.0228805542, 21.7391605377, 9.80013942719, 13.069226265, 6.48814344406, 6.68271923065, 5.24234199524, 4.5446472168, 3.5165450573, 1.66038560867, 2.45066928864]
    dvar: [8243.49609375, 44.325340271, 342.534484863, 65.615486145, 26.8375358582, 31.2994403839, 33.8164634705, 46.8494758606, 44.1116790771, 31.7747249603, 10.7570104599, 1.36447715759, 8.80016422272]
    dvar2: [20538.9746094, 113.289520264, 873.225463867, 235.845413208, 63.7696151733, 58.7357673645, 33.1680641174, 53.7792739868, 42.6119499207, 27.0377388, 11.0308485031, 2.38662338257, 13.0644359589]
    kurt: [23.0086269379, 11.773601532, -1.31340456009, -0.909475326538, 0.509279966354, 4.43226146698, 13.375125885, 13.3125629425, 15.3769493103, 17.2196006775, 20.2982559204, 10.3636722565, 9.13748931885]
    max: [-574.862121582, 182.770294189, 118.03729248, 43.246723175, -1.01077270508, -10.1940078735, -9.26727294922, -7.47916412354, -3.14842224121, 3.1999206543, 5.52336502075, 4.9114151001, 21.4067001343]
    mean: [-971.329956055, 162.996337891, 71.5464553833, 19.7950878143, -14.8812875748, -42.8683738708, -58.444065094, -64.104347229, -59.3091888428, -44.7634048462, -24.5118198395, -1.55129897594, 18.9904251099]
    median: [-979.712402344, 163.924957275, 69.8863830566, 16.6712112427, -13.1605644226, -43.4172172546, -60.3539810181, -65.8274993896, -61.6262435913, -46.5794219971, -25.2929897308, -1.39169311523, 20.3533554077]
    min: [-1010.82104492, 122.210990906, 31.1370887756, 2.40312576294, -26.8098869324, -55.5786094666, -68.1020202637, -74.3349914551, -67.1279678345, -50.8338394165, -29.2333278656, -5.08682060242, 0.613525390625]
    skew: [4.71422767639, -2.4810063839, 0.0817594900727, 0.525014638901, -0.561394095421, 1.65297818184, 3.55467891693, 3.61769390106, 3.93007850647, 4.14877319336, 4.35849237442, 1.69262647629, -3.20884442329]
    var: [4721.63330078, 66.7335586548, 617.470947266, 149.412612915, 26.9617919922, 73.3712158203, 99.548828125, 134.445205688, 120.729011536, 81.7417984009, 28.7214546204, 1.82043576241, 19.8809223175]

SpecContrastCoeff:
    dmean: [0.0485342852771, 0.0317942276597, 0.0141885727644, 0.0112859522924, 0.00702388584614, 0.0150496149436]
    dmean2: [0.0810281410813, 0.027763787657, 0.0218770112842, 0.0184571295977, 0.0121135599911, 0.0275899190456]
    dvar: [0.00319583108649, 0.0112242465839, 0.00032571455813, 0.000406039325753, 0.000129504391225, 0.000484783697175]
    dvar2: [0.00741839967668, 0.00519678136334, 0.000820246350486, 0.00104797957465, 0.000329323927872, 0.0013195630163]
    kurt: [7.05011844635, 28.3006668091, 7.63794708252, 15.5345840454, 5.96687507629, 7.90534687042]
    max: [-0.603270709515, -0.0464694388211, -0.850051641464, -0.853858649731, -0.906540453434, -0.864182412624]
    mean: [-0.912982404232, -0.0873365402222, -0.935298979282, -0.948391318321, -0.951228260994, -0.944814324379]
    median: [-0.938643932343, -0.0570475570858, -0.943760633469, -0.955803155899, -0.955661773682, -0.952689826488]
    min: [-0.983382165432, -0.97019803524, -0.947679638863, -0.956477046013, -0.956872820854, -0.955191254616]
    skew: [2.65844488144, -5.26065444946, 2.72887325287, 3.72079610825, 2.61037993431, 2.74647760391]
    var: [0.00518126506358, 0.0208853464574, 0.000406573788496, 0.000318669539411, 0.000129884982016, 0.000324356631609]

SpecPeakAmp:
    dmean: [0.0181619692594, 0.158356547356, 0.468968868256, 0.253140002489, 0.0321373902261]
    dmean2: [0.0278249233961, 0.323719859123, 0.947430968285, 0.517530679703, 0.0654776394367]
    dvar: [0.0067863734439, 0.0844876691699, 0.103006795049, 0.111264713109, 0.0209093429148]
    dvar2: [0.0174304973334, 0.14185141027, 0.138630017638, 0.292786419392, 0.0630671232939]
    kurt: [40.0212249756, 0.249868631363, -1.9809691906, 0.249808311462, 40.0112190247]
    max: [0.396286994219, 0.694690942764, 0.694868803024, 0.694839656353, 0.69481831789]
    mean: [0.00921798031777, 0.139514625072, 0.359587490559, 0.139556199312, 0.0158390533179]
    median: [0.000437154842075, 0.000415760237956, 0.683670520782, 0.000413952482631, 8.05330855655e-05]
    min: [0.000138888004585, 0.000195447355509, 0.000122165336506, 2.10730504477e-05, 2.02257378987e-05]
    skew: [6.48231649399, 1.49990308285, -0.0619742758572, 1.49985849857, 6.48113775253]
    var: [0.00340511463583, 0.0770433619618, 0.11794501543, 0.0770697668195, 0.0104789678007]
