
metadata:
    version:
        essentia: "2.1-beta3"

Flux:
    dmean: 0.0208473801613
    dmean2: 0
    dvar: 0
    dvar2: 0
    kurt: -2
    max: 0.428450584412
    mean: 0.418026894331
    median: 0.418026894331
    min: 0.40760320425
    skew: 0
    var: 0.000108653315692

Rms:
    dmean: 0
    dmean2: 0
    dvar: 0
    dvar2: 0
    kurt: 0
    max: 0.146548166871
    mean: 0.146548166871
    median: 0.146548166871
    min: 0.146548166871
    skew: 0
    var: 0

RollOff:
    dmean: 129.19921875
    dmean2: 0
    dvar: 0
    dvar2: 0
    kurt: -1.99999988079
    max: 624.462890625
    mean: 559.86328125
    median: 559.86328125
    min: 495.263671875
    skew: 0
    var: 4173.109375

SpecCent:
    dmean: 54.5024414062
    dmean2: 0
    dvar: 0
    dvar2: 0
    kurt: -2
    max: 472.716064453
    mean: 445.46484375
    median: 445.46484375
    min: 418.213623047
    skew: 0
    var: 742.62902832

Zcr:
    dmean: 0
    dmean2: 0
    dvar: 0
    dvar2: 0
    kurt: 0
    max: 0.005859375
    mean: 0.005859375
    median: 0.005859375
    min: 0.005859375
    skew: 0
    var: 0

HarmonicAmpFreq:
    dmean: [81.1517333984]
    dmean2: [0]
    dvar: [0]
    dvar2: [0]
    kurt: [-2]
    max: [525.484375]
    mean: [484.908508301]
    median: [484.908508301]
    min: [444.332641602]
    skew: [0]
    var: [1646.40100098]

HarmonicAmpMag:
    dmean: [0.131382659078]
    dmean2: [0]
    dvar: [0]
    dvar2: [0]
    kurt: [-2]
    max: [0.142480760813]
    mean: [0.0767894312739]
    median: [0.0767894312739]
    min: [0.0110981045291]
    skew: [0]
    var: [0.00431535067037]

MfccCoeff:
    dmean: [351.692138672, 28.3916168213, 20.0275611877, 42.0037651062, 53.4507293701, 39.0758132935, 5.49151611328, 13.3959465027, 20.2368965149, 15.6801624298, 10.062040329, 2.2468585968, 3.0967502594]
    dmean2: [0, 0, 0, 0, 0, 0, 0, 0, 0, 0, 0, 0, 0]
    dvar: [0, 0, 0, 0, 0, 0, 0, 0, 0, 0, 0, 0, 0]
    dvar2: [0, 0, 0, 0, 0, 0, 0, 0, 0, 0, 0, 0, 0]
    kurt: [-2, -2, -2, -2, -2, -2, -2, -2, -2, -2, -1.99999988079, -2, -2]
    max: [-641.384216309, 192.682785034, 68.1871032715, 18.5365905762, -13.6147613525, -21.8010158539, -26.4849472046, -6.07476806641, 8.28490829468, 14.0356693268, 14.4971122742, 10.6951522827, 7.73230171204]
    mean: [-817.230285645, 178.486968994, 58.173324585, -2.46529197693, -40.3401260376, -41.3389205933, -29.2307052612, -12.7727413177, -1.83353996277, 6.19558811188, 9.46609210968, 9.57172298431, 6.18392658234]
    median: [-817.230285645, 178.486968994, 58.173324585, -2.46529197693, -40.3401260376, -41.3389205933, -29.2307052612, -12.7727413177, -1.83353996277, 6.19558811188, 9.46609210968, 9.57172298431, 6.18392658234]
    min: [-993.07635498, 164.291168213, 48.1595420837, -23.46717453, -67.0654907227, -60.87682724, -31.9764633179, -19.4707145691, -11.9519882202, -1.64449310303, 4.43507194519, 8.44829368591, 4.63555145264]
    skew: [0, 1.57881549967e-06, -5.47051683952e-07, 0, 0, -1.30938090592e-07, 0, 0, 0, 0, 0, 0, 0]
    var: [30921.8398438, 201.520980835, 100.275802612, 441.079071045, 714.245117188, 381.729766846, 7.53918743134, 44.8628463745, 102.382995605, 61.4668731689, 25.3111629486, 1.2620934248, 2.39746546745]

SpecContrastCoeff:
    dmean: [0.0820857286453, 0.176971018314, 0.174382150173, 0.0502023100853, 0.0165280103683, 0.0199766159058]
    dmean2: [0, 0, 0, 0, 0, 0]
    dvar: [0, 0, 0, 0, 0, 0]
    dvar2: [0, 0, 0, 0, 0, 0]
    kurt: [-2, -1.99999988079, -2, -2, -2, -2]
    max: [-0.844102799892, -0.574835181236, -0.696808636189, -0.864902615547, -0.930521547794, -0.940912127495]
    mean: [-0.885145664215, -0.663320660591, -0.783999681473, -0.890003800392, -0.938785552979, -0.950900435448]
    median: [-0.885145664215, -0.663320660591, -0.783999681473, -0.890003800392, -0.938785552979, -0.950900435448]
    min: [-0.926188528538, -0.751806199551, -0.871190786362, -0.915104925632, -0.947049558163, -0.960888743401]
    skew: [0, -9.66187826634e-07, -1.00986164853e-06, 3.56542045665e-06, 0, 0]
    var: [0.00168451666832, 0.00782968476415, 0.0076022837311, 0.000630068010651, 6.82937825331e-05, 9.97662937152e-05]

SpecPeakAmp:
    dmean: [0.142107084394, 0.0349907465279, 0.01347664278, 0.00220536347479, 0.00640179403126]
    dmean2: [0, 0, 0, 0, 0]
    dvar: [0, 0, 0, 0, 0]
    dvar2: [0, 0, 0, 0, 0]
    kurt: [-2, -2, -2, -2, -1.99999988079]
    max: [0.142480760813, 0.0354230813682, 0.0140205863863, 0.0110981045291, 0.00675020739436]
    mean: [0.071427218616, 0.0179277081043, 0.00728226499632, 0.00999542325735, 0.00354931037873]
    median: [0.071427218616, 0.0179277081043, 0.00728226499632, 0.00999542325735, 0.00354931037873]
    min: [0.000373669492546, 0.000432334549259, 0.000543944013771, 0.0088927410543, 0.000348413479514]
    skew: [-1.21698192856e-07, 0, 1.3934337062e-07, -1.28348676753e-06, 0]
    var: [0.00504860654473, 0.000306088099023, 4.5404973207e-05, 1.21590699109e-06, 1.02457415778e-05]
