
metadata:
    version:
        essentia: "2.1-beta3"

Flux:
    dmean: 6.86706698616e-06
    dmean2: 1.0134733202e-05
    dvar: 6.17571993544e-10
    dvar2: 1.33675626124e-09
    kurt: 14.0154457092
    max: 0.000133835244924
    mean: 8.5700157797e-06
    median: 2.01002831091e-06
    min: 7.62025194945e-07
    skew: 3.86271238327
    var: 6.41936614976e-10

Rms:
    dmean: 1.87587079381e-06
    dmean2: 1.76895434834e-06
    dvar: 4.76412694017e-11
    dvar2: 3.57975975251e-11
    kurt: 19.5416584015
    max: 0.000108314481622
    mean: 0.000106240666355
    median: 0.000108140106022
    min: 6.31948641967e-05
    skew: -4.49777030945
    var: 6.32478444618e-11

RollOff:
    dmean: 1.00154435635
    dmean2: 1.025390625
    dvar: 20.5633563995
    dvar2: 21.0285148621
    kurt: 17.0477027893
    max: 710.595703125
    mean: 690.041259766
    median: 689.0625
    min: 689.0625
    skew: 4.36437177658
    var: 20.118303299

SpecCent:
    dmean: 2.40454673767
    dmean2: 2.89234280586
    dvar: 7.26845026016
    dvar2: 3.4466240406
    kurt: 18.1286754608
    max: 1181.84814453
    mean: 1153.73706055
    median: 1152.67358398
    min: 1150.4453125
    skew: 4.14362859726
    var: 27.263792038

Zcr:
    dmean: 0.000874364108313
    dmean2: 0.000906808010768
    dvar: 1.00197694337e-05
    dvar2: 9.27075052459e-06
    kurt: 17.279460907
    max: 0.03125
    mean: 0.0300071015954
    median: 0.03076171875
    min: 0.013671875
    skew: -4.35774850845
    var: 1.10263654278e-05

HarmonicAmpFreq:
    dmean: [0.012117607519]
    dmean2: [0.0124061219394]
    dvar: [0.00301075959578]
    dvar2: [0.00307886581868]
    kurt: [17.0062789917]
    max: [678.682373047]
    mean: [678.670349121]
    median: [678.682373047]
    min: [678.418212891]
    skew: [-4.35570669174]
    var: [0.00294562592171]

HarmonicAmpMag:
    dmean: [2.91110222861e-06]
    dmean2: [2.98041413771e-06]
    dvar: [1.9964399578e-10]
    dvar2: [2.04190844788e-10]
    kurt: [26.7764530182]
    max: [8.6193838797e-05]
    mean: [2.84494080915e-06]
    median: [0]
    min: [0]
    skew: [5.20679521561]
    var: [1.95294794225e-10]

MfccCoeff:
    dmean: [0.093403659761, 0.0976832211018, 0.0124831087887, 0.0790767222643, 0.129154652357, 0.111844085157, 0.0365064740181, 0.0574974231422, 0.120737917721, 0.12068478018, 0.0578872337937, 0.0352313034236, 0.10785639286]
    dmean2: [0.0957728773355, 0.100164502859, 0.0128871370107, 0.0809682235122, 0.132365271449, 0.114733375609, 0.0376623235643, 0.0587258115411, 0.123608455062, 0.123750597239, 0.0596486032009, 0.0359760448337, 0.110236942768]
    dvar: [0.209611997008, 0.228642910719, 0.00349140469916, 0.152314901352, 0.402470290661, 0.298406630754, 0.0300580896437, 0.0833353698254, 0.355975270271, 0.349141478539, 0.0765283405781, 0.0326681733131, 0.289765387774]
    dvar2: [0.213360384107, 0.232795104384, 0.0035733783152, 0.154867276549, 0.409544169903, 0.303933024406, 0.0307503771037, 0.0844814181328, 0.361869245768, 0.355467557907, 0.0782204568386, 0.0328879989684, 0.294065654278]
    kurt: [29.2436180115, 29.133808136, 26.5653934479, 29.75756073, 29.3949012756, 28.9648571014, 26.793794632, 31.0517921448, 29.8525466919, 29.1484642029, 27.2472114563, 33.598449707, 30.6002311707]
    max: [-1135.55053711, 2.99412155151, 0.361145019531, 8.01086425781e-05, -6.103515625e-05, 2.28881835938e-05, -2.67028808594e-05, 1.83702850342, 3.75914382935, 3.70036315918, 1.70243453979, -3.0517578125e-05, -3.81469726562e-05]
    mean: [-1135.64807129, 2.89174938202, 0.34727409482, -2.3753991127, -3.8470993042, -3.29773497581, -1.02189075947, 1.77994799614, 3.63498997688, 3.57393026352, 1.63898050785, -1.14267039299, -3.3044052124]
    median: [-1135.55871582, 2.98517990112, 0.359146118164, -2.45145797729, -3.97093200684, -3.40512084961, -1.05668258667, 1.83588790894, 3.7512550354, 3.68938446045, 1.6943321228, -1.17649459839, -3.40906906128]
    min: [-1138.42004395, 1.14440917969e-05, -6.103515625e-05, -2.45692062378, -3.98153686523, -3.41544342041, -1.06228256226, -5.34057617188e-05, -4.57763671875e-05, -2.28881835938e-05, -2.67028808594e-05, -1.17997741699, -3.41297912598]
    skew: [-5.43098020554, -5.42073154449, -5.18654441833, 5.47837543488, 5.44481611252, 5.40517425537, 5.20718765259, -5.59909629822, -5.48717689514, -5.42207956314, -5.24825811386, 5.8419547081, 5.55679416656]
    var: [0.205832719803, 0.224447980523, 0.0034064243082, 0.149781838059, 0.395369797945, 0.292803794146, 0.0293410364538, 0.0822742655873, 0.350147902966, 0.342751741409, 0.0747750103474, 0.0325972996652, 0.285661846399]

SpecContrastCoeff:
    dmean: [0.018397539854, 0.0202695708722, 0.0171391125768, 0.012872049585, 0.00706658512354, 0.00622428301722]
    dmean2: [0.0239959806204, 0.0333072170615, 0.0227975584567, 0.0194389671087, 0.00980449002236, 0.00920906849205]
    dvar: [0.00169251579791, 0.000892646610737, 0.0012972636614, 0.000427963415859, 0.000137409617309, 8.60862855916e-05]
    dvar2: [0.00139823986683, 0.000979452277534, 0.00123039353639, 0.000540023611393, 0.000154462293722, 8.53027449921e-05]
    kurt: [17.0686702728, 15.5221157074, 16.5099811554, 9.9191532135, 12.0002641678, 12.7530241013]
    max: [-0.661955356598, -0.689099729061, -0.577869772911, -0.812115907669, -0.855641305447, -0.841489970684]
    mean: [-0.687105059624, -0.712772130966, -0.600889086723, -0.841961443424, -0.878575742245, -0.860800802708]
    median: [-0.677131414413, -0.704714417458, -0.593591809273, -0.835882127285, -0.876739859581, -0.859510600567]
    min: [-0.914579987526, -0.873384237289, -0.796087801456, -0.938549518585, -0.937838733196, -0.918276429176]
    skew: [-4.24640798569, -3.83516430855, -4.18445730209, -3.02419114113, -3.2368452549, -3.27472233772]
    var: [0.00202363939025, 0.000980755314231, 0.00155260961037, 0.00052887480706, 0.000179916722118, 0.000139863404911]

SpecPeakAmp:
    dmean: [9.31206329824e-07, 1.68619465057e-07, 2.06506183531e-06, 1.05584447851e-07, 9.81906964626e-07]
    dmean2: [1.70928319676e-06, 2.09082244851e-07, 2.15686009142e-06, 1.54797433538e-07, 1.04832804482e-06]
    dvar: [4.06977674217e-13, 3.24130262561e-13, 1.6771907474e-10, 6.91909298411e-14, 3.42486351779e-11]
    dvar2: [7.41538286938e-13, 3.24023495752e-13, 1.71084507672e-10, 7.20012225297e-14, 3.50828463502e-11]
    kurt: [15.4172382355, 24.5371646881, 39.0187683105, 24.5265274048, 38.9247970581]
    max: [1.75704644789e-05, 3.63530602954e-06, 8.6193838797e-05, 1.79708581527e-06, 3.89835513488e-05]
    mean: [1.66332956724e-05, 2.89482187554e-07, 2.13915973291e-06, 2.34621836626e-07, 1.06983986825e-06]
    median: [1.67537764355e-05, 1.73624997046e-07, 1.72357687234e-07, 1.77450786509e-07, 1.61658334719e-07]
    min: [1.21487564684e-05, 7.96571058004e-08, 8.5780044401e-08, 1.09836271633e-07, 9.18530815852e-08]
    skew: [-3.2971394062, 4.99279165268, 6.40440368652, 4.94018316269, 6.39338302612]
    var: [7.11098877264e-13, 3.3088985653e-13, 1.64315505646e-10, 7.17693049088e-14, 3.3468314925e-11]
