
metadata:
    version:
        essentia: "2.1-beta3"

Flux:
    dmean: 0.000175742417923
    dmean2: 0.000234550519963
    dvar: 3.34723580409e-07
    dvar2: 6.64591368604e-07
    kurt: 9.52076721191
    max: 0.00334400869906
    mean: 0.00023223325843
    median: 1.03308311736e-05
    min: 7.44768567529e-06
    skew: 3.28781151772
    var: 5.39956886314e-07

Rms:
    dmean: 6.93575202604e-05
    dmean2: 5.17971711815e-05
    dvar: 6.13960153828e-08
    dvar2: 2.75742717548e-08
    kurt: 20.8330173492
    max: 0.00242462428287
    mean: 0.00233763456345
    median: 0.00242352671921
    min: 0.000433977344073
    skew: -4.53178834915
    var: 1.14274364194e-07

RollOff:
    dmean: 5.38330078125
    dmean2: 5.0077214241
    dvar: 845.686950684
    dvar2: 686.615844727
    kurt: 38.3793106079
    max: 904.39453125
    mean: 694.8046875
    median: 689.0625
    min: 689.0625
    skew: 6.29871559143
    var: 1018.03265381

SpecCent:
    dmean: 4.51489400864
    dmean2: 4.45736646652
    dvar: 637.355407715
    dvar2: 539.790405273
    kurt: 39.3998985291
    max: 864.163574219
    mean: 683.990905762
    median: 679.501037598
    min: 678.189208984
    skew: 6.4122800827
    var: 743.182800293

Zcr:
    dmean: 0.00102095166221
    dmean2: 0.000715388800018
    dvar: 1.4270630345e-05
    dvar2: 9.52951722866e-06
    kurt: 18.1297626495
    max: 0.03076171875
    mean: 0.0294487848878
    median: 0.03076171875
    min: 0.0009765625
    skew: -4.26704406738
    var: 2.75381062238e-05

HarmonicAmpFreq:
    dmean: [1.82677531242]
    dmean2: [1.86360633373]
    dvar: [142.610366821]
    dvar2: [144.964065552]
    kurt: [40.0213127136]
    max: [678.836425781]
    mean: [677.044555664]
    median: [678.836425781]
    min: [598.458312988]
    skew: [-6.48232841492]
    var: [140.361343384]

HarmonicAmpMag:
    dmean: [8.75358091434e-05]
    dmean2: [0.000134398738737]
    dvar: [1.60913018021e-07]
    dvar2: [4.13336067595e-07]
    kurt: [40.0224304199]
    max: [0.00192757020704]
    mean: [4.29141146014e-05]
    median: [0]
    min: [0]
    skew: [6.48245954514]
    var: [8.07259326052e-08]

MfccCoeff:
    dmean: [2.15439963341, 2.42845749855, 0.95075917244, 0.575000405312, 1.26351308823, 1.0713378191, 0.354586958885, 0.365824133158, 0.817364513874, 0.837274730206, 0.44483307004, 0.150439172983, 0.623390614986]
    dmean2: [2.95127701759, 3.35353374481, 1.40416634083, 0.571506261826, 1.46062111855, 1.22222030163, 0.388518303633, 0.350553870201, 0.704115688801, 0.631136536598, 0.283142626286, 0.139308482409, 0.408489227295]
    dvar: [92.251953125, 116.911491394, 18.1296195984, 8.70477771759, 37.8896903992, 27.5435905457, 3.03970336914, 3.26303648949, 13.0545492172, 11.2953195572, 2.80474567413, 0.537398397923, 5.78235578537]
    dvar2: [198.142990112, 255.528030396, 44.6612625122, 8.1010055542, 52.3901824951, 36.9082679749, 3.71790719032, 2.70241379738, 8.08977413177, 5.29936265945, 1.6881095171, 0.372871220112, 2.94255542755]
    kurt: [19.8883037567, 21.0931015015, 36.8350486755, 35.9464569092, 32.769077301, 32.9951705933, 32.3685913086, 36.4968490601, 32.9655227661, 28.3648357391, 21.9421195984, 37.532081604, 25.0833320618]
    max: [-1081.75598145, 63.1234512329, 22.1768493652, 8.01086425781e-05, -6.103515625e-05, 2.28881835938e-05, -2.67028808594e-05, 13.3741855621, 29.0553398132, 29.3040103912, 14.9738731384, -3.0517578125e-05, -3.81469726562e-05]
    mean: [-1113.60595703, 26.1079177856, 3.92326045036, -19.7605381012, -32.658744812, -28.4469509125, -9.92774200439, 12.7904396057, 27.9108772278, 28.1768779755, 14.3686656952, -5.6116976738, -21.2972259521]
    median: [-1113.63830566, 25.9944267273, 3.61578369141, -20.3297538757, -33.4160728455, -29.1352500916, -10.1986846924, 13.1607074738, 28.8255119324, 29.2064151764, 14.972743988, -5.76204681396, -22.1159629822]
    min: [-1138.42004395, 1.14440917969e-05, -6.103515625e-05, -20.5220451355, -40.311126709, -34.3673362732, -11.3486785889, -5.34057617188e-05, -4.57763671875e-05, -2.28881835938e-05, -2.67028808594e-05, -5.99128723145, -22.3281364441]
    skew: [1.66222143173, 2.29012155533, 6.04742193222, 6.05359172821, 5.60646343231, 5.66787624359, 5.67672872543, -6.10082864761, -5.73129320145, -5.27364206314, -4.66241121292, 6.20975255966, 4.98316478729]
    var: [36.9912414551, 46.4922523499, 7.87823152542, 9.33493232727, 26.6541118622, 20.1535511017, 2.47900366783, 3.88192534447, 19.3917732239, 21.2618350983, 6.34565496445, 0.737504482269, 12.9993724823]

SpecContrastCoeff:
    dmean: [0.0506332032382, 0.0331454537809, 0.0320421792567, 0.0173034202307, 0.00902078207582, 0.00474512018263]
    dmean2: [0.0948373228312, 0.0529546067119, 0.0471658669412, 0.0335970520973, 0.0158969704062, 0.00816805567592]
    dvar: [0.00113963626791, 0.00103065627627, 0.00280945608392, 9.81089033303e-05, 5.90030103922e-05, 3.37802703143e-05]
    dvar2: [0.00360405864194, 0.000854974379763, 0.00248939520679, 0.000352550268872, 0.000180836446816, 6.74996190355e-05]
    kurt: [2.71649026871, 20.1494274139, 18.7022686005, -0.289011240005, 1.61450815201, 9.70646762848]
    max: [-0.761248230934, -0.607193231583, -0.450132876635, -0.91243237257, -0.903724431992, -0.910232126713]
    mean: [-0.831514656544, -0.650571882725, -0.4895426929, -0.937627315521, -0.926855623722, -0.924608767033]
    median: [-0.833752810955, -0.642361700535, -0.473022311926, -0.939617395401, -0.927231669426, -0.923381984234]
    min: [-0.978131175041, -0.983069777489, -0.939948320389, -0.959564566612, -0.955362260342, -0.962397873402]
    skew: [-0.910346448421, -4.36888551712, -4.29961824417, 0.559476852417, -0.533544898033, -2.86136555672]
    var: [0.00154941424262, 0.00356048415415, 0.00681501207873, 0.00012625574891, 8.42062945594e-05, 8.24059679871e-05]

SpecPeakAmp:
    dmean: [8.88200011104e-05, 2.5798256047e-06, 2.06602976505e-06, 1.94670883502e-06, 1.84831139904e-06]
    dmean2: [0.000135963768116, 4.25333382736e-06, 3.43822034665e-06, 3.2073469356e-06, 3.03845945382e-06]
    dvar: [1.59050941306e-07, 5.7418091115e-11, 3.04933231443e-11, 2.68638878503e-11, 2.38790879431e-11]
    dvar2: [4.07677646308e-07, 1.43171516309e-10, 7.51135334487e-11, 6.55882292921e-11, 5.81929608667e-11]
    kurt: [40.0160903931, 38.9211959839, 37.6979408264, 37.7757987976, 36.7598609924]
    max: [0.00192757020704, 3.85513048968e-05, 2.84418947558e-05, 2.70454547717e-05, 2.53912221524e-05]
    mean: [5.88297843933e-05, 2.42522537519e-06, 2.38739949054e-06, 2.44701732299e-06, 2.42606370193e-06]
    median: [1.64173161465e-05, 1.69441204889e-06, 1.94352060134e-06, 1.9790315946e-06, 1.99899886866e-06]
    min: [3.56485247721e-06, 6.03195474014e-07, 3.4895182921e-07, 2.41955746105e-07, 1.87630007531e-07]
    skew: [6.48170471191, 6.35250520706, 6.20948123932, 6.21483421326, 6.10372972488]
    var: [7.93741108396e-08, 3.00490882177e-11, 1.58638085307e-11, 1.41267735357e-11, 1.24706260943e-11]
