
metadata:
    version:
        essentia: "2.1-beta3"

Flux:
    dmean: 0.00394103163853
    dmean2: 0.00524826161563
    dvar: 0.000168071506778
    dvar2: 0.000333219650201
    kurt: 9.51701545715
    max: 0.074889101088
    mean: 0.00513837020844
    median: 0.000188187768799
    min: 1.93744563148e-05
    skew: 3.28717255592
    var: 0.000271232536761

Rms:
    dmean: 0.00154892285354
    dmean2: 0.00115820241626
    dvar: 3.03876477119e-05
    dvar2: 1.36269236464e-05
    kurt: 20.6684398651
    max: 0.0542706772685
    mean: 0.0523296669126
    median: 0.0542485304177
    min: 0.00999406725168
    skew: -4.51548194885
    var: 5.67691749893e-05

RollOff:
    dmean: 9.29842853546
    dmean2: 9.01389884949
    dvar: 2980.14233398
    dvar2: 2700.82275391
    kurt: 39.5065956116
    max: 1076.66015625
    mean: 698.6328125
    median: 689.0625
    min: 689.0625
    skew: 6.42339038849
    var: 3267.50439453

SpecCent:
    dmean: 14.0804290771
    dmean2: 13.2563972473
    dvar: 6638.81689453
    dvar2: 5414.19970703
    kurt: 39.2187461853
    max: 1282.41760254
    mean: 693.300720215
    median: 678.521606445
    min: 676.860229492
    skew: 6.39286994934
    var: 7962.58935547

Zcr:
    dmean: 0.00102095166221
    dmean2: 0.000749454949982
    dvar: 1.36420721901e-05
    dvar2: 8.89744114829e-06
    kurt: 18.471824646
    max: 0.03125
    mean: 0.0294921882451
    median: 0.03076171875
    min: 0.00146484375
    skew: -4.29969596863
    var: 2.63892325165e-05

HarmonicAmpFreq:
    dmean: [1.17750132084]
    dmean2: [1.27415430546]
    dvar: [51.6582069397]
    dvar2: [52.1630973816]
    kurt: [40.0082855225]
    max: [727.597167969]
    mean: [680.103759766]
    median: [679.057006836]
    min: [678.837646484]
    skew: [6.4807806015]
    var: [51.2727966309]

HarmonicAmpMag:
    dmean: [0.0230784639716]
    dmean2: [0.0448635853827]
    dvar: [0.00108306063339]
    dvar2: [0.00290414271876]
    kurt: [0.119690895081]
    max: [0.0725267529488]
    mean: [0.057366181165]
    median: [0.0725162699819]
    min: [0]
    skew: [-1.43899917603]
    var: [0.000840993539896]

MfccCoeff:
    dmean: [18.3951187134, 11.0328788757, 8.82309627533, 7.12127685547, 4.51178407669, 2.81597232819, 5.21492481232, 5.55878448486, 4.32329130173, 1.93292546272, 2.19472908974, 1.46501970291, 1.63269281387]
    dmean2: [29.4188480377, 19.1322822571, 16.8615379333, 13.4061880112, 7.02558422089, 4.30038261414, 9.92158031464, 10.7652435303, 7.61771965027, 2.43376803398, 3.65453314781, 2.63147544861, 1.98449027538]
    dvar: [3600.12353516, 254.819869995, 26.3252239227, 15.8287477493, 27.1912174225, 26.9067821503, 5.80575227737, 8.55315303802, 33.1359786987, 39.8450164795, 9.08233833313, 3.03120732307, 25.6624698639]
    dvar2: [8897.15429688, 512.133056641, 69.8055419922, 31.4871845245, 14.6251010895, 27.4887580872, 20.9352035522, 23.3355579376, 38.3807830811, 47.9036026001, 12.1259679794, 5.37345218658, 27.7650375366]
    kurt: [36.6014480591, 10.3069953918, 7.09460735321, 12.6577167511, 25.1679592133, 20.0010662079, 3.57674121857, 7.22881221771, 15.2217273712, 15.8380317688, 14.3254547119, 10.7231903076, 14.6618766785]
    max: [-809.526184082, 115.960968018, 28.1965065002, -12.3780937195, -18.4665031433, -14.0805740356, -3.78728866577, 32.3713607788, 59.4030723572, 57.3041000366, 27.8917198181, -1.41094207764, -0.840522766113]
    mean: [-1074.16210938, 62.7529983521, 9.87340259552, -42.7192153931, -70.1158676147, -59.278629303, -19.1723556519, 27.0884132385, 54.9628868103, 52.1734580994, 23.3999557495, -13.7795820236, -39.7310523987]
    median: [-1080.53540039, 60.963142395, 9.08703613281, -44.2995681763, -72.6814575195, -61.1888542175, -20.5864334106, 27.0093021393, 56.8161582947, 54.4005966187, 24.3736839294, -14.389503479, -41.698589325]
    min: [-1121.85925293, 17.1278190613, -20.1356506348, -47.7196121216, -77.8321228027, -67.5208435059, -24.5275192261, 5.2198638916, 8.23468399048, 5.55839538574, 1.06811904907, -15.7109451294, -42.2474327087]
    skew: [6.05588006973, 1.17546510696, -1.40029931068, 2.93015503883, 4.89650583267, 4.48982954025, 1.50233113766, -2.28746318817, -3.96341943741, -4.07908248901, -3.76970982552, 3.31257772446, 3.93917560577]
    var: [1659.93432617, 152.937515259, 45.7061691284, 34.9399375916, 75.9825286865, 68.1109848022, 14.718454361, 26.0010643005, 88.1669616699, 84.0175094604, 19.7970142365, 7.76210546494, 60.8928108215]

SpecContrastCoeff:
    dmean: [0.0308912470937, 0.0433154441416, 0.038168322295, 0.0145571799949, 0.0122454231605, 0.0140894213691]
    dmean2: [0.058999273926, 0.0724375545979, 0.0525244101882, 0.0290737766773, 0.0221423506737, 0.0260890964419]
    dvar: [0.000553174642846, 0.00173411751166, 0.00455705355853, 9.24107080209e-05, 0.000109664637421, 0.000150728330482]
    dvar2: [0.00187392998487, 0.00130856770556, 0.00312395393848, 0.000291533389827, 0.000366533058695, 0.000558024039492]
    kurt: [1.04503917694, 22.7655410767, 20.902053833, 0.356320381165, 2.36226415634, 1.66858768463]
    max: [-0.879243433475, -0.486027002335, -0.275931924582, -0.908406257629, -0.910734653473, -0.909155666828]
    mean: [-0.94992351532, -0.535159707069, -0.32297629118, -0.941875219345, -0.951376259327, -0.952619433403]
    median: [-0.957378745079, -0.526996254921, -0.300772100687, -0.947753489017, -0.958225667477, -0.960066914558]
    min: [-0.971803724766, -0.941877365112, -0.933533787727, -0.952391266823, -0.959535062313, -0.961791396141]
    skew: [1.39960193634, -4.55316305161, -4.54098701477, 1.13577592373, 1.75565445423, 1.58660113811]
    var: [0.000549601623788, 0.0049236365594, 0.0117844473571, 0.000144717370858, 0.000146375081385, 0.000166338373674]

SpecPeakAmp:
    dmean: [5.08470693603e-05, 4.44877041446e-05, 0.0263660084456, 0.0263846050948, 0.0296849831939]
    dmean2: [8.86626003194e-05, 7.0533795224e-05, 0.0515806563199, 0.053976342082, 0.0607251189649]
    dvar: [1.46882959129e-08, 1.77297962978e-08, 0.00115734303836, 0.001213229727, 0.00126712245401]
    dvar2: [3.80596674177e-08, 4.42329692873e-08, 0.00308153522201, 0.00246167811565, 0.00315126543865]
    kurt: [36.7596321106, 38.1228141785, -0.751063108444, -0.886379957199, -0.886380195618]
    max: [0.000660006538965, 0.000693378504366, 0.0725261718035, 0.0725267529488, 0.0725234597921]
    mean: [5.40933469892e-05, 5.33710590389e-05, 0.0187225267291, 0.01939695701, 0.01938807033]
    median: [3.97133371735e-05, 4.14512796851e-05, 4.9322781706e-05, 6.84062251821e-05, 6.44568281132e-05]
    min: [1.06437455543e-05, 6.94470190865e-06, 1.5621595594e-05, 1.16691335279e-05, 9.383633369e-06]
    skew: [6.09957790375, 6.25727558136, 1.10135805607, 1.05526280403, 1.0552624464]
    var: [8.68044125468e-09, 9.52240508667e-09, 0.000976620591246, 0.00102619128302, 0.00102641328704]
