
metadata:
    version:
        essentia: "2.1-beta3"

Flux:
    dmean: 0.00281918793917
    dmean2: 0.00357821304351
    dvar: 8.44581300044e-05
    dvar2: 0.000162484604516
    kurt: 9.93193435669
    max: 0.0544696748257
    mean: 0.00356588163413
    median: 2.98174018099e-05
    min: 7.00838427292e-06
    skew: 3.33478426933
    var: 0.000137937924592

Rms:
    dmean: 0.00115236127749
    dmean2: 0.000841032946482
    dvar: 1.36939188451e-05
    dvar2: 6.14421105638e-06
    kurt: 19.5241470337
    max: 0.0386244170368
    mean: 0.0370444282889
    median: 0.0383065417409
    min: 0.0088525665924
    skew: -4.40413570404
    var: 2.60764063569e-05

RollOff:
    dmean: 5.38330078125
    dmean2: 5.0077214241
    dvar: 845.686950684
    dvar2: 686.615844727
    kurt: 38.3793106079
    max: 387.59765625
    mean: 178.0078125
    median: 172.265625
    min: 172.265625
    skew: 6.29871559143
    var: 1018.03265381

SpecCent:
    dmean: 11.5279502869
    dmean2: 9.55681991577
    dvar: 3202.59545898
    dvar2: 2054.68579102
    kurt: 37.2464179993
    max: 627.405700684
    mean: 181.91343689
    median: 170.174682617
    min: 167.323562622
    skew: 6.18597221375
    var: 4665.07958984

Zcr:
    dmean: 0.0003662109375
    dmean2: 0.000397438212531
    dvar: 8.79168510437e-07
    dvar2: 5.7947733012e-07
    kurt: 18.4657287598
    max: 0.0078125
    mean: 0.00735677080229
    median: 0.0078125
    min: 0
    skew: -4.23424196243
    var: 1.8056235831e-06

HarmonicAmpFreq:
    dmean: [0.0178479272872]
    dmean2: [0.0338862203062]
    dvar: [0.00890318118036]
    dvar2: [0.0190346818417]
    kurt: [17.195766449]
    max: [170.29196167]
    mean: [170.260025024]
    median: [170.289703369]
    min: [169.656646729]
    skew: [-4.3517370224]
    var: [0.0158595088869]

HarmonicAmpMag:
    dmean: [0.00212917127647]
    dmean2: [0.00164865702391]
    dvar: [6.3550840423e-05]
    dvar2: [4.35157962784e-05]
    kurt: [15.7021217346]
    max: [0.0540173389018]
    mean: [0.0514241531491]
    median: [0.0540057346225]
    min: [0]
    skew: [-4.07468032837]
    var: [0.000103332844446]

MfccCoeff:
    dmean: [11.3906469345, 5.90432167053, 1.51268208027, 1.26570570469, 1.26162588596, 1.06828844547, 0.71243840456, 0.376295000315, 0.154883474112, 0.512732088566, 0.783166706562, 1.08391797543, 1.35774803162]
    dmean2: [16.4249210358, 7.65670442581, 1.11273241043, 1.18946158886, 1.81778907776, 1.36924064159, 1.08028042316, 0.467758625746, 0.231566011906, 0.628839015961, 0.879783272743, 1.21911847591, 1.41777050495]
    dvar: [2400.34985352, 557.548400879, 25.282245636, 19.1561508179, 21.5608005524, 15.5492219925, 9.8508310318, 2.06599974632, 0.383880347013, 3.28070998192, 9.26623630524, 17.6187934875, 25.3195266724]
    dvar2: [5985.80029297, 1266.0793457, 15.29637146, 16.8839492798, 36.3956108093, 22.3846511841, 15.4098100662, 2.49203038216, 0.725829899311, 4.57229042053, 10.7140283585, 20.6319046021, 27.8155651093]
    kurt: [36.3758888245, 18.4639663696, 14.7071762085, 21.0755844116, 16.2948570251, 13.6768722534, 11.0620298386, 9.61585140228, 12.7510576248, 16.9389476776, 16.3065605164, 15.0320854187, 14.1466140747]
    max: [-870.400512695, 155.990234375, 87.6907348633, 68.1770477295, 53.9888801575, 38.0330505371, 21.61977005, 8.18574714661, -2.00239562988, -2.94429016113, -2.83728408813, -2.00910949707, -0.852470397949]
    mean: [-1084.50463867, 69.6301498413, 62.3031425476, 54.5475082397, 44.291809082, 32.7822227478, 20.2613010406, 7.60388994217, -4.73191452026, -16.0203742981, -25.8057842255, -33.5690765381, -39.0698394775]
    median: [-1089.69567871, 67.3358535767, 62.7140235901, 55.3108062744, 45.5520210266, 33.9999389648, 21.3067970276, 8.17870521545, -4.66909790039, -16.5642852783, -26.9106349945, -35.2281150818, -41.1810569763]
    min: [-1120.87524414, 23.8939933777, 21.2760314941, 17.343875885, 12.6590423584, 7.85849761963, 3.54103469849, -0.257736206055, -7.84852600098, -19.1335983276, -27.4627437592, -35.2311668396, -41.182888031]
    skew: [6.04234457016, 3.32072806358, -2.24303531647, -4.1175699234, -4.05832052231, -3.80468130112, -3.58043575287, -3.36720108986, -1.34907746315, 4.14194154739, 4.13438129425, 3.99240231514, 3.86906456947]
    var: [1089.58508301, 253.096832275, 65.7444458008, 43.3167381287, 40.5567703247, 26.5708274841, 15.8498888016, 3.95862913132, 0.497519135475, 6.38088941574, 19.9687709808, 39.9280281067, 59.9117088318]

SpecContrastCoeff:
    dmean: [0.0349053032696, 0.00820793863386, 0.0075731575489, 0.00828204955906, 0.00837287679315, 0.00869176909328]
    dmean2: [0.0322040170431, 0.0140740247443, 0.0120859313756, 0.0136044118553, 0.0128581840545, 0.0105969961733]
    dvar: [0.00790064036846, 0.000425920559792, 0.000219170789933, 0.000164154989761, 0.000121089629829, 6.13525990047e-05]
    dvar2: [0.00595080899075, 0.000958234304562, 0.000582509324886, 0.000374317984097, 0.000249070639256, 0.000105801504105]
    kurt: [15.0571670532, 7.48797607422, 16.615316391, 5.31141853333, 4.5247092247, -0.50212430954]
    max: [-0.176340728998, -0.837472319603, -0.887340664864, -0.908996045589, -0.908467054367, -0.922265052795]
    mean: [-0.231159552932, -0.947442948818, -0.962157011032, -0.962451100349, -0.957936942577, -0.948401749134]
    median: [-0.192250624299, -0.95763874054, -0.968141138554, -0.968778312206, -0.964036226273, -0.95313847065]
    min: [-0.978379845619, -0.959320783615, -0.968786597252, -0.969772040844, -0.966378748417, -0.962179124355]
    skew: [-3.91222929955, 2.94588160515, 3.75565457344, 2.4145386219, 2.13251876831, 0.938346505165]
    var: [0.0212097465992, 0.000720132142305, 0.000190446691704, 0.000182164032594, 0.000151370695676, 0.000145162543049]

SpecPeakAmp:
    dmean: [0.00877337623388, 0.00769381411374, 4.15211798099e-05, 3.21653678839e-05, 2.84438592644e-05]
    dmean2: [0.0159817896783, 0.0153644178063, 5.4956159147e-05, 4.69258411613e-05, 4.18071140302e-05]
    dvar: [0.000361533631803, 0.000341558392392, 1.92637354957e-08, 1.30388153607e-08, 1.14547811236e-08]
    dvar2: [0.00100277632009, 0.000885287008714, 3.96153865267e-08, 3.18484296713e-08, 2.89272676923e-08]
    kurt: [7.60287761688, 2.92764282227, 17.4736099243, 27.4597053528, 33.6523284912]
    max: [0.0540173389018, 0.0540173202753, 0.000585046363994, 0.000540884037036, 0.000515428604558]
    mean: [0.00433138897642, 0.0471444800496, 4.14239038946e-05, 2.76301761915e-05, 2.3048640287e-05]
    median: [2.66538118012e-05, 0.0540037080646, 1.79540547833e-05, 1.00991583167e-05, 8.62254455569e-06]
    min: [5.66869130125e-06, 1.8611573978e-05, 8.36185245134e-06, 4.70177337775e-06, 3.82857751902e-06]
    skew: [3.0589864254, -2.20461201668, 4.40606784821, 5.26503038406, 5.83307743073]
    var: [0.00019648228772, 0.000309947761707, 1.33423929682e-08, 7.2393353534e-09, 5.98524296791e-09]
