
metadata:
    version:
        essentia: "2.1-beta3"

Flux:
    dmean: 0.0353804677725
    dmean2: 0.0463082194328
    dvar: 0.0135990791023
    dvar2: 0.0261743627489
    kurt: 9.45608139038
    max: 0.695599853992
    mean: 0.0471569821239
    median: 0.00146723643411
    min: 0.000126185914269
    skew: 3.27398681641
    var: 0.0229434408247

Rms:
    dmean: 0.0141456266865
    dmean2: 0.0105805573985
    dvar: 0.00256012170576
    dvar2: 0.00115215324331
    kurt: 20.9918041229
    max: 0.500015079975
    mean: 0.482303500175
    median: 0.499810278416
    min: 0.0929100215435
    skew: -4.54671764374
    var: 0.00475969910622

RollOff:
    dmean: 9.78781986237
    dmean2: 9.51467132568
    dvar: 3339.63745117
    dvar2: 3047.39038086
    kurt: 39.559173584
    max: 1098.19335938
    mean: 699.111328125
    median: 689.0625
    min: 689.0625
    skew: 6.42932271957
    var: 3639.36376953

SpecCent:
    dmean: 14.8838386536
    dmean2: 14.1175851822
    dvar: 7685.08642578
    dvar2: 6429.31591797
    kurt: 39.3722229004
    max: 1321.75793457
    mean: 694.032775879
    median: 678.523376465
    min: 676.46105957
    skew: 6.40959262848
    var: 9024.00878906

Zcr:
    dmean: 0.00104314635973
    dmean2: 0.000749454949982
    dvar: 1.42139770105e-05
    dvar2: 9.79566993919e-06
    kurt: 17.7760066986
    max: 0.03125
    mean: 0.0294487848878
    median: 0.03076171875
    min: 0.0009765625
    skew: -4.23161888123
    var: 2.78559982689e-05

HarmonicAmpFreq:
    dmean: [1.3901283741]
    dmean2: [1.43107569218]
    dvar: [80.8175582886]
    dvar2: [82.0224685669]
    kurt: [40.018951416]
    max: [739.623657227]
    mean: [680.400939941]
    median: [679.059936523]
    min: [678.837158203]
    skew: [6.48204708099]
    var: [79.7155532837]

HarmonicAmpMag:
    dmean: [0.0304120965302]
    dmean2: [0.0405559167266]
    dvar: [0.0144983176142]
    dvar2: [0.021196834743]
    kurt: [8.78374958038]
    max: [0.668203413486]
    mean: [0.617736041546]
    median: [0.668138980865]
    min: [0]
    skew: [-3.23962664604]
    var: [0.0287552010268]

MfccCoeff:
    dmean: [38.5012817383, 25.8460388184, 38.0407447815, 4.85299825668, 8.03436374664, 5.11284685135, 2.75058960915, 1.85958468914, 2.98203349113, 2.92352128029, 1.54683482647, 1.05535125732, 2.01612496376]
    dmean2: [64.8367614746, 49.1390457153, 76.7145309448, 8.46451759338, 14.0432271957, 9.0062046051, 5.08347606659, 2.40880417824, 4.3811674118, 3.97320246696, 1.86897015572, 1.90998446941, 2.73747634888]
    dvar: [6731.05664062, 211.612808228, 531.491699219, 49.7288856506, 68.0294342041, 52.3537712097, 12.6147890091, 7.65653657913, 30.3247756958, 32.8668670654, 7.17988443375, 4.81434202194, 29.0651874542]
    dvar2: [16195.2236328, 801.927307129, 2000.21679688, 130.756774902, 115.270141602, 120.815948486, 42.7488365173, 7.57854604721, 29.7307949066, 31.4754295349, 7.87066316605, 10.5408668518, 38.0019378662]
    kurt: [32.6939697266, 0.899143695831, -1.21197998524, 4.63252401352, 5.86190700531, 9.81217193604, 2.04705095291, 13.8047523499, 14.6151924133, 15.3833885193, 16.0664958954, 9.35782814026, 14.2568321228]
    max: [-565.854248047, 211.944030762, 41.7518043518, -31.6925735474, -35.8697013855, -24.0953598022, -8.75416564941, 30.6717777252, 57.2139549255, 54.4124679565, 25.4083518982, -3.27938079834, -0.893447875977]
    mean: [-944.780700684, 153.264007568, 3.10031032562, -59.5837440491, -80.0591583252, -60.6010475159, -18.0796012878, 26.3958282471, 52.7326698303, 49.5887680054, 22.0535106659, -13.8456869125, -38.9811859131]
    median: [-948.71484375, 158.187530518, 1.36975097656, -59.6241836548, -80.3452453613, -62.0523796082, -17.897895813, 27.7863483429, 55.2659339905, 51.6792984009, 23.3213157654, -14.339263916, -40.7588195801]
    min: [-993.892578125, 96.7074127197, -33.9828910828, -74.2340774536, -100.78237915, -72.0194396973, -26.5637588501, 1.05179595947, 6.7409324646, 3.06394958496, -1.24354934692, -17.5230941772, -43.8120117188]
    skew: [5.63459396362, -0.295896202326, 0.173142820597, 1.44070279598, 1.78780710697, 2.92651295662, -0.220570072532, -3.62961483002, -3.89092922211, -3.96792578697, -3.94961094856, 2.97151613235, 3.87177228928]
    var: [3586.66796875, 409.159637451, 538.971008301, 54.0228042603, 113.49105835, 66.6183395386, 9.9730091095, 25.3770065308, 85.4772872925, 82.7395019531, 19.7186470032, 6.52450561523, 59.0042419434]

SpecContrastCoeff:
    dmean: [0.0352796390653, 0.0471759997308, 0.0355557464063, 0.0157917905599, 0.0100672570989, 0.00683659594506]
    dmean2: [0.06888551265, 0.0744942873716, 0.0404234975576, 0.0312488470227, 0.0170316342264, 0.0103171560913]
    dvar: [0.00124766968656, 0.00382622121833, 0.00767928408459, 0.0001537388016, 0.000116593553685, 0.000204284777283]
    dvar2: [0.00463160919026, 0.00251046544872, 0.00346814817749, 0.000478676724015, 0.000350800313754, 0.000379304459784]
    kurt: [2.72675514221, 26.0570831299, 25.3317184448, 1.63649940491, 6.99223327637, 11.0996417999]
    max: [-0.85014051199, -0.34313455224, -0.0966077521443, -0.881889939308, -0.883494257927, -0.879649281502]
    mean: [-0.961729168892, -0.397890090942, -0.146431759, -0.928220629692, -0.943187057972, -0.950641810894]
    median: [-0.978101968765, -0.386040866375, -0.119067855179, -0.934997677803, -0.949815511703, -0.955677032471]
    min: [-0.985525131226, -0.912381649017, -0.914326786995, -0.940266430378, -0.950520932674, -0.956796050072]
    skew: [1.83568549156, -4.91257143021, -4.97006511688, 1.57833743095, 2.55711698532, 3.36866545677]
    var: [0.00107098044828, 0.00735541246831, 0.0167184043676, 0.000240166569711, 0.000181680414244, 0.000225012743613]
