
metadata:
    version:
        essentia: "2.1-beta3"

Flux:
    dmean: 0.019530236721
    dmean2: 0
    dvar: 0
    dvar2: 0
    kurt: -2
    max: 0.428316622972
    mean: 0.418551504612
    median: 0.418551504612
    min: 0.408786386251
    skew: 0
    var: 9.53575363383e-05

Rms:
    dmean: 0
    dmean2: 0
    dvar: 0
    dvar2: 0
    kurt: 0
    max: 0.146657735109
    mean: 0.146657735109
    median: 0.146657735109
    min: 0.146657735109
    skew: 0
    var: 0

RollOff:
    dmean: 258.3984375
    dmean2: 0
    dvar: 0
    dvar2: 0
    kurt: -1.99999988079
    max: 1205.859375
    mean: 1076.66015625
    median: 1076.66015625
    min: 947.4609375
    skew: 0
    var: 16692.4375

SpecCent:
    dmean: 186.766479492
    dmean2: 0
    dvar: 0
    dvar2: 0
    kurt: -2
    max: 1025.93933105
    mean: 932.556091309
    median: 932.556091309
    min: 839.172851562
    skew: 0
    var: 8720.4296875

Zcr:
    dmean: 0
    dmean2: 0
    dvar: 0
    dvar2: 0
    kurt: 0
    max: 0.01171875
    mean: 0.01171875
    median: 0.01171875
    min: 0.01171875
    skew: 0
    var: 0

HarmonicAmpFreq:
    dmean: [30.6618041992]
    dmean2: [0]
    dvar: [0]
    dvar2: [0]
    kurt: [-1.99999988079]
    max: [877.899353027]
    mean: [862.568481445]
    median: [862.568481445]
    min: [847.237548828]
    skew: [-5.96237896389e-06]
    var: [235.036560059]

HarmonicAmpMag:
    dmean: [0.121000632644]
    dmean2: [0]
    dvar: [0]
    dvar2: [0]
    kurt: [-2]
    max: [0.121000632644]
    mean: [0.0605003163218]
    median: [0.0605003163218]
    min: [0]
    skew: [0]
    var: [0.00366028817371]

MfccCoeff:
    dmean: [409.45300293, 1.73287963867, 24.9456443787, 67.970741272, 4.66125488281, 39.5020599365, 34.7704582214, 1.64446640015, 21.555891037, 16.085975647, 3.47675132751, 10.1340866089, 3.75474739075]
    dmean2: [0, 0, 0, 0, 0, 0, 0, 0, 0, 0, 0, 0, 0]
    dvar: [0, 0, 0, 0, 0, 0, 0, 0, 0, 0, 0, 0, 0]
    dvar2: [0, 0, 0, 0, 0, 0, 0, 0, 0, 0, 0, 0, 0]
    kurt: [-2, -2, -1.99999988079, -1.99999988079, -2, -2, -2, -1.99999988079, -2, -1.99999988079, -2, -2, -2]
    max: [-564.722045898, 136.030731201, -16.0717468262, -40.8701782227, -46.0531921387, 23.7099304199, 43.3510818481, 20.7923946381, 12.3355083466, 0.22144317627, -4.66109848022, 3.88035583496, 2.21597290039]
    mean: [-769.448547363, 135.164291382, -28.5445690155, -74.8555450439, -48.3838195801, 3.95889949799, 25.9658527374, 19.970161438, 1.55756282806, -7.82154464722, -6.39947414398, -1.18668746948, 0.338599205017]
    median: [-769.448547363, 135.164291382, -28.5445690155, -74.8555450439, -48.3838195801, 3.95889949799, 25.9658527374, 19.970161438, 1.55756282806, -7.82154464722, -6.39947414398, -1.18668746948, 0.338599205017]
    min: [-974.175048828, 134.297851562, -41.0173912048, -108.840919495, -50.7144470215, -15.792131424, 8.58062362671, 19.1479282379, -9.22038269043, -15.8645324707, -8.13784980774, -6.25373077393, -1.53877449036]
    skew: [0, 0, 0, -3.48298868857e-07, 0, 0, 0, 0, 0, 0, 0, 0, 0]
    var: [41912.9414062, 0.750717937946, 155.571289062, 1155.00537109, 5.43182420731, 390.103179932, 302.246185303, 0.6760674119, 116.164108276, 64.6896514893, 3.02195000648, 25.6749286652, 3.5245320797]

SpecContrastCoeff:
    dmean: [0.019200861454, 0.118971705437, 0.107174932957, 0.249581217766, 0.0219645500183, 0.0256632566452]
    dmean2: [0, 0, 0, 0, 0, 0]
    dvar: [0, 0, 0, 0, 0, 0]
    dvar2: [0, 0, 0, 0, 0, 0]
    kurt: [-2, -2, -2.00000023842, -2, -2, -2]
    max: [-0.956202983856, -0.76701104641, -0.685134112835, -0.605684578419, -0.92043620348, -0.93304246664]
    mean: [-0.965803384781, -0.826496899128, -0.738721609116, -0.730475187302, -0.931418478489, -0.945874094963]
    median: [-0.965803384781, -0.826496899128, -0.738721609116, -0.730475187302, -0.931418478489, -0.945874094963]
    min: [-0.97540384531, -0.885982751846, -0.792309045792, -0.855265796185, -0.942400753498, -0.958705723286]
    skew: [-9.28273402678e-06, 0, 1.65488745552e-06, 0, 0, 0]
    var: [9.21682658372e-05, 0.00353856664151, 0.00287161674351, 0.0155726959929, 0.000120610362501, 0.000164650686202]

SpecPeakAmp:
    dmean: [0.120865233243, 0.0587473362684, 0.0295554567128, 0.0156953558326, 0.0104531832039]
    dmean2: [0, 0, 0, 0, 0]
    dvar: [0, 0, 0, 0, 0]
    dvar2: [0, 0, 0, 0, 0]
    kurt: [-2, -2, -2, -1.99999988079, -1.99999988079]
    max: [0.121000632644, 0.0588933713734, 0.0297146514058, 0.015878342092, 0.0106734056026]
    mean: [0.0605680160224, 0.0295197032392, 0.0149369230494, 0.00803066417575, 0.00544681400061]
    median: [0.0605680160224, 0.0295197032392, 0.0149369230494, 0.00803066417575, 0.00544681400061]
    min: [0.000135399895953, 0.000146036196384, 0.000159194663865, 0.000182987118023, 0.000220222413191]
    skew: [0, 1.0765814551e-07, 0, 1.76420087428e-07, 0]
    var: [0.00365210114978, 0.000862812332343, 0.00021838126122, 6.15860408288e-05, 2.73172590823e-05]
