
metadata:
    version:
        essentia: "2.1-beta3"

Flux:
    dmean: 7.33765091354e-06
    dmean2: 1.09170159703e-05
    dvar: 6.08657901857e-10
    dvar2: 1.2942302785e-09
    kurt: 13.736951828
    max: 0.000133506822749
    mean: 8.06660591479e-06
    median: 1.38690904805e-06
    min: 1.09079223876e-07
    skew: 3.83422255516
    var: 6.54345189144e-10

Rms:
    dmean: 1.76965068022e-06
    dmean2: 1.61407785981e-06
    dvar: 4.91893505095e-11
    dvar2: 3.75094018346e-11
    kurt: 19.5334720612
    max: 0.000108268286567
    mean: 0.000106256593426
    median: 0.000108130640001
    min: 6.30435679341e-05
    skew: -4.50277042389
    var: 6.39087949228e-11

RollOff:
    dmean: 0
    dmean2: 0
    dvar: 0
    dvar2: 0
    kurt: 0
    max: 1378.125
    mean: 1378.125
    median: 1378.125
    min: 1378.125
    skew: 0
    var: 0

SpecCent:
    dmean: 2.35404372215
    dmean2: 2.12906599045
    dvar: 45.4090614319
    dvar2: 16.6800270081
    kurt: 27.8829116821
    max: 1668.65466309
    mean: 1605.81750488
    median: 1603.86108398
    min: 1601.66210938
    skew: 5.25554466248
    var: 108.117179871

Zcr:
    dmean: 0.00146484375
    dmean2: 0.0014532180503
    dvar: 3.8723614125e-05
    dvar2: 3.56661403202e-05
    kurt: 17.5215702057
    max: 0.06201171875
    mean: 0.06005859375
    median: 0.0615234375
    min: 0.02783203125
    skew: -4.38826179504
    var: 4.20808792114e-05

HarmonicAmpFreq:
    dmean: [0]
    dmean2: [0]
    dvar: [0]
    dvar2: [0]
    kurt: [-2]
    max: [1358.36474609]
    mean: [1358.36425781]
    median: [1358.36474609]
    min: [1358.36474609]
    skew: [1]
    var: [2.38418579102e-07]

HarmonicAmpMag:
    dmean: [0]
    dmean2: [0]
    dvar: [0]
    dvar2: [0]
    kurt: [nan]
    max: [0]
    mean: [0]
    median: [0]
    min: [0]
    skew: [nan]
    var: [0]

MfccCoeff:
    dmean: [0.0974745675921, 0.0513348244131, 0.0992701351643, 0.124762244523, 0.00597789697349, 0.127732738853, 0.0885158777237, 0.060281265527, 0.131096065044, 0.0373790636659, 0.100310921669, 0.109575845301, 0.0173403713852]
    dmean2: [0.10021391511, 0.0527917779982, 0.10204423964, 0.128290817142, 0.00616600411013, 0.131305143237, 0.0910673588514, 0.0619023628533, 0.134789600968, 0.0385395213962, 0.103046961129, 0.112717218697, 0.0178760346025]
    dvar: [0.200048491359, 0.0550076700747, 0.209031641483, 0.326299309731, 0.00120491173584, 0.346184521914, 0.161326810718, 0.0811157971621, 0.361910700798, 0.027105666697, 0.219801142812, 0.248378381133, 0.0101498458534]
    dvar2: [0.202124089003, 0.0555701814592, 0.211252093315, 0.329668849707, 0.00123117794283, 0.349857330322, 0.162925168872, 0.0820803791285, 0.365687131882, 0.0273490063846, 0.222293242812, 0.250866621733, 0.0103725269437]
    kurt: [23.0936946869, 22.5778541565, 23.51587677, 22.8308620453, 38.0548439026, 23.5352516174, 21.7507896423, 26.2875537872, 23.0976982117, 18.0302295685, 25.1530952454, 22.0343208313, 38.0541915894]
    max: [-1135.78466797, 1.37195968628, -6.103515625e-05, 8.01086425781e-05, 0.22981262207, 3.48682403564, 2.32010269165, -5.34057617188e-05, -4.57763671875e-05, -2.28881835938e-05, 2.83218002319, 2.89168548584, -3.81469726562e-05]
    mean: [-1135.8848877, 1.31913375854, -2.60693335533, -3.2250418663, 0.223898798227, 3.35574746132, 2.22885036469, -1.67965364456, -3.40996718407, -0.82948076725, 2.72966003418, 2.77880239487, -0.650011956692]
    median: [-1135.79272461, 1.36759567261, -2.70082092285, -3.34286117554, 0.229675292969, 3.47655487061, 2.3122215271, -1.73699188232, -3.53383636475, -0.864311218262, 2.82488250732, 2.88207626343, -0.666786193848]
    min: [-1138.42004395, 1.14440917969e-05, -2.70881652832, -3.35328292847, -6.103515625e-05, 2.28881835938e-05, -2.67028808594e-05, -1.74108886719, -3.5446472168, -0.868492126465, -2.67028808594e-05, -3.0517578125e-05, -0.667144775391]
    skew: [-4.88034486771, -4.83573246002, 4.91754722595, 4.85774755478, -6.29636383057, -4.91924142838, -4.76404905319, 5.16278839111, 4.8810043335, 4.4463891983, -5.06174230576, -4.78857946396, 6.29629850388]
    var: [0.197918504477, 0.0544308759272, 0.206765159965, 0.322845071554, 0.00118017743807, 0.342432141304, 0.159679055214, 0.0801457762718, 0.358044713736, 0.0268544089049, 0.217279419303, 0.245816573501, 0.00994035694748]

SpecContrastCoeff:
    dmean: [0.0277676936239, 0.0137574495748, 0.0160784125328, 0.0129217542708, 0.00811618287116, 0.00627564964816]
    dmean2: [0.0371648967266, 0.0192488841712, 0.0233184248209, 0.01751816459, 0.01209039893, 0.00972729362547]
    dvar: [0.00161063345149, 0.000419140385929, 0.0003880893928, 0.000780182890594, 7.50796316424e-05, 4.02963341912e-05]
    dvar2: [0.00168853718787, 0.000590003503021, 0.000431674183346, 0.000814801896922, 9.90565458778e-05, 5.43478163308e-05]
    kurt: [10.6592407227, 10.5285377502, 10.5057907104, 15.8492279053, 7.4132194519, 9.69097328186]
    max: [-0.607844769955, -0.85792183876, -0.803131461143, -0.607450485229, -0.852482616901, -0.855940937996]
    mean: [-0.656603753567, -0.879683077335, -0.832322359085, -0.627017736435, -0.868629693985, -0.867347121239]
    median: [-0.652233958244, -0.876285195351, -0.829597651958, -0.620620191097, -0.867453575134, -0.867218255997]
    min: [-0.883779764175, -0.985311865807, -0.954991400242, -0.780474245548, -0.913337647915, -0.911985456944]
    skew: [-3.07995700836, -2.96985149384, -3.00332045555, -4.08996486664, -2.41226434708, -2.64096522331]
    var: [0.00258037750609, 0.000508140947204, 0.000727413280401, 0.000973021611571, 0.000126172351884, 8.94295080798e-05]

SpecPeakAmp:
    dmean: [2.54616281836e-07, 9.96931319719e-08, 1.2151818396e-07, 1.33472042307e-07, 1.0616576418e-07]
    dmean2: [2.54764472629e-07, 1.17687079637e-07, 1.52490969185e-07, 2.14823600686e-07, 1.40572794294e-07]
    dvar: [7.03756660152e-13, 7.61874965243e-14, 7.01588852119e-14, 7.42983894352e-14, 1.19995823716e-13]
    dvar2: [7.36137171185e-13, 7.68853703577e-14, 6.88420877921e-14, 8.5956612108e-14, 1.21136526374e-13]
    kurt: [13.4298801422, 28.9164466858, 28.6642417908, 30.2025756836, 35.2106323242]
    max: [1.71893261722e-05, 1.96689939003e-06, 2.01619491236e-06, 1.85693045296e-06, 2.52936592915e-06]
    mean: [1.65782348631e-05, 1.83151144029e-07, 2.21483972496e-07, 1.48458184412e-07, 3.02153580378e-07]
    median: [1.67064627021e-05, 1.23836031207e-07, 1.51139047944e-07, 8.68949285859e-08, 2.50268158197e-07]
    min: [1.25269079945e-05, 5.30158459355e-08, 6.08741999031e-08, 2.75472924471e-08, 5.36138813345e-08]
    skew: [-3.65845108032, 5.31065130234, 5.20164346695, 5.38741159439, 5.96757411957]
    var: [7.69122938081e-13, 8.533625873e-14, 8.64612675617e-14, 7.64261633038e-14, 1.21021614496e-13]
