
metadata:
    version:
        essentia: "2.1-beta3"

Flux:
    dmean: 0.000176195811946
    dmean2: 0.000233784900047
    dvar: 3.34069198971e-07
    dvar2: 6.59086026644e-07
    kurt: 9.54560184479
    max: 0.00335442041978
    mean: 0.000229780824156
    median: 7.03955447534e-06
    min: 5.6115973166e-06
    skew: 3.29024124146
    var: 5.42138479886e-07

Rms:
    dmean: 6.8265660957e-05
    dmean2: 4.97958972119e-05
    dvar: 6.08769710198e-08
    dvar2: 2.74154068336e-08
    kurt: 20.7763977051
    max: 0.00242457934655
    mean: 0.00233795912936
    median: 0.00242351158522
    min: 0.000445484853117
    skew: -4.52613019943
    var: 1.13120989909e-07

RollOff:
    dmean: 7.34086465836
    dmean2: 7.51158237457
    dvar: 2317.19702148
    dvar2: 2369.80249023
    kurt: 40.0227279663
    max: 1701.12304688
    mean: 1385.30273438
    median: 1378.125
    min: 1378.125
    skew: 6.48249435425
    var: 2266.87426758

SpecCent:
    dmean: 8.87160682678
    dmean2: 8.39929485321
    dvar: 2825.75976562
    dvar2: 2470.10131836
    kurt: 39.5824546814
    max: 1739.54638672
    mean: 1365.18041992
    median: 1356.03039551
    min: 1355.58691406
    skew: 6.43258571625
    var: 3201.66308594

Zcr:
    dmean: 0.00208629271947
    dmean2: 0.00151026528329
    dvar: 5.68667528569e-05
    dvar2: 3.84886952816e-05
    kurt: 17.9478435516
    max: 0.06201171875
    mean: 0.0589084215462
    median: 0.0615234375
    min: 0.001953125
    skew: -4.24881267548
    var: 0.000110839806439

HarmonicAmpFreq:
    dmean: [0.43548861146]
    dmean2: [0.44561624527]
    dvar: [8.1549654007]
    dvar2: [8.34010219574]
    kurt: [40.0196380615]
    max: [1376.86804199]
    mean: [1358.13269043]
    median: [1357.70654297]
    min: [1357.70654297]
    skew: [6.48213624954]
    var: [7.9778637886]

HarmonicAmpMag:
    dmean: [8.49548982274e-08]
    dmean2: [8.69305907258e-08]
    dvar: [3.10345390879e-13]
    dvar2: [3.17390970277e-13]
    kurt: [40.0227241516]
    max: [3.73801549358e-06]
    mean: [8.30670074947e-08]
    median: [0]
    min: [0]
    skew: [6.48249340057]
    var: [3.03605637809e-13]

MfccCoeff:
    dmean: [1.30580556393, 0.658549904823, 1.29755663872, 1.47595477104, 0.135659307241, 1.29077267647, 0.712028503418, 0.505743920803, 0.802357912064, 0.282980650663, 0.543890357018, 0.681244134903, 0.058384116739]
    dmean2: [1.70791697502, 0.851167917252, 1.69519853592, 1.88168954849, 0.205506786704, 1.60012972355, 0.807595908642, 0.61754077673, 0.832938790321, 0.218254089355, 0.494064509869, 0.518909394741, 0.0817365422845]
    dvar: [33.9358062744, 8.69367313385, 33.5556488037, 44.1669921875, 0.386334061623, 34.758731842, 11.8515968323, 5.4647436142, 17.4166812897, 1.28384065628, 6.30780076981, 7.41267824173, 0.0757256224751]
    dvar2: [66.120262146, 16.4538936615, 65.1911239624, 80.7401199341, 0.97598272562, 59.0369796753, 15.8109483719, 8.90333938599, 18.4500465393, 0.636929869652, 4.68367481232, 3.5965025425, 0.165617585182]
    kurt: [18.2482032776, 19.0768013, 18.3326778412, 20.4554214478, 39.4824790955, 23.8545856476, 31.6053924561, 25.9299278259, 33.8218917847, 27.6428203583, 32.766204834, 27.6486568451, 21.73960495]
    max: [-1102.63684082, 18.2774162292, -6.103515625e-05, 8.01086425781e-05, 3.09660339355, 37.4921264648, 22.4062995911, -5.34057617188e-05, -4.57763671875e-05, -2.28881835938e-05, 18.6792411804, 23.2441730499, -3.81469726562e-05]
    mean: [-1118.84326172, 10.5121850967, -19.5934810638, -25.2307472229, 0.28821003437, 25.0061626434, 18.5292663574, -10.4678554535, -25.8648052216, -9.23267173767, 18.0874290466, 22.4073886871, -0.672716259956]
    median: [-1118.63232422, 10.6475334167, -19.8082466125, -25.6084976196, 0.229690551758, 25.4667663574, 18.998462677, -10.6753005981, -26.6144180298, -9.57746887207, 18.6788291931, 23.2436618805, -0.666816711426]
    min: [-1138.42004395, 1.14440917969e-05, -35.620098114, -41.5930862427, -6.103515625e-05, 2.28881835938e-05, -2.67028808594e-05, -14.9820175171, -27.1415481567, -9.57768249512, -2.67028808594e-05, -3.0517578125e-05, -1.61004638672]
    skew: [-1.29642271996, -1.99320435524, 1.37236523628, 2.71494722366, 6.41468667984, -3.88286519051, -5.53453350067, 4.38694286346, 5.85099506378, 5.1971282959, -5.72345876694, -5.19858932495, -2.26310968399]
    var: [15.0561227798, 4.00323343277, 14.9385509491, 21.3095378876, 0.180397540331, 18.5861988068, 8.73250770569, 3.09609508514, 16.475730896, 2.31057476997, 8.17350292206, 13.609960556, 0.0296190492809]

SpecContrastCoeff:
    dmean: [0.0218638554215, 0.016285404563, 0.0115145239979, 0.0194175522774, 0.00870018824935, 0.00718668242916]
    dmean2: [0.0330599136651, 0.0256672911346, 0.0181639622897, 0.0226903520525, 0.0159858390689, 0.0130398012698]
    dvar: [0.00125367683358, 0.000137744602398, 7.95315281721e-05, 0.00299798906781, 5.20659596077e-05, 6.82819299982e-05]
    dvar2: [0.00198827823624, 0.000359545840183, 0.000231663783779, 0.00316612771712, 0.000123283112771, 0.00017074738571]
    kurt: [10.8603582382, 2.9900097847, 2.56530809402, 15.8223247528, 3.08133792877, 9.17404174805]
    max: [-0.695256829262, -0.879744529724, -0.862556576729, -0.409016788006, -0.892549037933, -0.894198715687]
    mean: [-0.732390284538, -0.911920070648, -0.911026060581, -0.442872524261, -0.907337248325, -0.911202669144]
    median: [-0.717283964157, -0.909834086895, -0.911501169205, -0.42001286149, -0.90586656332, -0.909498095512]
    min: [-0.977821588516, -0.978658258915, -0.930277168751, -0.883417844772, -0.943068504333, -0.958622455597]
    skew: [-3.37461686134, -1.3810904026, 1.03894245625, -4.05165910721, -1.58637797832, -2.77597141266]
    var: [0.00317904772237, 0.000344814470736, 0.000166243829881, 0.0074116573669, 9.52712289291e-05, 0.000117734074593]

SpecPeakAmp:
    dmean: [6.8972030931e-07, 6.57969223994e-07, 7.89616706243e-07, 8.85763995484e-07, 9.15282669212e-07]
    dmean2: [8.06131083664e-07, 1.04097773601e-06, 1.3031741446e-06, 1.38666280236e-06, 1.44302714489e-06]
    dvar: [4.08047857656e-12, 4.18985028963e-12, 5.13334253577e-12, 6.8310053794e-12, 7.77667426982e-12]
    dvar2: [2.58511202895e-12, 1.09408784116e-11, 1.32499046457e-11, 1.75667536073e-11, 1.97785919587e-11]
    kurt: [30.0805015564, 30.3881072998, 37.7961997986, 38.2634239197, 37.9608726501]
    max: [1.75193799805e-05, 1.19998494483e-05, 1.20246904771e-05, 1.33171788548e-05, 1.43284951264e-05]
    mean: [1.61630923685e-05, 7.42527220154e-07, 1.010305823e-06, 9.18197713418e-07, 1.09119218905e-06]
    median: [1.66248009918e-05, 2.86059986365e-07, 8.41904522986e-07, 5.28943417066e-07, 8.78020898654e-07]
    min: [7.23536459191e-07, 1.22956521409e-07, 1.68243133203e-07, 2.61780314759e-07, 1.68797384958e-07]
    skew: [-5.40768384933, 5.45334100723, 6.21311664581, 6.27580595016, 6.23610830307]
    var: [6.19739025723e-12, 3.27934229251e-12, 2.83169711637e-12, 3.5677873416e-12, 4.08168204097e-12]
