
metadata:
    version:
        essentia: "2.1-beta3"

Flux:
    dmean: 0.00394339906052
    dmean2: 0.00519130798057
    dvar: 0.000167975755176
    dvar2: 0.00032981557888
    kurt: 9.59136104584
    max: 0.0753957852721
    mean: 0.00502209318802
    median: 1.73328244273e-05
    min: 1.40637475852e-05
    skew: 3.29532051086
    var: 0.000273422338068

Rms:
    dmean: 0.00152785587125
    dmean2: 0.00111421593465
    dvar: 3.05981011479e-05
    dvar2: 1.38040968523e-05
    kurt: 20.8926315308
    max: 0.0542706623673
    mean: 0.0523327924311
    median: 0.0542479380965
    min: 0.00986063107848
    skew: -4.5373134613
    var: 5.6788103393e-05

RollOff:
    dmean: 5.87269163132
    dmean2: 6.00926589966
    dvar: 1483.00585938
    dvar2: 1516.67382812
    kurt: 40.022731781
    max: 1636.5234375
    mean: 1383.8671875
    median: 1378.125
    min: 1378.125
    skew: 6.48249483109
    var: 1450.79943848

SpecCent:
    dmean: 3.38451600075
    dmean2: 3.16820716858
    dvar: 388.661590576
    dvar2: 346.163482666
    kurt: 39.532989502
    max: 1496.48730469
    mean: 1358.60949707
    median: 1355.44360352
    min: 1350.01464844
    skew: 6.42558526993
    var: 434.536590576

Zcr:
    dmean: 0.00208629271947
    dmean2: 0.00151026528329
    dvar: 5.68667528569e-05
    dvar2: 3.84886952816e-05
    kurt: 17.9478435516
    max: 0.06201171875
    mean: 0.0589084215462
    median: 0.0615234375
    min: 0.001953125
    skew: -4.24881267548
    var: 0.000110839806439

HarmonicAmpFreq:
    dmean: [0.167605310678]
    dmean2: [0.17150311172]
    dvar: [1.20793616772]
    dvar2: [1.2353593111]
    kurt: [40.0213088989]
    max: [1357.70703125]
    mean: [1357.54309082]
    median: [1357.70703125]
    min: [1350.33239746]
    skew: [-6.48232984543]
    var: [1.1817035675]

HarmonicAmpMag:
    dmean: [1.8979495735e-06]
    dmean2: [1.94208791982e-06]
    dvar: [1.5489515226e-10]
    dvar2: [1.58411617157e-10]
    kurt: [40.0227241516]
    max: [8.35097816889e-05]
    mean: [1.85577289358e-06]
    median: [0]
    min: [0]
    skew: [6.48249340057]
    var: [1.51531315273e-10]

MfccCoeff:
    dmean: [12.8678750992, 5.46061420441, 2.32495570183, 1.29993009567, 0.152647197247, 0.997119903564, 0.751254796982, 0.513940811157, 1.30170321465, 0.518429517746, 0.978730261326, 1.26667928696, 0.203823521733]
    dmean2: [18.9331550598, 7.90938711166, 2.87220454216, 1.08952832222, 0.180463835597, 0.981738448143, 0.841200828552, 0.462938010693, 1.41788828373, 0.751608133316, 1.10529756546, 1.51372742653, 0.240101709962]
    dvar: [3133.29833984, 533.986755371, 86.9089431763, 28.9560661316, 0.540892601013, 16.1413574219, 8.39470005035, 3.11809372902, 21.196723938, 5.05253124237, 12.2775449753, 24.6388874054, 0.436157315969]
    dvar2: [7888.79785156, 1330.95007324, 181.146911621, 24.9514904022, 0.862579524517, 9.51849269867, 8.82672214508, 2.92627072334, 24.2546920776, 7.71187734604, 14.6963062286, 30.830160141, 0.710487127304]
    kurt: [38.0793037415, 35.9077224731, 12.879532814, 18.8741073608, 29.093963623, 24.8146419525, 19.987247467, 20.989692688, 19.9973087311, 12.4353294373, 19.424074173, 15.5535926819, 16.0821857452]
    max: [-845.23236084, 123.916488647, -11.6685638428, -15.0330619812, 1.50129699707, 56.8843078613, 40.4675674438, -4.05598449707, -10.3975982666, -3.7926940918, 39.0454826355, 44.7953109741, 0.0898513793945]
    mean: [-1095.58154297, 22.4148483276, -37.5148353577, -47.7871513367, 0.160151749849, 46.7622871399, 34.8200912476, -19.2150173187, -48.1802101135, -17.4481544495, 33.3695030212, 41.7321891785, -0.852511405945]
    median: [-1101.55688477, 19.8816337585, -36.8311576843, -47.7641372681, 0.229690551758, 47.3483581543, 35.6022262573, -19.5695800781, -49.5809860229, -18.2475280762, 34.4546165466, 43.5046081543, -0.666816711426]
    min: [-1126.22851562, 6.66398239136, -66.6246643066, -72.2263870239, -3.29219055176, 13.0136566162, 9.617603302, -24.3986358643, -56.0578536987, -18.2475738525, 5.08120346069, 5.68515777588, -5.10980224609]
    skew: [6.25326490402, 6.00834178925, -1.04205524921, 1.7708491087, -4.83912420273, -4.47973537445, -4.48179244995, 4.25331497192, 4.49843883514, 3.73215484619, -4.45091533661, -4.05853319168, -4.00904750824]
    var: [1457.94580078, 246.377349854, 41.809173584, 39.2566566467, 0.317301869392, 32.5991706848, 21.3030567169, 7.24878692627, 47.7795791626, 9.25118541718, 27.4000644684, 51.2006187439, 0.668134152889]

SpecContrastCoeff:
    dmean: [0.0203621163964, 0.00796132627875, 0.00637535052374, 0.020612584427, 0.00525988917798, 0.00520350597799]
    dmean2: [0.028971882537, 0.0116013893858, 0.00963336601853, 0.0178694203496, 0.00738031510264, 0.00829420983791]
    dvar: [0.000432963308413, 4.86012395413e-05, 0.000216023210669, 0.00459441682324, 3.13277450914e-05, 2.67342329607e-05]
    dvar2: [0.000807425472885, 0.00010566606943, 0.000445204466814, 0.00346694467589, 3.99719137931e-05, 7.06795981387e-05]
    kurt: [0.358694791794, 0.313798904419, 4.86729478836, 17.4187812805, 2.16098833084, 0.375805139542]
    max: [-0.749467611313, -0.923029959202, -0.859324455261, -0.228944733739, -0.884006381035, -0.908076524734]
    mean: [-0.854825079441, -0.967884898186, -0.938160479069, -0.267899632454, -0.93194437027, -0.922133564949]
    median: [-0.863975465298, -0.973115026951, -0.945826530457, -0.242219403386, -0.934917330742, -0.921885550022]
    min: [-0.995596647263, -0.985604822636, -0.95546412468, -0.8296880126, -0.94730424881, -0.942697644234]
    skew: [0.00282048620284, 1.10555660725, 2.30787682533, -4.19349527359, 1.31699740887, -0.554375767708]
    var: [0.00255883624777, 0.000236139094341, 0.000459147122456, 0.0110778799281, 0.000172279513208, 5.72585449845e-05]

SpecPeakAmp:
    dmean: [3.87539475923e-05, 3.44833279087e-05, 3.62413193216e-05, 3.77112519345e-05, 3.86627179978e-05]
    dmean2: [6.08012524026e-05, 5.31315527041e-05, 5.50330805709e-05, 5.71749769733e-05, 5.85963462072e-05]
    dvar: [2.46613254262e-08, 2.34428298995e-08, 2.56988528236e-08, 2.81326553164e-08, 2.92723605355e-08]
    dvar2: [6.35903703028e-08, 6.13953048401e-08, 6.62989450007e-08, 7.24317104073e-08, 7.53017133093e-08]
    kurt: [39.8552322388, 38.9223594666, 39.7373504639, 39.8252487183, 39.7765007019]
    max: [0.000776747590862, 0.00077797123231, 0.000781566661317, 0.00081343454076, 0.000828089483548]
    mean: [3.45475673384e-05, 2.23347942665e-05, 2.11836122617e-05, 2.16628559429e-05, 2.21425852942e-05]
    median: [1.70732600964e-05, 2.74942271972e-06, 2.7872215469e-06, 2.80705239675e-06, 2.7203514037e-06]
    min: [1.33564717544e-05, 6.80070684211e-07, 5.85689235777e-07, 8.68626500505e-07, 9.54513780016e-07]
    skew: [6.46299028397, 6.35929584503, 6.44965600967, 6.45969200134, 6.45420837402]
    var: [1.25440289267e-08, 1.31465105468e-08, 1.31843380657e-08, 1.4280615801e-08, 1.4804961701e-08]
