
metadata:
    version:
        essentia: "2.1-beta3"

Flux:
    dmean: 0.035248875618
    dmean2: 0.0468380413949
    dvar: 0.0135826701298
    dvar2: 0.0261741895229
    kurt: 9.33156490326
    max: 0.691034257412
    mean: 0.0461930818856
    median: 0.000112017325591
    min: 4.23309902544e-05
    skew: 3.25926542282
    var: 0.0229898765683

Rms:
    dmean: 0.014039429836
    dmean2: 0.0102495802566
    dvar: 0.00259056384675
    dvar2: 0.00117194908671
    kurt: 21.0017852783
    max: 0.500012516975
    mean: 0.482221901417
    median: 0.499817460775
    min: 0.0908017680049
    skew: -4.54786491394
    var: 0.00480817817152

RollOff:
    dmean: 6.36208295822
    dmean2: 6.51003837585
    dvar: 1740.47192383
    dvar2: 1779.98510742
    kurt: 40.022731781
    max: 1658.05664062
    mean: 1384.34570312
    median: 1378.125
    min: 1378.125
    skew: 6.48249435425
    var: 1702.67443848

SpecCent:
    dmean: 7.08513593674
    dmean2: 6.68367338181
    dvar: 1791.73095703
    dvar2: 1573.37097168
    kurt: 39.5896263123
    max: 1660.54382324
    mean: 1362.83581543
    median: 1355.45495605
    min: 1355.14147949
    skew: 6.43330860138
    var: 2024.54443359

Zcr:
    dmean: 0.00208629271947
    dmean2: 0.00152162066661
    dvar: 5.69101066503e-05
    dvar2: 3.85485000152e-05
    kurt: 17.778842926
    max: 0.06201171875
    mean: 0.0589192695916
    median: 0.0615234375
    min: 0.00244140625
    skew: -4.2329864502
    var: 0.000109651351522

HarmonicAmpFreq:
    dmean: [0.0091441757977]
    dmean2: [0.00935683120042]
    dvar: [0.00359548605047]
    dvar2: [0.00367711251602]
    kurt: [39.8175354004]
    max: [1358.10888672]
    mean: [1357.71594238]
    median: [1357.70654297]
    min: [1357.70654297]
    skew: [6.45872545242]
    var: [0.0035176135134]

HarmonicAmpMag:
    dmean: [1.70513812918e-05]
    dmean2: [1.74479246198e-05]
    dvar: [1.2502234803e-08]
    dvar2: [1.27860637633e-08]
    kurt: [40.0227241516]
    max: [0.00075026077684]
    mean: [1.66724621522e-05]
    median: [0]
    min: [0]
    skew: [6.48249387741]
    var: [1.22307222128e-08]

MfccCoeff:
    dmean: [27.1074771881, 3.32269501686, 1.90405201912, 2.73341059685, 0.981088459492, 2.2977540493, 1.85332489014, 1.40598917007, 1.90232849121, 1.28666543961, 1.76673650742, 1.95280230045, 0.414652734995]
    dmean2: [37.7400512695, 3.90199804306, 3.03097248077, 3.77493262291, 0.717043638229, 2.48939061165, 1.78048455715, 1.54764044285, 2.80548381805, 1.46409034729, 1.56417918205, 2.14845442772, 0.604593157768]
    dvar: [9965.02832031, 112.443901062, 31.5097293854, 70.8312911987, 1.09419679642, 46.378490448, 29.0247688293, 9.65865421295, 52.6311912537, 11.4082536697, 32.106716156, 46.0161590576, 1.05826044083]
    dvar2: [24690.3808594, 157.757568359, 77.9484634399, 154.109619141, 2.90750288963, 59.7867927551, 32.5510025024, 23.9611930847, 93.9351119995, 25.4393596649, 27.3366889954, 53.8136825562, 2.13015365601]
    kurt: [23.7896060944, 11.1231889725, 13.065618515, 10.0553283691, -1.3941270113, 15.2891483307, 12.1847476959, 3.29106855392, 10.7977571487, 10.3466176987, 16.4515285492, 12.0960321426, 8.88824272156]
    max: [-584.19354248, 110.384567261, -55.1933708191, -40.1401443481, 4.84617614746, 76.9540939331, 53.5358505249, -11.5708904266, -24.341255188, -5.60762786865, 45.6218070984, 55.5911560059, 2.85230255127]
    mean: [-1060.37939453, 36.2573928833, -58.5508880615, -72.7122497559, -0.265142858028, 67.0218353271, 49.1546478271, -25.7799797058, -64.3911819458, -23.5858345032, 41.8501853943, 52.4522285461, -0.430262088776]
    median: [-1079.98498535, 31.6898918152, -57.260799408, -73.7243118286, 0.400587081909, 69.2104263306, 51.1819229126, -25.96434021, -67.1539535522, -24.7337265015, 43.4651145935, 55.3909606934, -0.277366638184]
    min: [-1080.98364258, 30.07264328, -86.7246704102, -103.514564514, -4.69366455078, 19.9313964844, 8.23834609985, -29.9177627563, -67.787071228, -25.9594955444, -3.38924789429, 3.68128967285, -4.67189025879]
    skew: [4.87337732315, 3.41092967987, -3.7091152668, 1.00420725346, -0.107551686466, -3.89803314209, -3.56222486496, 1.42115437984, 3.51180648804, 3.18129777908, -4.07518005371, -3.62846422195, -1.79091179371]
    var: [6723.55126953, 241.32220459, 33.6365852356, 64.8962020874, 8.51610851288, 84.7682342529, 74.671043396, 13.3159942627, 89.7765350342, 15.9868078232, 74.282913208, 108.744110107, 1.04996490479]

SpecContrastCoeff:
    dmean: [0.0193469673395, 0.00657612085342, 0.00904153008014, 0.023432392627, 0.00572743080556, 0.00834870245308]
    dmean2: [0.0255364105105, 0.0082006463781, 0.0132938316092, 0.0154789239168, 0.00759465340525, 0.00867569819093]
    dvar: [0.000483202078613, 0.000177352398168, 0.000584666267969, 0.00646534282714, 7.33989654691e-05, 4.98737827002e-05]
    dvar2: [0.000969065935351, 0.000468139071018, 0.00132622907404, 0.00326894386671, 0.000143766577821, 4.60379233118e-05]
    kurt: [2.70042991638, 2.11537265778, 6.3454618454, 20.9921607971, 0.463393449783, 0.330092191696]
    max: [-0.8560359478, -0.906357347965, -0.799940645695, -0.0882015153766, -0.887760162354, -0.869122862816]
    mean: [-0.950105011463, -0.971945285797, -0.923721373081, -0.124724946916, -0.931127905846, -0.925412237644]
    median: [-0.96433866024, -0.981041193008, -0.933624982834, -0.0960778668523, -0.935715138912, -0.934999525547]
    min: [-0.987574517727, -0.986899316311, -0.94576394558, -0.807515501976, -0.944844007492, -0.949629604816]
    skew: [1.85500609875, 1.44466710091, 2.66562533379, -4.54102039337, 1.09113359451, 1.26203429699]
    var: [0.000888592971023, 0.000311365321977, 0.00112275080755, 0.0145782763138, 0.000191842220374, 0.000503774906974]

SpecPeakAmp:
    dmean: [0.000217926499317, 0.000196433058591, 0.000211470236536, 0.000221651382162, 0.000230367935728]
    dmean2: [0.000331694813212, 0.000298644561553, 0.000314781995257, 0.000330375973135, 0.000343169289408]
    dvar: [7.64151025123e-07, 6.80440109591e-07, 7.84245969498e-07, 8.75802527389e-07, 9.40972370245e-07]
    dvar2: [1.96239898287e-06, 1.78900415904e-06, 2.01920829568e-06, 2.25041571866e-06, 2.41430052483e-06]
    kurt: [37.572265625, 35.7163734436, 37.5112571716, 37.9950447083, 37.8473510742]
    max: [0.00430272473022, 0.00431341584772, 0.00433671940118, 0.00454726209864, 0.00469646696001]
    mean: [0.000144518853631, 0.000147301907418, 0.00013650895562, 0.00013945774117, 0.000144247023854]
    median: [3.07714544761e-05, 2.35352126765e-05, 2.31274734688e-05, 2.33272130572e-05, 2.41231646214e-05]
    min: [9.40754853218e-06, 2.73194336842e-06, 3.60526155418e-06, 5.88632929066e-06, 7.05006959834e-06]
    skew: [6.21808719635, 6.01461172104, 6.21184587479, 6.26285457611, 6.24791097641]
    var: [4.04756377748e-07, 4.15991479485e-07, 4.1329192868e-07, 4.52421460295e-07, 4.83440658172e-07]
