
metadata:
    version:
        essentia: "2.1-beta3"

Flux:
    dmean: 0.0190486013889
    dmean2: 0
    dvar: 0
    dvar2: 0
    kurt: -1.99999988079
    max: 0.417833417654
    mean: 0.408309102058
    median: 0.408309102058
    min: 0.398784816265
    skew: 4.67131621917e-06
    var: 9.07123030629e-05

Rms:
    dmean: 0
    dmean2: 0
    dvar: 0
    dvar2: 0
    kurt: 0
    max: 0.143590316176
    mean: 0.143590316176
    median: 0.143590316176
    min: 0.143590316176
    skew: 0
    var: 0

RollOff:
    dmean: 495.263671875
    dmean2: 0
    dvar: 0
    dvar2: 0
    kurt: -2
    max: 2433.25195312
    mean: 2185.62011719
    median: 2185.62011719
    min: 1937.98828125
    skew: 0
    var: 61321.5273438

SpecCent:
    dmean: 105.982666016
    dmean2: 0
    dvar: 0
    dvar2: 0
    kurt: -2
    max: 1840.37365723
    mean: 1787.38232422
    median: 1787.38232422
    min: 1734.39099121
    skew: 0
    var: 2808.08129883

Zcr:
    dmean: 0
    dmean2: 0
    dvar: 0
    dvar2: 0
    kurt: 0
    max: 0.0234375
    mean: 0.0234375
    median: 0.0234375
    min: 0.0234375
    skew: 0
    var: 0

HarmonicAmpFreq:
    dmean: [115.887573242]
    dmean2: [0]
    dvar: [0]
    dvar2: [0]
    kurt: [-2]
    max: [1741.02905273]
    mean: [1683.08520508]
    median: [1683.08520508]
    min: [1625.14147949]
    skew: [3.17246235682e-06]
    var: [3357.48242188]

HarmonicAmpMag:
    dmean: [0.0937729328871]
    dmean2: [0]
    dvar: [0]
    dvar2: [0]
    kurt: [-2]
    max: [0.0937729328871]
    mean: [0.0468864664435]
    median: [0.0468864664435]
    min: [0]
    skew: [0]
    var: [0.00219834083691]

MfccCoeff:
    dmean: [411.383117676, 28.0649299622, 53.1227416992, 8.28095245361, 60.1882324219, 24.404083252, 35.723449707, 21.3400802612, 18.2985534668, 16.4115562439, 4.59998321533, 9.40299797058, 0.919975280762]
    dmean2: [0, 0, 0, 0, 0, 0, 0, 0, 0, 0, 0, 0, 0]
    dvar: [0, 0, 0, 0, 0, 0, 0, 0, 0, 0, 0, 0, 0]
    dvar2: [0, 0, 0, 0, 0, 0, 0, 0, 0, 0, 0, 0, 0]
    kurt: [-1.99999988079, -1.99999988079, -2, -2, -1.99999988079, -2, -2.00000023842, -1.99999988079, -2, -1.99999988079, -2, -2, -2]
    max: [-572.739440918, 67.5979614258, -96.1311187744, -34.8163528442, 85.5468902588, 35.1473693848, -8.93546485901, 2.28470611572, 18.2919120789, 9.89940261841, 0.683849334717, 7.04872894287, -0.671669006348]
    mean: [-778.431030273, 53.5654983521, -122.692489624, -38.956829071, 55.4527740479, 22.9453277588, -26.7971878052, -8.38533401489, 9.14263534546, 1.69362449646, -1.61614227295, 2.34722995758, -1.13165664673]
    median: [-778.431030273, 53.5654983521, -122.692489624, -38.956829071, 55.4527740479, 22.9453277588, -26.7971878052, -8.38533401489, 9.14263534546, 1.69362449646, -1.61614227295, 2.34722995758, -1.13165664673]
    min: [-984.122558594, 39.5330314636, -149.253860474, -43.0973052979, 25.3586559296, 10.7432861328, -44.6589126587, -19.0553741455, -0.00664138793945, -6.51215362549, -3.91613388062, -2.35426902771, -1.59164428711]
    skew: [4.59632389038e-07, -3.97603940883e-07, 0, 0, -7.16613897112e-08, 0, -1.71368057522e-07, 0, 0, 0, 0, 0, 0]
    var: [42309.015625, 196.910064697, 705.506408691, 17.1435432434, 905.655883789, 148.889816284, 319.04119873, 113.849754333, 83.7092666626, 67.3347930908, 5.28996133804, 22.1040935516, 0.211588636041]

SpecContrastCoeff:
    dmean: [0.00327217578888, 0.0249255895615, 0.0826506614685, 0.000448882579803, 0.257415413857, 0.0278995633125]
    dmean2: [0, 0, 0, 0, 0, 0]
    dvar: [0, 0, 0, 0, 0, 0]
    dvar2: [0, 0, 0, 0, 0, 0]
    kurt: [-2, -1.99999988079, -2, -1.99999988079, -2, -2]
    max: [-0.985376119614, -0.946372032166, -0.835247337818, -0.746810078621, -0.535230994225, -0.926881432533]
    mean: [-0.987012207508, -0.958834826946, -0.876572668552, -0.747034549713, -0.663938701153, -0.940831184387]
    median: [-0.987012207508, -0.958834826946, -0.876572668552, -0.747034549713, -0.663938701153, -0.940831184387]
    min: [-0.988648295403, -0.971297621727, -0.917897999287, -0.747258961201, -0.792646408081, -0.954780995846]
    skew: [0, 0, 0, 0.000398353382479, 0, -6.40765938442e-06]
    var: [2.67678365162e-06, 0.000155321249622, 0.00170778296888, 5.03738917246e-08, 0.0165656730533, 0.000194596403162]

SpecPeakAmp:
    dmean: [0.0937240570784, 0.0600837394595, 0.0422878302634, 0.0301371458918, 0.0214704312384]
    dmean2: [0, 0, 0, 0, 0]
    dvar: [0, 0, 0, 0, 0]
    dvar2: [0, 0, 0, 0, 0]
    kurt: [-2, -2, -1.99999988079, -2, -2]
    max: [0.0937729328871, 0.0601330474019, 0.0423397831619, 0.0301929973066, 0.0215314496309]
    mean: [0.0469109043479, 0.0300911776721, 0.0211958680302, 0.0151244243607, 0.0107962340117]
    median: [0.0469109043479, 0.0300911776721, 0.0211958680302, 0.0151244243607, 0.0107962340117]
    min: [4.88792502438e-05, 4.9307160225e-05, 5.19537825312e-05, 5.58511565032e-05, 6.1017475673e-05]
    skew: [1.41402452414e-07, 0, 0, 0, -1.37838028991e-07]
    var: [0.00219604955055, 0.000902513915207, 0.000447065132903, 0.000227061886108, 0.000115244867629]
