
metadata:
    version:
        essentia: "2.1-beta3"

Flux:
    dmean: 7.5797597674e-06
    dmean2: 1.11671442937e-05
    dvar: 5.9665150598e-10
    dvar2: 1.28986232806e-09
    kurt: 13.7912311554
    max: 0.000133372013806
    mean: 8.8511769718e-06
    median: 2.5978706617e-06
    min: 8.46968646329e-08
    skew: 3.83623242378
    var: 6.41957986769e-10

Rms:
    dmean: 1.75897650934e-06
    dmean2: 1.59851026638e-06
    dvar: 4.88048004788e-11
    dvar2: 3.71905457819e-11
    kurt: 19.5134868622
    max: 0.000108234678919
    mean: 0.000106247491203
    median: 0.000108127489511
    min: 6.31660732324e-05
    skew: -4.50040578842
    var: 6.35558966566e-11

RollOff:
    dmean: 0
    dmean2: 0
    dvar: 0
    dvar2: 0
    kurt: -2
    max: 2734.71679688
    mean: 2734.71826172
    median: 2734.71679688
    min: 2734.71679688
    skew: -1
    var: 2.14576721191e-06

SpecCent:
    dmean: 1.3558037281
    dmean2: 1.37595331669
    dvar: 8.33362388611
    dvar2: 3.3088054657
    kurt: 25.9576911926
    max: 2832.53979492
    mean: 2805.25415039
    median: 2804.3515625
    min: 2802.71459961
    skew: 5.0440621376
    var: 21.1433792114

Zcr:
    dmean: 0.00297510903329
    dmean2: 0.0029529388994
    dvar: 0.000157210030011
    dvar2: 0.0001448783878
    kurt: 17.4031677246
    max: 0.12353515625
    mean: 0.120106093585
    median: 0.123046875
    min: 0.0556640625
    skew: -4.37857246399
    var: 0.000170788916876

HarmonicAmpFreq:
    dmean: [0]
    dmean2: [0]
    dvar: [0]
    dvar2: [0]
    kurt: [-2]
    max: [2720.83349609]
    mean: [2720.83422852]
    median: [2720.83349609]
    min: [2720.83349609]
    skew: [-1]
    var: [5.36441802979e-07]

HarmonicAmpMag:
    dmean: [0]
    dmean2: [0]
    dvar: [0]
    dvar2: [0]
    kurt: [nan]
    max: [0]
    mean: [0]
    median: [0]
    min: [0]
    skew: [nan]
    var: [0]

MfccCoeff:
    dmean: [0.0559876896441, 0.0154454428703, 0.073143184185, 0.0439850576222, 0.0559820123017, 0.0658285468817, 0.0302972123027, 0.0776493176818, 0, 0.0776482522488, 0.0302973911166, 0.0658283680677, 0.055981837213]
    dmean2: [0.0578787662089, 0.0159679595381, 0.0756120234728, 0.0454653799534, 0.0578722283244, 0.0680527463555, 0.0313179381192, 0.0802704915404, 0, 0.080269947648, 0.0313202999532, 0.0680512934923, 0.0578727722168]
    dvar: [0.0673079267144, 0.00512409070507, 0.114910289645, 0.0415530875325, 0.0673146918416, 0.0930724591017, 0.0197159200907, 0.129502281547, 0, 0.129502803087, 0.0197156183422, 0.0930731371045, 0.0673133283854]
    dvar2: [0.067821726203, 0.00516321603209, 0.11579106003, 0.0418720655143, 0.0678309723735, 0.0937847346067, 0.0198672749102, 0.130494713783, 0, 0.130495592952, 0.019866829738, 0.0937865823507, 0.0678291916847]
    kurt: [24.6110515594, 24.6122913361, 24.6131629944, 24.6132450104, 24.6131801605, 24.6132411957, 24.6134243011, 24.6131839752, nan, 24.6131248474, 24.6132068634, 24.6131210327, 24.6131858826]
    max: [-1136.86157227, 1.14440917969e-05, -6.103515625e-05, 1.22453689575, 1.55839538574, 2.28881835938e-05, -2.67028808594e-05, 2.16157531738, -4.57763671875e-05, -2.28881835938e-05, 0.843402862549, 1.83251190186, -3.81469726562e-05]
    mean: [-1136.91796875, -0.414425581694, -1.962692976, 1.18030440807, 1.50209152699, -1.766310215, -0.812984466553, 2.0834710598, -4.57763671875e-05, -2.08354973793, 0.812925159931, 1.76629948616, -1.50217616558]
    median: [-1136.86450195, -0.42915725708, -2.03247070312, 1.22226333618, 1.55550384521, -1.82910919189, -0.841892242432, 2.15755081177, -4.57763671875e-05, -2.15762710571, 0.841827392578, 1.8290977478, -1.55558013916]
    min: [-1138.42004395, -0.429950714111, -2.03625488281, 8.01086425781e-05, -6.103515625e-05, -1.83252716064, -0.843456268311, -5.34057617188e-05, -4.57763671875e-05, -2.16165161133, -2.67028808594e-05, -3.0517578125e-05, -1.55848693848]
    skew: [-5.01368236542, 5.01395177841, 5.01402807236, -5.01403713226, -5.01402807236, 5.01403474808, 5.01405239105, -5.01403284073, nan, 5.01402664185, -5.01403188705, -5.01402235031, 5.01402902603]
    var: [0.0666758939624, 0.00507572712377, 0.113828040659, 0.0411623120308, 0.0666805952787, 0.0921967998147, 0.0195301119238, 0.128282904625, 0, 0.12828335166, 0.0195299312472, 0.0921967476606, 0.0666792988777]

SpecContrastCoeff:
    dmean: [0.0257633570582, 0.0409585535526, 0.0401751212776, 0.0401434637606, 0.0334552265704, 0.0493343546987]
    dmean2: [0.0393672212958, 0.0633801817894, 0.0712939575315, 0.0683711841702, 0.0557294301689, 0.086310364306]
    dvar: [0.00156253785826, 0.00134326680563, 0.00116757047363, 0.00083847658243, 0.00074802688323, 0.00177934987005]
    dvar2: [0.00195898464881, 0.00282712629996, 0.00227228156291, 0.00115886307321, 0.000843736052047, 0.00251956912689]
    kurt: [12.271440506, 0.0291750431061, 0.592496871948, 2.31593751907, 4.180103302, -0.00123906135559]
    max: [-0.622389733791, -0.749836206436, -0.76116412878, -0.737271487713, -0.58826559782, -0.681606769562]
    mean: [-0.656487226486, -0.876751363277, -0.860082685947, -0.809810459614, -0.641331136227, -0.803817152977]
    median: [-0.649017453194, -0.889946937561, -0.871595919132, -0.814881265163, -0.643793940544, -0.824927210808]
    min: [-0.848755717278, -0.985133290291, -0.985239863396, -0.964570939541, -0.785170614719, -0.923105835915]
    skew: [-3.50261592865, 0.522409021854, -0.019521182403, -0.942886769772, -1.59119868279, 0.748486638069]
    var: [0.00201537064277, 0.00228592776693, 0.00179074367043, 0.00191361794714, 0.00166402757168, 0.00311017036438]

SpecPeakAmp:
    dmean: [1.76756884684e-07, 1.52054184355e-07, 2.41044602944e-07, 2.01349990903e-07, 1.94585538793e-07]
    dmean2: [2.02684120154e-07, 1.76168697408e-07, 4.31539689316e-07, 3.43553949733e-07, 3.34138889002e-07]
    dvar: [5.16050201703e-13, 2.53568054141e-14, 3.408179026e-14, 3.05913843248e-14, 2.53979796856e-14]
    dvar2: [5.30119947505e-13, 3.22322294452e-14, 6.57664976081e-14, 6.50978226944e-14, 5.13154988879e-14]
    kurt: [23.7264041901, -1.07674598694, 3.53151416779, 1.4124250412, 3.83363056183]
    max: [1.68042188307e-05, 1.22573226236e-06, 1.19174580959e-06, 9.46604757246e-07, 9.67242840488e-07]
    mean: [1.66120898939e-05, 6.95645439919e-07, 2.98789188946e-07, 2.98599246662e-07, 2.38929601437e-07]
    median: [1.67621692526e-05, 7.09311166247e-07, 3.03329954932e-07, 3.0725576039e-07, 2.07856686529e-07]
    min: [1.24764528664e-05, 3.84323470826e-07, 3.55131191121e-09, 4.36928448977e-09, 1.20770220491e-08]
    skew: [-4.93301820755, 0.222035437822, 1.14383780956, 0.6057959795, 1.50246238708]
    var: [5.17139933306e-13, 5.11262717275e-14, 5.02945124783e-14, 3.7588337255e-14, 3.38300419037e-14]
