
metadata:
    version:
        essentia: "2.1-beta3"

Flux:
    dmean: 0.000177191090188
    dmean2: 0.000234798964811
    dvar: 3.33743912506e-07
    dvar2: 6.57442683405e-07
    kurt: 9.58622264862
    max: 0.00336222117767
    mean: 0.000231610596529
    median: 9.46017917158e-06
    min: 5.34764467375e-06
    skew: 3.29510211945
    var: 5.4192139487e-07

Rms:
    dmean: 6.84368787915e-05
    dmean2: 4.99620218761e-05
    dvar: 6.10942265666e-08
    dvar2: 2.75634537417e-08
    kurt: 20.8787593842
    max: 0.00242477771826
    mean: 0.0023379707709
    median: 0.00242364406586
    min: 0.000440594449174
    skew: -4.53601837158
    var: 1.13380650646e-07

RollOff:
    dmean: 5.87269163132
    dmean2: 6.00926589966
    dvar: 1483.00585938
    dvar2: 1516.67382812
    kurt: 40.0217323303
    max: 2993.11523438
    mean: 2740.46044922
    median: 2734.71679688
    min: 2734.71679688
    skew: 6.48237848282
    var: 1450.79956055

SpecCent:
    dmean: 1.54225301743
    dmean2: 1.37494885921
    dvar: 55.8606948853
    dvar2: 51.5437927246
    kurt: 38.4895515442
    max: 2750.65844727
    mean: 2699.4375
    median: 2698.35253906
    min: 2692.49853516
    skew: 6.28991985321
    var: 60.7292976379

Zcr:
    dmean: 0.00410600146279
    dmean2: 0.00289562135004
    dvar: 0.000228018325288
    dvar2: 0.000154632769409
    kurt: 17.8727436066
    max: 0.12353515625
    mean: 0.117795139551
    median: 0.123046875
    min: 0.00439453125
    skew: -4.24202728271
    var: 0.000440588511992

HarmonicAmpFreq:
    dmean: [0.18675647676]
    dmean2: [0.191099658608]
    dvar: [1.49975347519]
    dvar2: [1.5338010788]
    kurt: [40.0224876404]
    max: [2719.765625]
    mean: [2719.58300781]
    median: [2719.765625]
    min: [2711.54833984]
    skew: [-6.48246669769]
    var: [1.46718347073]

HarmonicAmpMag:
    dmean: [8.40284499759e-08]
    dmean2: [8.59825988186e-08]
    dvar: [3.03613552485e-13]
    dvar2: [3.10506313586e-13]
    kurt: [40.0227279663]
    max: [3.69725171367e-06]
    mean: [8.21611507718e-08]
    median: [0]
    min: [0]
    skew: [6.48249387741]
    var: [2.97019976973e-13]

MfccCoeff:
    dmean: [0.861550092697, 0.208650067449, 1.11892879009, 0.575979053974, 0.847872138023, 0.809069037437, 0.4799952209, 0.864874780178, 0.249256134033, 0.752323508263, 0.451060563326, 0.524966239929, 0.597068846226]
    dmean2: [1.07685601711, 0.239311039448, 1.40849578381, 0.659693539143, 1.09821474552, 0.9248457551, 0.68110615015, 0.988566219807, 0.409556716681, 0.867335855961, 0.328889191151, 0.62881320715, 0.487594693899]
    dvar: [15.6883268356, 0.990220606327, 26.4361343384, 7.58732652664, 15.1706943512, 15.1322793961, 5.06961774826, 17.5581569672, 1.20000708103, 13.5265378952, 2.88740324974, 6.72742891312, 5.86260175705]
    dvar2: [27.1284942627, 1.3622751236, 46.5167884827, 10.3953933716, 28.5620479584, 20.609046936, 11.4065847397, 23.8788032532, 2.4932487011, 18.7749118805, 1.56441271305, 10.244638443, 3.29460668564]
    kurt: [23.7224617004, 30.6159896851, 23.0608463287, 30.8347511292, 20.5166969299, 31.2551422119, 24.4147529602, 31.8329925537, 13.7822246552, 32.4037208557, 22.4526920319, 31.6427879333, 27.3663806915]
    max: [-1113.24133301, 1.14440917969e-05, -6.103515625e-05, 17.8875465393, 24.3212013245, 2.28881835938e-05, -2.67028808594e-05, 27.33086586, 1.11685943604, -2.28881835938e-05, 14.165813446, 16.9677677155, -3.81469726562e-05]
    mean: [-1121.92382812, -5.21643924713, -20.9147129059, 14.5006799698, 14.2328853607, -20.6192455292, -4.8248295784, 22.3238449097, -5.18044662476, -19.4188632965, 13.596903801, 12.7720727921, -18.7128543854]
    median: [-1121.6418457, -5.34630203247, -21.2525367737, 14.8618202209, 14.4002838135, -21.131690979, -4.74828720093, 22.8717899323, -5.52178955078, -19.8741989136, 14.1643333435, 13.0222244263, -19.4139976501]
    min: [-1138.42004395, -6.45668411255, -32.5899620056, 8.01086425781e-05, -6.103515625e-05, -25.3045310974, -12.9080963135, -5.34057617188e-05, -5.52255249023, -24.0732650757, -2.67028808594e-05, -3.0517578125e-05, -19.4158439636]
    skew: [-3.71934604645, 5.39740991592, 3.47821474075, -5.42489767075, -2.26883912086, 5.47453546524, -3.32971024513, -5.53346061707, 3.88028264046, 5.56229352951, -4.68707990646, -5.28666639328, 5.17398118973]
    var: [8.15630722046, 0.702989041805, 13.39802742, 5.41305351257, 6.97360658646, 10.8721733093, 1.97480559349, 12.6298933029, 1.76778078079, 9.47497940063, 5.5713634491, 4.15659427643, 9.54456233978]

SpecContrastCoeff:
    dmean: [0.0266862455755, 0.0201873779297, 0.0197531282902, 0.01183549501, 0.0158816203475, 0.0113350749016]
    dmean2: [0.0459445528686, 0.0327631682158, 0.0336109995842, 0.0204834379256, 0.0185013003647, 0.0204128120095]
    dvar: [0.0018351401668, 0.00024047739862, 0.000243842310738, 8.80257357494e-05, 0.00162092188839, 6.59147262922e-05]
    dvar2: [0.00382587010972, 0.00059475924354, 0.000524985836819, 0.000209049685509, 0.0013342021266, 0.000127903505927]
    kurt: [11.2077312469, 3.57554292679, 3.74253749847, 2.85335016251, 17.0221748352, 4.95721912384]
    max: [-0.68895304203, -0.857008159161, -0.868845880032, -0.875863671303, -0.480968892574, -0.871836781502]
    mean: [-0.73355358839, -0.90106523037, -0.907900929451, -0.903910338879, -0.511818945408, -0.890415132046]
    median: [-0.723275065422, -0.897559821606, -0.908845841885, -0.902934193611, -0.496905982494, -0.889031469822]
    min: [-0.977518737316, -0.996903777122, -0.991591870785, -0.95248991251, -0.849039494991, -0.936192214489]
    skew: [-3.41182875633, -1.59516239166, -1.42036867142, -1.38138818741, -4.17240428925, -1.96300637722]
    var: [0.0033230537083, 0.000731616979465, 0.000476534245536, 0.00021087776986, 0.00410216907039, 0.000147112339619]

SpecPeakAmp:
    dmean: [8.09415553249e-07, 1.52328607328e-06, 1.05712024379e-06, 1.06028176106e-06, 1.29234786073e-06]
    dmean2: [1.01088221527e-06, 2.13024372897e-06, 1.63578431511e-06, 1.75427805971e-06, 2.09463155443e-06]
    dvar: [9.94182167147e-12, 1.24706555846e-11, 1.44145676298e-11, 1.25362671632e-11, 1.50235414387e-11]
    dvar2: [1.42124732122e-11, 3.05992245431e-11, 3.75357661619e-11, 3.31009837595e-11, 3.9241512817e-11]
    kurt: [30.4492874146, 33.1692199707, 39.4779663086, 37.0063934326, 38.1086845398]
    max: [2.12250379263e-05, 1.89950987988e-05, 1.90728951566e-05, 1.92082152353e-05, 1.94998810912e-05]
    mean: [1.6399038941e-05, 1.82847111319e-06, 8.29464681829e-07, 9.59581029747e-07, 9.38252696869e-07]
    median: [1.67699163285e-05, 1.2203257711e-06, 3.68978504639e-07, 4.30096832815e-07, 3.11345502269e-07]
    min: [4.33955165136e-07, 3.71307777414e-07, 1.22459155705e-07, 1.51557998151e-07, 7.36843688287e-08]
    skew: [-5.23474693298, 5.66655111313, 6.41842365265, 6.15173149109, 6.25915384293]
    var: [6.60517647522e-12, 7.30634910212e-12, 7.61256595955e-12, 7.8507365539e-12, 8.01076652929e-12]
