
metadata:
    version:
        essentia: "2.1-beta3"

Flux:
    dmean: 0.0039379671216
    dmean2: 0.00519147468731
    dvar: 0.000167926584254
    dvar2: 0.000330110633513
    kurt: 9.5752696991
    max: 0.0752977654338
    mean: 0.00502603733912
    median: 2.6448889912e-05
    min: 1.63292243087e-05
    skew: 3.29347038269
    var: 0.000273148965789

Rms:
    dmean: 0.00152961944696
    dmean2: 0.00111579848453
    dvar: 3.05001740344e-05
    dvar2: 1.37642491609e-05
    kurt: 20.8433685303
    max: 0.0542697906494
    mean: 0.0523338206112
    median: 0.0542466714978
    min: 0.00995630118996
    skew: -4.53268909454
    var: 5.66160415474e-05

RollOff:
    dmean: 5.87269163132
    dmean2: 6.00926589966
    dvar: 1483.00585938
    dvar2: 1516.67382812
    kurt: 40.0217323303
    max: 2993.11523438
    mean: 2740.46044922
    median: 2734.71679688
    min: 2734.71679688
    skew: 6.48237848282
    var: 1450.79956055

SpecCent:
    dmean: 1.92207479477
    dmean2: 1.73798036575
    dvar: 98.4948959351
    dvar2: 91.6889266968
    kurt: 39.1131134033
    max: 2767.65039062
    mean: 2699.67358398
    median: 2698.18969727
    min: 2692.62939453
    skew: 6.37083530426
    var: 106.154045105

Zcr:
    dmean: 0.004150390625
    dmean2: 0.00295239826664
    dvar: 0.000230296092923
    dvar2: 0.000156934387633
    kurt: 17.7861461639
    max: 0.12353515625
    mean: 0.11777343601
    median: 0.123046875
    min: 0.00390625
    skew: -4.23356866837
    var: 0.000445520621724

HarmonicAmpFreq:
    dmean: [0.0813987031579]
    dmean2: [0.0832916945219]
    dvar: [0.284907221794]
    dvar2: [0.291375279427]
    kurt: [40.0107154846]
    max: [2719.75830078]
    mean: [2719.6784668]
    median: [2719.75830078]
    min: [2716.17675781]
    skew: [-6.48110437393]
    var: [0.278719961643]

HarmonicAmpMag:
    dmean: [1.91816593542e-06]
    dmean2: [1.96277437681e-06]
    dvar: [1.5821248478e-10]
    dvar2: [1.61804292187e-10]
    kurt: [40.0227279663]
    max: [8.43992966111e-05]
    mean: [1.87553996511e-06]
    median: [0]
    min: [0]
    skew: [6.48249292374]
    var: [1.54776608197e-10]

MfccCoeff:
    dmean: [11.8321342468, 2.39935970306, 2.95440006256, 0.972263872623, 0.798130810261, 0.940973520279, 0.370820045471, 1.07238352299, 0.278048962355, 0.995741069317, 0.707340240479, 0.716642677784, 1.00712883472]
    dmean2: [17.7089920044, 3.79547262192, 3.95644855499, 1.14610373974, 0.600353479385, 0.550496280193, 0.290720164776, 0.686120927334, 0.217119976878, 1.03711867332, 0.792538940907, 0.796894013882, 1.14124405384]
    dvar: [2898.76611328, 120.87020874, 187.876449585, 28.2263202667, 11.9030399323, 18.3522987366, 2.12266612053, 21.7207756042, 1.00179409981, 19.2221069336, 8.10840988159, 9.64810752869, 16.7203559875]
    dvar2: [7229.57470703, 319.611358643, 380.447967529, 40.3457679749, 5.34255218506, 7.82432365417, 1.03659927845, 12.9453878403, 0.75048905611, 19.8077411652, 9.30227470398, 10.762424469, 19.4826412201]
    kurt: [38.3757247925, 37.4123802185, 19.194644928, 35.9418029785, 31.8281707764, 27.8563766479, 27.539730072, 24.6601314545, 14.0960407257, 20.6990737915, 17.2556056976, 20.0607509613, 17.2368488312]
    max: [-856.643432617, 45.5455818176, -8.92324829102, 40.3903656006, 41.665348053, -7.52884674072, -3.62888717651, 53.4970550537, 0.25186920166, -7.9713973999, 26.2353477478, 34.2646408081, -4.74267578125]
    mean: [-1092.99987793, -10.6211023331, -52.2047271729, 33.3260269165, 36.2931060791, -47.0960083008, -15.5384349823, 51.6099128723, -6.55997228622, -46.1172103882, 25.1657409668, 32.7206916809, -36.8417205811]
    median: [-1097.7109375, -12.1188240051, -52.1299705505, 33.7918891907, 37.0581092834, -48.3994865417, -15.7937850952, 53.1611328125, -6.92000579834, -47.6503448486, 26.2297325134, 33.8117599487, -38.3606071472]
    min: [-1131.55456543, -12.6103401184, -92.5298690796, 5.18477249146, 6.73817443848, -48.6508293152, -19.7755050659, 8.48275184631, -6.92816925049, -48.0548400879, 2.71630477905, 6.24555206299, -38.3632316589]
    skew: [6.26599168777, 6.20395421982, 0.489436268806, -5.90407037735, -5.58969259262, 5.30403375626, 4.81908321381, -5.01962947845, 3.87909340858, 4.67002677917, -4.25140047073, -4.60691833496, 4.25176239014]
    var: [1295.12280273, 73.9994125366, 78.4995193481, 18.9554977417, 22.1449203491, 42.6886940002, 3.86857819557, 54.5341377258, 1.88745868206, 48.4882926941, 18.6041603088, 23.9623908997, 38.1418952942]

SpecContrastCoeff:
    dmean: [0.0298025086522, 0.0115683162585, 0.00916887819767, 0.0061537665315, 0.018851114437, 0.0053114159964]
    dmean2: [0.030992269516, 0.0177865829319, 0.0118855433539, 0.00539942411706, 0.0160571727902, 0.00518447998911]
    dvar: [0.000672013673466, 0.000133400681079, 7.10267049726e-05, 3.06213332806e-05, 0.00320654525422, 1.40209485835e-05]
    dvar2: [0.00127364054788, 0.000223814116907, 0.000111006462248, 6.16858160356e-05, 0.00274370633997, 1.59661685757e-05]
    kurt: [0.862215518951, -0.349720239639, 0.875876426697, 0.680917024612, 17.3441848755, -1.06057202816]
    max: [-0.714289665222, -0.927062153816, -0.933205366135, -0.907703220844, -0.320212483406, -0.90816193819]
    mean: [-0.849391281605, -0.969978153706, -0.972411930561, -0.945554792881, -0.35433909297, -0.929556012154]
    median: [-0.855863451958, -0.976025164127, -0.976792037487, -0.948546946049, -0.334630221128, -0.934096872807]
    min: [-0.997581124306, -0.995608150959, -0.988385260105, -0.958644986153, -0.810940802097, -0.944359123707]
    skew: [-0.082933858037, 0.886333346367, 1.20450150967, 0.87665951252, -4.18624925613, 0.528454363346]
    var: [0.00319489440881, 0.000300637737382, 0.000157083268277, 0.000127972423797, 0.00733948731795, 0.000115610433568]

SpecPeakAmp:
    dmean: [1.8425322196e-05, 1.83577703865e-05, 1.82939274964e-05, 1.81801715371e-05, 1.67601119756e-05]
    dmean2: [2.77534290944e-05, 2.77448634733e-05, 2.76135706372e-05, 2.77027265838e-05, 2.60773031187e-05]
    dvar: [6.53090070912e-09, 6.49543752118e-09, 6.45103570562e-09, 6.35991703746e-09, 5.46175904503e-09]
    dvar2: [1.67441260857e-08, 1.67547398178e-08, 1.6663518565e-08, 1.64677338432e-08, 1.45109995131e-08]
    kurt: [39.8149108887, 39.9070281982, 39.8841362, 39.7748146057, 36.4893951416]
    max: [0.000399451178964, 0.000393631547922, 0.000393802620238, 0.000395156152081, 0.00039696728345]
    mean: [2.50407774729e-05, 1.14322610898e-05, 1.14079812192e-05, 1.17854124255e-05, 1.32169689095e-05]
    median: [1.71961892192e-05, 2.67332848125e-06, 2.4034695798e-06, 2.54900055552e-06, 2.49755271398e-06]
    min: [7.48724824007e-06, 5.57257408218e-07, 4.88327032144e-07, 6.32245814813e-07, 7.40343580219e-07]
    skew: [6.45772886276, 6.46895074844, 6.46628713608, 6.45376300812, 6.10952663422]
    var: [3.19371906699e-09, 3.32439364925e-09, 3.32868155262e-09, 3.34997118934e-09, 3.49553719303e-09]
