
metadata:
    version:
        essentia: "2.1-beta3"

Flux:
    dmean: 0.000125385427964
    dmean2: 0.000169755454408
    dvar: 1.66140367241e-07
    dvar2: 3.31220235239e-07
    kurt: 9.41856575012
    max: 0.00234712404199
    mean: 0.00016513200535
    median: 9.07704361452e-06
    min: 4.85512919113e-06
    skew: 3.27592134476
    var: 2.68490396138e-07

Rms:
    dmean: 6.43977618893e-05
    dmean2: 6.23898595222e-05
    dvar: 3.14497299314e-08
    dvar2: 1.35705375826e-08
    kurt: 21.5559082031
    max: 0.00172830373049
    mean: 0.00165138591547
    median: 0.00171126204077
    min: 0.000253553647781
    skew: -4.59565877914
    var: 6.03726348913e-08

RollOff:
    dmean: 11.2559928894
    dmean2: 11.0169878006
    dvar: 4541.70556641
    dvar2: 4213.48388672
    kurt: 39.6764755249
    max: 645.99609375
    mean: 183.75
    median: 172.265625
    min: 172.265625
    skew: 6.44261360168
    var: 4875.84082031

SpecCent:
    dmean: 10.3619594574
    dmean2: 12.2412900925
    dvar: 1979.75512695
    dvar2: 1662.59924316
    kurt: 39.4337272644
    max: 491.706695557
    mean: 174.732772827
    median: 166.960403442
    min: 164.174453735
    skew: 6.41507148743
    var: 2299.27661133

Zcr:
    dmean: 0.000510475831106
    dmean2: 0.000704033416696
    dvar: 7.58112207677e-07
    dvar2: 3.9147573716e-07
    kurt: 16.2672843933
    max: 0.0078125
    mean: 0.00715060764924
    median: 0.00732421875
    min: 0.00048828125
    skew: -4.00159978867
    var: 1.60170179697e-06

HarmonicAmpFreq:
    dmean: [0.108851693571]
    dmean2: [0.175714895129]
    dvar: [0.158901184797]
    dvar2: [0.421923935413]
    kurt: [25.9671840668]
    max: [165.997039795]
    mean: [165.89112854]
    median: [165.979019165]
    min: [163.614517212]
    skew: [-5.07087564468]
    var: [0.145928546786]

HarmonicAmpMag:
    dmean: [9.26786378841e-05]
    dmean2: [7.15216374374e-05]
    dvar: [1.17973307567e-07]
    dvar2: [8.23968377972e-08]
    kurt: [15.451997757]
    max: [0.00234457547776]
    mean: [0.0022308928892]
    median: [0.00234339293092]
    min: [0]
    skew: [-4.04251527786]
    var: [1.95266693481e-07]

MfccCoeff:
    dmean: [1.35034179688, 1.84599578381, 1.66394603252, 1.38876104355, 1.05726575851, 0.711164474487, 0.38987210393, 0.133500874043, 0.120790652931, 0.291849642992, 0.439903467894, 0.557863771915, 0.640705049038]
    dmean2: [1.72923386097, 2.35942316055, 2.11432242393, 1.74690818787, 1.31052339077, 0.865016698837, 0.466001302004, 0.155603453517, 0.108613483608, 0.252011686563, 0.347543269396, 0.400203257799, 0.418149292469]
    dvar: [37.8724365234, 70.9428787231, 58.0707244873, 41.0246734619, 24.3451843262, 11.4450082779, 3.66187429428, 0.428051292896, 0.19318908453, 1.38423681259, 2.98312306404, 4.5385966301, 5.87412881851]
    dvar2: [68.597328186, 127.796905518, 102.854789734, 70.5184020996, 39.9811973572, 17.6288700104, 5.2082734108, 0.593446671963, 0.124241232872, 0.850417137146, 1.51771938801, 2.18127083778, 3.20766925812]
    kurt: [22.2128257751, 22.5057373047, 23.4334220886, 25.1146373749, 27.651922226, 30.9904174805, 34.8259353638, 35.629737854, 18.5421142578, 27.1045722961, 26.8616275787, 25.0285797119, 23.0985202789]
    max: [-1099.5958252, 53.2147026062, 48.3552894592, 40.932056427, 31.8320503235, 22.0750579834, 12.6470375061, 4.35631561279, -4.57763671875e-05, -2.28881835938e-05, -2.67028808594e-05, -3.0517578125e-05, -3.81469726562e-05]
    mean: [-1114.37182617, 33.2148513794, 30.8798618317, 27.1461582184, 22.2373714447, 16.4437541962, 10.0998077393, 3.56226062775, -2.81437063217, -8.69959545135, -13.8065032959, -17.9069290161, -20.8426303864]
    median: [-1114.0369873, 33.6859855652, 31.3413124084, 27.5840339661, 22.6289520264, 16.7578735352, 10.3000221252, 3.61287689209, -2.94358825684, -9.02690124512, -14.3326931, -18.6140823364, -21.695186615]
    min: [-1138.42004395, 1.14440917969e-05, -6.103515625e-05, 8.01086425781e-05, -6.103515625e-05, 2.28881835938e-05, -2.67028808594e-05, -5.34057617188e-05, -2.95460510254, -9.03604125977, -14.3398189545, -18.6191329956, -21.698223114]
    skew: [-3.05026245117, -3.15320253372, -3.45524573326, -3.93208575249, -4.53396463394, -5.18126487732, -5.78116559982, -5.88690328598, 4.40378475189, 5.16323757172, 5.11996221542, 4.94401025772, 4.77052640915]
    var: [18.3669147491, 34.6662826538, 29.0538921356, 21.4102554321, 13.5508594513, 6.96342039108, 2.47761917114, 0.304793685675, 0.281549006701, 2.07730650902, 5.24102592468, 9.1430721283, 12.9632787704]

SpecContrastCoeff:
    dmean: [0.0266078766435, 0.0132904974744, 0.0183642487973, 0.0172256845981, 0.00807286147028, 0.00670195184648]
    dmean2: [0.0308833960444, 0.0233466401696, 0.034497320652, 0.0290709100664, 0.0140550220385, 0.0117402905598]
    dvar: [0.00413739355281, 0.000239100118051, 0.000220296802581, 8.84744731593e-05, 4.21599652327e-05, 5.08288612764e-05]
    dvar2: [0.00418003182858, 0.000520208501257, 0.00053183932323, 0.00028031176771, 0.000104231228761, 0.000130782544147]
    kurt: [15.5769710541, 6.66121768951, 0.579947948456, -0.668439388275, 2.24725246429, 6.04780197144]
    max: [-0.412589401007, -0.887427151203, -0.917903542519, -0.919770777225, -0.921496868134, -0.909904360771]
    mean: [-0.45496699214, -0.954366564751, -0.95632570982, -0.944676041603, -0.935330510139, -0.930985689163]
    median: [-0.426718920469, -0.96122521162, -0.962968826294, -0.946890711784, -0.934481799603, -0.930506706238]
    min: [-0.998073220253, -0.970029234886, -0.971159279346, -0.966327786446, -0.963614404202, -0.964035153389]
    skew: [-3.98516774178, 2.62328505516, 1.24185431004, 0.448933035135, -1.11375105381, -1.50275325775]
    var: [0.0111903203651, 0.000282259599771, 0.000199558504391, 0.000159243340022, 6.63966420689e-05, 6.61947196932e-05]

SpecPeakAmp:
    dmean: [7.7539261838e-05, 0.00106428004801, 0.00106528087053, 1.11452857254e-06, 1.08419783373e-06]
    dmean2: [0.000110518034489, 0.00212273257785, 0.00217881379649, 1.76686330633e-06, 1.68364692854e-06]
    dvar: [8.52891943737e-08, 1.35205630158e-06, 1.35819527713e-06, 1.477739155e-12, 1.19118679764e-12]
    dvar2: [2.07025991017e-07, 2.23883330364e-06, 2.39486871578e-06, 3.04036570226e-12, 2.70771773059e-12]
    kurt: [26.5733318329, -1.90071761608, -1.63577365875, 10.8340711594, 11.9031105042]
    max: [0.00134877418168, 0.00234429934062, 0.00234457547776, 7.36034508009e-06, 6.950779607e-06]
    mean: [5.23052331118e-05, 0.00135481543839, 0.000834780046716, 2.01719240067e-06, 1.87403463769e-06]
    median: [8.71019983606e-06, 0.00234267907217, 2.21105801756e-06, 2.00009571927e-06, 1.68292513081e-06]
    min: [2.01333568839e-06, 5.53704012418e-07, 3.4968488194e-07, 2.58781483353e-07, 2.05915299034e-07]
    skew: [5.19016361237, -0.314911067486, 0.603504776955, 2.85558390617, 2.80166697502]
    var: [4.70918308793e-08, 1.33367643684e-06, 1.25635779114e-06, 1.2442376773e-12, 1.0178842361e-12]
