
metadata:
    version:
        essentia: "2.1-beta3"

Flux:
    dmean: 0.0250467434525
    dmean2: 0.0324616059661
    dvar: 0.00677434634417
    dvar2: 0.0128410458565
    kurt: 9.55966854095
    max: 0.495597779751
    mean: 0.0327815152705
    median: 0.000281416141661
    min: 4.04099409934e-05
    skew: 3.28522396088
    var: 0.0115282060578

Rms:
    dmean: 0.0108731724322
    dmean2: 0.00798045657575
    dvar: 0.00123635597993
    dvar2: 0.000566369271837
    kurt: 20.514509201
    max: 0.355861842632
    mean: 0.341188341379
    median: 0.352950870991
    min: 0.0726315155625
    skew: -4.50154399872
    var: 0.00229673576541

RollOff:
    dmean: 7.83025550842
    dmean2: 7.51158237457
    dvar: 2025.24182129
    dvar2: 1787.50793457
    kurt: 39.2818069458
    max: 495.263671875
    mean: 180.400390625
    median: 172.265625
    min: 172.265625
    skew: 6.39817428589
    var: 2272.82763672

SpecCent:
    dmean: 21.0021457672
    dmean2: 17.4110107422
    dvar: 11608.9755859
    dvar2: 7295.73242188
    kurt: 37.2157478333
    max: 1040.75305176
    mean: 192.773300171
    median: 169.922576904
    min: 167.321060181
    skew: 6.18383407593
    var: 16909.2714844

Zcr:
    dmean: 0.00034401632729
    dmean2: 0.000374727474991
    dvar: 8.08233892258e-07
    dvar2: 5.08299763169e-07
    kurt: 17.0726089478
    max: 0.0078125
    mean: 0.00736762164161
    median: 0.0078125
    min: 0.00048828125
    skew: -4.09098005295
    var: 1.65115181971e-06

HarmonicAmpFreq:
    dmean: [0.0686877891421]
    dmean2: [0.09162299335]
    dvar: [0.0757354721427]
    dvar2: [0.166186779737]
    kurt: [18.8007793427]
    max: [171.268966675]
    mean: [170.288101196]
    median: [170.290008545]
    min: [169.708190918]
    skew: [2.46495676041]
    var: [0.0330839790404]

HarmonicAmpMag:
    dmean: [0.0194208789617]
    dmean2: [0.0148910703138]
    dvar: [0.00525102578104]
    dvar2: [0.00358385290019]
    kurt: [15.7679138184]
    max: [0.497685134411]
    mean: [0.473896116018]
    median: [0.497578293085]
    min: [0]
    skew: [-4.07503890991]
    var: [0.00867643207312]

MfccCoeff:
    dmean: [30.1193523407, 7.76083374023, 6.10231494904, 8.66121578217, 7.86948871613, 4.79940223694, 2.8988096714, 2.18421697617, 1.82398486137, 1.8717700243, 1.89475250244, 2.15933251381, 2.31600880623]
    dmean2: [39.0855407715, 6.55137681961, 9.08410739899, 8.23488140106, 8.21427154541, 5.48127126694, 4.19886302948, 3.14517211914, 2.35444188118, 2.46895837784, 2.53903484344, 2.56089091301, 2.37906599045]
    dvar: [8398.28515625, 33.1939620972, 195.215820312, 78.6677017212, 46.2248764038, 19.9599113464, 11.6945858002, 2.92493128777, 1.43238759041, 3.45424723625, 9.32999134064, 18.8957042694, 29.6861572266]
    dvar2: [21167.8203125, 38.449180603, 396.891845703, 162.972915649, 84.8252944946, 27.705072403, 21.0041160583, 5.1326341629, 2.41674757004, 5.6013584137, 7.84002113342, 16.9211673737, 28.297700882]
    kurt: [28.5054645538, 2.5374379158, 10.0813102722, 4.46420812607, 1.55830764771, 3.80301380157, 5.38137245178, 1.28657579422, -0.536803722382, 11.4231805801, 15.9682826996, 14.1928958893, 14.0739955902]
    max: [-590.431213379, 176.929428101, 129.367919922, 96.4491424561, 68.4536895752, 48.7183227539, 28.9529495239, 10.4895343781, -3.79393005371, -3.36209106445, -1.46052932739, -0.214385986328, 2.18823242188]
    mean: [-1026.30737305, 128.903274536, 98.3638458252, 71.6816329956, 50.5650291443, 34.9945983887, 20.6502227783, 6.50796937943, -6.88406419754, -18.3000240326, -28.0980949402, -36.2300109863, -42.2355499268]
    median: [-1037.44250488, 131.013427734, 101.662658691, 72.3879547119, 48.7743873596, 33.5687866211, 21.5298347473, 7.96309089661, -6.16680908203, -19.2783889771, -29.3305568695, -37.8808555603, -44.5231590271]
    min: [-1057.96044922, 110.499916077, 34.0824012756, 12.1172828674, 10.9655303955, 2.82273101807, -1.2487449646, -2.88212394714, -12.6153488159, -20.8706436157, -30.833990097, -39.9638175964, -46.2754631042]
    skew: [5.29372358322, 0.953525841236, -3.03393745422, -1.66891121864, -0.906745791435, -1.29823684692, -2.04462099075, -1.32926690578, -0.544411718845, 3.1579272747, 3.9863948822, 3.81995177269, 3.80636048317]
    var: [5092.03662109, 162.500259399, 235.425613403, 223.536483765, 165.322540283, 76.6670379639, 35.0128211975, 10.6796627045, 4.51503515244, 9.41128063202, 26.1097335815, 51.7744178772, 78.7396850586]

SpecContrastCoeff:
    dmean: [0.0342961102724, 0.0129625536501, 0.0107028689235, 0.00622133631259, 0.00440961821005, 0.00963701214641]
    dmean2: [0.0275599788874, 0.0211606714875, 0.0171120502055, 0.0110049555078, 0.00799258518964, 0.017786834389]
    dvar: [0.0108255604282, 0.00097812700551, 0.000454534747405, 0.00010852219566, 6.76847121213e-05, 0.000311254989356]
    dvar2: [0.00424003321677, 0.00257850764319, 0.00116213364527, 0.000288882933091, 0.00019249835168, 0.000873339478858]
    kurt: [25.1874160767, 11.3295412064, 19.8960494995, 8.35445690155, 9.93432044983, 14.9500751495]
    max: [-0.0305736102164, -0.787383258343, -0.861518621445, -0.921761214733, -0.930984079838, -0.88155323267]
    mean: [-0.0825997516513, -0.936122357845, -0.955790877342, -0.960049510002, -0.958490252495, -0.95441031456]
    median: [-0.0480834506452, -0.947509348392, -0.961400330067, -0.963256657124, -0.960488557816, -0.959551870823]
    min: [-0.97629314661, -0.948995888233, -0.983079373837, -0.964260101318, -0.962575018406, -0.960967838764]
    skew: [-4.93821954727, 3.45060253143, 4.07945775986, 2.94211935997, 3.18605828285, 3.70110702515]
    var: [0.0226581953466, 0.00100889801979, 0.000280294072581, 7.63496791478e-05, 4.41943702754e-05, 0.000193102052435]

SpecPeakAmp:
    dmean: [0.123166888952, 0.113217301667, 0.0229201372713, 0.000232595717534, 0.00021706148982]
    dmean2: [0.236771807075, 0.231224998832, 0.0467112623155, 0.000340252590831, 0.000321630359394]
    dvar: [0.042079180479, 0.0433234721422, 0.0107284011319, 6.5830118956e-07, 6.14700752521e-07]
    dvar2: [0.106445103884, 0.107379347086, 0.0323660559952, 1.62305832418e-06, 1.5440784864e-06]
    kurt: [1.89636039734, -0.213959932327, 40.014377594, 28.3387451172, 32.392414093]
    max: [0.497685134411, 0.497684895992, 0.497650831938, 0.00385366240516, 0.0037683150731]
    mean: [0.0760040208697, 0.387275010347, 0.0113354800269, 0.000163067117683, 0.000146744467202]
    median: [0.000229489916819, 0.497535169125, 0.000137881434057, 3.45369444403e-05, 3.20452600135e-05]
    min: [2.30744863075e-05, 0.000165316654602, 4.02644000133e-05, 9.03739146452e-06, 7.98025666882e-06]
    skew: [1.93695032597, -1.33638203144, 6.48151302338, 5.33487606049, 5.70849132538]
    var: [0.0294087808579, 0.0425844267011, 0.00537557993084, 3.67496198805e-07, 3.29945208932e-07]
