
metadata:
    version:
        essentia: "2.1-beta3"

Flux:
    dmean: 0.0352878943086
    dmean2: 0.0465220697224
    dvar: 0.0136103248224
    dvar2: 0.0261381082237
    kurt: 9.40037059784
    max: 0.693990886211
    mean: 0.0462585613132
    median: 0.00021293386817
    min: 8.14186787466e-05
    skew: 3.26729083061
    var: 0.0230282880366

Rms:
    dmean: 0.0140206003562
    dmean2: 0.0102482084185
    dvar: 0.00257367850281
    dvar2: 0.00116693391465
    kurt: 21.0075187683
    max: 0.50000834465
    mean: 0.48228135705
    median: 0.499788165092
    min: 0.092386841774
    skew: -4.54876041412
    var: 0.00477031618357

RollOff:
    dmean: 5.87269163132
    dmean2: 6.00926589966
    dvar: 1483.00585938
    dvar2: 1516.67382812
    kurt: 40.0217323303
    max: 2993.11523438
    mean: 2740.46044922
    median: 2734.71679688
    min: 2734.71679688
    skew: 6.48237848282
    var: 1450.79956055

SpecCent:
    dmean: 2.63271260262
    dmean2: 2.46775650978
    dvar: 213.186019897
    dvar2: 196.16986084
    kurt: 39.622882843
    max: 2801.23950195
    mean: 2700.52612305
    median: 2698.24121094
    min: 2694.57202148
    skew: 6.43536520004
    var: 231.607727051

Zcr:
    dmean: 0.004150390625
    dmean2: 0.00298646441661
    dvar: 0.000227673488553
    dvar2: 0.000154164939886
    kurt: 17.8678035736
    max: 0.12353515625
    mean: 0.117816843092
    median: 0.123046875
    min: 0.00439453125
    skew: -4.24147796631
    var: 0.000440826668637

HarmonicAmpFreq:
    dmean: [0.00782914552838]
    dmean2: [0.00801121909171]
    dvar: [0.00263570714742]
    dvar2: [0.00269554462284]
    kurt: [39.544090271]
    max: [2720.10131836]
    mean: [2719.76538086]
    median: [2719.75683594]
    min: [2719.75683594]
    skew: [6.42696142197]
    var: [0.002579259919]

HarmonicAmpMag:
    dmean: [1.79236285476e-05]
    dmean2: [1.83404572454e-05]
    dvar: [1.38140272554e-08]
    dvar2: [1.41276386145e-08]
    kurt: [40.0227279663]
    max: [0.000788639648817]
    mean: [1.75253262569e-05]
    median: [0]
    min: [0]
    skew: [6.48249387741]
    var: [1.3514029007e-08]

MfccCoeff:
    dmean: [24.8635807037, 2.57716584206, 1.82217991352, 1.90279209614, 2.60037326813, 2.81205439568, 1.70900905132, 2.59196829796, 0.835112988949, 2.13480114937, 1.153606534, 1.43771290779, 1.94830083847]
    dmean2: [35.3343772888, 3.4913854599, 1.66072928905, 1.3381165266, 3.00952506065, 3.10492444038, 1.48278832436, 2.8400952816, 0.751094996929, 2.49235749245, 1.75325083733, 1.96988165379, 2.11302137375]
    dvar: [8897.30078125, 64.3661575317, 15.1866693497, 5.75074577332, 43.6704711914, 50.9965209961, 7.85061788559, 63.4563331604, 1.12209379673, 54.1693496704, 15.7183017731, 23.141954422, 32.9077606201]
    dvar2: [22202.6953125, 143.112289429, 16.4999866486, 4.32865571976, 73.1362228394, 72.4142532349, 10.4049892426, 79.9817352295, 1.5969209671, 67.3726882935, 26.3826160431, 36.6110572815, 37.8948249817]
    kurt: [28.3537445068, 14.6165218353, 10.6053276062, 9.2319021225, 10.1818571091, 10.680316925, 9.38476085663, 12.3885736465, 7.63626766205, 12.368098259, 10.6514177322, 11.1437730789, 12.9530582428]
    max: [-610.329162598, 26.8678913116, -69.1557922363, 55.4466400146, 67.6425628662, -24.5566520691, -5.27877426147, 77.5137329102, 1.83291625977, -10.2843551636, 32.7228507996, 45.0302734375, -2.42707824707]
    mean: [-1052.63659668, -18.0647449493, -89.6896133423, 51.5607643127, 60.5246315002, -69.901802063, -26.4513530731, 72.9242553711, -6.03488922119, -61.9902229309, 30.7796974182, 42.5486068726, -44.262172699]
    median: [-1068.41381836, -19.3627204895, -88.8561401367, 52.876739502, 62.2002906799, -72.7232055664, -27.3058624268, 76.0012664795, -5.81430053711, -65.065284729, 32.1603965759, 44.4614181519, -46.0971183777]
    min: [-1069.39038086, -45.1846427917, -115.804672241, 29.3878211975, 24.2878913879, -75.2896728516, -29.9360580444, 17.8138751984, -8.25564575195, -65.4393386841, 9.52195549011, 13.0179214478, -47.8503074646]
    skew: [5.33048677444, 2.82911324501, -1.75726461411, -2.69417023659, -3.294444561, 3.39443039894, 2.88244748116, -3.67954468727, 2.0890455246, 3.68282151222, -3.51381993294, -3.54641842842, 3.71427512169]
    var: [5274.16259766, 81.655921936, 36.4743080139, 22.2066917419, 71.3131866455, 107.656555176, 21.3578987122, 140.66998291, 2.94439077377, 123.467842102, 27.0010967255, 48.2442474365, 75.5867156982]

SpecContrastCoeff:
    dmean: [0.0221432447433, 0.00841717794538, 0.00717531144619, 0.00853536650538, 0.0226158890873, 0.00826910510659]
    dmean2: [0.0328475087881, 0.0104949763045, 0.0071720178239, 0.00828695576638, 0.0148844914511, 0.0082496739924]
    dvar: [0.000801004702225, 0.000107330379251, 5.88460388826e-05, 8.96620549611e-05, 0.00492910388857, 6.29218920949e-05]
    dvar2: [0.00200804346241, 0.000198620648007, 6.32999872323e-05, 0.000231266851188, 0.00315361027606, 7.19744421076e-05]
    kurt: [3.55196142197, 1.75829744339, 1.58492231369, 0.988122224808, 18.3074970245, 0.328874826431]
    max: [-0.851532161236, -0.943908929825, -0.939048230648, -0.887608170509, -0.176785305142, -0.883149385452]
    mean: [-0.9493958354, -0.986838042736, -0.98033863306, -0.934281468391, -0.213326349854, -0.92707580328]
    median: [-0.960970163345, -0.993495345116, -0.985526561737, -0.937562465668, -0.189722046256, -0.934778392315]
    min: [-0.997321665287, -0.996322274208, -0.991223275661, -0.951069533825, -0.771089553833, -0.940981924534]
    skew: [1.95683121681, 1.6922107935, 1.44454705715, 1.11585950851, -4.27196788788, 1.26936924458]
    var: [0.000968284730334, 0.000176419023774, 0.000151222513523, 0.000234279839788, 0.0104906130582, 0.000260283850366]

SpecPeakAmp:
    dmean: [0.000145255602547, 0.000145094149048, 0.000144382487633, 0.00014339936024, 0.000130457890918]
    dmean2: [0.000217554814299, 0.000217561755562, 0.000216632950469, 0.000215998894419, 0.000203295392566]
    dvar: [4.03636221336e-07, 4.04111887065e-07, 3.99145960728e-07, 3.94121542513e-07, 3.29510129404e-07]
    dvar2: [1.04038235804e-06, 1.04303239823e-06, 1.03216018488e-06, 1.02357398646e-06, 8.79130936937e-07]
    kurt: [39.9105758667, 39.9051399231, 39.8621253967, 39.7059593201, 35.2163391113]
    max: [0.00311329681426, 0.00311066885479, 0.00310487346724, 0.00312131666578, 0.00314075895585]
    mean: [9.91637280094e-05, 9.0675042884e-05, 9.08343499759e-05, 9.27916189539e-05, 0.00010701805877]
    median: [2.9435774195e-05, 2.14972606045e-05, 2.09450263355e-05, 2.06370004889e-05, 2.0590468921e-05]
    min: [9.17290435609e-06, 2.56921953223e-06, 2.39389714807e-06, 2.88326123155e-06, 3.42586190527e-06]
    skew: [6.46932506561, 6.46870708466, 6.46372365952, 6.44593858719, 5.98386716843]
    var: [2.06747188258e-07, 2.07565122423e-07, 2.06851154871e-07, 2.09225959225e-07, 2.22221373747e-07]
