
metadata:
    version:
        essentia: "2.1-beta3"

Flux:
    dmean: 0.0184869468212
    dmean2: 0
    dvar: 0
    dvar2: 0
    kurt: -2
    max: 0.42142534256
    mean: 0.412181854248
    median: 0.412181854248
    min: 0.402938395739
    skew: 4.85823329655e-06
    var: 8.5441803094e-05

Rms:
    dmean: 0
    dmean2: 0
    dvar: 0
    dvar2: 0
    kurt: 0
    max: 0.144655138254
    mean: 0.144655138254
    median: 0.144655138254
    min: 0.144655138254
    skew: 0
    var: 0

RollOff:
    dmean: 882.861328125
    dmean2: 0
    dvar: 0
    dvar2: 0
    kurt: -2
    max: 2583.984375
    mean: 2142.55371094
    median: 2142.55371094
    min: 1701.12304688
    skew: 0
    var: 194861.03125

SpecCent:
    dmean: 118.042480469
    dmean2: 0
    dvar: 0
    dvar2: 0
    kurt: -2
    max: 2257.25048828
    mean: 2198.22924805
    median: 2198.22924805
    min: 2139.20800781
    skew: 0
    var: 3483.50683594

Zcr:
    dmean: 0
    dmean2: 0
    dvar: 0
    dvar2: 0
    kurt: 0
    max: 0.0166015625
    mean: 0.0166015625
    median: 0.0166015625
    min: 0.0166015625
    skew: 0
    var: 0

HarmonicAmpFreq:
    dmean: [0]
    dmean2: [0]
    dvar: [0]
    dvar2: [0]
    kurt: [nan]
    max: [2295.70507812]
    mean: [2295.70507812]
    median: [2295.70507812]
    min: [2295.70507812]
    skew: [nan]
    var: [0]

HarmonicAmpMag:
    dmean: [0]
    dmean2: [0]
    dvar: [0]
    dvar2: [0]
    kurt: [nan]
    max: [0]
    mean: [0]
    median: [0]
    min: [0]
    skew: [nan]
    var: [0]

MfccCoeff:
    dmean: [295.668762207, 164.577651978, 55.2858123779, 33.9690666199, 5.60136985779, 4.76124000549, 5.03152275085, 7.14721488953, 0.96981048584, 3.84855461121, 0.268283843994, 2.09192848206, 0.404329299927]
    dmean2: [0, 0, 0, 0, 0, 0, 0, 0, 0, 0, 0, 0, 0]
    dvar: [0, 0, 0, 0, 0, 0, 0, 0, 0, 0, 0, 0, 0]
    dvar2: [0, 0, 0, 0, 0, 0, 0, 0, 0, 0, 0, 0, 0]
    kurt: [-1.99999988079, -1.99999988079, -2, -1.99999988079, -2, -2, -2, -2, -2, -2, -2, -2, -2]
    max: [-559.971862793, 187.032501221, -80.2479400635, -30.6082420349, 15.2092952728, -2.50024414062, -12.9735794067, 6.83868980408, 6.51615524292, -1.24131011963, -2.6148223877, 5.45176887512, 0.622802734375]
    mean: [-707.806274414, 104.743675232, -107.890846252, -47.5927734375, 12.4086103439, -4.88086414337, -15.4893407822, 3.26508235931, 6.03125, -3.16558742523, -2.74896430969, 4.40580463409, 0.420638084412]
    median: [-707.806274414, 104.743675232, -107.890846252, -47.5927734375, 12.4086103439, -4.88086414337, -15.4893407822, 3.26508235931, 6.03125, -3.16558742523, -2.74896430969, 4.40580463409, 0.420638084412]
    min: [-855.640625, 22.4548549652, -135.533752441, -64.5773086548, 9.60792541504, -7.26148414612, -18.0051021576, -0.308525085449, 5.54634475708, -5.08986473083, -2.88310623169, 3.35984039307, 0.218473434448]
    skew: [5.80329867717e-07, 1.12165025712e-07, 0, -2.98971968959e-07, 0, 0, 0, 0, 0, 0, 0, 0, 0]
    var: [21855.0039062, 6771.45019531, 764.130249023, 288.474365234, 7.84383630753, 5.66735172272, 6.3290553093, 12.7706699371, 0.235133096576, 3.70284318924, 0.0179940555245, 1.09404122829, 0.0408705472946]

SpecContrastCoeff:
    dmean: [0.0770273804665, 0.0508073568344, 0.120391786098, 0.0619391202927, 0.167631149292, 0.038277566433]
    dmean2: [0, 0, 0, 0, 0, 0]
    dvar: [0, 0, 0, 0, 0, 0]
    dvar2: [0, 0, 0, 0, 0, 0]
    kurt: [-2, -2, -2, -2, -2, -1.99999988079]
    max: [-0.859988093376, -0.844145774841, -0.86643654108, -0.837192714214, -0.571975052357, -0.903709232807]
    mean: [-0.898501753807, -0.869549453259, -0.926632404327, -0.868162274361, -0.655790627003, -0.922847986221]
    median: [-0.898501753807, -0.869549453259, -0.926632404327, -0.868162274361, -0.655790627003, -0.922847986221]
    min: [-0.937015473843, -0.894953131676, -0.986828327179, -0.899131834507, -0.739606201649, -0.94198679924]
    skew: [-2.32438242165e-06, 0, -1.46771662912e-06, 0, 0, -4.70289432997e-06]
    var: [0.00148330442607, 0.000645346881356, 0.00362354563549, 0.000959113647696, 0.00702505046502, 0.000366293010302]

SpecPeakAmp:
    dmean: [0.00277131004259, 0.00279932958074, 0.0022370480001, 0.00250040623359, 0.00358590250835]
    dmean2: [0, 0, 0, 0, 0]
    dvar: [0, 0, 0, 0, 0]
    dvar2: [0, 0, 0, 0, 0]
    kurt: [-2, -2, -2, -2.00000023842, -2]
    max: [0.00403937837109, 0.00426974054426, 0.00413645710796, 0.00260002794676, 0.0036767157726]
    mean: [0.00265372334979, 0.00287007587031, 0.00301793310791, 0.00134982482996, 0.00188376451842]
    median: [0.00265372334979, 0.00287007587031, 0.00301793310791, 0.00134982482996, 0.00188376451842]
    min: [0.0012680683285, 0.00147041096352, 0.00189940899145, 9.96216476778e-05, 9.08131696633e-05]
    skew: [0, -2.83423702285e-07, -1.58673429951e-07, -1.70447123082e-07, -7.7048596836e-08]
    var: [1.92003994925e-06, 1.95906159206e-06, 1.25109613691e-06, 1.56300802701e-06, 3.21467450703e-06]
