
metadata:
    version:
        essentia: "2.1-beta3"

Flux:
    dmean: 7.1304298217e-06
    dmean2: 1.05154513221e-05
    dvar: 6.46003084359e-10
    dvar2: 1.38747979772e-09
    kurt: 13.7676029205
    max: 0.000135892478283
    mean: 8.88927297638e-06
    median: 2.26279507842e-06
    min: 8.23383686566e-07
    skew: 3.84086489677
    var: 6.7213440369e-10

Rms:
    dmean: 1.96300993593e-06
    dmean2: 1.73353498667e-06
    dvar: 4.771731274e-11
    dvar2: 3.83657862424e-11
    kurt: 18.7985706329
    max: 0.000109057153168
    mean: 0.000106247891381
    median: 0.000108054904558
    min: 6.42899613013e-05
    skew: -4.42921495438
    var: 6.21601797812e-11

RollOff:
    dmean: 0
    dmean2: 0
    dvar: 0
    dvar2: 0
    kurt: 0
    max: 193.798828125
    mean: 193.798828125
    median: 193.798828125
    min: 193.798828125
    skew: 0
    var: 0

SpecCent:
    dmean: 2.44835996628
    dmean2: 2.40040516853
    dvar: 4.9306678772
    dvar2: 6.85930156708
    kurt: -0.272567987442
    max: 598.098388672
    mean: 585.423278809
    median: 585.616271973
    min: 579.305053711
    skew: 0.429316580296
    var: 19.8292388916

Zcr:
    dmean: 0.000306595204165
    dmean2: 0.000383649545256
    dvar: 6.32343983398e-07
    dvar2: 4.26152922728e-07
    kurt: 16.262966156
    max: 0.00830078125
    mean: 0.00771262450144
    median: 0.0078125
    min: 0.0029296875
    skew: -4.02598047256
    var: 8.7325736331e-07

HarmonicAmpFreq:
    dmean: [0.0630730912089]
    dmean2: [0.0722049549222]
    dvar: [0.0548658035696]
    dvar2: [0.0523016750813]
    kurt: [18.9176616669]
    max: [175.203216553]
    mean: [174.069671631]
    median: [174.069076538]
    min: [172.899917603]
    skew: [-0.219982981682]
    var: [0.060444239527]

HarmonicAmpMag:
    dmean: [4.20708602178e-06]
    dmean2: [4.28085422755e-06]
    dvar: [3.63446495122e-10]
    dvar2: [3.58082397067e-10]
    kurt: [22.355758667]
    max: [0.000150340376422]
    mean: [0.000146128993947]
    median: [0.000150245905388]
    min: [3.7872869143e-05]
    skew: [-4.8152384758]
    var: [3.69087621577e-10]

MfccCoeff:
    dmean: [0.156284064054, 0.215267449617, 0.198406130075, 0.171394526958, 0.135777324438, 0.0935974121094, 0.047257181257, 0.00335356243886, 0.047771897167, 0.0910138860345, 0.128456830978, 0.15822352469, 0.178987011313]
    dmean2: [0.161199659109, 0.222020462155, 0.204602196813, 0.176703318954, 0.139914736152, 0.0963657945395, 0.0486918874085, 0.00366610568017, 0.0495354793966, 0.0941529050469, 0.132763639092, 0.163434535265, 0.184764131904]
    dvar: [0.590599298477, 1.12119066715, 0.953616857529, 0.713320910931, 0.449647903442, 0.215620994568, 0.0564838685095, 0.000171847990714, 0.0519662611187, 0.19424661994, 0.391313105822, 0.597915112972, 0.769400596619]
    dvar2: [0.600423038006, 1.13980901241, 0.969336628914, 0.724921643734, 0.456774562597, 0.218856021762, 0.057175450027, 0.000167485137354, 0.0531095266342, 0.198020711541, 0.398526966572, 0.608560323715, 0.78270894289]
    kurt: [29.8115997314, 29.8364906311, 29.8951797485, 30.0087356567, 30.2156181335, 30.632106781, 31.8207626343, 22.1446342468, 27.0524139404, 28.3878669739, 28.8967628479, 29.2168235779, 29.4788894653]
    max: [-1133.58435059, 6.66376876831, 6.14886474609, 5.32362747192, 4.23446655273, 2.94324493408, 1.52180862427, 0.125198364258, -4.57763671875e-05, -2.28881835938e-05, -2.67028808594e-05, -3.0517578125e-05, -3.81469726562e-05]
    mean: [-1133.73901367, 6.45108032227, 5.95286750793, 5.15437936783, 4.100461483, 2.85096645355, 1.4753857851, 0.0497363694012, -1.34868621826, -2.64582252502, -3.77525997162, -4.68189430237, -5.32508134842]
    median: [-1133.58862305, 6.65809249878, 6.14375305176, 5.31943130493, 4.23140716553, 2.94152069092, 1.52137374878, 0.0490646362305, -1.39419174194, -2.73266220093, -3.89814376831, -4.83350372314, -5.49674987793]
    min: [-1138.42004395, 1.14440917969e-05, -6.103515625e-05, 8.01086425781e-05, -6.103515625e-05, 2.28881835938e-05, -2.67028808594e-05, -5.34057617188e-05, -1.39601135254, -2.73593902588, -3.90239334106, -4.83842468262, -5.50206756592]
    skew: [-5.48320293427, -5.48578977585, -5.49122476578, -5.50174856186, -5.52097177505, -5.55979585648, -5.67166233063, 2.72700667381, 5.23158597946, 5.3526506424, 5.39919519424, 5.42859220505, 5.45273685455]
    var: [0.581062614918, 1.10311746597, 0.938370943069, 0.702094137669, 0.442778587341, 0.212530508637, 0.0558316074312, 0.000186722434592, 0.0508352406323, 0.190523862839, 0.384218990803, 0.587470829487, 0.756394565105]

SpecContrastCoeff:
    dmean: [0.0229937750846, 0.0179393813014, 0.008883417584, 0.00917176343501, 0.00773107865825, 0.00847662985325]
    dmean2: [0.0294125396758, 0.0268696453422, 0.0142816929147, 0.0128579577431, 0.00928184669465, 0.0119700971991]
    dvar: [0.00294264801778, 0.000359366356861, 0.000133342648041, 0.000116204260848, 0.000224946052185, 8.05252493592e-05]
    dvar2: [0.00226067053154, 0.000508205906954, 0.000203074756428, 0.000120722375868, 0.000196603723452, 0.000108098720375]
    kurt: [14.4231300354, 6.17661476135, 10.4371681213, 9.78865337372, 13.2159614563, 11.423620224]
    max: [-0.50478374958, -0.802232205868, -0.866898417473, -0.817322313786, -0.820049881935, -0.84158962965]
    mean: [-0.55932199955, -0.840965867043, -0.892449438572, -0.842628061771, -0.834633052349, -0.863731384277]
    median: [-0.545762658119, -0.839106559753, -0.891396284103, -0.840184152126, -0.831610798836, -0.86337697506]
    min: [-0.849174261093, -0.941903352737, -0.95125079155, -0.908041477203, -0.921135663986, -0.922922849655]
    skew: [-3.94406723976, -2.09321904182, -2.67076206207, -2.98895788193, -3.68769931793, -2.74977898598]
    var: [0.00428370898589, 0.000622588559054, 0.000159307979629, 0.000244893977651, 0.000348189467331, 0.00014646560885]

SpecPeakAmp:
    dmean: [1.85620842785e-06, 4.78021574963e-05, 4.20026080974e-05, 9.23558687305e-08, 4.5766768153e-07]
    dmean2: [2.07514381145e-06, 9.17250654311e-05, 8.58924831846e-05, 1.05527654171e-07, 8.53185554206e-07]
    dvar: [1.02090974563e-10, 4.75729677873e-09, 4.52569270948e-09, 9.11171366223e-14, 4.5811282285e-13]
    dvar2: [1.02746311459e-10, 8.09798184065e-09, 6.59671117731e-09, 7.84828744962e-14, 1.16181955549e-12]
    kurt: [38.7911567688, -1.21009302139, -1.54923474789, 20.1317386627, 1.43394994736]
    max: [8.428858564e-05, 0.000150316103827, 0.000150340376422, 1.9268475171e-06, 2.09139420804e-06]
    mean: [1.82140556717e-05, 4.54692381027e-05, 9.91335764411e-05, 1.77729404527e-07, 4.13485594208e-07]
    median: [1.6732414224e-05, 3.61811089533e-07, 0.000150204286911, 1.057243324e-07, 1.41082637128e-07]
    min: [1.33395178636e-05, 2.71834039722e-07, 5.56256161133e-08, 4.76163286578e-08, 6.06264052294e-08]
    skew: [6.37617063522, 0.878202855587, -0.671318113804, 4.59205913544, 1.81752586365]
    var: [1.01814202902e-10, 4.61679361408e-09, 5.0499688875e-09, 1.03827103165e-13, 3.92848676766e-13]
