
metadata:
    version:
        essentia: "2.1-beta3"

Flux:
    dmean: 0.000178132439032
    dmean2: 0.000226646268857
    dvar: 3.36903696052e-07
    dvar2: 6.50239712741e-07
    kurt: 9.93853664398
    max: 0.00343926320784
    mean: 0.000231391299167
    median: 9.00026680029e-06
    min: 4.24494874096e-06
    skew: 3.33592176437
    var: 5.48051957594e-07

Rms:
    dmean: 7.06296050339e-05
    dmean2: 5.20004941791e-05
    dvar: 5.43224700778e-08
    dvar2: 2.51646401495e-08
    kurt: 20.1853713989
    max: 0.00243892264552
    mean: 0.00234085554257
    median: 0.00241961702704
    min: 0.000556491664611
    skew: -4.46917152405
    var: 1.0233636516e-07

RollOff:
    dmean: 4.40451860428
    dmean2: 4.50694942474
    dvar: 834.190795898
    dvar2: 853.128967285
    kurt: 40.022731781
    max: 387.59765625
    mean: 198.10546875
    median: 193.798828125
    min: 193.798828125
    skew: 6.48249387741
    var: 816.074768066

SpecCent:
    dmean: 9.7884645462
    dmean2: 8.23631286621
    dvar: 2434.83007812
    dvar2: 1630.22875977
    kurt: 37.6346969604
    max: 572.130126953
    mean: 188.916687012
    median: 178.921035767
    min: 176.529418945
    skew: 6.22575759888
    var: 3435.03564453

Zcr:
    dmean: 0.0003662109375
    dmean2: 0.000374727474991
    dvar: 8.79168510437e-07
    dvar2: 5.08299763169e-07
    kurt: 17.9002742767
    max: 0.00830078125
    mean: 0.00758463563398
    median: 0.0078125
    min: 0
    skew: -4.17918395996
    var: 1.95609209186e-06

HarmonicAmpFreq:
    dmean: [0.0346159487963]
    dmean2: [0.0412306673825]
    dvar: [0.0179989505559]
    dvar2: [0.0286672394723]
    kurt: [15.2177314758]
    max: [174.62046814]
    mean: [174.085128784]
    median: [174.068969727]
    min: [173.807647705]
    skew: [3.33619594574]
    var: [0.0114506483078]

HarmonicAmpMag:
    dmean: [0.000134692585561]
    dmean2: [0.000104356826341]
    dvar: [2.54332377381e-07]
    dvar2: [1.74543714593e-07]
    kurt: [15.6780548096]
    max: [0.00341540807858]
    mean: [0.00325115188025]
    median: [0.00341446674429]
    min: [0]
    skew: [-4.07216978073]
    var: [4.13509553709e-07]

MfccCoeff:
    dmean: [1.8987981081, 2.49827218056, 1.99785816669, 1.33901774883, 0.708053767681, 0.357386678457, 0.211572825909, 0.153206735849, 0.233530908823, 0.401657283306, 0.548377156258, 0.665486097336, 0.746451199055]
    dmean2: [2.62901687622, 3.44168591499, 2.70540952682, 1.74533081055, 0.838108062744, 0.308798313141, 0.155700325966, 0.203340396285, 0.192749381065, 0.269251078367, 0.344048649073, 0.419131249189, 0.489201843739]
    dvar: [80.4910583496, 140.321243286, 92.1432189941, 44.4001197815, 15.0487613678, 3.44706249237, 0.642194509506, 0.276686042547, 0.799348831177, 2.22171878815, 4.25911235809, 6.36291694641, 8.04425907135]
    dvar2: [171.527496338, 295.448883057, 185.909835815, 80.9856185913, 21.3886528015, 2.40019416809, 0.432272940874, 0.555184185505, 0.466251730919, 1.1519908905, 2.45238399506, 3.77424907684, 4.94793367386]
    kurt: [20.2216701508, 19.8126296997, 19.6494693756, 24.0656337738, 36.1384391785, 37.7152023315, 22.0818424225, 19.085975647, 23.1446170807, 22.89412117, 22.5315799713, 22.4760894775, 22.1561012268]
    max: [-1085.0769043, 70.9058609009, 58.6719703674, 42.2318000793, 25.7236976624, 15.4456481934, 9.05325698853, 2.62428283691, -4.57763671875e-05, -2.28881835938e-05, -2.67028808594e-05, -3.0517578125e-05, -3.81469726562e-05]
    mean: [-1114.19348145, 33.3168869019, 30.563867569, 26.2306747437, 20.6479511261, 14.1987552643, 7.27529716492, 0.257572591305, -6.49362802505, -12.6376829147, -17.8625221252, -21.9035301208, -24.5693302155]
    median: [-1114.3079834, 33.2154655457, 30.6159706116, 26.4585762024, 20.9922027588, 14.5429840088, 7.49280166626, 0.252655029297, -6.76248168945, -13.1628875732, -18.6036739349, -22.8098297119, -25.5915031433]
    min: [-1138.42004395, 1.14440917969e-05, -6.103515625e-05, 8.01086425781e-05, -6.103515625e-05, 2.28881835938e-05, -2.67028808594e-05, -1.94413757324, -6.77688598633, -13.174911499, -18.6133480072, -22.8171463013, -25.5961723328]
    skew: [1.2909014225, 0.853426814079, -0.594262063503, -3.21311116219, -5.93391132355, -6.22725820541, -4.64480781555, 0.503287613392, 4.78559350967, 4.73951768875, 4.72178983688, 4.72162914276, 4.6925201416]
    var: [31.8974170685, 56.0798492432, 38.3224563599, 21.0359745026, 10.1775035858, 4.71082925797, 1.64707672596, 0.234987959266, 1.26060831547, 4.77569913864, 9.66834354401, 14.578166008, 18.5020313263]

SpecContrastCoeff:
    dmean: [0.0283555742353, 0.0170371048152, 0.0116817411035, 0.0106495711952, 0.00870971661061, 0.0109114227816]
    dmean2: [0.0301503185183, 0.0279722604901, 0.0189203266054, 0.0182764586061, 0.0144905950874, 0.0189664438367]
    dvar: [0.0055884141475, 0.000325460569002, 4.38307179138e-05, 0.000122311030282, 7.69563048379e-05, 7.38011949579e-05]
    dvar2: [0.00542622897774, 0.00084875227185, 0.000121543700516, 0.000340412341757, 0.000185003736988, 0.000222115122597]
    kurt: [12.238527298, 0.9432554245, -0.379293680191, 3.58734703064, 7.77201652527, 5.11389827728]
    max: [-0.339529693127, -0.872170627117, -0.908912956715, -0.901630580425, -0.900864958763, -0.89684510231]
    mean: [-0.393523067236, -0.937407255173, -0.933364808559, -0.924188733101, -0.92345303297, -0.921130120754]
    median: [-0.35956582427, -0.943670392036, -0.934340834618, -0.924074411392, -0.92330634594, -0.921711444855]
    min: [-0.983411133289, -0.969329535961, -0.960669696331, -0.964942336082, -0.962270975113, -0.96216660738]
    skew: [-3.59410047531, 1.09398710728, -0.0766776427627, -1.35941958427, -1.6339764595, -1.11449682713]
    var: [0.0151201989502, 0.000459711096482, 0.000124406986288, 0.000117500087072, 7.46919395169e-05, 9.68099702732e-05]

SpecPeakAmp:
    dmean: [9.34122872422e-05, 0.000752297637518, 0.00062216934748, 1.41780799368e-06, 1.18230559565e-06]
    dmean2: [0.000143072073115, 0.00148065038957, 0.00127223599702, 2.01829971047e-06, 1.76597950485e-06]
    dvar: [1.77868685114e-07, 1.93769687939e-06, 1.73105183876e-06, 2.18122533924e-11, 1.34449621575e-11]
    dvar2: [4.56591038756e-07, 4.24223617301e-06, 3.80114329346e-06, 5.40372850633e-11, 3.38333423777e-11]
    kurt: [40.0034255981, -1.07277309895, -0.214318275452, 28.4015655518, 31.0191307068]
    max: [0.00203688442707, 0.00341540807858, 0.00341531750746, 2.31282574532e-05, 1.84699092642e-05]
    mean: [6.22137886239e-05, 0.00244801910594, 0.000760725233704, 1.97702001969e-06, 1.69292661667e-06]
    median: [1.69373033714e-05, 0.00341416033916, 1.3628753095e-06, 1.23877430269e-06, 1.22520998502e-06]
    min: [6.46861508358e-06, 1.06170375602e-06, 6.10863708062e-07, 4.71588464279e-07, 3.65973875205e-07]
    skew: [6.48022222519, -0.952029585838, 1.3362762928, 5.31821155548, 5.54374027252]
    var: [8.86409168288e-08, 2.30701607506e-06, 2.01282750822e-06, 1.20382358595e-11, 7.22727173247e-12]
