
metadata:
    version:
        essentia: "2.1-beta3"

Flux:
    dmean: 0.00395016279072
    dmean2: 0.00515626976267
    dvar: 0.000167780657648
    dvar2: 0.000327773625031
    kurt: 9.66277503967
    max: 0.0757457911968
    mean: 0.00503595918417
    median: 3.99153068429e-05
    min: 1.71210667759e-05
    skew: 3.30347895622
    var: 0.000273653364275

Rms:
    dmean: 0.00165027205367
    dmean2: 0.00118743057828
    dvar: 2.94057717838e-05
    dvar2: 1.31150145535e-05
    kurt: 20.378200531
    max: 0.0545870922506
    mean: 0.0523451417685
    median: 0.0542348474264
    min: 0.0105148721486
    skew: -4.48535585403
    var: 5.5876244005e-05

RollOff:
    dmean: 7.83025550842
    dmean2: 7.51158237457
    dvar: 2320.31030273
    dvar2: 2067.87182617
    kurt: 39.6880378723
    max: 538.330078125
    mean: 201.93359375
    median: 193.798828125
    min: 193.798828125
    skew: 6.44442558289
    var: 2581.94677734

SpecCent:
    dmean: 22.5507564545
    dmean2: 18.793214798
    dvar: 14030.875
    dvar2: 9051.8828125
    kurt: 37.3989753723
    max: 1126.63830566
    mean: 199.612457275
    median: 174.572097778
    min: 172.537200928
    skew: 6.20253133774
    var: 20161.7265625

Zcr:
    dmean: 0.0003662109375
    dmean2: 0.000397438212531
    dvar: 9.6586620657e-07
    dvar2: 6.68191262321e-07
    kurt: 17.920375824
    max: 0.00830078125
    mean: 0.00759548600763
    median: 0.0078125
    min: 0.00048828125
    skew: -4.18438863754
    var: 1.72250088326e-06

HarmonicAmpFreq:
    dmean: [0.0819390043616]
    dmean2: [0.122794926167]
    dvar: [0.101314045489]
    dvar2: [0.256612300873]
    kurt: [24.458026886]
    max: [175.792877197]
    mean: [174.13571167]
    median: [174.068847656]
    min: [174.067321777]
    skew: [4.88601255417]
    var: [0.0792191103101]

HarmonicAmpMag:
    dmean: [0.00301195401698]
    dmean2: [0.00230517773889]
    dvar: [0.000126533122966]
    dvar2: [8.74590987223e-05]
    kurt: [15.4780902863]
    max: [0.0764471590519]
    mean: [0.0727536454797]
    median: [0.0764337852597]
    min: [0]
    skew: [-4.0482172966]
    var: [0.000208284458495]

MfccCoeff:
    dmean: [14.9498567581, 5.44664382935, 1.57129144669, 1.42786502838, 1.43090963364, 1.06513512135, 0.859500706196, 0.505172908306, 0.497669398785, 0.688412249088, 0.916823148727, 1.29377889633, 1.57954025269]
    dmean2: [21.6792736053, 6.79371881485, 2.21147632599, 2.06562447548, 2.46967840195, 1.63174831867, 1.29507935047, 0.953253090382, 0.746559143066, 0.633624970913, 0.761394441128, 1.14081418514, 1.37181591988]
    dvar: [4081.88647461, 407.963378906, 32.354221344, 24.1307258606, 33.9599647522, 20.5032367706, 12.1282596588, 3.81091237068, 2.18474817276, 4.20638751984, 10.7397451401, 20.0656909943, 28.8865909576]
    dvar2: [10301.5439453, 903.1796875, 47.6607246399, 40.4953956604, 68.3602142334, 33.699382782, 22.7058734894, 7.908452034, 5.32245779037, 4.6874961853, 8.09841918945, 16.9290428162, 25.8959560394]
    kurt: [37.2806777954, 13.0453453064, 9.44472885132, 15.2164649963, 15.3095474243, 13.3725662231, 12.0030918121, 7.70325565338, 17.8499774933, 21.7337265015, 20.1934013367, 16.6821365356, 14.5742416382]
    max: [-794.827148438, 143.263031006, 93.3254394531, 70.9004974365, 53.0174293518, 34.2481994629, 20.9430732727, 7.21297645569, -3.66148376465, -2.5085067749, -0.778759002686, 0.703132629395, 1.44686889648]
    mean: [-1081.30541992, 71.3022079468, 63.4980735779, 55.1195259094, 44.2347984314, 32.1430702209, 19.0729236603, 5.88983440399, -6.90530061722, -18.5290260315, -28.4947528839, -36.3009643555, -41.7362365723]
    median: [-1088.69091797, 68.674446106, 63.8116798401, 56.0265655518, 45.7737922668, 33.6502380371, 20.350025177, 6.62727355957, -6.76051330566, -19.0986862183, -29.7572078705, -38.2297172546, -44.1655082703]
    min: [-1114.47045898, 31.9964103699, 26.8000526428, 19.4328346252, 10.405456543, 4.36396026611, -1.70924377441, -4.46250152588, -13.8265380859, -23.4923019409, -29.8461360931, -38.2353630066, -44.1687431335]
    skew: [6.16932678223, 2.98188853264, -1.24083459377, -3.6021361351, -4.03085756302, -3.84392404556, -3.64186739922, -3.04391551018, -3.4855465889, 4.43149375916, 4.50527715683, 4.12555027008, 3.87466549873]
    var: [1928.06140137, 220.382568359, 81.6668930054, 52.0047454834, 54.8175239563, 37.6776199341, 22.9049777985, 6.85655260086, 1.62477469444, 7.93942308426, 24.9134693146, 49.6435203552, 72.7822647095]

SpecContrastCoeff:
    dmean: [0.0340910293162, 0.00858989916742, 0.00674936966971, 0.0102994116023, 0.00989125017077, 0.00759189249948]
    dmean2: [0.0241132844239, 0.0137092275545, 0.00991642102599, 0.0174204297364, 0.0134709682316, 0.0084132719785]
    dvar: [0.00818502623588, 0.00043524679495, 8.88716895133e-05, 0.000183382901014, 0.000109840068035, 4.73578002129e-05]
    dvar2: [0.00435350788757, 0.000963209487963, 0.000199307629373, 0.000506194715854, 0.000294915429549, 0.000118407268019]
    kurt: [18.4797973633, 10.5539083481, 2.64232444763, 2.29102802277, 1.5474562645, -0.891672611237]
    max: [-0.14110648632, -0.835896670818, -0.927119255066, -0.924132287502, -0.914311885834, -0.92043119669]
    mean: [-0.202688872814, -0.949731469154, -0.962456524372, -0.960890173912, -0.953977525234, -0.943160414696]
    median: [-0.168529838324, -0.959243714809, -0.967228353024, -0.966846466064, -0.960069715977, -0.947652757168]
    min: [-0.983339190483, -0.960677087307, -0.98467862606, -0.969277620316, -0.964914739132, -0.964717209339]
    skew: [-4.23431634903, 3.40999984741, 1.65157866478, 1.95177674294, 1.58766973019, 0.479995965958]
    var: [0.0202650055289, 0.000729562656488, 0.000120622295071, 0.000169815510162, 0.000154533001478, 0.000117828312796]

SpecPeakAmp:
    dmean: [0.00497005786747, 0.00348159880377, 2.34236049437e-05, 2.25430194405e-05, 1.9732686269e-05]
    dmean2: [0.00786225125194, 0.00708700809628, 2.89776799036e-05, 3.13971468131e-05, 2.81571192318e-05]
    dvar: [0.000260328757577, 0.000251719699008, 5.12100539751e-09, 5.06172392889e-09, 4.40446301653e-09]
    dvar2: [0.0006885517505, 0.00048920098925, 1.24017747183e-08, 1.26758950003e-08, 1.10811324561e-08]
    kurt: [20.2175712585, 6.34774303436, 22.7639923096, 28.2632236481, 30.9610023499]
    max: [0.0750179514289, 0.0764471590519, 0.000357286422513, 0.000352430302883, 0.000328775407979]
    mean: [0.00314720370807, 0.0696585476398, 3.32506097038e-05, 2.61386667262e-05, 2.18649056478e-05]
    median: [3.58813631465e-05, 0.0764337852597, 2.18710811168e-05, 1.49940842675e-05, 1.33430794449e-05]
    min: [9.52786558628e-06, 2.36522901105e-05, 1.02518552012e-05, 4.74413582197e-06, 4.05985156249e-06]
    skew: [4.52747488022, -2.8892364502, 4.77891683578, 5.29510688782, 5.55734491348]
    var: [0.000168635669979, 0.000470530503662, 3.20507331786e-09, 2.86956858275e-09, 2.42253239691e-09]
