
metadata:
    version:
        essentia: "2.1-beta3"

Flux:
    dmean: 0.0349291935563
    dmean2: 0.0479244589806
    dvar: 0.0135184498504
    dvar2: 0.0265243221074
    kurt: 9.05363845825
    max: 0.67830747366
    mean: 0.0462968349457
    median: 0.000337715115165
    min: 3.37699748343e-05
    skew: 3.22707867622
    var: 0.0227978117764

Rms:
    dmean: 0.0160445701331
    dmean2: 0.0116192176938
    dvar: 0.00292477966286
    dvar2: 0.00129653024487
    kurt: 21.9308853149
    max: 0.502934992313
    mean: 0.481463164091
    median: 0.499944895506
    min: 0.0596287548542
    skew: -4.63332939148
    var: 0.0054458710365

RollOff:
    dmean: 24.4695491791
    dmean2: 24.5378360748
    dvar: 24713.8886719
    dvar2: 24253.2363281
    kurt: 39.9883422852
    max: 1270.45898438
    mean: 218.203125
    median: 193.798828125
    min: 193.798828125
    skew: 6.47847604752
    var: 25174.6699219

SpecCent:
    dmean: 32.3082275391
    dmean2: 29.587064743
    dvar: 34705.5585938
    dvar2: 28367.9179688
    kurt: 39.2338829041
    max: 1554.07922363
    mean: 208.247589111
    median: 174.523742676
    min: 172.532012939
    skew: 6.39450359344
    var: 41548.4414062

Zcr:
    dmean: 0.000332919036737
    dmean2: 0.000352016708348
    dvar: 8.10327208001e-07
    dvar2: 5.24804761426e-07
    kurt: 18.1812152863
    max: 0.00830078125
    mean: 0.00757378479466
    median: 0.0078125
    min: 0.00048828125
    skew: -4.21082115173
    var: 1.69141821971e-06

HarmonicAmpFreq:
    dmean: [0.0348698012531]
    dmean2: [0.0598279386759]
    dvar: [0.0255051795393]
    dvar2: [0.0666846707463]
    kurt: [23.5119571686]
    max: [175.061767578]
    mean: [174.104003906]
    median: [174.068618774]
    min: [174.065185547]
    skew: [4.92016744614]
    var: [0.027759546414]

HarmonicAmpMag:
    dmean: [0.027488829568]
    dmean2: [0.0205190107226]
    dvar: [0.0104200011119]
    dvar2: [0.00731947133318]
    kurt: [15.2273712158]
    max: [0.704336822033]
    mean: [0.670140147209]
    median: [0.704218447208]
    min: [0]
    skew: [-4.01324987411]
    var: [0.0176756437868]

MfccCoeff:
    dmean: [31.2973403931, 9.02069187164, 6.25724506378, 8.79012203217, 7.29468393326, 4.61106538773, 3.29102730751, 2.5539932251, 1.90025138855, 2.01956248283, 2.19587612152, 2.28535556793, 2.36182999611]
    dmean2: [39.4355926514, 8.24965286255, 6.87868404388, 6.61700439453, 6.90033721924, 4.73844146729, 3.88873434067, 2.76409673691, 2.65017724037, 2.80043029785, 2.47846460342, 2.19157171249, 2.67946600914]
    dvar: [8910.58496094, 90.7286911011, 121.518966675, 60.963218689, 45.1088294983, 25.9578304291, 11.5589437485, 5.65829944611, 1.08243739605, 4.46606683731, 13.5025720596, 24.2416801453, 31.0051460266]
    dvar2: [23110.0546875, 106.899803162, 164.770874023, 29.4250488281, 35.4341888428, 17.6146354675, 9.84831619263, 7.74914741516, 4.08801460266, 5.48243093491, 11.3762693405, 20.7326126099, 29.7793483734]
    kurt: [31.1922264099, 4.65011882782, 13.8006916046, 4.11737918854, 4.41101980209, 11.9131937027, 8.36802959442, 2.67520666122, -0.719829559326, 13.3373222351, 16.3922328949, 15.9605484009, 13.3641109467]
    max: [-566.387329102, 206.017120361, 112.888977051, 88.4456634521, 67.6379089355, 45.9333190918, 25.3611373901, 8.66048622131, -4.97065734863, -0.758911132812, 2.87343215942, 5.50115966797, 1.8797454834]
    mean: [-1016.71594238, 138.217422485, 98.5153884888, 68.4013595581, 48.5043525696, 33.6886177063, 18.6183815002, 4.29213953018, -8.23784065247, -19.4891052246, -29.5846786499, -37.5704689026, -43.3602256775]
    median: [-1027.43444824, 139.328552246, 104.698303223, 68.5366973877, 47.2623176575, 34.0374755859, 21.159198761, 6.47229766846, -8.05838012695, -19.9733505249, -30.4198055267, -39.2488975525, -45.7101249695]
    min: [-1052.43530273, 104.653175354, 14.2312927246, 0.295520782471, -5.16073608398, -12.5908584595, -10.6138381958, -11.3251342773, -12.9524230957, -23.6142807007, -34.7381820679, -42.5476646423, -48.0878105164]
    skew: [5.50217342377, 1.44264304638, -3.61764502525, -1.46092569828, -1.40566265583, -2.86103177071, -2.58319497108, -1.40587341785, -0.273707658052, 3.32191967964, 3.92991352081, 3.98692655563, 3.73717880249]
    var: [5181.44140625, 283.357696533, 290.553955078, 278.615142822, 177.498214722, 86.3450927734, 40.5235519409, 16.3840751648, 4.1463432312, 13.8127403259, 37.7609329224, 68.3332672119, 85.229598999]

SpecContrastCoeff:
    dmean: [0.0310470294207, 0.0142305288464, 0.00687197269872, 0.00688532134518, 0.00668695708737, 0.0116962045431]
    dmean2: [0.0229134839028, 0.0228351075202, 0.00979201216251, 0.010950458236, 0.0113948611543, 0.019686261192]
    dvar: [0.0100429654121, 0.00143383187242, 9.43714112509e-05, 0.000151193526108, 0.000182245159522, 0.000357637298293]
    dvar2: [0.0042203553021, 0.00332857226022, 0.000192814099137, 0.000343874824466, 0.000467935140477, 0.000977389048785]
    kurt: [23.1904163361, 9.34562397003, 5.80780792236, 6.14423751831, 6.36363315582, 5.87154102325]
    max: [-0.0118323992938, -0.791109621525, -0.898449003696, -0.906133413315, -0.90665858984, -0.886752128601]
    mean: [-0.0642709210515, -0.937263309956, -0.953569948673, -0.957365989685, -0.955695927143, -0.949639320374]
    median: [-0.0296420995146, -0.949361085892, -0.960329115391, -0.962296962738, -0.959757328033, -0.957118690014]
    min: [-0.929189801216, -0.977419257164, -0.960614264011, -0.963336706161, -0.961705565453, -0.959573328495]
    skew: [-4.75012350082, 3.27288627625, 2.44992160797, 2.68022370338, 2.74543046951, 2.51718115807]
    var: [0.0221612397581, 0.00141539541073, 0.000176828310941, 0.000167382720974, 0.000154135515913, 0.000273211422609]

SpecPeakAmp:
    dmean: [0.112987689674, 0.100572131574, 0.000515018007718, 0.000392533489503, 0.000361215119483]
    dmean2: [0.206241622567, 0.200440302491, 0.000730612082407, 0.000578913430218, 0.000538912368938]
    dvar: [0.060627873987, 0.0580527298152, 3.52015194949e-06, 2.24743507715e-06, 2.08875849239e-06]
    dvar2: [0.168434396386, 0.150718137622, 8.86598809302e-06, 5.72838234802e-06, 5.34751143277e-06]
    kurt: [7.84718894958, 2.95923805237, 32.518535614, 35.6778755188, 37.7690353394]
    max: [0.704099476337, 0.704336822033, 0.0090855397284, 0.0072692357935, 0.00701506482437]
    mean: [0.055792696774, 0.61504638195, 0.000444551347755, 0.000272840377875, 0.000239593922743]
    median: [0.000305728404783, 0.704218447208, 0.000181816285476, 6.37004050077e-05, 5.67446368223e-05]
    min: [2.05841533898e-05, 0.000208732773899, 8.78899300005e-05, 1.56567621161e-05, 1.39001967909e-05]
    skew: [3.09452676773, -2.21036148071, 5.72226715088, 6.02721977234, 6.238717556]
    var: [0.0329404808581, 0.0524322576821, 1.8748646653e-06, 1.1744331232e-06, 1.07199730337e-06]
