
metadata:
    version:
        essentia: "2.1-beta3"

Flux:
    dmean: 0.0260244905949
    dmean2: 0
    dvar: 0
    dvar2: 0
    kurt: -1.99999988079
    max: 0.394129306078
    mean: 0.381117045879
    median: 0.381117045879
    min: 0.368104815483
    skew: 3.45723015016e-06
    var: 0.000169318518601

Rms:
    dmean: 0
    dmean2: 0
    dvar: 0
    dvar2: 0
    kurt: 0
    max: 0.136304333806
    mean: 0.136304333806
    median: 0.136304333806
    min: 0.136304333806
    skew: 0
    var: 0

RollOff:
    dmean: 43.06640625
    dmean2: 0
    dvar: 0
    dvar2: 0
    kurt: -2
    max: 322.998046875
    mean: 301.46484375
    median: 301.46484375
    min: 279.931640625
    skew: 0
    var: 463.678833008

SpecCent:
    dmean: 240.742492676
    dmean2: 0
    dvar: 0
    dvar2: 0
    kurt: -2
    max: 483.205444336
    mean: 362.834197998
    median: 362.834197998
    min: 242.46295166
    skew: 0
    var: 14489.2373047

Zcr:
    dmean: 0.00048828125
    dmean2: 0
    dvar: 0
    dvar2: 0
    kurt: -2
    max: 0.00390625
    mean: 0.003662109375
    median: 0.003662109375
    min: 0.00341796875
    skew: 0
    var: 5.96046447754e-08

HarmonicAmpFreq:
    dmean: [27.9899749756]
    dmean2: [0]
    dvar: [0]
    dvar2: [0]
    kurt: [-2]
    max: [267.690093994]
    mean: [253.695098877]
    median: [253.695098877]
    min: [239.700119019]
    skew: [1.64776110978e-06]
    var: [195.859680176]

HarmonicAmpMag:
    dmean: [0.136516869068]
    dmean2: [0]
    dvar: [0]
    dvar2: [0]
    kurt: [-2]
    max: [0.149738460779]
    mean: [0.0814800262451]
    median: [0.0814800262451]
    min: [0.0132215861231]
    skew: [-1.83025278488e-07]
    var: [0.00465921452269]

MfccCoeff:
    dmean: [397.854675293, 4.50498962402, 53.3384094238, 0.297348022461, 15.1951751709, 26.4313526154, 26.3871059418, 27.3473587036, 20.0077915192, 12.7390727997, 5.57012462616, 2.26620674133, 1.22871017456]
    dmean2: [0, 0, 0, 0, 0, 0, 0, 0, 0, 0, 0, 0, 0]
    dvar: [0, 0, 0, 0, 0, 0, 0, 0, 0, 0, 0, 0, 0]
    dvar2: [0, 0, 0, 0, 0, 0, 0, 0, 0, 0, 0, 0, 0]
    kurt: [-2, -2, -2, -2, -1.99999988079, -2, -2, -2, -2, -1.99999988079, -1.99999988079, -2, -2]
    max: [-606.797607422, 160.5390625, 95.6217651367, 34.608417511, 13.7068023682, 7.72753334045, -2.10365486145, -5.43517303467, -10.012802124, -10.5414524078, -11.4961500168, -9.8516292572, -7.38843917847]
    mean: [-805.724975586, 158.286560059, 68.9525604248, 34.4597434998, 6.10921478271, -5.48814296722, -15.2972078323, -19.1088523865, -20.0166969299, -16.910987854, -14.281211853, -10.9847326279, -8.00279426575]
    median: [-805.724975586, 158.286560059, 68.9525604248, 34.4597434998, 6.10921478271, -5.48814296722, -15.2972078323, -19.1088523865, -20.0166969299, -16.910987854, -14.281211853, -10.9847326279, -8.00279426575]
    min: [-1004.65228271, 156.034072876, 42.2833557129, 34.3110694885, -1.48837280273, -18.7038192749, -28.4907608032, -32.7825317383, -30.0205936432, -23.2805252075, -17.0662746429, -12.1178359985, -8.61714935303]
    skew: [4.44615551487e-07, 1.0138763173e-05, 0, 0, 0, 0, 0, 0, -3.04819394614e-07, -4.72374694027e-07, -4.85610485157e-07, 0, 0]
    var: [39572.0859375, 5.07373285294, 711.246459961, 0.0221039615571, 57.7233352661, 174.654098511, 174.069839478, 186.969512939, 100.077926636, 40.5709915161, 7.75657176971, 1.28392326832, 0.37743216753]

SpecContrastCoeff:
    dmean: [0.0751842260361, 0.0967442989349, 0.0473265647888, 0.0129740834236, 0.0251151323318, 0.0229836702347]
    dmean2: [0, 0, 0, 0, 0, 0]
    dvar: [0, 0, 0, 0, 0, 0]
    dvar2: [0, 0, 0, 0, 0, 0]
    kurt: [-2, -2, -2, -1.99999988079, -2, -1.99999988079]
    max: [-0.584612488747, -0.623731255531, -0.871353089809, -0.932631313801, -0.932915627956, -0.937924206257]
    mean: [-0.622204601765, -0.672103404999, -0.895016372204, -0.939118385315, -0.945473194122, -0.949416041374]
    median: [-0.622204601765, -0.672103404999, -0.895016372204, -0.939118385315, -0.945473194122, -0.949416041374]
    min: [-0.659796714783, -0.720475554466, -0.918679654598, -0.945605397224, -0.958030760288, -0.960907876492]
    skew: [0, 0, 0, 1.37951365105e-05, 0, 0]
    var: [0.00141316698864, 0.00233986484818, 0.000559950945899, 4.20817086706e-05, 0.000157692469656, 0.000132062268676]
