
metadata:
    version:
        essentia: "2.1-beta3"

Flux:
    dmean: 0.000175932364073
    dmean2: 0.000235739484197
    dvar: 3.34136046831e-07
    dvar2: 6.64411459184e-07
    kurt: 9.45745563507
    max: 0.00333006912842
    mean: 0.000232312086155
    median: 1.0670561096e-05
    min: 4.68139569421e-06
    skew: 3.28036117554
    var: 5.39299605862e-07

Rms:
    dmean: 7.64529686421e-05
    dmean2: 6.01496321906e-05
    dvar: 5.92410991374e-08
    dvar2: 2.58946712961e-08
    kurt: 20.5941143036
    max: 0.00243530934677
    mean: 0.00233778217807
    median: 0.00242193555459
    min: 0.000449996849056
    skew: -4.50615358353
    var: 1.13104313471e-07

RollOff:
    dmean: 9.78781986237
    dmean2: 9.51467132568
    dvar: 3719.01098633
    dvar2: 3414.02026367
    kurt: 39.8081665039
    max: 796.728515625
    mean: 376.11328125
    median: 366.064453125
    min: 366.064453125
    skew: 6.45789813995
    var: 4030.91455078

SpecCent:
    dmean: 20.0543766022
    dmean2: 18.9942741394
    dvar: 10335.8164062
    dvar2: 7971.70703125
    kurt: 38.7814903259
    max: 1125.07397461
    mean: 370.591888428
    median: 351.757171631
    min: 347.936584473
    skew: 6.34559583664
    var: 13128.7470703

Zcr:
    dmean: 0.000721324584447
    dmean2: 0.000772165716626
    dvar: 3.57073577106e-06
    dvar2: 2.46438980867e-06
    kurt: 17.8495922089
    max: 0.01611328125
    mean: 0.0151801211759
    median: 0.015625
    min: 0.0009765625
    skew: -4.21525812149
    var: 6.89636044626e-06

HarmonicAmpFreq:
    dmean: [0.346767783165]
    dmean2: [0.695313930511]
    dvar: [0.208468735218]
    dvar2: [0.557329416275]
    kurt: [-0.358026266098]
    max: [349.372497559]
    mean: [348.502075195]
    median: [348.27130127]
    min: [348.265136719]
    skew: [1.25623202324]
    var: [0.167815357447]

HarmonicAmpMag:
    dmean: [0.00120509997942]
    dmean2: [0.00229798839428]
    dvar: [2.43256090471e-06]
    dvar2: [6.92605908625e-06]
    kurt: [-0.231736660004]
    max: [0.00337866367772]
    mean: [0.00261396775022]
    median: [0.00337743712589]
    min: [0]
    skew: [-1.30124390125]
    var: [1.87986779565e-06]

MfccCoeff:
    dmean: [2.26740050316, 2.7172358036, 1.52864229679, 0.324437230825, 0.551902234554, 0.803907752037, 0.894522845745, 1.03373193741, 0.981701910496, 0.758659720421, 0.417692929506, 0.0564765930176, 0.33421638608]
    dmean2: [3.06766963005, 3.64034891129, 1.96493756771, 0.302155613899, 0.771838963032, 0.938234806061, 0.82367503643, 0.810423374176, 0.721656084061, 0.552425444126, 0.30972507596, 0.071060359478, 0.27180019021]
    dvar: [102.219818115, 147.416366577, 47.9987030029, 2.41015315056, 6.03248786926, 14.9750833511, 17.8554286957, 18.1342029572, 15.251958847, 9.0359582901, 2.76663064957, 0.0566134676337, 1.68019521236]
    dvar2: [214.362945557, 302.380859375, 89.0686264038, 1.91686928272, 13.5281581879, 21.405002594, 13.6813821793, 9.01389217377, 7.01789045334, 4.15008926392, 1.28478133678, 0.103770986199, 1.27572858334]
    kurt: [18.6750545502, 18.2002449036, 20.3964004517, 33.9502601624, 23.5765724182, 31.3374900818, 33.9215812683, 29.5795974731, 27.5997200012, 27.2671737671, 27.6333141327, 16.7481861115, 21.1153583527]
    max: [-1078.05908203, 73.2440872192, 43.3007545471, 11.3153114319, -6.103515625e-05, 2.28881835938e-05, -2.67028808594e-05, -5.34057617188e-05, -4.57763671875e-05, -2.28881835938e-05, -2.67028808594e-05, -3.0517578125e-05, 11.7747344971]
    mean: [-1110.1953125, 36.1783027649, 25.7888183594, 10.9690608978, -5.28040266037, -19.8903312683, -30.3056964874, -34.869682312, -33.0491294861, -25.5072364807, -13.9715795517, -0.861370027065, 11.2577009201]
    median: [-1110.11901855, 36.3729362488, 26.136631012, 11.3146705627, -5.22711181641, -20.3468856812, -31.2658004761, -36.114944458, -34.2782058716, -26.4627304077, -14.4922542572, -0.877647399902, 11.7312240601]
    min: [-1138.42004395, 1.14440917969e-05, -6.103515625e-05, 8.01086425781e-05, -14.0924949646, -25.2352256775, -31.3080368042, -36.1510620117, -34.2982254028, -26.4640731812, -14.4932613373, -1.4661026001, -3.81469726562e-05]
    skew: [0.850220739841, 0.129826530814, -2.48861575127, -5.84525632858, -3.2237443924, 5.40501642227, 5.83901071548, 5.39079427719, 5.19987392426, 5.16770744324, 5.20079898834, 2.23292541504, -4.62247467041]
    var: [41.7947425842, 61.493347168, 22.6051139832, 2.95543217659, 2.3863286972, 10.1060266495, 22.5653858185, 31.8868541718, 29.6569747925, 17.774679184, 5.29537916183, 0.0281993318349, 4.03675127029]

SpecContrastCoeff:
    dmean: [0.0253697149456, 0.0308301392943, 0.0166230369359, 0.0108099887148, 0.00769071700051, 0.00694312294945]
    dmean2: [0.0327743887901, 0.0303587391973, 0.0264814477414, 0.0174626633525, 0.0140911052004, 0.0113473245874]
    dvar: [0.000343902240274, 0.00385690457188, 0.000158266702783, 6.79937875248e-05, 4.44560537289e-05, 3.59425102943e-05]
    dvar2: [0.000647883571219, 0.00254244916141, 0.000463250733446, 0.000174229920958, 0.000123982928926, 0.000101783363789]
    kurt: [7.06130695343, 18.2223567963, 0.0310866832733, 0.01105427742, 6.54308223724, 7.28121471405]
    max: [-0.776549637318, -0.368140131235, -0.90390253067, -0.913617014885, -0.908419132233, -0.903977632523]
    mean: [-0.827320039272, -0.421860337257, -0.944286763668, -0.932216048241, -0.923456847668, -0.920213222504]
    median: [-0.829589128494, -0.399139761925, -0.945337116718, -0.932157158852, -0.923369884491, -0.92012655735]
    min: [-0.959429144859, -0.988435983658, -0.964632987976, -0.960744678974, -0.960514783859, -0.962171792984]
    skew: [-1.82005977631, -4.25458717346, 0.787614762783, -0.503412723541, -1.79609405994, -1.98259401321]
    var: [0.000858612009324, 0.0109707117081, 0.000215829102672, 0.000104834834929, 7.04959311406e-05, 8.68091447046e-05]

SpecPeakAmp:
    dmean: [3.87244654121e-06, 8.87446585693e-05, 0.000151561340317, 0.00109518738464, 0.00138292473275]
    dmean2: [4.96145366924e-06, 0.000135821217555, 0.000232868813328, 0.00221821153536, 0.00282844924368]
    dvar: [1.63018501476e-10, 1.61539503551e-07, 4.71428052151e-07, 2.44174862019e-06, 2.74899866781e-06]
    dvar2: [4.10369044301e-10, 4.14875017896e-07, 1.21320454127e-06, 6.21561639491e-06, 5.252673418e-06]
    kurt: [32.770072937, 40.0170059204, 40.0088272095, 1.5071182251, -1.90074551105]
    max: [7.18931332813e-05, 0.00193206372205, 0.00331843830645, 0.00337800150737, 0.00337866367772]
    mean: [1.77051297214e-05, 4.53826469311e-05, 7.72222119849e-05, 0.000547897070646, 0.00195358786732]
    median: [1.67473281181e-05, 2.25593180403e-06, 2.3631298518e-06, 2.48138871939e-06, 0.00337708881125]
    min: [3.84149643651e-06, 1.14118790862e-06, 7.51884442707e-07, 5.58403201012e-07, 4.40488975073e-07]
    skew: [5.51795387268, 6.48181962967, 6.48085832596, 1.85957574844, -0.314977347851]
    var: [7.33519911478e-11, 8.09045985761e-08, 2.38799600538e-07, 1.4929810277e-06, 2.77540789284e-06]
