
metadata:
    version:
        essentia: "2.1-beta3"

Flux:
    dmean: 0.00398895144463
    dmean2: 0.00521863251925
    dvar: 0.000167886042618
    dvar2: 0.000327610992827
    kurt: 9.70602798462
    max: 0.0759268701077
    mean: 0.00508115347475
    median: 0.000104653547169
    min: 1.52797329065e-05
    skew: 3.30869531631
    var: 0.000273531186394

Rms:
    dmean: 0.00171675835736
    dmean2: 0.00136466044933
    dvar: 3.03601373162e-05
    dvar2: 1.35665004564e-05
    kurt: 21.0344543457
    max: 0.0545110888779
    mean: 0.0523348972201
    median: 0.0542241595685
    min: 0.00972078181803
    skew: -4.55005931854
    var: 5.69433759665e-05

RollOff:
    dmean: 4.89390993118
    dmean2: 5.0077214241
    dvar: 1029.86523438
    dvar2: 1053.24560547
    kurt: 40.0227241516
    max: 581.396484375
    mean: 370.849609375
    median: 366.064453125
    min: 366.064453125
    skew: 6.48249387741
    var: 1007.49975586

SpecCent:
    dmean: 9.15569496155
    dmean2: 9.43359947205
    dvar: 1562.93945312
    dvar2: 1303.71875
    kurt: 39.2699203491
    max: 638.757385254
    mean: 356.042022705
    median: 348.913787842
    min: 345.89743042
    skew: 6.39600896835
    var: 1832.67077637

Zcr:
    dmean: 0.000721324584447
    dmean2: 0.000749454949982
    dvar: 3.57073577106e-06
    dvar2: 2.13300199903e-06
    kurt: 17.2223091125
    max: 0.01611328125
    mean: 0.0151475695893
    median: 0.015625
    min: 0.00048828125
    skew: -4.15598106384
    var: 7.50741855882e-06

HarmonicAmpFreq:
    dmean: [0.0429722182453]
    dmean2: [0.0432512164116]
    dvar: [0.0316251069307]
    dvar2: [0.0304947309196]
    kurt: [18.3184375763]
    max: [349.239471436]
    mean: [348.309844971]
    median: [348.269226074]
    min: [348.254699707]
    skew: [4.46891736984]
    var: [0.0332109890878]

HarmonicAmpMag:
    dmean: [0.0029797188472]
    dmean2: [0.00229789828882]
    dvar: [0.000123941383208]
    dvar2: [8.5542567831e-05]
    kurt: [15.5965099335]
    max: [0.0756217241287]
    mean: [0.0719841867685]
    median: [0.0756071582437]
    min: [0]
    skew: [-4.06124925613]
    var: [0.000202875133255]

MfccCoeff:
    dmean: [13.0668420792, 8.67454147339, 3.54379749298, 3.56110525131, 3.69079375267, 3.61796283722, 3.73290491104, 3.24905371666, 2.45962262154, 1.94563210011, 1.55431854725, 0.922930300236, 1.37747693062]
    dmean2: [18.7813587189, 11.7682933807, 4.81500530243, 5.04766511917, 5.2625207901, 4.67267417908, 4.63330793381, 4.10423231125, 2.94675111771, 2.49086833, 1.96297097206, 1.3427772522, 1.79109692574]
    dvar: [2410.5625, 660.467285156, 17.6020641327, 7.93257331848, 7.57789421082, 11.8058347702, 29.4236736298, 50.4724006653, 49.4788475037, 31.0702095032, 8.65087795258, 0.464988619089, 8.52110290527]
    dvar2: [5983.34863281, 1514.26940918, 14.372923851, 13.3118076324, 8.66863918304, 6.54643440247, 20.8823261261, 50.5842895508, 49.7937011719, 32.0867195129, 7.3321428299, 0.334073156118, 10.3809642792]
    kurt: [35.394947052, 20.1221599579, 9.5415058136, 0.210152626038, 1.61007738113, 14.6031646729, 17.6334133148, 16.8286209106, 17.1834049225, 17.1160736084, 17.7857246399, -1.15770411491, 10.9205942154]
    max: [-860.231689453, 176.282928467, 71.6946105957, 33.1964607239, 4.99101257324, -1.93370819092, -5.21999740601, -5.07615661621, -2.77171325684, 0.0156860351562, 1.90879440308, 2.29865264893, 24.2911682129]
    mean: [-1076.20483398, 75.8609008789, 52.6480865479, 23.2813091278, -8.87570667267, -37.1259918213, -56.8730583191, -64.814163208, -60.4363021851, -45.3630981445, -23.400177002, 0.738245546818, 22.2311172485]
    median: [-1082.02819824, 72.5761795044, 52.2685279846, 22.7875709534, -8.70802307129, -38.1871147156, -58.7134933472, -67.5857086182, -63.2922286987, -47.582611084, -24.5367336273, 0.430961608887, 23.3266525269]
    min: [-1114.40905762, 31.2802238464, 24.0573158264, 14.4086036682, -16.929058075, -42.1325187683, -61.9586410522, -69.268081665, -63.9895401001, -48.2091674805, -25.5630092621, -1.5076751709, 1.41256713867]
    skew: [5.9315290451, 3.80269169807, -1.10747146606, 0.259939104319, 0.747232973576, 3.55227899551, 4.13143157959, 4.15550899506, 4.22135400772, 4.21771860123, 4.20259046555, -0.00791572034359, -3.45398283005]
    var: [1123.00463867, 322.636383057, 39.5028305054, 11.6874876022, 14.9651489258, 46.6280937195, 93.6279296875, 132.153259277, 121.381660461, 75.6012802124, 22.3879184723, 0.88251376152, 21.7095050812]

SpecContrastCoeff:
    dmean: [0.0241256952286, 0.0322463475168, 0.0113569861278, 0.00851409696043, 0.0106985243037, 0.0179771743715]
    dmean2: [0.0368244312704, 0.0276871938258, 0.0165090318769, 0.0145188989118, 0.0187359526753, 0.0296201594174]
    dvar: [0.000825897732284, 0.00666166702285, 0.000155084198923, 0.000103057755041, 0.000188885474927, 0.000246200797847]
    dvar2: [0.00131893611979, 0.00328385690227, 0.000276833743555, 0.000205530683161, 0.000452178821433, 0.000603168446105]
    kurt: [12.9721755981, 22.3426113129, 9.59640884399, 4.76266813278, 3.73301506042, 0.171741724014]
    max: [-0.72231477499, -0.195393025875, -0.862294435501, -0.907189309597, -0.906693160534, -0.901859462261]
    mean: [-0.927702903748, -0.244083657861, -0.947151720524, -0.957395255566, -0.955494582653, -0.944311499596]
    median: [-0.93964779377, -0.217519596219, -0.954525232315, -0.963828384876, -0.962299883366, -0.952936828136]
    min: [-0.998264968395, -0.965629637241, -0.958300769329, -0.964999198914, -0.963613271713, -0.958853363991]
    skew: [3.28432488441, -4.66696119308, 2.90940618515, 2.15754771233, 2.0859940052, 1.20451116562]
    var: [0.00168627651874, 0.015760185197, 0.000325054832501, 0.000148999301018, 0.000175393739482, 0.000270352029474]

SpecPeakAmp:
    dmean: [0.00203790632077, 0.00691562937573, 0.0343926586211, 0.0338326878846, 0.0034812563099]
    dmean2: [0.00312296277843, 0.0141221173108, 0.0703502744436, 0.0679420307279, 0.00709182024002]
    dvar: [8.55777834659e-05, 0.000471246079542, 0.0014124175068, 0.00138089712709, 0.000247613817919]
    dvar2: [0.000219804249355, 0.00139419792686, 0.00302234664559, 0.00332319154404, 0.000746998761315]
    kurt: [40.0217285156, 17.5447788239, -1.90073359013, -1.15060842037, 40.0111465454]
    max: [0.0445081964135, 0.0755995064974, 0.0756217241287, 0.0756209939718, 0.0756111070514]
    mean: [0.00103469355963, 0.003418603912, 0.0437344163656, 0.0223065484315, 0.00173776596785]
    median: [4.74469379697e-05, 4.38239731011e-05, 0.0755968466401, 4.47824932053e-05, 3.11679395963e-05]
    min: [1.08688100227e-05, 1.67829530255e-05, 1.00693832792e-05, 7.2899965744e-06, 5.7479469433e-06]
    skew: [6.4823756218, 4.42083644867, -0.314983874559, 0.9103474617, 6.48112916946]
    var: [4.29538085882e-05, 0.000242331836489, 0.00139030651189, 0.00115897122305, 0.000124045604025]
