
metadata:
    version:
        essentia: "2.1-beta3"

Flux:
    dmean: 0.0171939134598
    dmean2: 0
    dvar: 0
    dvar2: 0
    kurt: -2
    max: 0.297078132629
    mean: 0.2884811759
    median: 0.2884811759
    min: 0.27988421917
    skew: 0
    var: 7.39076640457e-05

Rms:
    dmean: 0
    dmean2: 0
    dvar: 0
    dvar2: 0
    kurt: 0
    max: 0.101543970406
    mean: 0.101543970406
    median: 0.101543970406
    min: 0.101543970406
    skew: 0
    var: 0

RollOff:
    dmean: 64.599609375
    dmean2: 0
    dvar: 0
    dvar2: 0
    kurt: -1.99999988079
    max: 322.998046875
    mean: 290.698242188
    median: 290.698242188
    min: 258.3984375
    skew: 0
    var: 1043.27734375

SpecCent:
    dmean: 0.555999755859
    dmean2: 0
    dvar: 0
    dvar2: 0
    kurt: -2
    max: 216.076828003
    mean: 215.798828125
    median: 215.798828125
    min: 215.520828247
    skew: 0
    var: 0.0772839337587

Zcr:
    dmean: 0.00048828125
    dmean2: 0
    dvar: 0
    dvar2: 0
    kurt: -2
    max: 0.0029296875
    mean: 0.002685546875
    median: 0.002685546875
    min: 0.00244140625
    skew: 0
    var: 5.96046447754e-08

HarmonicAmpFreq:
    dmean: [34.8950805664]
    dmean2: [0]
    dvar: [0]
    dvar2: [0]
    kurt: [-2]
    max: [258.710174561]
    mean: [241.262634277]
    median: [241.262634277]
    min: [223.815093994]
    skew: [0]
    var: [304.416656494]

HarmonicAmpMag:
    dmean: [0.101778835058]
    dmean2: [0]
    dvar: [0]
    dvar2: [0]
    kurt: [-2]
    max: [0.11111664027]
    mean: [0.0602272227407]
    median: [0.0602272227407]
    min: [0.0093378033489]
    skew: [0]
    var: [0.00258973287418]

MfccCoeff:
    dmean: [197.041320801, 126.991485596, 33.6129455566, 9.60006332397, 18.8811073303, 28.6539001465, 37.2358970642, 25.9402999878, 18.4076538086, 9.76979827881, 4.72842407227, 3.42198944092, 0.0830841064453]
    dmean2: [0, 0, 0, 0, 0, 0, 0, 0, 0, 0, 0, 0, 0]
    dvar: [0, 0, 0, 0, 0, 0, 0, 0, 0, 0, 0, 0, 0]
    dvar2: [0, 0, 0, 0, 0, 0, 0, 0, 0, 0, 0, 0, 0]
    kurt: [-2, -2, -1.99999988079, -1.99999988079, -2, -2, -2, -1.99999988079, -2, -2, -2, -2, -2]
    max: [-832.712585449, 265.850616455, 99.9445800781, 50.7609710693, 25.5864601135, 6.65877532959, 3.79065322876, -6.60168457031, -8.09471893311, -10.8373565674, -11.7731533051, -9.83979797363, -9.55108261108]
    mean: [-931.233276367, 202.354873657, 83.1381072998, 45.9609375, 16.1459064484, -7.66817474365, -14.8272953033, -19.5718345642, -17.2985458374, -15.7222557068, -14.1373653412, -11.5507926941, -9.59262466431]
    median: [-931.233276367, 202.354873657, 83.1381072998, 45.9609375, 16.1459064484, -7.66817474365, -14.8272953033, -19.5718345642, -17.2985458374, -15.7222557068, -14.1373653412, -11.5507926941, -9.59262466431]
    min: [-1029.75390625, 138.859130859, 66.3316345215, 41.1609077454, 6.7053527832, -21.9951248169, -33.4452438354, -32.5419845581, -26.5023727417, -20.6071548462, -16.5015773773, -13.2617874146, -9.63416671753]
    skew: [9.15010616609e-07, 0, 0, 1.17275351386e-06, 0, 0, 0, 0, 0, 0, 0, 0, 0]
    var: [9706.3203125, 4031.70947266, 282.457519531, 23.0403022766, 89.1240539551, 205.261505127, 346.62802124, 168.22479248, 84.7104263306, 23.8622398376, 5.5894985199, 2.92750287056, 0.00172574212775]

SpecContrastCoeff:
    dmean: [0.135858118534, 0.0438650250435, 0.0178650021553, 0.00851625204086, 0.0146967172623, 0.00137287378311]
    dmean2: [0, 0, 0, 0, 0, 0]
    dvar: [0, 0, 0, 0, 0, 0]
    dvar2: [0, 0, 0, 0, 0, 0]
    kurt: [-1.99999988079, -2, -2, -1.99999988079, -2, -2]
    max: [-0.610045492649, -0.649916887283, -0.871700644493, -0.896506786346, -0.890856683254, -0.910444319248]
    mean: [-0.677974581718, -0.671849370003, -0.880633115768, -0.900764942169, -0.898205041885, -0.911130785942]
    median: [-0.677974581718, -0.671849370003, -0.880633115768, -0.900764942169, -0.898205041885, -0.911130785942]
    min: [-0.745903611183, -0.693781912327, -0.889565646648, -0.905023038387, -0.905553400517, -0.911817193031]
    skew: [1.29990439746e-06, -4.09476206187e-06, -1.00093220681e-05, 2.09830959648e-05, 0, 0.000130262720631]
    var: [0.00461435690522, 0.000481035094708, 7.97895772848e-05, 1.81316354428e-05, 5.39983739145e-05, 4.71195619411e-07]

SpecPeakAmp:
    dmean: [0.110646151006, 0.0140214413404, 0.00215554330498, 0.00447395350784, 0.00327444286086]
    dmean2: [0, 0, 0, 0, 0]
    dvar: [0, 0, 0, 0, 0]
    dvar2: [0, 0, 0, 0, 0]
    kurt: [-2, -2, -2, -2, -1.99999988079]
    max: [0.11111664027, 0.0150230657309, 0.0093378033489, 0.004701344762, 0.00341551960446]
    mean: [0.0557935647666, 0.00801234506071, 0.00826003216207, 0.00246436800808, 0.00177829817403]
    median: [0.0557935647666, 0.00801234506071, 0.00826003216207, 0.00246436800808, 0.00177829817403]
    min: [0.00047049272689, 0.00100162439048, 0.00718226004392, 0.000227391312364, 0.000141076816362]
    skew: [1.28911764818e-07, 0, -1.33021308102e-06, 0, 5.05962169939e-08]
    var: [0.00306064239703, 4.91502032673e-05, 1.16159174013e-06, 5.00406486026e-06, 2.68049370789e-06]
