
metadata:
    version:
        essentia: "2.1-beta3"

Flux:
    dmean: 0.0355798155069
    dmean2: 0.0480559468269
    dvar: 0.013575068675
    dvar2: 0.0263656210154
    kurt: 9.25288772583
    max: 0.686687290668
    mean: 0.0467406697571
    median: 0.000964124745224
    min: 4.46345366072e-05
    skew: 3.25054049492
    var: 0.0228868052363

Rms:
    dmean: 0.0157133694738
    dmean2: 0.0123874852434
    dvar: 0.00251272693276
    dvar2: 0.00110308872536
    kurt: 20.7912521362
    max: 0.502225697041
    mean: 0.482209563255
    median: 0.499495059252
    min: 0.0926036462188
    skew: -4.52530813217
    var: 0.00479021202773

RollOff:
    dmean: 10.2772102356
    dmean2: 10.0154428482
    dvar: 4120.17919922
    dvar2: 3803.21948242
    kurt: 39.8280639648
    max: 818.26171875
    mean: 376.591796875
    median: 366.064453125
    min: 366.064453125
    skew: 6.46014547348
    var: 4443.53173828

SpecCent:
    dmean: 20.2732410431
    dmean2: 19.2015304565
    dvar: 10599.8681641
    dvar2: 8166.59863281
    kurt: 38.7750663757
    max: 1133.15185547
    mean: 368.836242676
    median: 349.753601074
    min: 345.899688721
    skew: 6.3449344635
    var: 13474.25

Zcr:
    dmean: 0.000721324584447
    dmean2: 0.000760810333304
    dvar: 3.57073531632e-06
    dvar2: 2.45407431976e-06
    kurt: 18.505399704
    max: 0.01611328125
    mean: 0.0151801211759
    median: 0.015625
    min: 0.00048828125
    skew: -4.28016853333
    var: 7.22484719518e-06

HarmonicAmpFreq:
    dmean: [0.0406390093267]
    dmean2: [0.0664296671748]
    dvar: [0.0301198046654]
    dvar2: [0.0646148622036]
    kurt: [15.2869911194]
    max: [349.398071289]
    mean: [348.326599121]
    median: [348.269775391]
    min: [348.266082764]
    skew: [4.06622457504]
    var: [0.0496498048306]

HarmonicAmpMag:
    dmean: [0.0272163040936]
    dmean2: [0.0206692144275]
    dvar: [0.0102527411655]
    dvar2: [0.00710668880492]
    kurt: [15.5095558167]
    max: [0.696729898453]
    mean: [0.663202524185]
    median: [0.696597158909]
    min: [0]
    skew: [-4.04536104202]
    var: [0.0171400792897]

MfccCoeff:
    dmean: [36.1058540344, 8.50026130676, 23.870759964, 14.4134159088, 5.0279841423, 8.03380966187, 5.30286455154, 5.17615127563, 4.0273976326, 3.071413517, 2.46561837196, 1.0983287096, 1.46801936626]
    dmean2: [52.6982307434, 13.8083896637, 29.2722740173, 18.1823272705, 8.49506950378, 13.9668836594, 7.20834541321, 7.45642089844, 5.62531137466, 4.4533867836, 3.75057911873, 1.89539289474, 2.11423230171]
    dvar: [7519.17041016, 29.8263378143, 130.473937988, 49.2879486084, 23.5047168732, 37.4594154358, 52.7687606812, 68.2998809814, 61.5175743103, 36.8566436768, 12.0247278214, 1.29858160019, 9.46189975739]
    dvar2: [18833.1503906, 53.7314567566, 276.305847168, 149.51612854, 58.4977531433, 68.097869873, 75.6328811646, 95.9636611938, 71.4166030884, 38.2725448608, 12.4415369034, 2.88830208778, 12.1485128403]
    kurt: [30.4522094727, 8.77791595459, -0.793125867844, -0.982671737671, 0.300322294235, 3.49584007263, 11.8116598129, 12.163435936, 14.1498737335, 15.026304245, 17.0676269531, 6.17670345306, 10.6859045029]
    max: [-557.803527832, 208.499740601, 106.166748047, 42.3817024231, -8.83660888672, -14.2584686279, -11.9539642334, -11.0826568604, -3.97228240967, 1.07833862305, 4.54009628296, 4.01565551758, 23.9420700073]
    mean: [-974.834472656, 163.153594971, 72.4643478394, 18.6692676544, -16.5299491882, -45.1415138245, -61.3434638977, -66.2589111328, -60.6847114563, -44.8459854126, -23.2122993469, 0.588462889194, 21.779586792]
    median: [-980.546569824, 164.068267822, 70.9510192871, 15.5746650696, -14.6327934265, -45.7253379822, -63.2279586792, -68.2651824951, -62.8942642212, -46.7265930176, -24.1768550873, 0.827774047852, 23.2282562256]
    min: [-1011.5, 117.847511292, 16.3033752441, 0.540760040283, -28.0156517029, -58.0660057068, -70.9706268311, -75.8772277832, -68.4918746948, -50.0746154785, -27.3376522064, -3.59095001221, -0.442199707031]
    skew: [5.42752933502, -0.0662363693118, -0.250312209129, 0.415831714869, -1.14693939686, 1.42965626717, 3.32370758057, 3.50951313972, 3.79245638847, 3.93041920662, 4.01856279373, -1.00322985649, -3.39894938469]
    var: [4497.09863281, 129.775253296, 567.914489746, 160.078964233, 22.504322052, 70.9203491211, 105.5209198, 134.996810913, 128.357818604, 81.0948944092, 26.731803894, 1.08155179024, 24.3530921936]

SpecContrastCoeff:
    dmean: [0.0516709424555, 0.0304831638932, 0.0116696031764, 0.00791037362069, 0.00513082882389, 0.0131274750456]
    dmean2: [0.0909637436271, 0.0254298262298, 0.0187100954354, 0.0134921418503, 0.00896202400327, 0.0232704132795]
    dvar: [0.00431312154979, 0.0109313847497, 0.000136419097544, 8.75821060617e-05, 6.13814772805e-05, 0.000318189937389]
    dvar2: [0.0105444984511, 0.00467308564112, 0.000231538462685, 0.000164767669048, 0.000130152271595, 0.00085916108219]
    kurt: [6.50818634033, 28.5034751892, 4.90679883957, 6.88745689392, 9.2828912735, 6.04740047455]
    max: [-0.661970794201, -0.0426140278578, -0.865169048309, -0.901012957096, -0.910363078117, -0.884542644024]
    mean: [-0.922527909279, -0.0835581421852, -0.935594499111, -0.950521230698, -0.952891945839, -0.945095062256]
    median: [-0.951437532902, -0.0529418885708, -0.943891882896, -0.955860853195, -0.956161141396, -0.951820790768]
    min: [-0.96470528841, -0.980121552944, -0.947507381439, -0.95660340786, -0.957287311554, -0.954529464245]
    skew: [2.57098340988, -5.28546619415, 2.19746565819, 2.5407948494, 3.06612229347, 2.50795030594]
    var: [0.00414955057204, 0.0214746110141, 0.000305149005726, 0.000126592654851, 8.60296931933e-05, 0.000232790000155]

SpecPeakAmp:
    dmean: [0.0182888135314, 0.190160706639, 0.189303740859, 0.0321233682334, 0.00471852300689]
    dmean2: [0.028013812378, 0.388932555914, 0.37129098177, 0.0654024258256, 0.00493069598451]
    dvar: [0.00686579663306, 0.0960330963135, 0.0953809320927, 0.0210169553757, 0.00087674887618]
    dvar2: [0.017643276602, 0.164578676224, 0.163879588246, 0.063414953649, 0.000891656440217]
    kurt: [40.0158042908, -1.99800825119, -1.83316862583, 40.0035476685, 40.0088119507]
    max: [0.398451566696, 0.696729898453, 0.69672524929, 0.696607708931, 0.199387058616]
    mean: [0.00927853863686, 0.356372714043, 0.278762549162, 0.0160421151668, 0.00464251823723]
    median: [0.000364275940228, 0.696485519409, 0.000440789503045, 0.000300716405036, 0.000113530884846]
    min: [0.000121921759273, 0.000212313432712, 0.000156018460984, 8.64361500135e-05, 3.31430965161e-05]
    skew: [6.48167848587, -0.0444662123919, 0.408302843571, 6.48024272919, 6.48085784912]
    var: [0.00344245112501, 0.12102047354, 0.116053707898, 0.0105289276689, 0.000862081593368]
