
metadata:
    version:
        essentia: "2.1-beta3"

Flux:
    dmean: 0.0217924118042
    dmean2: 0
    dvar: 0
    dvar2: 0
    kurt: -2
    max: 0.430094271898
    mean: 0.419198065996
    median: 0.419198065996
    min: 0.408301860094
    skew: 0
    var: 0.000118727301015

Rms:
    dmean: 0
    dmean2: 0
    dvar: 0
    dvar2: 0
    kurt: 0
    max: 0.147174626589
    mean: 0.147174626589
    median: 0.147174626589
    min: 0.147174626589
    skew: 0
    var: 0

RollOff:
    dmean: 107.666015625
    dmean2: 0
    dvar: 0
    dvar2: 0
    kurt: -2
    max: 624.462890625
    mean: 570.629882812
    median: 570.629882812
    min: 516.796875
    skew: 0
    var: 2897.99267578

SpecCent:
    dmean: 401.332611084
    dmean2: 0
    dvar: 0
    dvar2: 0
    kurt: -2
    max: 832.895141602
    mean: 632.228820801
    median: 632.228820801
    min: 431.562530518
    skew: 2.47517903063e-07
    var: 40266.96875

Zcr:
    dmean: 0.00048828125
    dmean2: 0
    dvar: 0
    dvar2: 0
    kurt: -2
    max: 0.0068359375
    mean: 0.006591796875
    median: 0.006591796875
    min: 0.00634765625
    skew: 0
    var: 5.96046447754e-08

HarmonicAmpFreq:
    dmean: [75.057800293]
    dmean2: [0]
    dvar: [0]
    dvar2: [0]
    kurt: [-2]
    max: [538.465881348]
    mean: [500.936981201]
    median: [500.936981201]
    min: [463.408081055]
    skew: [0]
    var: [1408.41833496]

HarmonicAmpMag:
    dmean: [0.138853162527]
    dmean2: [0]
    dvar: [0]
    dvar2: [0]
    kurt: [-2]
    max: [0.149813339114]
    mean: [0.0803867578506]
    median: [0.0803867578506]
    min: [0.0109601784497]
    skew: [0]
    var: [0.00482005020604]

MfccCoeff:
    dmean: [423.585754395, 21.883102417, 17.5766143799, 41.2211761475, 39.3705444336, 35.0473556519, 10.7152519226, 11.1645183563, 22.383014679, 20.1589698792, 13.4790706635, 2.56127357483, 2.94672584534]
    dmean2: [0, 0, 0, 0, 0, 0, 0, 0, 0, 0, 0, 0, 0]
    dvar: [0, 0, 0, 0, 0, 0, 0, 0, 0, 0, 0, 0, 0]
    dvar2: [0, 0, 0, 0, 0, 0, 0, 0, 0, 0, 0, 0, 0]
    kurt: [-2, -1.99999988079, -2, -2, -1.99999988079, -2, -2, -2, -2, -1.99999988079, -2, -2, -2]
    max: [-554.794799805, 157.516662598, 32.7605323792, 1.28278160095, -21.8215503693, -25.4113521576, -28.049282074, -9.54197692871, 8.82829666138, 16.4492435455, 15.7671852112, 9.25035095215, 6.63154792786]
    mean: [-766.587646484, 146.57510376, 23.9722251892, -19.3278045654, -41.5068206787, -42.9350280762, -33.4069061279, -15.1242361069, -2.36321020126, 6.36975860596, 9.02764987946, 7.96971416473, 5.15818500519]
    median: [-766.587646484, 146.57510376, 23.9722251892, -19.3278045654, -41.5068206787, -42.9350280762, -33.4069061279, -15.1242361069, -2.36321020126, 6.36975860596, 9.02764987946, 7.96971416473, 5.15818500519]
    min: [-978.380554199, 135.633560181, 15.1839179993, -39.9383926392, -61.1920928955, -60.4587059021, -38.7645339966, -20.706495285, -13.5547170639, -3.70972633362, 2.28811454773, 6.68907737732, 3.68482208252]
    skew: [-3.68412202079e-07, 2.0967945602e-06, 0, -1.11539570469e-07, -1.60024271167e-07, -1.81478142736e-07, -1.04181890492e-06, 0, 0, 0, 0, 0, 0]
    var: [44856.2226562, 119.717544556, 77.2343444824, 424.796295166, 387.509887695, 307.07925415, 28.7041549683, 31.1616172791, 125.249839783, 101.59601593, 45.4213371277, 1.64003062248, 2.1707983017]

SpecContrastCoeff:
    dmean: [0.100309431553, 0.126694977283, 0.197573184967, 0.0220742225647, 0.0267497897148, 0.0259316563606]
    dmean2: [0, 0, 0, 0, 0, 0]
    dvar: [0, 0, 0, 0, 0, 0]
    dvar2: [0, 0, 0, 0, 0, 0]
    kurt: [-2, -2, -1.99999988079, -2, -2, -2]
    max: [-0.74520200491, -0.59844493866, -0.692754268646, -0.899327993393, -0.925472855568, -0.932305395603]
    mean: [-0.795356750488, -0.661792397499, -0.79154086113, -0.910365104675, -0.938847780228, -0.945271253586]
    median: [-0.795356750488, -0.661792397499, -0.79154086113, -0.910365104675, -0.938847780228, -0.945271253586]
    min: [-0.845511436462, -0.725139915943, -0.890327453613, -0.921402215958, -0.952222645283, -0.958237051964]
    skew: [1.78778998361e-06, -1.48835079017e-06, 0, 0, 6.6997436079e-06, 6.8846729846e-06]
    var: [0.00251549552195, 0.00401290412992, 0.00975879095495, 0.000121817822219, 0.0001788878144, 0.00016811270325]

SpecPeakAmp:
    dmean: [0.149557307363, 0.044392157346, 0.0219242274761, 0.0153856221586, 0.00265874434263]
    dmean2: [0, 0, 0, 0, 0]
    dvar: [0, 0, 0, 0, 0]
    dvar2: [0, 0, 0, 0, 0]
    kurt: [-2, -2, -2, -2, -2]
    max: [0.149813339114, 0.0446976609528, 0.0223455559462, 0.0162709336728, 0.0136189227924]
    mean: [0.0750346854329, 0.0225015822798, 0.0113834422082, 0.00857812259346, 0.0122895501554]
    median: [0.0750346854329, 0.0225015822798, 0.0113834422082, 0.00857812259346, 0.0122895501554]
    min: [0.000256036117207, 0.000305505294818, 0.000421328761149, 0.000885311455932, 0.0109601784497]
    skew: [1.39202583682e-07, 1.66341834529e-07, 0, 0, 1.03966431197e-06]
    var: [0.00559184653684, 0.000492665858474, 0.000120167940622, 5.9179343225e-05, 1.76723040113e-06]
