
metadata:
    version:
        essentia: "2.1-beta3"

Flux:
    dmean: 7.09586038283e-06
    dmean2: 1.02225594674e-05
    dvar: 5.97589810969e-10
    dvar2: 1.29223265422e-09
    kurt: 13.7807636261
    max: 0.000133148787427
    mean: 1.01699852166e-05
    median: 4.35145466327e-06
    min: 6.28785755907e-07
    skew: 3.83066010475
    var: 6.25960949741e-10

Rms:
    dmean: 1.88924127542e-06
    dmean2: 1.82399594451e-06
    dvar: 4.83294272657e-11
    dvar2: 3.68025332431e-11
    kurt: 19.2033786774
    max: 0.000108467611426
    mean: 0.000106251427496
    median: 0.00010803702753
    min: 6.35035394225e-05
    skew: -4.47114086151
    var: 6.33787189397e-11

RollOff:
    dmean: 1.00154435635
    dmean2: 1.025390625
    dvar: 20.5633563995
    dvar2: 21.0285148621
    kurt: 17.0477027893
    max: 732.12890625
    mean: 711.574462891
    median: 710.595703125
    min: 710.595703125
    skew: 4.36437177658
    var: 20.118303299

SpecCent:
    dmean: 3.82141113281
    dmean2: 6.01117515564
    dvar: 18.5401306152
    dvar2: 18.7129421234
    kurt: 9.01697254181
    max: 1197.1697998
    mean: 1170.61499023
    median: 1170.02819824
    min: 1164.44042969
    skew: 2.93048477173
    var: 37.240940094

Zcr:
    dmean: 0.000908430258278
    dmean2: 0.00104631693102
    dvar: 1.00422021205e-05
    dvar2: 8.80527204572e-06
    kurt: 17.9444484711
    max: 0.03173828125
    mean: 0.0308837890625
    median: 0.03173828125
    min: 0.013671875
    skew: -4.40736198425
    var: 1.13695859909e-05

HarmonicAmpFreq:
    dmean: [0.228643372655]
    dmean2: [0.437613338232]
    dvar: [0.261645168066]
    dvar2: [0.709841489792]
    kurt: [6.38737010956]
    max: [699.183349609]
    mean: [699.057189941]
    median: [699.183349609]
    min: [697.748291016]
    skew: [-2.87652897835]
    var: [0.1524374336]

HarmonicAmpMag:
    dmean: [2.29143006436e-05]
    dmean2: [4.39534887846e-05]
    dvar: [2.55101606506e-09]
    dvar2: [7.09724679027e-09]
    kurt: [6.90066242218]
    max: [0.000143464363646]
    mean: [1.2612478713e-05]
    median: [0]
    min: [0]
    skew: [2.91650080681]
    var: [1.44395606583e-09]

MfccCoeff:
    dmean: [0.0867550894618, 0.0900843441486, 0.00962297338992, 0.075953990221, 0.121168270707, 0.102005712688, 0.0286403913051, 0.0599445067346, 0.116675533354, 0.111411340535, 0.0469472147524, 0.0424604192376, 0.109308287501]
    dmean2: [0.0899280384183, 0.0933743417263, 0.00997343473136, 0.0787346214056, 0.125596180558, 0.105735048652, 0.0296877902001, 0.0621363334358, 0.12094052881, 0.115483961999, 0.0486630015075, 0.0440116152167, 0.113303773105]
    dvar: [0.183792576194, 0.19821947813, 0.00226258835755, 0.140887007117, 0.358596175909, 0.254129707813, 0.0200328491628, 0.0877619311213, 0.332489192486, 0.303160578012, 0.0538319721818, 0.0440358482301, 0.291826784611]
    dvar2: [0.186489537358, 0.201125651598, 0.0022954379674, 0.142950430512, 0.363856732845, 0.257855862379, 0.0203267838806, 0.0890488773584, 0.33736500144, 0.307605832815, 0.0546215698123, 0.0446814484894, 0.29610568285]
    kurt: [30.5748672485, 30.5701370239, 30.5709762573, 30.5702514648, 30.5700454712, 30.5701026917, 30.5700721741, 30.5700874329, 30.5700759888, 30.5700912476, 30.569984436, 30.5700187683, 30.5700836182]
    max: [-1135.70227051, 2.8223991394, 0.301483154297, 8.01086425781e-05, -6.103515625e-05, 2.28881835938e-05, -2.67028808594e-05, 1.87796020508, 3.65535354614, 3.49043273926, 1.47081375122, -3.0517578125e-05, -3.81469726562e-05]
    mean: [-1135.7878418, 2.73345470428, 0.291987329721, -2.30441045761, -3.6765961647, -3.0950088501, -0.86899638176, 1.81876838207, 3.54013347626, 3.38041758537, 1.42445528507, -1.28840053082, -3.31668376923]
    median: [-1135.70483398, 2.81982040405, 0.301208496094, -2.37722396851, -3.79276275635, -3.1928024292, -0.896450042725, 1.87623596191, 3.65198898315, 3.48722839355, 1.46946334839, -1.3291053772, -3.42147445679]
    min: [-1138.42004395, 1.14440917969e-05, -6.103515625e-05, -2.37940597534, -3.79624938965, -3.1957321167, -0.897274017334, -5.34057617188e-05, -4.57763671875e-05, -2.28881835938e-05, -2.67028808594e-05, -1.33032989502, -3.42462921143]
    skew: [-5.55465555191, -5.55399894714, -5.55406951904, 5.55400800705, 5.55398464203, 5.55399084091, 5.55399036407, -5.55398988724, -5.55399036407, -5.55399036407, -5.55397891998, 5.5539855957, 5.55398750305]
    var: [0.181344583631, 0.195576012135, 0.00223253807053, 0.139009520411, 0.353812813759, 0.250741302967, 0.0197653714567, 0.0865916460752, 0.328054755926, 0.299117743969, 0.0531141757965, 0.0434487611055, 0.287934720516]

SpecContrastCoeff:
    dmean: [0.0327322110534, 0.0149716995656, 0.0212592836469, 0.0364831313491, 0.048884190619, 0.0481791757047]
    dmean2: [0.0543299131095, 0.0288385152817, 0.0322564616799, 0.0667822435498, 0.0913961082697, 0.0914091989398]
    dvar: [0.00126294640359, 0.000110746754217, 0.00193299248349, 0.000581942440476, 0.000765017408412, 0.000780050118919]
    dvar2: [0.00157063757069, 0.000353345734766, 0.00194996665232, 0.00158353662118, 0.00324328569695, 0.0031901942566]
    kurt: [14.2502555847, -0.579608201981, 16.2884864807, 4.44766616821, 0.32251906395, -0.103494167328]
    max: [-0.634739518166, -0.849173724651, -0.557539522648, -0.790890038013, -0.790397107601, -0.770197987556]
    mean: [-0.684825837612, -0.876759588718, -0.583147108555, -0.841287076473, -0.853979706764, -0.841762900352]
    median: [-0.679475545883, -0.875936388969, -0.574084162712, -0.840175807476, -0.860129594803, -0.851895332336]
    min: [-0.908016085625, -0.900108397007, -0.801319599152, -0.955348372459, -0.952838599682, -0.92580974102]
    skew: [-3.52264928818, -0.178516924381, -4.1864027977, -1.59961891174, -0.17467032373, 0.229436278343]
    var: [0.00195055489894, 0.000149262545165, 0.00204014917836, 0.00101498549338, 0.00120872771367, 0.00121474894695]

SpecPeakAmp:
    dmean: [1.8767687493e-07, 1.08903172702e-07, 2.17448359763e-06, 2.7335914865e-07, 2.10896814679e-05]
    dmean2: [2.002452959e-07, 1.505570566e-07, 2.38034522226e-06, 4.51254805967e-07, 4.21413606091e-05]
    dvar: [3.75556492372e-13, 1.14679357048e-13, 1.62793126202e-10, 1.00815372489e-13, 2.44386999526e-09]
    dvar2: [3.5537095185e-13, 1.12991986102e-13, 1.65551544695e-10, 1.77430959465e-13, 7.02601443692e-09]
    kurt: [29.6658325195, 34.0257797241, 39.002948761, 14.9351978302, 9.09978294373]
    max: [1.69044524228e-05, 3.59819136975e-06, 8.50354117574e-05, 2.21309664994e-06, 0.000143464363646]
    mean: [1.66392801475e-05, 1.39201767979e-06, 2.1538942292e-06, 3.98122466549e-07, 1.10332757686e-05]
    median: [1.67710859387e-05, 1.34785705086e-06, 1.50445629288e-07, 4.04649426855e-07, 3.70503357772e-07]
    min: [1.27013618112e-05, 8.0850111317e-07, 4.77310706515e-08, 7.04138471974e-08, 1.03724296707e-07]
    skew: [-5.44369077682, 5.69492340088, 6.40251111984, 3.29105305672, 3.29999303818]
    var: [4.11719622154e-13, 1.20883378719e-13, 1.59790902732e-10, 1.18237789893e-13, 1.31717259322e-09]
