
metadata:
    version:
        essentia: "2.1-beta3"

Flux:
    dmean: 0.00017566702445
    dmean2: 0.000234791135881
    dvar: 3.34097535415e-07
    dvar2: 6.64132642214e-07
    kurt: 9.50727939606
    max: 0.0033401765395
    mean: 0.000233859274886
    median: 1.22726241898e-05
    min: 8.562754374e-06
    skew: 3.28624749184
    var: 5.38800463801e-07

Rms:
    dmean: 7.07853614585e-05
    dmean2: 5.45885304746e-05
    dvar: 6.05327130643e-08
    dvar2: 2.67054698355e-08
    kurt: 20.8633003235
    max: 0.00242627714761
    mean: 0.00233770115301
    median: 0.00242342893034
    min: 0.000436612055637
    skew: -4.53254842758
    var: 1.13810912694e-07

RollOff:
    dmean: 6.85147380829
    dmean2: 6.51003837585
    dvar: 1491.62805176
    dvar2: 1283.95654297
    kurt: 39.0398483276
    max: 990.52734375
    mean: 717.7734375
    median: 710.595703125
    min: 710.595703125
    skew: 6.37126064301
    var: 1710.4597168

SpecCent:
    dmean: 11.8728599548
    dmean2: 12.9980258942
    dvar: 3409.11572266
    dvar2: 2789.71850586
    kurt: 39.2862892151
    max: 1131.10070801
    mean: 709.475769043
    median: 699.165405273
    min: 694.562194824
    skew: 6.3998541832
    var: 4075.25830078

Zcr:
    dmean: 0.00120960583445
    dmean2: 0.00105605018325
    dvar: 1.49389697981e-05
    dvar2: 9.85755923466e-06
    kurt: 18.1309680939
    max: 0.03173828125
    mean: 0.0303059890866
    median: 0.03173828125
    min: 0.0009765625
    skew: -4.26393890381
    var: 2.92078675557e-05

HarmonicAmpFreq:
    dmean: [0.314676463604]
    dmean2: [0.316145062447]
    dvar: [4.10249233246]
    dvar2: [4.04170942307]
    kurt: [39.9987602234]
    max: [698.528442383]
    mean: [698.215515137]
    median: [698.528442383]
    min: [684.682678223]
    skew: [-6.47968387604]
    var: [4.1633810997]

HarmonicAmpMag:
    dmean: [8.75223704497e-05]
    dmean2: [0.000134377740324]
    dvar: [1.60863635301e-07]
    dvar2: [4.13207857264e-07]
    kurt: [40.0224342346]
    max: [0.00192725821398]
    mean: [4.29064457421e-05]
    median: [0]
    min: [0]
    skew: [6.48245954514]
    var: [8.06998556868e-08]

MfccCoeff:
    dmean: [2.03629374504, 2.16642475128, 0.52733540535, 0.951526105404, 1.4581874609, 0.988970518112, 0.163630232215, 0.512897372246, 0.881355047226, 0.759255170822, 0.238769009709, 0.382420629263, 0.743624150753]
    dmean2: [2.76664710045, 2.95710897446, 0.781352937222, 1.1374771595, 1.74656450748, 1.12894332409, 0.169548034668, 0.472676336765, 0.713362872601, 0.549845516682, 0.15743522346, 0.252703458071, 0.469088613987]
    dvar: [82.5497131348, 93.3818588257, 5.68298625946, 20.2071857452, 47.6508522034, 23.8046741486, 0.797557890415, 5.74889326096, 13.6531763077, 9.00364303589, 0.881602346897, 2.03754639626, 8.07237052917]
    dvar2: [174.1953125, 198.973480225, 13.957028389, 30.7992687225, 72.7973632812, 31.7033748627, 0.790927350521, 4.42561101913, 7.23464488983, 4.07578706741, 0.423816770315, 1.12478756905, 4.60025930405]
    kurt: [19.0121326447, 19.4558296204, 36.6113815308, 29.3511276245, 29.5735206604, 33.776638031, 38.5496749878, 33.0624351501, 30.5982055664, 27.7297897339, 26.5512924194, 22.3894424438, 23.171131134]
    max: [-1084.30822754, 57.2649917603, 12.4756164551, 8.01086425781e-05, -6.103515625e-05, 2.28881835938e-05, -2.67028808594e-05, 17.6116275787, 30.9051170349, 27.0372562408, 9.04791641235, -3.0517578125e-05, -3.81469726562e-05]
    mean: [-1113.48474121, 25.685295105, 2.33076906204, -21.7722263336, -33.4303398132, -26.6885814667, -5.90863656998, 17.0588798523, 29.7335720062, 25.8707466125, 8.5354347229, -12.1045703888, -24.7654075623]
    median: [-1113.44909668, 25.6842155457, 2.154296875, -22.2347831726, -34.1299095154, -27.3238792419, -6.05999755859, 17.609872818, 30.7691764832, 26.8201236725, 8.84257125854, -12.6106338501, -25.7695884705]
    min: [-1138.42004395, 1.14440917969e-05, -6.103515625e-05, -29.1379165649, -44.7841491699, -32.0427207947, -6.20555114746, -5.34057617188e-05, -4.57763671875e-05, -2.28881835938e-05, -2.67028808594e-05, -12.6136779785, -25.803691864]
    skew: [1.04540109634, 1.37919402122, 6.00784730911, 5.03953552246, 5.05591058731, 5.75332927704, 6.32037687302, -5.75574445724, -5.49179458618, -5.22125434875, -5.15297603607, 4.69396352768, 4.79004621506]
    var: [33.5125961304, 37.6331062317, 2.44107270241, 12.523900032, 29.4212779999, 17.5398445129, 0.807446360588, 7.23989677429, 22.8062438965, 18.1506557465, 2.03359436989, 4.4382519722, 18.3266868591]

SpecContrastCoeff:
    dmean: [0.0435926876962, 0.0287189111114, 0.029959725216, 0.0167087372392, 0.00870063621551, 0.00495358509943]
    dmean2: [0.0832550451159, 0.0502285920084, 0.0422668606043, 0.03239524737, 0.0157567150891, 0.0079347146675]
    dvar: [0.000849794596434, 0.000409115018556, 0.0028611922171, 9.81373013929e-05, 5.29548378836e-05, 5.83551591262e-05]
    dvar2: [0.00221864646301, 0.000831711979117, 0.00228004017845, 0.000318309175782, 0.000150090025272, 0.000118870448205]
    kurt: [4.11478090286, 6.56657886505, 19.8146247864, 0.538290023804, 4.13942527771, 8.85202693939]
    max: [-0.752539694309, -0.755056917667, -0.444609045982, -0.899630308151, -0.898517489433, -0.895860612392]
    mean: [-0.826263785362, -0.876199185848, -0.48035249114, -0.935551702976, -0.922037780285, -0.919037401676]
    median: [-0.825945436954, -0.882751524448, -0.463892489672, -0.938210904598, -0.92293035984, -0.918165445328]
    min: [-0.970267117023, -0.971750915051, -0.950578510761, -0.954429984093, -0.95646417141, -0.961266875267]
    skew: [-1.31643414497, 1.13331329823, -4.43762779236, 0.865679264069, -1.19428086281, -2.48624897003]
    var: [0.00130303530023, 0.000876806327142, 0.00722905807197, 0.000152764230734, 8.80338484421e-05, 0.000109989072371]

SpecPeakAmp:
    dmean: [3.24863958667e-06, 3.08225730805e-06, 8.8487919129e-05, 2.45547175837e-06, 2.28245994549e-06]
    dmean2: [4.42526925326e-06, 5.0308021855e-06, 0.000136151400511, 3.95803681386e-06, 3.56337886842e-06]
    dvar: [6.3657246141e-11, 1.05785387394e-10, 1.6078828935e-07, 5.40523945047e-11, 3.83845698282e-11]
    dvar2: [1.47489631619e-10, 2.68278427251e-10, 4.12737165334e-07, 1.35899028142e-10, 9.40030553398e-11]
    kurt: [26.1093139648, 39.5132446289, 40.0222167969, 38.2817497253, 35.9603309631]
    max: [4.99606467201e-05, 5.1620107115e-05, 0.00192725821398, 3.73175280401e-05, 3.23058011418e-05]
    mean: [1.71275441971e-05, 2.92128925139e-06, 4.45211117039e-05, 2.59709395323e-06, 2.96118787446e-06]
    median: [1.68870610651e-05, 1.7928455236e-06, 1.72587408542e-06, 1.82429380402e-06, 2.24906079893e-06]
    min: [3.5319685594e-06, 7.39277936646e-07, 5.08009634359e-07, 3.69672847e-07, 2.91947259257e-07]
    skew: [4.3736538887, 6.42221975327, 6.48243331909, 6.27962064743, 6.02144527435]
    var: [3.02282608666e-11, 5.42219602551e-11, 8.0561825655e-08, 2.79709692907e-11, 2.05722886643e-11]
