
metadata:
    version:
        essentia: "2.1-beta3"

Flux:
    dmean: 0.0039580212906
    dmean2: 0.00526704266667
    dvar: 0.000167654245161
    dvar2: 0.000332773488481
    kurt: 9.4907875061
    max: 0.0747718214989
    mean: 0.00512498896569
    median: 0.000178152680746
    min: 3.17446392728e-05
    skew: 3.28401207924
    var: 0.000271080003586

Rms:
    dmean: 0.00158429844305
    dmean2: 0.00122172804549
    dvar: 3.03300603264e-05
    dvar2: 1.3381431927e-05
    kurt: 20.8707714081
    max: 0.0543027594686
    mean: 0.0523263178766
    median: 0.0542478635907
    min: 0.00976725947112
    skew: -4.53324079514
    var: 5.70253832848e-05

RollOff:
    dmean: 6.85147380829
    dmean2: 6.51003837585
    dvar: 1491.62805176
    dvar2: 1283.95654297
    kurt: 39.0398483276
    max: 990.52734375
    mean: 717.7734375
    median: 710.595703125
    min: 710.595703125
    skew: 6.37126064301
    var: 1710.4597168

SpecCent:
    dmean: 11.8366909027
    dmean2: 12.9672327042
    dvar: 3384.74780273
    dvar2: 2769.63598633
    kurt: 39.2850151062
    max: 1128.6282959
    mean: 708.535644531
    median: 698.252258301
    min: 693.125793457
    skew: 6.3996887207
    var: 4045.75219727

Zcr:
    dmean: 0.00120960583445
    dmean2: 0.00106740556657
    dvar: 1.49714796862e-05
    dvar2: 9.90552598523e-06
    kurt: 17.7991161346
    max: 0.03173828125
    mean: 0.0303168408573
    median: 0.03173828125
    min: 0.00146484375
    skew: -4.23333120346
    var: 2.86083504761e-05

HarmonicAmpFreq:
    dmean: [0.579574584961]
    dmean2: [0.857975423336]
    dvar: [4.33859872818]
    dvar2: [4.70518064499]
    kurt: [37.8515892029]
    max: [698.528869629]
    mean: [697.742248535]
    median: [697.816345215]
    min: [684.213623047]
    skew: [-6.22050237656]
    var: [4.26905632019]

HarmonicAmpMag:
    dmean: [0.0265456121415]
    dmean2: [0.051934722811]
    dvar: [0.0011740019545]
    dvar2: [0.00277914642356]
    kurt: [-1.52649855614]
    max: [0.073000356555]
    mean: [0.0480001010001]
    median: [0.0729867815971]
    min: [0]
    skew: [-0.668756484985]
    var: [0.00117089250125]

MfccCoeff:
    dmean: [16.9172420502, 10.205657959, 6.93239593506, 6.31437110901, 3.84276676178, 2.76047873497, 4.70897626877, 5.44275999069, 4.25718069077, 1.85609781742, 1.87954819202, 1.70166349411, 1.77827823162]
    dmean2: [26.7002658844, 17.2073535919, 13.4714756012, 11.0111465454, 5.41057491302, 4.67768192291, 9.30340671539, 9.64980506897, 6.79413604736, 2.20762038231, 3.32057714462, 2.82747530937, 2.08495020866]
    dvar: [3399.22290039, 357.048034668, 15.2931480408, 13.3763589859, 28.3652019501, 25.2650318146, 5.90817070007, 9.36091423035, 36.0814666748, 36.0896110535, 4.73918104172, 6.26070594788, 31.5280094147]
    dvar2: [8387.59472656, 778.771057129, 51.4078292847, 27.810382843, 15.7350978851, 29.7201690674, 18.5848960876, 21.7039985657, 37.0330162048, 41.0341949463, 6.5480389595, 7.34926080704, 34.7976341248]
    kurt: [37.4000816345, 19.1968708038, 3.19538021088, 13.6804332733, 22.5591907501, 18.5147266388, -0.131789684296, 12.2384204865, 16.35521698, 16.6416244507, 14.6919765472, 12.7745199203, 15.149225235]
    max: [-817.058105469, 133.555114746, 14.1722412109, -10.1700248718, -17.3764762878, -14.9117202759, -6.41862487793, 37.1018791199, 62.0050773621, 54.5924606323, 19.9889030457, -1.35758972168, -0.584037780762]
    mean: [-1074.93261719, 61.7298355103, 7.62114477158, -45.2858695984, -71.1895675659, -57.5172080994, -14.9101362228, 31.6979351044, 57.0766372681, 50.0204429626, 17.5834140778, -20.3275489807, -43.2700386047]
    median: [-1081.04992676, 59.6538162231, 6.9016418457, -47.1649246216, -73.8759155273, -59.4703330994, -16.0219345093, 32.2854385376, 59.1731987, 52.2286605835, 18.4100761414, -21.1564254761, -45.3126182556]
    min: [-1120.88647461, 18.815196991, -10.2674026489, -58.5838394165, -82.5160827637, -63.9049339294, -18.559211731, 1.79957580566, 5.2723274231, 3.79682922363, 0.469951629639, -22.6654891968, -46.031414032]
    skew: [6.144718647, 2.86761522293, -1.00180578232, 3.03129148483, 4.61966133118, 4.39894533157, 0.796893239021, -3.13035082817, -4.08731937408, -4.16787528992, -3.80870866776, 3.65029764175, 3.99367213249]
    var: [1560.42712402, 173.578125, 20.4786682129, 46.0057601929, 87.7679443359, 65.6521148682, 10.0268363953, 36.1830673218, 101.113800049, 79.9631881714, 11.7011165619, 15.6541528702, 71.4998321533]

SpecContrastCoeff:
    dmean: [0.0286251623183, 0.0402756147087, 0.0353987887502, 0.0138447545469, 0.00986438058317, 0.0121192103252]
    dmean2: [0.0542323701084, 0.0694123953581, 0.0441209897399, 0.0271066594869, 0.0192436631769, 0.024079894647]
    dvar: [0.000741575611755, 0.000960348872468, 0.00481958501041, 7.22125114407e-05, 9.1788431746e-05, 0.000179060458322]
    dvar2: [0.00179111072794, 0.00200881971978, 0.00304456218146, 0.00023784172663, 0.000279343832517, 0.000542205874808]
    kurt: [1.98247623444, 8.32075691223, 22.3425617218, -0.701102018356, 1.19237804413, 3.68836116791]
    max: [-0.8585318923, -0.652147233486, -0.269036889076, -0.920827329159, -0.927910387516, -0.916976332664]
    mean: [-0.948648989201, -0.84349244833, -0.310533672571, -0.942095339298, -0.953246414661, -0.953915715218]
    median: [-0.959388196468, -0.854709148407, -0.287887006998, -0.946881055832, -0.957873404026, -0.959571003914]
    min: [-0.972929000854, -0.962937355042, -0.935377240181, -0.951413035393, -0.959569990635, -0.961794793606]
    skew: [1.67616093159, 1.8681088686, -4.68576812744, 0.815751075745, 1.53467488289, 2.10308718681]
    var: [0.000757437024731, 0.00181382684968, 0.0118772899732, 9.21372629819e-05, 7.58632013458e-05, 0.000121589007904]

SpecPeakAmp:
    dmean: [6.89645021339e-05, 6.48790810374e-05, 0.0218626726419, 0.0298476796597, 0.0199368447065]
    dmean2: [0.000114613321784, 0.000104164078948, 0.043730866164, 0.0610204562545, 0.040775295347]
    dvar: [4.66216079076e-08, 5.05490369562e-08, 0.00105731142685, 0.00128313235473, 0.00105354376137]
    dvar2: [1.19606042404e-07, 1.30257163278e-07, 0.00339799770154, 0.00294727785513, 0.002544216346]
    kurt: [39.2148857117, 39.5404434204, 2.03166913986, -1.33410835266, 0.249935865402]
    max: [0.00111527950503, 0.0011214739643, 0.0729923322797, 0.073000356555, 0.07300003618]
    mean: [6.05774475844e-05, 5.74105069973e-05, 0.0107270078734, 0.0227603148669, 0.0146541465074]
    median: [3.8522262912e-05, 3.65060550394e-05, 4.57350688521e-05, 6.50178189971e-05, 5.53215832042e-05]
    min: [1.018425246e-05, 8.95871744433e-06, 1.13110481834e-05, 8.2607002696e-06, 6.55629628454e-06]
    skew: [6.38664484024, 6.42511892319, 1.98652470112, 0.81599265337, 1.49995243549]
    var: [2.55229384294e-08, 2.58782666407e-08, 0.000636587792542, 0.00113960285671, 0.000850899261422]
