
metadata:
    version:
        essentia: "2.1-beta3"

Flux:
    dmean: 0.0354816690087
    dmean2: 0.0472149513662
    dvar: 0.0135764451697
    dvar2: 0.0263360925019
    kurt: 9.30623722076
    max: 0.688900649548
    mean: 0.0471590608358
    median: 0.00159920845181
    min: 0.000190222956007
    skew: 3.25665616989
    var: 0.0228447522968

Rms:
    dmean: 0.0145358052105
    dmean2: 0.0112332096323
    dvar: 0.00256560579874
    dvar2: 0.00113700516522
    kurt: 21.0635166168
    max: 0.500310122967
    mean: 0.482199311256
    median: 0.499803036451
    min: 0.0900205075741
    skew: -4.55204772949
    var: 0.00481621688232

RollOff:
    dmean: 7.34086465836
    dmean2: 7.01081037521
    dvar: 1748.13659668
    dvar2: 1525.20007324
    kurt: 39.1735305786
    max: 1012.06054688
    mean: 718.251953125
    median: 710.595703125
    min: 710.595703125
    skew: 6.38610363007
    var: 1981.56872559

SpecCent:
    dmean: 11.8817453384
    dmean2: 13.0128602982
    dvar: 3430.5703125
    dvar2: 2806.50146484
    kurt: 39.2875976562
    max: 1131.5592041
    mean: 708.624084473
    median: 698.26965332
    min: 693.946472168
    skew: 6.40001773834
    var: 4100.56152344

Zcr:
    dmean: 0.00120960583445
    dmean2: 0.00105605018325
    dvar: 1.49389697981e-05
    dvar2: 9.85755923466e-06
    kurt: 18.1309680939
    max: 0.03173828125
    mean: 0.0303059890866
    median: 0.03173828125
    min: 0.0009765625
    skew: -4.26393890381
    var: 2.92078675557e-05

HarmonicAmpFreq:
    dmean: [0.332357227802]
    dmean2: [0.375864416361]
    dvar: [3.78354167938]
    dvar2: [4.14843130112]
    kurt: [39.3880729675]
    max: [698.527770996]
    mean: [697.573425293]
    median: [697.812561035]
    min: [685.219604492]
    skew: [-6.4045958519]
    var: [3.49456810951]

HarmonicAmpMag:
    dmean: [0.0306273344904]
    dmean2: [0.0406533963978]
    dvar: [0.014637503773]
    dvar2: [0.0214853715152]
    kurt: [8.71309185028]
    max: [0.672578155994]
    mean: [0.621580898762]
    median: [0.672496199608]
    min: [0]
    skew: [-3.22817802429]
    var: [0.0292165670544]

MfccCoeff:
    dmean: [39.4348487854, 26.5601940155, 39.6240997314, 5.92792654037, 7.40501260757, 5.27878093719, 3.13056087494, 2.44865560532, 3.22539663315, 2.92278981209, 1.59622001648, 1.30377686024, 1.99970209599]
    dmean2: [65.5569152832, 50.8112297058, 78.1042556763, 10.2779054642, 12.9103450775, 9.90375423431, 5.43278980255, 2.85495018959, 4.13807344437, 3.92592144012, 1.92902958393, 2.26471686363, 2.80166625977]
    dvar: [7162.46728516, 199.132415771, 476.023956299, 40.309967041, 43.5412254333, 39.2423820496, 7.01236104965, 16.6594924927, 49.6303825378, 37.5212593079, 7.02930259705, 6.32579374313, 27.4578495026]
    dvar2: [17254.3105469, 800.512329102, 1863.52185059, 98.3070526123, 59.4692420959, 80.8581924438, 24.0572452545, 16.3625926971, 47.991607666, 36.0678062439, 4.72813940048, 11.6289272308, 31.7857189178]
    kurt: [26.4492416382, -0.899739265442, -1.21147227287, 6.17790603638, 8.66346359253, 9.58452701569, 1.75186920166, 17.787361145, 16.7015686035, 17.6780776978, 20.9905662537, 9.75529575348, 13.6697120667]
    max: [-572.860839844, 169.900878906, 38.5005226135, -32.3241348267, -30.4612388611, -25.3931694031, -6.72690963745, 35.6171531677, 61.7320976257, 51.4118881226, 18.0276451111, -6.51340675354, -4.16506195068]
    mean: [-945.100524902, 151.406265259, 1.3192294836, -62.9745674133, -81.0612869263, -58.5841255188, -13.8057422638, 30.9734191895, 54.7438201904, 47.4245643616, 16.2213535309, -20.2970600128, -42.4636230469]
    median: [-950.665405273, 156.889221191, -1.17095947266, -63.1424942017, -81.4510803223, -60.2768669128, -13.2233428955, 32.702583313, 57.6138725281, 49.5716323853, 17.2919502258, -21.0006484985, -44.3398628235]
    min: [-1006.25878906, 110.522880554, -36.9009590149, -77.801902771, -97.4713287354, -69.2078094482, -22.0451164246, -1.7205581665, -0.408737182617, -2.34230041504, -7.5423412323, -24.1447296143, -47.2801132202]
    skew: [5.03319120407, -0.589059412479, 0.099635027349, 1.8851211071, 2.48699212074, 2.94189667702, -0.854144394398, -4.08851099014, -4.09525680542, -4.21046209335, -4.47174787521, 3.2309179306, 3.82488131523]
    var: [3851.80249023, 288.616333008, 528.466247559, 67.4497070312, 127.011688232, 63.5226783752, 7.5697889328, 36.2622756958, 109.701477051, 86.4238357544, 17.5999851227, 10.8125391006, 62.5017242432]

SpecContrastCoeff:
    dmean: [0.0414412505925, 0.0508765131235, 0.0347722508013, 0.0166521128267, 0.0100137321278, 0.00752136670053]
    dmean2: [0.0789468586445, 0.0899633541703, 0.0388941839337, 0.0324596203864, 0.0199169814587, 0.0147306863219]
    dvar: [0.00162856141105, 0.00221845530905, 0.0084979692474, 0.000116023235023, 0.000118911797472, 0.000172844447661]
    dvar2: [0.00423747953027, 0.00479385256767, 0.00395843805745, 0.000359982135706, 0.000329792354023, 0.000479721493321]
    kurt: [2.65794324875, 5.01214504242, 26.407743454, 0.910346746445, 1.5860824585, 7.56143569946]
    max: [-0.825680434704, -0.606407940388, -0.0921925380826, -0.887939453125, -0.916864693165, -0.909348785877]
    mean: [-0.959111452103, -0.799894869328, -0.133872464299, -0.928110063076, -0.944157660007, -0.950952649117]
    median: [-0.978992283344, -0.813008308411, -0.105815678835, -0.933870136738, -0.949618458748, -0.954942286015]
    min: [-0.986144781113, -0.951768994331, -0.917172849178, -0.939095795155, -0.950251817703, -0.956208944321]
    skew: [1.84331071377, 1.30976450443, -5.07210063934, 1.19044542313, 1.71790456772, 2.8844203949]
    var: [0.00153560191393, 0.00266450503841, 0.0170166697353, 0.000144871184602, 9.8639895441e-05, 0.000106427360151]

SpecPeakAmp:
    dmean: [0.000609659531619, 0.244864523411, 0.336053073406, 0.0921438932419, 0.000456868292531]
    dmean2: [0.000968250096776, 0.500790059566, 0.66565567255, 0.188291594386, 0.000727137783542]
    dvar: [3.86243618777e-06, 0.104201175272, 0.107885092497, 0.0530978478491, 2.00173599296e-06]
    dvar2: [9.97318056761e-06, 0.253099232912, 0.25209414959, 0.153581604362, 5.09221081302e-06]
    kurt: [39.1014976501, -0.214388847351, -1.65393924713, 10.0704603195, 35.4690284729]
    max: [0.0101314308122, 0.67257809639, 0.672578155994, 0.672532975674, 0.00695030018687]
    mean: [0.000561068009119, 0.150080531836, 0.427485883236, 0.0453896522522, 0.000316358928103]
    median: [0.00035489918082, 0.00061203102814, 0.672463536263, 0.000500320864376, 9.01427629287e-05]
    min: [3.47255299857e-05, 0.000172044543433, 0.000104772312625, 4.55803201476e-05, 3.26953959302e-05]
    skew: [6.37325286865, 1.33621227741, -0.566803216934, 3.47417116165, 5.98362398148]
    var: [2.10432654058e-06, 0.0779745131731, 0.10218885541, 0.0280915293843, 1.05831088604e-06]
