
metadata:
    version:
        essentia: "2.1-beta3"

Flux:
    dmean: 0.0196030139923
    dmean2: 0
    dvar: 0
    dvar2: 0
    kurt: -2
    max: 0.427218586206
    mean: 0.41741707921
    median: 0.41741707921
    min: 0.407615572214
    skew: 0
    var: 9.60695397225e-05

Rms:
    dmean: 0
    dmean2: 0
    dvar: 0
    dvar2: 0
    kurt: 0
    max: 0.146342501044
    mean: 0.146342501044
    median: 0.146342501044
    min: 0.146342501044
    skew: 0
    var: 0

RollOff:
    dmean: 258.3984375
    dmean2: 0
    dvar: 0
    dvar2: 0
    kurt: -1.99999988079
    max: 1248.92578125
    mean: 1119.7265625
    median: 1119.7265625
    min: 990.52734375
    skew: 0
    var: 16692.4375

SpecCent:
    dmean: 225.629577637
    dmean2: 0
    dvar: 0
    dvar2: 0
    kurt: -2
    max: 1093.43994141
    mean: 980.62512207
    median: 980.62512207
    min: 867.81036377
    skew: 7.83527809745e-07
    var: 12727.1767578

Zcr:
    dmean: 0
    dmean2: 0
    dvar: 0
    dvar2: 0
    kurt: 0
    max: 0.01171875
    mean: 0.01171875
    median: 0.01171875
    min: 0.01171875
    skew: 0
    var: 0

HarmonicAmpFreq:
    dmean: [33.0681152344]
    dmean2: [0]
    dvar: [0]
    dvar2: [0]
    kurt: [-2]
    max: [904.772155762]
    mean: [888.238098145]
    median: [888.238098145]
    min: [871.704040527]
    skew: [0]
    var: [273.375061035]

HarmonicAmpMag:
    dmean: [0.120632998645]
    dmean2: [0]
    dvar: [0]
    dvar2: [0]
    kurt: [-1.99999988079]
    max: [0.120632998645]
    mean: [0.0603164993227]
    median: [0.0603164993227]
    min: [0]
    skew: [0]
    var: [0.00363808008842]

MfccCoeff:
    dmean: [414.466369629, 3.01481628418, 28.0610656738, 65.8320465088, 0.544128417969, 40.3328704834, 32.8686408997, 4.23635673523, 23.4440746307, 14.1005783081, 6.79403972626, 10.3512573242, 2.39812278748]
    dmean2: [0, 0, 0, 0, 0, 0, 0, 0, 0, 0, 0, 0, 0]
    dvar: [0, 0, 0, 0, 0, 0, 0, 0, 0, 0, 0, 0, 0]
    dvar2: [0, 0, 0, 0, 0, 0, 0, 0, 0, 0, 0, 0, 0]
    kurt: [-2, -2, -2, -2, -2, -2, -2, -2.00000023842, -2, -2, -2, -2, -2]
    max: [-560.252807617, 126.893226624, -24.5436668396, -45.2700767517, -46.189666748, 26.1029815674, 43.0971603394, 20.927986145, 10.9791469574, -1.44186401367, -2.06232070923, 4.54222106934, 1.77909851074]
    mean: [-767.485961914, 125.385818481, -38.5741996765, -78.1860961914, -46.461730957, 5.93654727936, 26.6628398895, 18.8098068237, -0.742890357971, -8.49215316772, -5.45934057236, -0.633407592773, 0.580037117004]
    median: [-767.485961914, 125.385818481, -38.5741996765, -78.1860961914, -46.461730957, 5.93654727936, 26.6628398895, 18.8098068237, -0.742890357971, -8.49215316772, -5.45934057236, -0.633407592773, 0.580037117004]
    min: [-974.719177246, 123.878410339, -52.6047325134, -111.102119446, -46.733795166, -14.2298870087, 10.2285194397, 16.6916294098, -12.4649276733, -15.5424423218, -8.85636043549, -5.80903625488, -0.619024276733]
    skew: [-4.4945073796e-07, 0, 0, -2.19062485485e-07, 0, 0, 0, 1.35470963869e-06, 0, 0, 0, 0, 0]
    var: [42945.59375, 2.27227926254, 196.85585022, 1083.46447754, 0.074018932879, 406.685119629, 270.086883545, 4.48668003082, 137.406158447, 49.706577301, 11.5397443771, 26.7871322632, 1.43774819374]

SpecContrastCoeff:
    dmean: [0.00771486759186, 0.117197573185, 0.0663228034973, 0.242176115513, 0.0171891450882, 0.0257523655891]
    dmean2: [0, 0, 0, 0, 0, 0]
    dvar: [0, 0, 0, 0, 0, 0]
    dvar2: [0, 0, 0, 0, 0, 0]
    kurt: [-1.99999988079, -2, -2, -2, -2, -2]
    max: [-0.947013437748, -0.768178939819, -0.708314955235, -0.58792334795, -0.919486701488, -0.931931495667]
    mean: [-0.950870871544, -0.826777696609, -0.741476356983, -0.709011435509, -0.928081274033, -0.944807648659]
    median: [-0.950870871544, -0.826777696609, -0.741476356983, -0.709011435509, -0.928081274033, -0.944807648659]
    min: [-0.95472830534, -0.885376513004, -0.774637758732, -0.830099463463, -0.936675846577, -0.957683861256]
    skew: [0, -1.5187055169e-06, 0, 7.54056770802e-07, 0, -6.9762181738e-06]
    var: [1.48797953443e-05, 0.00343381776474, 0.00109967857134, 0.0146623179317, 7.38666785765e-05, 0.000165796082001]

SpecPeakAmp:
    dmean: [0.120507240295, 0.0599113553762, 0.0311561897397, 0.0169509500265, 0.0111509207636]
    dmean2: [0, 0, 0, 0, 0]
    dvar: [0, 0, 0, 0, 0]
    dvar2: [0, 0, 0, 0, 0]
    kurt: [-2, -2, -2, -2, -2]
    max: [0.120632998645, 0.0600456632674, 0.0313060469925, 0.0171262957156, 0.0113652125001]
    mean: [0.0603793784976, 0.0300899855793, 0.0157279521227, 0.00865082070231, 0.00578975211829]
    median: [0.0603793784976, 0.0300899855793, 0.0157279521227, 0.00865082070231, 0.00578975211829]
    min: [0.000125760896481, 0.000134306930704, 0.000149857602082, 0.000175345456228, 0.000214291663724]
    skew: [9.97842590778e-08, -1.01504184613e-07, 0, 0, 0]
    var: [0.00363049842417, 0.000897342688404, 0.000242677037022, 7.18336741556e-05, 3.10857576551e-05]
