
metadata:
    version:
        essentia: "2.1-beta3"

Flux:
    dmean: 6.96735014571e-06
    dmean2: 1.04194459709e-05
    dvar: 6.1396793205e-10
    dvar2: 1.31256872038e-09
    kurt: 13.7393894196
    max: 0.000133133973577
    mean: 8.52459743328e-06
    median: 1.94373637896e-06
    min: 7.94348636646e-07
    skew: 3.83632087708
    var: 6.46227571455e-10

Rms:
    dmean: 1.79502353603e-06
    dmean2: 1.65598680724e-06
    dvar: 4.91002447034e-11
    dvar2: 3.71066788407e-11
    kurt: 19.3823719025
    max: 0.000108270389319
    mean: 0.000106242689071
    median: 0.000108146414277
    min: 6.3083229179e-05
    skew: -4.48777770996
    var: 6.4114206999e-11

RollOff:
    dmean: 1.00154435635
    dmean2: 1.025390625
    dvar: 20.5633563995
    dvar2: 21.0285148621
    kurt: 17.0510482788
    max: 1421.19140625
    mean: 1400.6361084
    median: 1399.65820312
    min: 1399.65820312
    skew: 4.36493968964
    var: 20.1182975769

SpecCent:
    dmean: 2.96623468399
    dmean2: 3.08986997604
    dvar: 48.5158233643
    dvar2: 21.3437099457
    kurt: 25.8151359558
    max: 1687.73840332
    mean: 1625.22961426
    median: 1623.14038086
    min: 1619.84399414
    skew: 5.01942825317
    var: 111.183868408

Zcr:
    dmean: 0.00158975285012
    dmean2: 0.00167410715949
    dvar: 4.04545571655e-05
    dvar2: 3.70359775843e-05
    kurt: 17.5289936066
    max: 0.0634765625
    mean: 0.0617786757648
    median: 0.0634765625
    min: 0.0283203125
    skew: -4.38314723969
    var: 4.50555453426e-05

HarmonicAmpFreq:
    dmean: [0]
    dmean2: [0]
    dvar: [0]
    dvar2: [0]
    kurt: [-2]
    max: [1396.27087402]
    mean: [1396.27038574]
    median: [1396.27087402]
    min: [1396.27087402]
    skew: [1]
    var: [2.38418579102e-07]

HarmonicAmpMag:
    dmean: [0]
    dmean2: [0]
    dvar: [0]
    dvar2: [0]
    kurt: [nan]
    max: [0]
    mean: [0]
    median: [0]
    min: [0]
    skew: [nan]
    var: [0]

MfccCoeff:
    dmean: [0.0734948441386, 0.0359731279314, 0.0790309458971, 0.0906826257706, 0.0162569973618, 0.101936161518, 0.0543067418039, 0.0643441826105, 0.0988467931747, 0.00407995190471, 0.096020899713, 0.0705493688583, 0.0471847876906]
    dmean2: [0.0753144770861, 0.036865234375, 0.0809885635972, 0.0929303839803, 0.0166604183614, 0.104460217059, 0.0556513480842, 0.0659377723932, 0.101296558976, 0.00418054498732, 0.098399028182, 0.0722963213921, 0.0483529232442]
    dvar: [0.128196910024, 0.0307180471718, 0.14825502038, 0.195181652904, 0.00627470761538, 0.246641844511, 0.0699977949262, 0.0982723012567, 0.231917664409, 0.000395205774112, 0.218850806355, 0.11814199388, 0.0528461001813]
    dvar2: [0.129655197263, 0.0310677923262, 0.149938985705, 0.197398781776, 0.00634614191949, 0.249441847205, 0.070792414248, 0.0993884429336, 0.234552681446, 0.000399660842959, 0.221336185932, 0.119483597577, 0.0534463152289]
    kurt: [28.7681007385, 28.7750091553, 28.7747879028, 28.7753734589, 28.7743091583, 28.7749710083, 28.7747821808, 28.7749328613, 28.7747688293, 28.7753314972, 28.7748241425, 28.7748241425, 28.7748222351]
    max: [-1136.18139648, 1.09580612183, -6.103515625e-05, 8.01086425781e-05, 0.495193481445, 3.10509490967, 1.65414810181, -5.34057617188e-05, -4.57763671875e-05, -2.28881835938e-05, 2.92486953735, 2.14897918701, -3.81469726562e-05]
    mean: [-1136.25427246, 1.06020665169, -2.32920384407, -2.67240691185, 0.479102045298, 3.0042078495, 1.60039865971, -1.89636087418, -2.91316580772, -0.120281048119, 2.82984447479, 2.07916307449, -1.390625]
    median: [-1136.18286133, 1.09513473511, -2.40594482422, -2.76044845581, 0.494888305664, 3.10318756104, 1.65312576294, -1.9588394165, -3.00914001465, -0.124240875244, 2.92308044434, 2.14767074585, -1.43643951416]
    min: [-1138.42004395, 1.14440917969e-05, -2.40740966797, -2.76215744019, -6.103515625e-05, 2.28881835938e-05, -2.67028808594e-05, -1.96003723145, -3.01098632812, -0.124320983887, -2.67028808594e-05, -3.0517578125e-05, -1.43732452393]
    skew: [-5.38700485229, -5.38796854019, 5.38794612885, 5.38800477982, -5.38790512085, -5.38796329498, -5.38794279099, 5.38796186447, 5.38794660568, 5.38799619675, -5.38794803619, -5.38794946671, 5.38794803619]
    var: [0.126747712493, 0.0303697213531, 0.146576106548, 0.19297337532, 0.00620356621221, 0.243850007653, 0.06920568645, 0.0971599072218, 0.229291379452, 0.000390746805351, 0.216373458505, 0.116804718971, 0.0522476695478]

SpecContrastCoeff:
    dmean: [0.0249266456813, 0.0203725080937, 0.00955617334694, 0.0161858107895, 0.00866423826665, 0.00731187639758]
    dmean2: [0.0347468405962, 0.0323842540383, 0.0132382372394, 0.0209135506302, 0.0109397098422, 0.0112031977624]
    dvar: [0.00153586757369, 0.000242064343183, 0.000320563558489, 0.00100415805355, 0.000208326877328, 4.25563011959e-05]
    dvar2: [0.00173365895171, 0.000427314080298, 0.000326813053107, 0.00109407794662, 0.000212452490814, 5.1542694564e-05]
    kurt: [13.700799942, 8.05324649811, 14.7997303009, 14.9848842621, 9.2741727829, 1.50625610352]
    max: [-0.61857432127, -0.858559131622, -0.842339456081, -0.593480467796, -0.82292753458, -0.860793888569]
    mean: [-0.670157372952, -0.884436249733, -0.862765312195, -0.615986704826, -0.851034402847, -0.882107496262]
    median: [-0.662144303322, -0.879133105278, -0.859645009041, -0.608125925064, -0.850167751312, -0.88343000412]
    min: [-0.876925706863, -0.988018751144, -0.956106305122, -0.78632324934, -0.928457319736, -0.923724889755]
    skew: [-3.69952130318, -2.40538859367, -3.82747960091, -3.93966436386, -2.77942800522, -0.878392934799]
    var: [0.00197947537526, 0.000515035237186, 0.000360828707926, 0.00125675171148, 0.000362613034667, 0.000163943535881]

SpecPeakAmp:
    dmean: [7.14938494184e-07, 4.02629211749e-07, 4.59247985418e-07, 3.49480018258e-07, 2.31970005871e-07]
    dmean2: [1.24243183564e-06, 7.78043784067e-07, 8.34969512198e-07, 6.00216139901e-07, 4.05336407994e-07]
    dvar: [5.62246484179e-13, 3.21905913384e-13, 2.88168008336e-13, 1.79569778643e-13, 7.99532762588e-14]
    dvar2: [5.36242491384e-13, 7.68435174433e-13, 4.86207211645e-13, 3.6858870448e-13, 1.26384728963e-13]
    kurt: [12.9020833969, -1.57127463818, -1.09938418865, 1.77982330322, 13.0593318939]
    max: [1.72249456227e-05, 2.05100104722e-06, 1.95512234313e-06, 1.9495955712e-06, 1.91214257939e-06]
    mean: [1.65840738191e-05, 9.34298043376e-07, 5.73879844978e-07, 4.65896278001e-07, 3.72432538143e-07]
    median: [1.67312555277e-05, 1.39377402775e-06, 1.31940140591e-07, 5.14420662512e-07, 3.28092340851e-07]
    min: [1.25976112031e-05, 4.82491451237e-08, 4.42225029929e-08, 3.38013421697e-08, 5.47924230432e-08]
    skew: [-3.58521771431, -0.450250267982, 0.73358720541, 1.42062485218, 2.95713281631]
    var: [7.99407794735e-13, 4.0921985852e-13, 3.57614708246e-13, 2.00651330945e-13, 9.00261581862e-14]
