
metadata:
    version:
        essentia: "2.1-beta3"

Flux:
    dmean: 0.000176526620635
    dmean2: 0.000234135426581
    dvar: 3.33853478196e-07
    dvar2: 6.58819203636e-07
    kurt: 9.55808067322
    max: 0.00335549097508
    mean: 0.000230487188674
    median: 8.16790816316e-06
    min: 4.76703962704e-06
    skew: 3.29180622101
    var: 5.41704480383e-07

Rms:
    dmean: 6.94796035532e-05
    dmean2: 5.07760851178e-05
    dvar: 6.16756281602e-08
    dvar2: 2.77358971346e-08
    kurt: 20.9309768677
    max: 0.00242579798214
    mean: 0.00233765295707
    median: 0.00242314231582
    min: 0.000429230800364
    skew: -4.54094600677
    var: 1.14534749684e-07

RollOff:
    dmean: 6.36208295822
    dmean2: 6.00926589966
    dvar: 1255.71704102
    dvar2: 1063.77819824
    kurt: 38.8727836609
    max: 1658.05664062
    mean: 1406.35656738
    median: 1399.65820312
    min: 1399.65820312
    skew: 6.35279750824
    var: 1459.50073242

SpecCent:
    dmean: 3.22983074188
    dmean2: 2.88709640503
    dvar: 129.001754761
    dvar2: 114.278137207
    kurt: 37.6188621521
    max: 1475.56591797
    mean: 1396.84594727
    median: 1395.72253418
    min: 1392.24047852
    skew: 6.19575500488
    var: 144.95350647

Zcr:
    dmean: 0.002197265625
    dmean2: 0.00169195130002
    dvar: 5.91765747231e-05
    dvar2: 3.94593917008e-05
    kurt: 17.8276901245
    max: 0.0634765625
    mean: 0.0606119781733
    median: 0.0634765625
    min: 0.00244140625
    skew: -4.23666000366
    var: 0.000116110924864

HarmonicAmpFreq:
    dmean: [0.650748491287]
    dmean2: [0.6658821702]
    dvar: [18.2093639374]
    dvar2: [18.6227607727]
    kurt: [40.020072937]
    max: [1397.1574707]
    mean: [1396.52075195]
    median: [1397.1574707]
    min: [1368.52453613]
    skew: [-6.48218679428]
    var: [17.8139152527]

HarmonicAmpMag:
    dmean: [7.9737155545e-08]
    dmean2: [8.15915086605e-08]
    dvar: [2.73394615323e-13]
    dvar2: [2.796013475e-13]
    kurt: [40.0227279663]
    max: [3.50843492924e-06]
    mean: [7.79652182814e-08]
    median: [0]
    min: [0]
    skew: [6.48249435425]
    var: [2.67457307386e-13]

MfccCoeff:
    dmean: [1.55290079117, 1.03990662098, 0.993393003941, 1.50295448303, 0.254551619291, 1.00281298161, 0.68891698122, 0.518430173397, 0.818906962872, 0.0711330100894, 0.723801195621, 0.553347766399, 0.297038435936]
    dmean2: [2.04378342628, 1.42795646191, 1.16478466988, 1.89046013355, 0.428344368935, 1.08916258812, 0.80957454443, 0.468196600676, 0.786263406277, 0.0729742720723, 0.622413277626, 0.431301772594, 0.26075398922]
    dvar: [47.7272796631, 21.0998764038, 22.0448474884, 46.3098526001, 1.30911636353, 25.2946853638, 10.5427742004, 5.51670026779, 15.7917575836, 0.126495406032, 9.8658246994, 4.99002695084, 1.70830607414]
    dvar2: [94.131111145, 45.8064346313, 31.9806995392, 81.4350662231, 3.34394192696, 29.8156719208, 15.4229593277, 3.96203756332, 13.600774765, 0.130310818553, 6.17259883881, 2.49374103546, 1.11701369286]
    kurt: [18.0986938477, 20.3560123444, 30.068611145, 22.3687400818, 21.3950462341, 33.6132888794, 29.6098403931, 32.7105026245, 33.6432495117, 31.4828796387, 31.4490013123, 28.3378639221, 32.3599052429]
    max: [-1096.1541748, 26.8805656433, -6.103515625e-05, 8.01086425781e-05, 4.4241027832, 32.8164978027, 21.0305366516, -5.34057617188e-05, -4.57763671875e-05, -2.28881835938e-05, 24.8806877136, 18.905954361, -3.81469726562e-05]
    mean: [-1115.79614258, 11.31848526, -23.6741218567, -27.5150089264, 4.09821748734, 29.4763870239, 16.2230873108, -17.1537685394, -27.1089515686, -2.19523286819, 23.9433250427, 18.2048149109, -9.87120723724]
    median: [-1115.58068848, 11.2924003601, -24.220867157, -27.9743423462, 4.37919616699, 30.276763916, 16.5973701477, -17.7150268555, -27.9539108276, -2.26323699951, 24.7585105896, 18.8733463287, -10.1986579895]
    min: [-1138.42004395, 1.14440917969e-05, -30.450969696, -42.9875869751, -2.78219604492, 2.28881835938e-05, -2.67028808594e-05, -17.8287811279, -28.0676040649, -2.28551483154, -2.67028808594e-05, -3.0517578125e-05, -10.2873191833]
    skew: [-0.989622890949, 2.06565785408, 5.24720573425, 3.40646862984, -4.69235515594, -5.81298208237, -5.18055677414, 5.71404027939, 5.82298851013, 5.63184213638, -5.58019590378, -5.26624345779, 5.67246437073]
    var: [20.8382034302, 8.45683097839, 14.611618042, 23.5561199188, 1.51631522179, 21.4554958344, 6.91466617584, 7.35575342178, 18.1379985809, 0.123041287065, 14.5980319977, 8.87450122833, 2.44750332832]

SpecContrastCoeff:
    dmean: [0.0213543195277, 0.0155112138018, 0.0112014105543, 0.0181317292154, 0.00824154820293, 0.00634071370587]
    dmean2: [0.0336367599666, 0.0266762394458, 0.0190172623843, 0.0194867625833, 0.0144054293633, 0.0116427903995]
    dvar: [0.00139400537591, 0.000236075182329, 0.000126883678604, 0.00231952290051, 3.93824157072e-05, 3.88481676055e-05]
    dvar2: [0.00316732842475, 0.000660497869831, 0.000293781427899, 0.0020064804703, 0.000107153275167, 0.000114675727673]
    kurt: [12.9220314026, 2.23632383347, 4.32077074051, 17.50440979, 1.81256151199, 3.6024980545]
    max: [-0.732987463474, -0.891866922379, -0.882691383362, -0.440988153219, -0.90245372057, -0.903372168541]
    mean: [-0.769211351871, -0.924001991749, -0.93540596962, -0.473830342293, -0.917685687542, -0.923222959042]
    median: [-0.762942373753, -0.925333619118, -0.938090145588, -0.455506533384, -0.918144524097, -0.923576176167]
    min: [-0.982744932175, -0.986028194427, -0.954387962818, -0.87493622303, -0.941754758358, -0.945184409618]
    skew: [-3.57348442078, -1.00204968452, 1.88055992126, -4.21935558319, -0.636595189571, -0.25667271018]
    var: [0.00199940404855, 0.000310729898047, 0.000183031705092, 0.00569796608761, 4.70281011076e-05, 4.06077851949e-05]

SpecPeakAmp:
    dmean: [1.99037094717e-06, 1.78354832769e-06, 1.84454620467e-06, 1.87488160464e-06, 1.86316731288e-06]
    dmean2: [3.12052429763e-06, 2.7910668905e-06, 2.87668717647e-06, 2.8882220704e-06, 2.89238073492e-06]
    dvar: [3.6832759065e-11, 5.07843871123e-11, 5.38296768271e-11, 5.45255472717e-11, 5.78025301234e-11]
    dvar2: [8.01224156466e-11, 1.3210155192e-10, 1.38873593181e-10, 1.40489869738e-10, 1.47779039006e-10]
    kurt: [19.739315033, 39.3758354187, 39.8595046997, 39.7731590271, 39.8862190247]
    max: [3.73735310859e-05, 3.65238847735e-05, 3.60378144251e-05, 3.60707526852e-05, 3.71808964701e-05]
    mean: [1.68097340065e-05, 1.64118478096e-06, 1.51508425006e-06, 1.56066641921e-06, 1.54250847118e-06]
    median: [1.67322814377e-05, 7.79957815666e-07, 7.50624280954e-07, 8.03746900147e-07, 6.98981921232e-07]
    min: [1.09997688469e-06, 3.05477442453e-07, 3.12613110509e-07, 1.90587869042e-07, 2.77172262031e-07]
    skew: [1.77328324318, 6.40861415863, 6.46322774887, 6.45315885544, 6.46642494202]
    var: [1.53101871458e-11, 2.78651424851e-11, 2.71383974321e-11, 2.714590705e-11, 2.89117549346e-11]
