
metadata:
    version:
        essentia: "2.1-beta3"

Flux:
    dmean: 0.00393708609045
    dmean2: 0.00521161872894
    dvar: 0.000167729187524
    dvar2: 0.000330423557898
    kurt: 9.53976154327
    max: 0.0751177072525
    mean: 0.00502939894795
    median: 3.22754785884e-05
    min: 1.58862549142e-05
    skew: 3.28934121132
    var: 0.000272792793112

Rms:
    dmean: 0.0015552326804
    dmean2: 0.00113638967741
    dvar: 3.09019669658e-05
    dvar2: 1.39007952384e-05
    kurt: 20.9307136536
    max: 0.0542983226478
    mean: 0.0523252338171
    median: 0.0542396716774
    min: 0.00961160007864
    skew: -4.5409655571
    var: 5.73759134568e-05

RollOff:
    dmean: 6.36208295822
    dmean2: 6.00926589966
    dvar: 1255.71704102
    dvar2: 1063.77819824
    kurt: 38.8727836609
    max: 1658.05664062
    mean: 1406.35656738
    median: 1399.65820312
    min: 1399.65820312
    skew: 6.35279750824
    var: 1459.50073242

SpecCent:
    dmean: 3.26017069817
    dmean2: 2.91403985023
    dvar: 132.918640137
    dvar2: 117.875099182
    kurt: 37.6785087585
    max: 1476.30285645
    mean: 1396.44763184
    median: 1395.25183105
    min: 1391.82507324
    skew: 6.20292854309
    var: 149.054824829

Zcr:
    dmean: 0.002197265625
    dmean2: 0.00169195130002
    dvar: 5.91765747231e-05
    dvar2: 3.94593917008e-05
    kurt: 17.8244609833
    max: 0.0634765625
    mean: 0.0606228299439
    median: 0.0634765625
    min: 0.00244140625
    skew: -4.23639822006
    var: 0.000116167670058

HarmonicAmpFreq:
    dmean: [0.649527788162]
    dmean2: [0.664633095264]
    dvar: [18.1411132812]
    dvar2: [18.5529613495]
    kurt: [40.0209846497]
    max: [1397.15734863]
    mean: [1396.52197266]
    median: [1397.15734863]
    min: [1368.578125]
    skew: [-6.48229217529]
    var: [17.7471466064]

HarmonicAmpMag:
    dmean: [1.78528819106e-06]
    dmean2: [1.82680651051e-06]
    dvar: [1.37051925364e-10]
    dvar2: [1.40163339268e-10]
    kurt: [40.0227241516]
    max: [7.85526790423e-05]
    mean: [1.74561512267e-06]
    median: [0]
    min: [0]
    skew: [6.48249387741]
    var: [1.34075556213e-10]

MfccCoeff:
    dmean: [11.605465889, 5.90628385544, 2.13399195671, 1.28895699978, 0.337753981352, 1.30023396015, 0.639768540859, 0.941046476364, 1.41342020035, 0.19060498476, 1.38846957684, 1.07051992416, 0.645118296146]
    dmean2: [17.1765842438, 8.73135852814, 2.65773534775, 0.922067046165, 0.309962064028, 0.820622444153, 0.83321249485, 0.984273850918, 1.64098715782, 0.293143600225, 1.66549766064, 1.35026466846, 0.651356816292]
    dvar: [2707.12597656, 691.053466797, 99.2951660156, 26.8266124725, 1.56708037853, 28.7701892853, 8.90584468842, 14.5875844955, 32.7123947144, 0.394111037254, 32.9707107544, 18.9087772369, 6.28558826447]
    dvar2: [6723.55761719, 1719.54638672, 178.669677734, 11.6146450043, 1.38970935345, 16.1390457153, 11.4318351746, 15.2930173874, 39.2186012268, 1.01306068897, 41.4106292725, 25.1383342743, 6.50643730164]
    kurt: [37.6769638062, 37.7368659973, 23.4993228912, 28.9992256165, 14.7606925964, 25.363527298, 19.1944255829, 19.1787185669, 18.4607791901, 24.3255577087, 16.7740345001, 15.129442215, 17.6862373352]
    max: [-859.243896484, 140.901702881, -11.1812591553, -13.8704032898, 9.86166381836, 66.5818252563, 36.2460250854, -4.69396972656, -9.88959503174, -0.524166107178, 51.6904258728, 38.2875137329, -0.494583129883]
    mean: [-1085.33312988, 26.2214164734, -51.3784790039, -58.0202217102, 9.39381885529, 62.3210830688, 33.2411231995, -36.537979126, -55.9789810181, -3.39304327965, 49.558052063, 36.1482276917, -21.1314220428]
    median: [-1089.9675293, 23.8039054871, -51.5386924744, -58.9964065552, 9.8606262207, 64.0005264282, 34.1485061646, -37.9369506836, -58.0175094604, -3.45876312256, 51.6891593933, 37.7152481079, -22.1238670349]
    min: [-1127.03381348, 6.04572677612, -74.5068206787, -70.5787734985, 0.298110961914, 12.5573883057, 8.45755386353, -38.2008666992, -59.6153182983, -4.72073364258, 5.43817520142, 5.18738555908, -22.1263237]
    skew: [6.17243289948, 6.18557882309, 3.34217524529, 5.1406083107, -3.93946766853, -5.0767531395, -4.52814531326, 4.46655082703, 4.40631484985, 4.07826519012, -4.21191596985, -4.02303361893, 4.28183269501]
    var: [1195.45227051, 307.318206787, 49.3202590942, 51.7148780823, 3.21854615211, 71.3096694946, 22.0185260773, 35.0117988586, 76.205696106, 0.24039298296, 74.2697372437, 39.1069107056, 15.3300685883]

SpecContrastCoeff:
    dmean: [0.0340505242348, 0.00949400663376, 0.00823300424963, 0.0199573114514, 0.00918441079557, 0.0106840291992]
    dmean2: [0.043815780431, 0.0118888923898, 0.00785472244024, 0.0151822315529, 0.0125940218568, 0.0125152133405]
    dvar: [0.000935112999287, 7.1879272582e-05, 8.40086286189e-05, 0.00372406165116, 0.000113887879706, 8.73677417985e-05]
    dvar2: [0.00229075853713, 0.000115844413813, 8.93232354429e-05, 0.0026232348755, 0.000217532433453, 0.000177610229002]
    kurt: [-0.272171735764, 1.63917541504, 4.32156085968, 19.8587913513, 1.90631341934, -1.09328603745]
    max: [-0.814792752266, -0.921665668488, -0.869466722012, -0.278913140297, -0.887575030327, -0.909220218658]
    mean: [-0.909945845604, -0.974352002144, -0.939414441586, -0.311463415623, -0.934960365295, -0.935827314854]
    median: [-0.921893954277, -0.980704307556, -0.943332731724, -0.289857834578, -0.940470635891, -0.9413651824]
    min: [-0.994719564915, -0.987989604473, -0.955551505089, -0.839666247368, -0.948154330254, -0.95296305418]
    skew: [0.760854482651, 1.34426343441, 2.10570335388, -4.45300197601, 1.48227381706, 0.636593997478]
    var: [0.00167116359808, 0.000215493768337, 0.000377771008061, 0.00908634439111, 0.000215370266233, 0.000183978700079]

SpecPeakAmp:
    dmean: [4.52477943327e-05, 3.74622468371e-05, 3.87857871829e-05, 3.93776936107e-05, 3.9741058572e-05]
    dmean2: [7.33332562959e-05, 5.65830341657e-05, 5.79404804739e-05, 5.86449823459e-05, 5.92796168348e-05]
    dvar: [2.65678075095e-08, 2.56736445436e-08, 2.78162435308e-08, 2.85314900594e-08, 2.94858590877e-08]
    dvar2: [6.82195988588e-08, 6.71732820479e-08, 7.17694561558e-08, 7.35182865697e-08, 7.59164393571e-08]
    kurt: [39.7895507812, 39.1709899902, 39.875629425, 39.8421859741, 39.8953323364]
    max: [0.000811385049019, 0.000811536796391, 0.000812643673271, 0.000819392327685, 0.000831527053379]
    mean: [3.53272262146e-05, 2.60197084572e-05, 2.46161744144e-05, 2.4788760129e-05, 2.50563498412e-05]
    median: [1.81002687896e-05, 6.99303518559e-06, 6.88755653755e-06, 6.86358634994e-06, 6.8717126851e-06]
    min: [9.50356570684e-06, 1.48029698721e-06, 1.42800729463e-06, 1.68806241163e-06, 2.27553687182e-06]
    skew: [6.45490169525, 6.38627052307, 6.46530389786, 6.46152114868, 6.4676232338]
    var: [1.37251596755e-08, 1.41646863128e-08, 1.41375604557e-08, 1.43801113239e-08, 1.48036587433e-08]
