
metadata:
    version:
        essentia: "2.1-beta3"

Flux:
    dmean: 5.03367027704e-06
    dmean2: 7.16431259207e-06
    dvar: 3.12295966864e-10
    dvar2: 6.86403767158e-10
    kurt: 14.2414684296
    max: 9.63606580626e-05
    mean: 8.32622572489e-06
    median: 4.33325931226e-06
    min: 8.05080674127e-07
    skew: 3.86641407013
    var: 3.12828180027e-10

Rms:
    dmean: 1.56167027399e-06
    dmean2: 1.51283359173e-06
    dvar: 2.41967296893e-11
    dvar2: 1.70182808817e-11
    kurt: 19.3228759766
    max: 7.76571469032e-05
    mean: 7.58944152039e-05
    median: 7.72343628341e-05
    min: 4.46295125585e-05
    skew: -4.46938753128
    var: 3.35837607723e-11

RollOff:
    dmean: 1.00154435635
    dmean2: 1.025390625
    dvar: 20.5633563995
    dvar2: 21.0285148621
    kurt: 17.0475826263
    max: 366.064453125
    mean: 345.510040283
    median: 344.53125
    min: 344.53125
    skew: 4.36435222626
    var: 20.118303299

SpecCent:
    dmean: 6.23019886017
    dmean2: 6.94735860825
    dvar: 51.4722709656
    dvar2: 32.8351974487
    kurt: 11.4427213669
    max: 716.811645508
    mean: 668.370910645
    median: 666.44909668
    min: 660.820800781
    skew: 3.29522252083
    var: 108.568603516

Zcr:
    dmean: 0.000567768875044
    dmean2: 0.000790550606325
    dvar: 2.29469856095e-06
    dvar2: 2.15658110392e-06
    kurt: 17.4061470032
    max: 0.015625
    mean: 0.0150146484375
    median: 0.01513671875
    min: 0.0068359375
    skew: -4.29724931717
    var: 2.58061027125e-06

HarmonicAmpFreq:
    dmean: [0.519624948502]
    dmean2: [0.998918831348]
    dvar: [0.240956038237]
    dvar2: [0.397205621004]
    kurt: [-1.3962097168]
    max: [340.552459717]
    mean: [340.055145264]
    median: [340.326538086]
    min: [339.315643311]
    skew: [-0.716653943062]
    var: [0.260367244482]

HarmonicAmpMag:
    dmean: [4.75754823128e-05]
    dmean2: [9.43575432757e-05]
    dvar: [2.68478661525e-09]
    dvar2: [4.28485114057e-09]
    kurt: [-1.53608882427]
    max: [0.000106785126263]
    mean: [6.986947119e-05]
    median: [0.000106580780994]
    min: [0]
    skew: [-0.647441804409]
    var: [2.45351339245e-09]

MfccCoeff:
    dmean: [0.117445833981, 0.152834877372, 0.115174762905, 0.0593652054667, 0.0119181787595, 0.0686003193259, 0.11994330585, 0.15131431818, 0.15799073875, 0.139394715428, 0.0991377756, 0.0443157814443, 0.0345854647458]
    dmean2: [0.141996830702, 0.185216262937, 0.140797927976, 0.0747862309217, 0.0151279997081, 0.0779629647732, 0.140464052558, 0.180089503527, 0.191038042307, 0.172215595841, 0.127359300852, 0.0642841905355, 0.0438968129456]
    dvar: [0.197068989277, 0.330984860659, 0.182184547186, 0.0432470664382, 0.00203958363272, 0.0825014188886, 0.229196861386, 0.345515578985, 0.356506168842, 0.256726950407, 0.111622489989, 0.0128342360258, 0.0171793177724]
    dvar2: [0.200095146894, 0.336115956306, 0.18506410718, 0.0439849384129, 0.00193921208847, 0.0836076885462, 0.232480496168, 0.35064586997, 0.361998289824, 0.260894358158, 0.113627254963, 0.0131627749652, 0.0163346417248]
    kurt: [21.6868076324, 21.6079654694, 21.2917137146, 20.1758289337, 33.7476272583, 23.761177063, 22.7977161407, 22.2470970154, 21.6884403229, 20.9038639069, 19.4420471191, 16.9440021515, 33.7463684082]
    max: [-1135.83666992, 3.34428024292, 2.46994018555, 1.18211746216, -6.103515625e-05, 2.28881835938e-05, -2.67028808594e-05, -5.34057617188e-05, -4.57763671875e-05, -2.28881835938e-05, -2.67028808594e-05, 0.0554504394531, 0.878295898438]
    mean: [-1135.94787598, 3.19972205162, 2.36137795448, 1.1268723011, -0.290907412767, -1.64733016491, -2.71083521843, -3.3020067215, -3.32516884804, -2.78421497345, -1.78095662594, -0.495952099562, 0.844026744366]
    median: [-1135.85498047, 3.3204460144, 2.45176696777, 1.17183303833, -0.298629760742, -1.70637512207, -2.80997085571, -3.42422103882, -3.45017242432, -2.89274978638, -1.85383987427, -0.521961212158, 0.866432189941]
    min: [-1138.42004395, 1.14440917969e-05, -6.103515625e-05, 8.01086425781e-05, -0.302719116211, -1.71389007568, -2.82586288452, -3.44618988037, -3.4747467041, -2.91500854492, -1.87240219116, -0.534461975098, -3.81469726562e-05]
    skew: [-4.75618886948, -4.74936294556, -4.72167778015, -4.62408256531, 5.85310983658, 4.9384803772, 4.85368347168, 4.80535078049, 4.75640201569, 4.68775129318, 4.55985021591, 4.32400798798, -5.85299062729]
    var: [0.196785733104, 0.330567479134, 0.182101741433, 0.0433617196977, 0.00210723816417, 0.0820024460554, 0.228272110224, 0.344552576542, 0.355988055468, 0.256873935461, 0.112180687487, 0.0132026076317, 0.0177478510886]

SpecContrastCoeff:
    dmean: [0.0295138023794, 0.0218596123159, 0.0159302521497, 0.0190691910684, 0.015175496228, 0.0260594971478]
    dmean2: [0.0362218916416, 0.026927465573, 0.0246517322958, 0.0334184356034, 0.0249943565577, 0.0488664992154]
    dvar: [0.00113389221951, 0.00197478150949, 0.000209012301639, 0.000226115895202, 0.000529260199983, 0.000184939301107]
    dvar2: [0.000996508984827, 0.0017934544012, 0.000328725815052, 0.000417632807512, 0.000578168139327, 0.00038375571603]
    kurt: [11.3690280914, 18.5337848663, 3.58600473404, 5.75352573395, 14.5416603088, 4.74823856354]
    max: [-0.660673677921, -0.501043200493, -0.874260962009, -0.869635045528, -0.812393844128, -0.836351215839]
    mean: [-0.705912530422, -0.545537650585, -0.899460554123, -0.891048192978, -0.834564983845, -0.864699721336]
    median: [-0.698199987411, -0.535012125969, -0.894523620605, -0.884142756462, -0.829542398453, -0.865977048874]
    min: [-0.909958899021, -0.813720047474, -0.963868200779, -0.967524945736, -0.95136654377, -0.94079375267]
    skew: [-3.24423146248, -4.28400325775, -1.73471486568, -2.18724322319, -3.88220977783, -1.81686115265]
    var: [0.0020809317939, 0.00250320578925, 0.000340476428391, 0.000353337731212, 0.000647012435365, 0.000442982156528]

SpecPeakAmp:
    dmean: [9.02579913031e-08, 1.49641959979e-06, 9.24778760236e-06, 3.96999894292e-05, 4.95823624078e-05]
    dmean2: [9.27702927811e-08, 1.55670932145e-06, 1.70518778759e-05, 8.12331782072e-05, 9.89635009319e-05]
    dvar: [8.74895045733e-14, 8.57367440932e-11, 8.36211155875e-10, 2.64934274519e-09, 2.81916889833e-09]
    dvar2: [9.39433738591e-14, 8.75517644494e-11, 2.38060970936e-09, 5.304199302e-09, 4.52860060562e-09]
    kurt: [34.5128707886, 38.9880218506, 15.7154159546, -0.305934906006, -1.67855703831]
    max: [8.46794500831e-06, 6.16093457211e-05, 0.000106639112346, 0.000106785126263, 0.000106778003101]
    mean: [8.33158446767e-06, 1.51792994529e-06, 5.56036684429e-06, 2.43416816375e-05, 3.8879141357e-05]
    median: [8.36913386593e-06, 9.17988813853e-08, 9.12749626991e-08, 8.66574083602e-08, 1.14864093348e-07]
    min: [6.44218243906e-06, 2.44071198807e-08, 4.17579286704e-08, 4.8286775467e-08, 4.88202616111e-08]
    skew: [-5.87300205231, 6.4007692337, 4.15914964676, 1.30152356625, 0.566916108131]
    var: [8.78905509569e-14, 8.40114991463e-11, 4.95366414555e-10, 1.99299554637e-09, 2.62576760335e-09]
