
metadata:
    version:
        essentia: "2.1-beta3"

Flux:
    dmean: 0.0352784506977
    dmean2: 0.0467473454773
    dvar: 0.0135923149064
    dvar2: 0.0261699594557
    kurt: 9.35686302185
    max: 0.692059338093
    mean: 0.0462581329048
    median: 0.000229654731811
    min: 7.4319599662e-05
    skew: 3.2622179985
    var: 0.0229938328266

Rms:
    dmean: 0.0142693528906
    dmean2: 0.0104484325275
    dvar: 0.00261477334425
    dvar2: 0.00118149560876
    kurt: 21.1261520386
    max: 0.50026923418
    mean: 0.482187986374
    median: 0.499723762274
    min: 0.0885298922658
    skew: -4.55998373032
    var: 0.0048468192108

RollOff:
    dmean: 6.36208295822
    dmean2: 6.00926589966
    dvar: 1255.71704102
    dvar2: 1063.77819824
    kurt: 38.8727836609
    max: 1658.05664062
    mean: 1406.35656738
    median: 1399.65820312
    min: 1399.65820312
    skew: 6.35279750824
    var: 1459.50073242

SpecCent:
    dmean: 3.31205606461
    dmean2: 2.96235132217
    dvar: 139.49772644
    dvar2: 123.747306824
    kurt: 37.767250061
    max: 1478.29394531
    mean: 1396.49829102
    median: 1395.19506836
    min: 1391.81164551
    skew: 6.21358585358
    var: 156.215957642

Zcr:
    dmean: 0.002197265625
    dmean2: 0.00169195130002
    dvar: 5.91765747231e-05
    dvar2: 3.94593917008e-05
    kurt: 17.8244609833
    max: 0.0634765625
    mean: 0.0606228299439
    median: 0.0634765625
    min: 0.00244140625
    skew: -4.23639822006
    var: 0.000116167670058

HarmonicAmpFreq:
    dmean: [8.54095458984]
    dmean2: [16.8090076447]
    dvar: [1275.99230957]
    dvar2: [3819.75878906]
    kurt: [37.6724395752]
    max: [1397.56335449]
    mean: [1392.77807617]
    median: [1397.15686035]
    min: [1226.09985352]
    skew: [-6.23055267334]
    var: [649.54083252]

HarmonicAmpMag:
    dmean: [0.191846847534]
    dmean2: [0.392599850893]
    dvar: [0.0981095135212]
    dvar2: [0.237013623118]
    kurt: [1.61278533936]
    max: [0.703345775604]
    mean: [0.109429582953]
    median: [0]
    min: [0]
    skew: [1.90073263645]
    var: [0.0649765208364]

MfccCoeff:
    dmean: [27.9889278412, 12.8315877914, 9.29316806793, 3.29068922997, 3.69792723656, 3.24498748779, 2.80615854263, 2.35822582245, 2.21067762375, 1.20977735519, 2.4324491024, 2.09089803696, 1.35976338387]
    dmean2: [37.31690979, 14.8686351776, 8.38683509827, 5.22724962234, 3.40984177589, 4.44373130798, 3.69713783264, 3.18756771088, 3.41698217392, 1.35253930092, 2.97569036484, 2.59340763092, 1.56583702564]
    dvar: [7679.72705078, 256.458831787, 50.3919448853, 111.065963745, 5.48435354233, 85.6446609497, 22.2850437164, 26.3544502258, 50.9871253967, 2.9396841526, 50.6532249451, 23.4581928253, 8.98892974854]
    dvar2: [18969.7988281, 654.435180664, 39.478187561, 195.022399902, 13.1078720093, 102.556121826, 23.6543312073, 47.0705413818, 81.4466629028, 4.92148351669, 55.1831512451, 28.0606708527, 8.87085342407]
    kurt: [25.0667495728, 2.78869724274, 0.518066883087, 10.7865524292, -1.2450325489, 13.4150562286, 13.132900238, 9.65051746368, 11.3339300156, 8.84414196014, 14.2442207336, 13.3680496216, 13.6100215912]
    max: [-614.422363281, 139.816177368, -39.7561759949, -45.3473129272, 20.711517334, 90.8134536743, 44.9646530151, -15.5515041351, -23.6779308319, -0.52251625061, 58.2249565125, 42.0866012573, 0.106086730957]
    mean: [-1012.38470459, 68.0583190918, -84.5546951294, -96.3226013184, 12.8606929779, 84.9570846558, 40.9042434692, -44.6633148193, -64.1652755737, -3.26749157906, 54.6493911743, 38.8810005188, -23.2287998199]
    median: [-1022.05487061, 72.4371414185, -80.9029998779, -98.9662857056, 11.9661254883, 87.9302749634, 42.6976547241, -46.4755249023, -66.4996871948, -3.12973022461, 57.4667320251, 40.7609329224, -24.3438529968]
    min: [-1038.11193848, 44.6259269714, -102.684997559, -106.447914124, 3.93823432922, 22.6224822998, 5.29426956177, -48.5681915283, -68.4036178589, -11.9628295898, 1.04187393188, 2.88552093506, -25.4165458679]
    skew: [5.0075712204, 1.12842726707, 0.479455977678, 3.50418663025, 0.132866695523, -3.8085129261, -3.6929526329, 3.24383616447, 3.58633947372, -2.21540689468, -3.88602018356, -3.7724146843, 3.75581169128]
    var: [4570.67236328, 352.457244873, 186.488708496, 154.069168091, 23.3455886841, 168.416793823, 54.1382904053, 51.2904090881, 95.2659759521, 3.33603453636, 116.977127075, 55.3571929932, 22.4144020081]

SpecContrastCoeff:
    dmean: [0.0130551252514, 0.0100262286142, 0.0107579408213, 0.0233083423227, 0.0105644827709, 0.0124018136412]
    dmean2: [0.0161788742989, 0.0132655892521, 0.0113145820796, 0.0171955320984, 0.0151984440163, 0.0175311826169]
    dvar: [0.000265760958428, 8.85654517333e-05, 0.00014224901679, 0.00605078227818, 0.000199438029085, 0.000159003422596]
    dvar2: [0.000496289110743, 0.000131886277813, 0.000264304428129, 0.00318453204818, 0.000412115390645, 0.000313812633976]
    kurt: [1.86924505234, -1.03193414211, 4.66469478607, 22.9709072113, 4.60892009735, -0.431083440781]
    max: [-0.902583539486, -0.94173258543, -0.836035490036, -0.12070415169, -0.851069808006, -0.896934688091]
    mean: [-0.969066619873, -0.972522675991, -0.92538267374, -0.15426646173, -0.923335075378, -0.935456156731]
    median: [-0.975395202637, -0.978020966053, -0.930443882942, -0.12985663116, -0.929602205753, -0.942316710949]
    min: [-0.993392646313, -0.986622154713, -0.944591581821, -0.799010038376, -0.937548220158, -0.948973536491]
    skew: [1.44525611401, 0.762388348579, 2.15508699417, -4.73521327972, 2.0219335556, 1.05636465549]
    var: [0.000351202499587, 0.000224346047617, 0.000555135076866, 0.012378542684, 0.000337650883012, 0.000254465383478]

SpecPeakAmp:
    dmean: [0.000364817795344, 0.000358195888111, 0.0323513150215, 0.0962941870093, 0.0643385052681]
    dmean2: [0.000551723525859, 0.000542496854905, 0.0660079047084, 0.196865320206, 0.131466284394]
    dvar: [2.31601461564e-06, 2.16894363803e-06, 0.0214387848973, 0.0581812597811, 0.0408293567598]
    dvar2: [5.97375401412e-06, 5.66393100598e-06, 0.0416621603072, 0.168559700251, 0.120764322579]
    kurt: [39.3159179688, 38.5666885376, 17.5441875458, 10.0704164505, 17.544090271]
    max: [0.00745466537774, 0.00745789986104, 0.703340888023, 0.703342080116, 0.703345775604]
    mean: [0.000240829424001, 0.000252950761933, 0.0315028168261, 0.0471404977143, 0.0315160341561]
    median: [6.5344691393e-05, 6.2299775891e-05, 6.54043979011e-05, 6.8912988354e-05, 6.82610116201e-05]
    min: [1.03783759187e-05, 9.45677493291e-06, 1.32885033963e-05, 1.49335592141e-05, 2.15739710256e-05]
    skew: [6.40263843536, 6.31826257706, 4.42073249817, 3.47416043282, 4.42071342468]
    var: [1.19256446851e-06, 1.20031995721e-06, 0.0209949146956, 0.0307583063841, 0.0209940839559]
