
metadata:
    version:
        essentia: "2.1-beta3"

Flux:
    dmean: 0.018761575222
    dmean2: 0
    dvar: 0
    dvar2: 0
    kurt: -2
    max: 0.424463450909
    mean: 0.415082663298
    median: 0.415082663298
    min: 0.405701875687
    skew: 0
    var: 8.79991785041e-05

Rms:
    dmean: 0
    dmean2: 0
    dvar: 0
    dvar2: 0
    kurt: 0
    max: 0.145536676049
    mean: 0.145536676049
    median: 0.145536676049
    min: 0.145536676049
    skew: 0
    var: 0

RollOff:
    dmean: 538.330078125
    dmean2: 0
    dvar: 0
    dvar2: 0
    kurt: -2
    max: 2497.8515625
    mean: 2228.68652344
    median: 2228.68652344
    min: 1959.52148438
    skew: 0
    var: 72449.8203125

SpecCent:
    dmean: 71.6146240234
    dmean2: 0
    dvar: 0
    dvar2: 0
    kurt: -2
    max: 1813.92297363
    mean: 1778.11572266
    median: 1778.11572266
    min: 1742.30834961
    skew: -5.14754628966e-06
    var: 1282.16357422

Zcr:
    dmean: 0
    dmean2: 0
    dvar: 0
    dvar2: 0
    kurt: 0
    max: 0.0234375
    mean: 0.0234375
    median: 0.0234375
    min: 0.0234375
    skew: 0
    var: 0

HarmonicAmpFreq:
    dmean: [125.962524414]
    dmean2: [0]
    dvar: [0]
    dvar2: [0]
    kurt: [-1.99999988079]
    max: [1781.54833984]
    mean: [1718.56713867]
    median: [1718.56713867]
    min: [1655.58581543]
    skew: [-2.90829825644e-06]
    var: [3966.63916016]

HarmonicAmpMag:
    dmean: [0.0925586894155]
    dmean2: [0]
    dvar: [0]
    dvar2: [0]
    kurt: [-2]
    max: [0.0925586894155]
    mean: [0.0462793447077]
    median: [0.0462793447077]
    min: [0]
    skew: [0]
    var: [0.00214177765884]

MfccCoeff:
    dmean: [397.743469238, 44.4290046692, 47.411781311, 13.8287963867, 56.4705848694, 30.2262496948, 32.1300735474, 26.5124530792, 13.5905723572, 19.4277687073, 0.379762649536, 8.89755630493, 4.79010009766]
    dmean2: [0, 0, 0, 0, 0, 0, 0, 0, 0, 0, 0, 0, 0]
    dvar: [0, 0, 0, 0, 0, 0, 0, 0, 0, 0, 0, 0, 0]
    dvar2: [0, 0, 0, 0, 0, 0, 0, 0, 0, 0, 0, 0, 0]
    kurt: [-2, -2, -2, -2, -2, -2, -2, -1.99999988079, -2, -2, -2, -2, -2]
    max: [-572.656860352, 98.8790893555, -91.728263855, -24.9534988403, 87.8206634521, 33.0911407471, -14.346786499, 8.70871925354, 17.3306312561, 8.91333389282, -1.03207778931, 7.48169708252, 0.00247192382812]
    mean: [-771.528564453, 76.6645889282, -115.434158325, -31.8678970337, 59.5853729248, 17.9780158997, -30.4118232727, -4.54750728607, 10.5353450775, -0.800550460815, -1.22195911407, 3.03291893005, -2.392578125]
    median: [-771.528564453, 76.6645889282, -115.434158325, -31.8678970337, 59.5853729248, 17.9780158997, -30.4118232727, -4.54750728607, 10.5353450775, -0.800550460815, -1.22195911407, 3.03291893005, -2.392578125]
    min: [-970.40032959, 54.4500846863, -139.140045166, -38.7822952271, 31.3500785828, 2.86489105225, -46.4768600464, -17.8037338257, 3.74005889893, -10.5144348145, -1.41184043884, -1.41585922241, -4.78762817383]
    skew: [-5.08558343881e-07, -2.67246178964e-07, 5.13132192737e-07, 0, -2.16916788531e-07, 0, 0, 0, 0, 0, 0, 0, 0]
    var: [39549.96875, 493.484130859, 561.969238281, 47.8089027405, 797.231750488, 228.406539917, 258.085418701, 175.727539062, 46.1759147644, 94.3595504761, 0.0360549166799, 19.7916278839, 5.73626470566]

SpecContrastCoeff:
    dmean: [0.00116854906082, 0.0152041316032, 0.0681219100952, 0.0199071764946, 0.238328933716, 0.0256016254425]
    dmean2: [0, 0, 0, 0, 0, 0]
    dvar: [0, 0, 0, 0, 0, 0]
    dvar2: [0, 0, 0, 0, 0, 0]
    kurt: [-2, -2, -2, -2, -2, -2]
    max: [-0.992899358273, -0.967030704021, -0.866905093193, -0.742070913315, -0.502562701702, -0.926701307297]
    mean: [-0.993483662605, -0.974632740021, -0.900966048241, -0.752024531364, -0.62172716856, -0.939502120018]
    median: [-0.993483662605, -0.974632740021, -0.900966048241, -0.752024531364, -0.62172716856, -0.939502120018]
    min: [-0.994067907333, -0.982234835625, -0.935027003288, -0.761978089809, -0.740891635418, -0.952302932739]
    skew: [0.000153035900439, -1.17740728456e-05, 0, 8.9921959443e-06, 0, 0]
    var: [3.41376733104e-07, 5.77914033784e-05, 0.00116014864761, 9.90739208646e-05, 0.0142001705244, 0.000163860808243]

SpecPeakAmp:
    dmean: [0.0924785286188, 0.0595994256437, 0.0421601235867, 0.030073069036, 0.0215461477637]
    dmean2: [0, 0, 0, 0, 0]
    dvar: [0, 0, 0, 0, 0]
    dvar2: [0, 0, 0, 0, 0]
    kurt: [-2, -2, -2, -2, -2]
    max: [0.0925586894155, 0.059681545943, 0.0422439277172, 0.0301597975194, 0.0216365642846]
    mean: [0.046319425106, 0.0298818331212, 0.0211638659239, 0.0151232630014, 0.0108634904027]
    median: [0.046319425106, 0.0298818331212, 0.0211638659239, 0.0151232630014, 0.0108634904027]
    min: [8.01632122602e-05, 8.21187277324e-05, 8.3802799054e-05, 8.6728061433e-05, 9.04162225197e-05]
    skew: [1.47193105704e-07, -1.03106287952e-07, -9.70922329202e-08, 0, 0]
    var: [0.00213806936517, 0.0008880229434, 0.000444369041361, 0.000226097370614, 0.000116059120046]
