
metadata:
    version:
        essentia: "2.1-beta3"

Flux:
    dmean: 7.28488021196e-06
    dmean2: 1.09144439193e-05
    dvar: 6.04305050445e-10
    dvar2: 1.30196176062e-09
    kurt: 13.8386383057
    max: 0.000133212190121
    mean: 8.96805522643e-06
    median: 2.48283458859e-06
    min: 9.35454465889e-07
    skew: 3.84484028816
    var: 6.37878583287e-10

Rms:
    dmean: 1.78979962584e-06
    dmean2: 1.64768687227e-06
    dvar: 4.87400987625e-11
    dvar2: 3.69661246058e-11
    kurt: 19.5695762634
    max: 0.00010822837794
    mean: 0.000106245817733
    median: 0.000108141161036
    min: 6.29822316114e-05
    skew: -4.50424098969
    var: 6.3914665227e-11

RollOff:
    dmean: 1.00154435635
    dmean2: 1.025390625
    dvar: 20.5633563995
    dvar2: 21.0285148621
    kurt: 17.0543556213
    max: 2820.84960938
    mean: 2800.29345703
    median: 2799.31640625
    min: 2799.31640625
    skew: 4.36551809311
    var: 20.1182918549

SpecCent:
    dmean: 3.13438510895
    dmean2: 4.28934144974
    dvar: 7.81996488571
    dvar2: 2.31327390671
    kurt: 14.3405895233
    max: 2893.00976562
    mean: 2867.09545898
    median: 2866.88916016
    min: 2862.71289062
    skew: 3.3803691864
    var: 24.87084198

Zcr:
    dmean: 0.00322492723353
    dmean2: 0.00337146571837
    dvar: 0.000164199838764
    dvar2: 0.000148123901454
    kurt: 17.4743976593
    max: 0.126953125
    mean: 0.123601742089
    median: 0.12646484375
    min: 0.05712890625
    skew: -4.38380050659
    var: 0.000179958311492

HarmonicAmpFreq:
    dmean: [0]
    dmean2: [0]
    dvar: [0]
    dvar2: [0]
    kurt: [-2]
    max: [2797.22021484]
    mean: [2797.21923828]
    median: [2797.22021484]
    min: [2797.22021484]
    skew: [1]
    var: [9.53674316406e-07]

HarmonicAmpMag:
    dmean: [0]
    dmean2: [0]
    dvar: [0]
    dvar2: [0]
    kurt: [nan]
    max: [0]
    mean: [0]
    median: [0]
    min: [0]
    skew: [nan]
    var: [0]

MfccCoeff:
    dmean: [0.0594255328178, 0.0183098372072, 0.0758070871234, 0.0511758476496, 0.0530061945319, 0.0736087560654, 0.0205053277314, 0.0813066363335, 0.01483438164, 0.0732544288039, 0.0458035133779, 0.05182204023, 0.0664756223559]
    dmean2: [0.0635259747505, 0.0196344293654, 0.0809678584337, 0.0548589788377, 0.0564335398376, 0.0788141861558, 0.021508352831, 0.0868686512113, 0.0163786746562, 0.0779804065824, 0.0494402945042, 0.0547570735216, 0.0713052302599]
    dvar: [0.0618562139571, 0.00579480500892, 0.101099193096, 0.0453623048961, 0.0501129180193, 0.0943315625191, 0.00799451489002, 0.116139985621, 0.00337052973919, 0.0957641154528, 0.0352911949158, 0.0494716726243, 0.0763406902552]
    dvar2: [0.0618781149387, 0.00578807527199, 0.101172208786, 0.0453234277666, 0.0502179004252, 0.0943010672927, 0.00806278549135, 0.116207994521, 0.0033282970544, 0.0959699526429, 0.0351598896086, 0.0497369877994, 0.0762574151158]
    kurt: [17.7766895294, 17.6339912415, 17.8060894012, 17.6555786133, 17.9467735291, 17.7038803101, 18.705242157, 17.7914237976, 17.01720047, 17.952911377, 17.4106616974, 18.3113479614, 17.632194519]
    max: [-1137.11950684, 1.14440917969e-05, -6.103515625e-05, 1.10768508911, 1.1789855957, 2.28881835938e-05, -2.67028808594e-05, 1.78337860107, -4.57763671875e-05, -2.28881835938e-05, 0.963573455811, 1.18655395508, -3.81469726562e-05]
    mean: [-1137.17724609, -0.377628326416, -1.59134709835, 1.0579123497, 1.12742817402, -1.52931141853, -0.462588220835, 1.70429885387, -0.267744749784, -1.55904567242, 0.919028043747, 1.1361438036, -1.37057876587]
    median: [-1137.12280273, -0.394367218018, -1.66106414795, 1.10472488403, 1.17640686035, -1.59676361084, -0.481945037842, 1.77904510498, -0.280715942383, -1.62674713135, 0.960498809814, 1.18455123901, -1.43133544922]
    min: [-1138.42004395, -0.395435333252, -1.66506958008, 8.01086425781e-05, -6.103515625e-05, -1.60089874268, -0.482601165771, -5.34057617188e-05, -0.282165527344, -1.6302947998, -2.67028808594e-05, -3.0517578125e-05, -1.43523406982]
    skew: [-4.4250254631, 4.41256713867, 4.42723321915, -4.41440868378, -4.43920755386, 4.41852617264, 4.50370550156, -4.42598390579, 4.35890483856, 4.43973016739, -4.39348173141, -4.47021245956, 4.41241550446]
    var: [0.061828289181, 0.00580069422722, 0.101017169654, 0.0453975908458, 0.0500035993755, 0.0943543463945, 0.0079263644293, 0.116062261164, 0.00341511913575, 0.0955492779613, 0.0354227647185, 0.0492033958435, 0.0764193534851]

SpecContrastCoeff:
    dmean: [0.0277862269431, 0.02983247675, 0.0219375733286, 0.0195745546371, 0.0118186892942, 0.010354263708]
    dmean2: [0.0403671823442, 0.0486436448991, 0.0359844081104, 0.0328154675663, 0.0167308393866, 0.0169238056988]
    dvar: [0.00141745922156, 0.000791005615611, 0.00040752379573, 0.000256871076999, 0.000485729600769, 0.000100846329588]
    dvar2: [0.00183059403207, 0.00131630187389, 0.000690478307661, 0.000340182421496, 0.000433553534094, 0.000148932711454]
    kurt: [11.624540329, 7.22475814819, 6.07846546173, 7.10857105255, 16.130191803, 8.69284057617]
    max: [-0.614481806755, -0.780385017395, -0.826553106308, -0.825298130512, -0.667137086391, -0.845740318298]
    mean: [-0.662321329117, -0.839489340782, -0.857509255409, -0.857922196388, -0.685783565044, -0.862923800945]
    median: [-0.654610276222, -0.83564722538, -0.854121685028, -0.858847737312, -0.680388092995, -0.861928582191]
    min: [-0.855990588665, -0.970921397209, -0.948356688023, -0.945079803467, -0.809313297272, -0.92002761364]
    skew: [-3.32305240631, -2.25497412682, -2.20773839951, -2.22120690346, -4.09088563919, -2.42510962486]
    var: [0.00193729635794, 0.00109293882269, 0.000576146645471, 0.00046556032612, 0.000614081218373, 0.000153925371706]

SpecPeakAmp:
    dmean: [2.26929742553e-07, 9.5611497386e-08, 6.26159959438e-08, 2.82834861309e-07, 5.22329173691e-07]
    dmean2: [2.59011756043e-07, 1.21096334738e-07, 8.37667215592e-08, 5.13350528308e-07, 1.00410557025e-06]
    dvar: [5.46663951086e-13, 7.79567450632e-14, 1.29144301318e-14, 1.87009343558e-13, 3.12911561896e-13]
    dvar2: [5.58896841567e-13, 7.826768747e-14, 1.23904724913e-14, 5.15947961438e-13, 7.71874046884e-13]
    kurt: [18.5316677094, 16.7077598572, 15.4773654938, 4.75130605698, -0.689093589783]
    max: [1.6991449229e-05, 1.50003143062e-06, 7.65101901834e-07, 1.44242926581e-06, 1.49219806644e-06]
    mean: [1.66069421539e-05, 1.63301351108e-07, 1.40368541679e-07, 2.99553107652e-07, 1.08715801161e-06]
    median: [1.67481521203e-05, 1.03798264206e-07, 1.1598807248e-07, 1.81801965482e-07, 1.37405686473e-06]
    min: [1.26295817608e-05, 4.90989755519e-08, 5.15086995279e-08, 9.32530639375e-08, 5.86290340721e-08]
    skew: [-4.37896537781, 4.30171918869, 3.97219848633, 2.51246643066, -1.08854460716]
    var: [5.65668985177e-13, 8.37981417655e-14, 1.59890885796e-14, 1.28116660618e-13, 2.85868822104e-13]
