
metadata:
    version:
        essentia: "2.1-beta3"

Flux:
    dmean: 0.000177990747034
    dmean2: 0.000235308150877
    dvar: 3.33651513529e-07
    dvar2: 6.56535519283e-07
    kurt: 9.6051568985
    max: 0.00336513505317
    mean: 0.000231925805565
    median: 1.06556872197e-05
    min: 3.84810755349e-06
    skew: 3.2973086834
    var: 5.41628025985e-07

Rms:
    dmean: 6.90947344992e-05
    dmean2: 5.15297324455e-05
    dvar: 6.057778279e-08
    dvar2: 2.7212205822e-08
    kurt: 20.8182086945
    max: 0.00242518004961
    mean: 0.00233809952624
    median: 0.00242297840305
    min: 0.000447175145382
    skew: -4.53011512756
    var: 1.12802332808e-07

RollOff:
    dmean: 6.85147380829
    dmean2: 6.51003837585
    dvar: 1491.62805176
    dvar2: 1283.95654297
    kurt: 39.0408973694
    max: 3079.24804688
    mean: 2806.49243164
    median: 2799.31640625
    min: 2799.31640625
    skew: 6.37138319016
    var: 1710.4597168

SpecCent:
    dmean: 5.43291664124
    dmean2: 6.82153320312
    dvar: 291.155548096
    dvar2: 251.378219604
    kurt: 38.3194236755
    max: 2901.796875
    mean: 2778.63037109
    median: 2776.47143555
    min: 2770.54980469
    skew: 6.28157997131
    var: 351.820800781

Zcr:
    dmean: 0.00446111522615
    dmean2: 0.00340661336668
    dvar: 0.000242694848566
    dvar2: 0.000162529308
    kurt: 17.7452449799
    max: 0.126953125
    mean: 0.121267363429
    median: 0.12646484375
    min: 0.00439453125
    skew: -4.22958087921
    var: 0.000470067810966

HarmonicAmpFreq:
    dmean: [0.212019488215]
    dmean2: [0.216950178146]
    dvar: [1.93294715881]
    dvar2: [1.97682964802]
    kurt: [40.0508804321]
    max: [2797.74023438]
    mean: [2797.53442383]
    median: [2797.74023438]
    min: [2788.41137695]
    skew: [-6.48574972153]
    var: [1.89097166061]

HarmonicAmpMag:
    dmean: [8.66466720595e-08]
    dmean2: [8.86617073093e-08]
    dvar: [3.22828759168e-13]
    dvar2: [3.30157749013e-13]
    kurt: [40.022731781]
    max: [3.8124535422e-06]
    mean: [8.47211865107e-08]
    median: [0]
    min: [0]
    skew: [6.48249387741]
    var: [3.15817901345e-13]

MfccCoeff:
    dmean: [0.8219576478, 0.254497885704, 1.02913677692, 0.686816453934, 0.676717221737, 0.920070827007, 0.226149648428, 0.909733831882, 0.222196057439, 0.699333906174, 0.50151771307, 0.391765415668, 0.654730439186]
    dmean2: [0.980783879757, 0.298376739025, 1.22647488117, 0.798960864544, 0.806829750538, 1.05310118198, 0.284343361855, 1.01506364346, 0.205990806222, 0.753859043121, 0.480166763067, 0.409217298031, 0.595281839371]
    dvar: [14.4780025482, 1.41832244396, 22.7407360077, 10.4435634613, 9.84260654449, 19.1891975403, 1.04599905014, 19.5113506317, 1.05364048481, 12.2009029388, 5.801197052, 4.05331897736, 8.86953353882]
    dvar2: [22.2219600677, 2.07431483269, 34.7844009399, 14.9481897354, 15.0706090927, 26.2684440613, 1.84556114674, 24.9163646698, 0.827649593353, 14.2159948349, 4.99118518829, 4.35821199417, 6.59039115906]
    kurt: [27.3225383759, 28.7893199921, 27.4570598602, 29.3846931458, 27.4821853638, 30.4471092224, 21.9305973053, 31.6930274963, 31.7601318359, 32.7232971191, 32.503162384, 33.3010025024, 31.7285842896]
    max: [-1113.95166016, 1.14440917969e-05, -6.103515625e-05, 20.8947639465, 20.1862640381, 2.28881835938e-05, -2.67028808594e-05, 28.6881351471, -4.57763671875e-05, -2.28881835938e-05, 16.8137321472, 13.0614089966, -3.81469726562e-05]
    mean: [-1120.36730957, -5.91488361359, -22.706911087, 16.3594932556, 14.9305391312, -23.0057582855, -4.10384130478, 24.4143238068, -7.17469215393, -20.4644603729, 16.2912712097, 12.3400363922, -21.2829723358]
    median: [-1119.96398926, -6.05479812622, -23.2156486511, 16.7550239563, 15.2640533447, -23.5849075317, -4.17313766479, 25.0620670319, -7.41230010986, -21.0381698608, 16.8130302429, 12.698928833, -21.9942893982]
    min: [-1138.42004395, -7.68855667114, -30.6782341003, 8.01086425781e-05, -6.103515625e-05, -28.3913230896, -6.45067596436, -5.34057617188e-05, -7.41264343262, -22.6891403198, -2.67028808594e-05, -3.0517578125e-05, -21.995174408]
    skew: [-4.80324029922, 5.09725999832, 4.82944393158, -5.20559167862, -4.82847261429, 5.38816404343, 3.31823253632, -5.58480787277, 5.63318443298, 5.73107147217, -5.71466827393, -5.80054044724, 5.62346029282]
    var: [8.92433547974, 0.932113647461, 14.0821990967, 7.05669355392, 6.08596515656, 13.7113523483, 0.53048402071, 15.1450061798, 1.3065520525, 10.4806127548, 6.66348218918, 3.77913069725, 11.4976129532]

SpecContrastCoeff:
    dmean: [0.0260767173022, 0.0239071790129, 0.012732738629, 0.0107986992225, 0.0150210503489, 0.00565427262336]
    dmean2: [0.0404396094382, 0.0408317558467, 0.0197359789163, 0.0154716512188, 0.0181797742844, 0.00881392601877]
    dvar: [0.00173578190152, 0.000382959493436, 0.000168236918398, 6.47599517833e-05, 0.00141862593591, 1.73121679836e-05]
    dvar2: [0.00391712831333, 0.000952128670178, 0.000371844798792, 0.000179156268132, 0.00141056708526, 5.19052118761e-05]
    kurt: [11.4011955261, 3.3013010025, 6.04557514191, -0.209724187851, 18.6094493866, 6.53097820282]
    max: [-0.700389027596, -0.866822957993, -0.8991933465, -0.909536719322, -0.520232081413, -0.90957480669]
    mean: [-0.75530397892, -0.921238958836, -0.925032317638, -0.928147792816, -0.548986494541, -0.919762074947]
    median: [-0.745495319366, -0.923393905163, -0.924109339714, -0.927596330643, -0.537135243416, -0.918891966343]
    min: [-0.985027432442, -0.996252119541, -0.987011015415, -0.95211482048, -0.863767564297, -0.95037561655]
    skew: [-3.31609511375, -0.395537912846, -1.77024316788, -0.150838851929, -4.37387657166, -2.15548586845]
    var: [0.0024361666292, 0.000414837122662, 0.000204499418032, 9.00954401004e-05, 0.00345284165815, 5.40734108654e-05]

SpecPeakAmp:
    dmean: [7.57419854835e-07, 8.30782994399e-07, 6.91266336617e-07, 7.05723380179e-07, 6.49271498787e-07]
    dmean2: [8.26488644634e-07, 1.34894480652e-06, 1.08777237529e-06, 1.10416124244e-06, 1.06750837858e-06]
    dvar: [3.78738967272e-12, 4.67489762179e-12, 3.97772613459e-12, 4.55210825631e-12, 3.49490922313e-12]
    dvar2: [2.22195265659e-12, 1.18120617454e-11, 1.0045833089e-11, 1.16539113429e-11, 9.31374682239e-12]
    kurt: [30.5739364624, 37.4654693604, 38.1461868286, 38.3533859253, 32.0086631775]
    max: [1.74847737071e-05, 1.12655679914e-05, 1.05199978861e-05, 1.12809120765e-05, 1.12499410534e-05]
    mean: [1.62220258062e-05, 9.45928036344e-07, 9.8360692391e-07, 9.23978120682e-07, 9.90797389022e-07]
    median: [1.67700745806e-05, 6.73117881433e-07, 7.54683583182e-07, 6.42978136511e-07, 6.53254687677e-07]
    min: [4.00467882855e-07, 1.55176508088e-07, 2.39712136363e-07, 2.46151756755e-07, 3.06246562332e-07]
    skew: [-5.4541516304, 6.18099164963, 6.25991916656, 6.286860466, 5.63282823563]
    var: [6.45439864749e-12, 2.49583296738e-12, 2.11358599893e-12, 2.48665974964e-12, 2.65948157593e-12]
