
metadata:
    version:
        essentia: "2.1-beta3"

Flux:
    dmean: 0.00396344531327
    dmean2: 0.00524230394512
    dvar: 0.000167765218066
    dvar2: 0.000329812872224
    kurt: 9.5862197876
    max: 0.0753180757165
    mean: 0.00504104048014
    median: 5.89178853261e-05
    min: 1.78385380423e-05
    skew: 3.29481601715
    var: 0.000272897130344

Rms:
    dmean: 0.00154634518549
    dmean2: 0.00115305138752
    dvar: 3.03334945784e-05
    dvar2: 1.36253711389e-05
    kurt: 20.8140983582
    max: 0.0542827025056
    mean: 0.0523350983858
    median: 0.0542337037623
    min: 0.0100183328614
    skew: -4.52970457077
    var: 5.64989750274e-05

RollOff:
    dmean: 6.85147380829
    dmean2: 6.51003837585
    dvar: 1491.62805176
    dvar2: 1283.95654297
    kurt: 39.0408973694
    max: 3079.24804688
    mean: 2806.49243164
    median: 2799.31640625
    min: 2799.31640625
    skew: 6.37138319016
    var: 1710.4597168

SpecCent:
    dmean: 5.38275146484
    dmean2: 6.6890668869
    dvar: 271.474761963
    dvar2: 234.855133057
    kurt: 38.200214386
    max: 2897.66479492
    mean: 2778.36523438
    median: 2776.15991211
    min: 2770.13916016
    skew: 6.26734256744
    var: 330.554748535

Zcr:
    dmean: 0.00446111522615
    dmean2: 0.00340661336668
    dvar: 0.000242694834014
    dvar2: 0.000162540396559
    kurt: 17.7471866608
    max: 0.126953125
    mean: 0.121256507933
    median: 0.12646484375
    min: 0.00439453125
    skew: -4.22976970673
    var: 0.000469949503895

HarmonicAmpFreq:
    dmean: [0.210604578257]
    dmean2: [0.215502366424]
    dvar: [1.9072343111]
    dvar2: [1.95053291321]
    kurt: [40.0525970459]
    max: [2797.74609375]
    mean: [2797.54174805]
    median: [2797.74609375]
    min: [2788.47949219]
    skew: [-6.48594903946]
    var: [1.86581754684]

HarmonicAmpMag:
    dmean: [1.94193626157e-06]
    dmean2: [1.98709744836e-06]
    dvar: [1.62157981487e-10]
    dvar2: [1.65839356137e-10]
    kurt: [40.0227241516]
    max: [8.54451936902e-05]
    mean: [1.89878210222e-06]
    median: [0]
    min: [0]
    skew: [6.48249387741]
    var: [1.58636423442e-10]

MfccCoeff:
    dmean: [11.8218688965, 0.408235907555, 2.86369872093, 1.18649435043, 0.742210149765, 0.925958573818, 0.299073040485, 1.02208781242, 0.449387103319, 0.929720282555, 0.826550543308, 0.630526006222, 1.07122087479]
    dmean2: [17.7049236298, 0.716911077499, 3.83824396133, 1.46861493587, 0.664050638676, 0.699502468109, 0.299266904593, 0.68908315897, 0.352178573608, 0.921181499958, 0.858079433441, 0.707921206951, 1.16132950783]
    dvar: [2840.01635742, 3.98185062408, 155.771957397, 33.4851531982, 8.85825634003, 16.5183124542, 0.916672766209, 16.7567005157, 2.09229016304, 12.5218296051, 10.2396059036, 4.66211891174, 18.426525116]
    dvar2: [7121.09716797, 9.8048915863, 325.836669922, 56.1313438416, 5.70215368271, 6.67801523209, 0.665240108967, 7.8432970047, 1.29432737827, 10.8969936371, 10.4202861786, 4.72877693176, 20.1730899811]
    kurt: [38.7953529358, 19.5086040497, 18.4625701904, 28.712015152, 31.6349906921, 31.815662384, 18.1079139709, 26.7634220123, 18.7891407013, 21.8978862762, 18.8241138458, 20.7036552429, 18.1425094604]
    max: [-861.407165527, 1.31625366211, -9.10502624512, 43.6292076111, 36.0640602112, -8.53049468994, -2.21374130249, 50.0982589722, -1.70234680176, -7.46455383301, 32.5889549255, 26.0557880402, -6.00358963013]
    mean: [-1097.91674805, -11.22772789, -45.0592918396, 32.0972366333, 28.9353752136, -44.4901771545, -7.90939617157, 47.0437812805, -13.8979644775, -39.2361183167, 31.3547668457, 23.511390686, -40.8467636108]
    median: [-1102.83605957, -11.6947212219, -44.7379417419, 32.3552131653, 29.3359107971, -45.4992179871, -7.89119720459, 48.2755050659, -14.4610290527, -40.3555984497, 32.557308197, 24.1575336456, -42.4447898865]
    min: [-1131.2166748, -12.7298469543, -84.08543396, 6.14012527466, 6.17082214355, -47.5489463806, -13.0140228271, 8.93128395081, -14.5094680786, -42.2862472534, 4.62572860718, 4.76260375977, -42.4578514099]
    skew: [6.32464838028, 4.56498146057, -0.583715677261, -4.56767129898, -5.3136177063, 5.65083646774, 0.689473092556, -5.20085716248, 4.3294467926, 4.77105951309, -4.41759061813, -4.6404299736, 4.34906196594]
    var: [1290.07287598, 5.55955410004, 64.3199462891, 18.1809673309, 13.1939506531, 32.8253135681, 1.3518153429, 40.5063171387, 4.9626660347, 32.1146774292, 24.8278827667, 11.6286468506, 43.362613678]

SpecContrastCoeff:
    dmean: [0.0454427115619, 0.0122697120532, 0.00930120889097, 0.0127930669114, 0.0221297554672, 0.0135423187166]
    dmean2: [0.0741827264428, 0.0198804289103, 0.0141013357788, 0.0205073598772, 0.026492562145, 0.0224677845836]
    dvar: [0.00119797582738, 0.000295908597764, 0.000152197855641, 0.000108185529825, 0.00246398616582, 0.00010332804959]
    dvar2: [0.00252283387817, 0.000433485780377, 0.000169202598045, 0.000185804674402, 0.00188545277342, 0.00020529361791]
    kurt: [-0.112756252289, 14.4278774261, 19.3242454529, 2.22230911255, 19.451166153, -0.0384421348572]
    max: [-0.812765240669, -0.892109274864, -0.903187334538, -0.902139484882, -0.36576077342, -0.901349008083]
    mean: [-0.908336102962, -0.982190787792, -0.981415748596, -0.947756886482, -0.402027726173, -0.936039805412]
    median: [-0.925622165203, -0.988005399704, -0.984377622604, -0.94716078043, -0.388948976994, -0.935727357864]
    min: [-0.995241343975, -0.994254648685, -0.992126226425, -0.960545480251, -0.82616353035, -0.947639524937]
    skew: [0.539822697639, 3.52378058434, 4.0297203064, 1.38495278358, -4.41641044617, 0.77578663826]
    var: [0.00145428930409, 0.000301730149658, 0.000194898326299, 0.000174211250851, 0.00598308397457, 0.00013185532589]

SpecPeakAmp:
    dmean: [1.4480997379e-05, 1.34937199618e-05, 1.33997527882e-05, 1.32243303597e-05, 1.18420257422e-05]
    dmean2: [1.9378543584e-05, 2.09534755413e-05, 2.08252859011e-05, 2.06139611691e-05, 1.91942253878e-05]
    dvar: [2.28260788049e-09, 2.31162000652e-09, 2.27379137741e-09, 2.23394414078e-09, 1.75550851633e-09]
    dvar2: [5.94500537687e-09, 5.95366644873e-09, 5.87177240163e-09, 5.79781334054e-09, 4.69839678274e-09]
    kurt: [37.5126342773, 39.2558898926, 39.2179069519, 39.0015296936, 31.6301879883]
    max: [0.000243028189288, 0.000242089881795, 0.000241531277425, 0.000243362112087, 0.000245628383709]
    mean: [2.17803863052e-05, 1.10777118607e-05, 1.11452836791e-05, 1.13593960123e-05, 1.28993660837e-05]
    median: [1.54209628818e-05, 6.93871425028e-06, 6.88544787408e-06, 6.80277207721e-06, 6.79268987369e-06]
    min: [9.21448008739e-06, 1.57332544859e-06, 2.24552559303e-06, 1.69634938629e-06, 1.93902747014e-06]
    skew: [6.18480443954, 6.39350748062, 6.38908433914, 6.36446285248, 5.62937927246]
    var: [1.14652809469e-09, 1.22384846701e-09, 1.217770218e-09, 1.23810095509e-09, 1.37855082905e-09]
