
metadata:
    version:
        essentia: "2.1-beta3"

Flux:
    dmean: 0.0355406440794
    dmean2: 0.0470568798482
    dvar: 0.0135967610404
    dvar2: 0.0261174738407
    kurt: 9.40625286102
    max: 0.693943858147
    mean: 0.0464083403349
    median: 0.000529575278051
    min: 5.91823481955e-05
    skew: 3.26804542542
    var: 0.0230032764375

Rms:
    dmean: 0.0141870947555
    dmean2: 0.0105987098068
    dvar: 0.00256569357589
    dvar2: 0.00115782453213
    kurt: 21.007358551
    max: 0.500130534172
    mean: 0.482279956341
    median: 0.499681055546
    min: 0.092341594398
    skew: -4.54851007462
    var: 0.00477122189477

RollOff:
    dmean: 6.85147380829
    dmean2: 6.51003837585
    dvar: 1491.62805176
    dvar2: 1283.95654297
    kurt: 39.0408973694
    max: 3079.24804688
    mean: 2806.49243164
    median: 2799.31640625
    min: 2799.31640625
    skew: 6.37138319016
    var: 1710.4597168

SpecCent:
    dmean: 5.3012638092
    dmean2: 6.51519918442
    dvar: 247.039321899
    dvar2: 214.1146698
    kurt: 38.0568313599
    max: 2892.46459961
    mean: 2778.24560547
    median: 2776.08251953
    min: 2770.12207031
    skew: 6.25024557114
    var: 303.530029297

Zcr:
    dmean: 0.00446111522615
    dmean2: 0.00340661336668
    dvar: 0.000242694834014
    dvar2: 0.000162540396559
    kurt: 17.7471866608
    max: 0.126953125
    mean: 0.121256507933
    median: 0.12646484375
    min: 0.00439453125
    skew: -4.22976970673
    var: 0.000469949503895

HarmonicAmpFreq:
    dmean: [0.21665816009]
    dmean2: [0.221696719527]
    dvar: [2.01845240593]
    dvar2: [2.06427621841]
    kurt: [40.0078849792]
    max: [2797.74462891]
    mean: [2797.53198242]
    median: [2797.74462891]
    min: [2788.21166992]
    skew: [-6.48077583313]
    var: [1.97461867332]

HarmonicAmpMag:
    dmean: [1.79061535164e-05]
    dmean2: [1.83225765795e-05]
    dvar: [1.37871047912e-08]
    dvar2: [1.41001068599e-08]
    kurt: [40.0227241516]
    max: [0.000787870783824]
    mean: [1.75082404894e-05]
    median: [0]
    min: [0]
    skew: [6.48249340057]
    var: [1.34876927405e-08]

MfccCoeff:
    dmean: [37.5692481995, 23.2697277069, 4.65960645676, 8.70217227936, 3.7050538063, 3.01697921753, 1.48542129993, 3.18768167496, 2.03504896164, 2.39451146126, 1.51544713974, 1.21599841118, 1.93050587177]
    dmean2: [58.5538368225, 39.7865028381, 7.27153539658, 13.581908226, 5.5462064743, 4.54569530487, 2.44558334351, 4.4168305397, 2.60786867142, 3.03604221344, 2.4749007225, 1.97396373749, 2.29877233505]
    dvar: [7508.88574219, 343.383514404, 16.641462326, 26.4617996216, 29.022485733, 47.3935775757, 1.55093765259, 29.0418071747, 5.63013935089, 26.6157951355, 14.2082071304, 7.66062021255, 27.1945018768]
    dvar2: [18050.125, 318.19128418, 8.87630081177, 40.9588775635, 42.4049911499, 68.9043273926, 2.52119231224, 37.8284606934, 2.8115530014, 23.7778987885, 27.0343265533, 17.3893795013, 29.434551239]
    kurt: [26.0542507172, -0.806329011917, 11.3313703537, -0.162520170212, 7.93806648254, 11.322426796, 15.7311706543, 12.6080541611, 19.9389457703, 17.2802734375, 11.5191240311, 12.5805463791, 16.0771770477]
    max: [-616.717651367, 52.9883728027, -67.9853057861, 67.857963562, 57.6830940247, -25.8691368103, -0.227550506592, 65.6016540527, 5.03120803833, -2.53943634033, 37.2167015076, 28.7373065948, -3.16862487793]
    mean: [-1013.54711914, -5.44385194778, -102.034851074, 55.3745079041, 49.7482032776, -64.5039520264, -9.73967266083, 57.9183959961, -16.5115318298, -44.1247901917, 34.8193702698, 25.7404994965, -43.0627326965]
    median: [-1016.60827637, 5.60917282104, -100.790817261, 52.6217803955, 50.0697517395, -66.6187133789, -9.8236541748, 59.0485916138, -16.5574645996, -45.3455886841, 35.9180259705, 26.47564888, -45.0130348206]
    min: [-1052.48901367, -32.0764694214, -109.969680786, 32.0193367004, 23.9641418457, -75.5293273926, -14.6402664185, 22.1328830719, -19.1558990479, -48.9460525513, 13.8918190002, 11.534318924, -46.3857688904]
    skew: [5.02329492569, 0.221282705665, 2.87853884697, -0.291551321745, -2.88095784187, 3.44787955284, 2.8089389801, -3.5940117836, 4.1926908493, 4.15655899048, -3.58233118057, -3.62259507179, 4.08101797104]
    var: [4416.32861328, 439.721954346, 47.7166786194, 61.0817832947, 43.9049415588, 72.8744812012, 3.23637223244, 57.5346069336, 14.6852684021, 60.896396637, 21.1151371002, 8.66488742828, 59.5220756531]

SpecContrastCoeff:
    dmean: [0.0136544555426, 0.00891712401062, 0.0112487021834, 0.0153995985165, 0.025734173134, 0.015517023392]
    dmean2: [0.022091852501, 0.0132065499201, 0.0169583112001, 0.0254136901349, 0.0254215523601, 0.0258860811591]
    dvar: [0.000282503082417, 0.000347972236341, 0.000212038386962, 0.000163073913427, 0.00403456483036, 0.000163082790095]
    dvar2: [0.000430392363342, 0.000362645543646, 0.000207951394259, 0.00025811206433, 0.00237578852102, 0.000360457255738]
    kurt: [8.50126361847, 31.2189178467, 23.3150939941, 2.18072223663, 20.9315109253, 1.29390573502]
    max: [-0.901195287704, -0.866738259792, -0.882110953331, -0.880609869957, -0.214981913567, -0.878582119942]
    mean: [-0.973396718502, -0.989036798477, -0.98105686903, -0.935841202736, -0.255146056414, -0.926156461239]
    median: [-0.981175124645, -0.993215143681, -0.984290122986, -0.935803592205, -0.237182363868, -0.927832663059]
    min: [-0.996722817421, -0.996681809425, -0.990806102753, -0.95128929615, -0.783629953861, -0.940326213837]
    skew: [2.48339676857, 5.48198413849, 4.48233366013, 1.42505085468, -4.52775669098, 1.18662953377]
    var: [0.000241016343352, 0.000381541700335, 0.000285292539047, 0.000265492708422, 0.00875081773847, 0.00019140697259]

SpecPeakAmp:
    dmean: [0.000133703986648, 0.000132527420647, 0.000131778491777, 0.00013087131083, 0.000118022464449]
    dmean2: [0.000203452131245, 0.000202451119549, 0.000201464441488, 0.000201012415346, 0.000188165155123]
    dvar: [2.10012203183e-07, 2.08945579061e-07, 2.05886991012e-07, 2.0284582547e-07, 1.60228609047e-07]
    dvar2: [5.37679397894e-07, 5.35194885742e-07, 5.28454279447e-07, 5.23489973148e-07, 4.24737834237e-07]
    kurt: [37.1083335876, 37.1201324463, 37.053150177, 36.8874092102, 30.3361549377]
    max: [0.00229145283811, 0.0022876271978, 0.00228347699158, 0.00230176886544, 0.00232028029859]
    mean: [0.000114790120278, 0.000105933060695, 0.00010659104737, 0.000108720145363, 0.000122813857161]
    median: [6.517698057e-05, 5.99125633016e-05, 6.03463668085e-05, 6.02652035013e-05, 6.09332382737e-05]
    min: [1.56949881784e-05, 1.29453510453e-05, 1.31420192702e-05, 1.35303125717e-05, 1.38765281008e-05]
    skew: [6.16657304764, 6.16802501678, 6.16038799286, 6.14021778107, 5.47450304031]
    var: [1.1155670876e-07, 1.1205642636e-07, 1.11656959234e-07, 1.13554506243e-07, 1.2523236137e-07]
