
metadata:
    version:
        essentia: "2.1-beta3"

Flux:
    dmean: 0.0187647938728
    dmean2: 0
    dvar: 0
    dvar2: 0
    kurt: -2
    max: 0.420464128256
    mean: 0.411081731319
    median: 0.411081731319
    min: 0.401699334383
    skew: 0
    var: 8.80293737282e-05

Rms:
    dmean: 0
    dmean2: 0
    dvar: 0
    dvar2: 0
    kurt: 0
    max: 0.144357264042
    mean: 0.144357264042
    median: 0.144357264042
    min: 0.144357264042
    skew: 0
    var: 0

RollOff:
    dmean: 882.861328125
    dmean2: 0
    dvar: 0
    dvar2: 0
    kurt: -2
    max: 2627.05078125
    mean: 2185.62011719
    median: 2185.62011719
    min: 1744.18945312
    skew: 0
    var: 194861.03125

SpecCent:
    dmean: 0.64208984375
    dmean2: 0
    dvar: 0
    dvar2: 0
    kurt: -2
    max: 2189.1940918
    mean: 2188.87304688
    median: 2188.87304688
    min: 2188.55200195
    skew: 0
    var: 0.103069841862

Zcr:
    dmean: 0
    dmean2: 0
    dvar: 0
    dvar2: 0
    kurt: 0
    max: 0.0166015625
    mean: 0.0166015625
    median: 0.0166015625
    min: 0.0166015625
    skew: 0
    var: 0

HarmonicAmpFreq:
    dmean: [0]
    dmean2: [0]
    dvar: [0]
    dvar2: [0]
    kurt: [nan]
    max: [2350.57763672]
    mean: [2350.57763672]
    median: [2350.57763672]
    min: [2350.57763672]
    skew: [nan]
    var: [0]

HarmonicAmpMag:
    dmean: [0]
    dmean2: [0]
    dvar: [0]
    dvar2: [0]
    kurt: [nan]
    max: [0]
    mean: [0]
    median: [0]
    min: [0]
    skew: [nan]
    var: [0]

MfccCoeff:
    dmean: [295.703918457, 90.5736083984, 44.0500793457, 80.0566635132, 19.6195793152, 10.2804088593, 10.1135368347, 12.6679878235, 4.82873916626, 1.56291770935, 0.560802459717, 5.56756210327, 0.0738544464111]
    dmean2: [0, 0, 0, 0, 0, 0, 0, 0, 0, 0, 0, 0, 0]
    dvar: [0, 0, 0, 0, 0, 0, 0, 0, 0, 0, 0, 0, 0]
    dvar2: [0, 0, 0, 0, 0, 0, 0, 0, 0, 0, 0, 0, 0]
    kurt: [-2, -2, -2, -1.99999988079, -2, -2, -2, -2, -2, -2, -2, -2, -1.99999988079]
    max: [-572.084228516, 177.05645752, -93.400894165, 0.235824584961, 26.9892692566, -1.49483680725, -14.2400856018, 12.7588920593, 5.00915145874, -5.65738105774, -1.50339508057, 6.13509750366, -1.87132263184]
    mean: [-719.936157227, 131.76965332, -115.425933838, -39.7925071716, 17.179479599, -6.63504123688, -19.2968540192, 6.42489814758, 2.59478187561, -6.43883991241, -1.78379631042, 3.35131645203, -1.90824985504]
    median: [-719.936157227, 131.76965332, -115.425933838, -39.7925071716, 17.179479599, -6.63504123688, -19.2968540192, 6.42489814758, 2.59478187561, -6.43883991241, -1.78379631042, 3.35131645203, -1.90824985504]
    min: [-867.788146973, 86.4828491211, -137.450973511, -79.8208389282, 7.36968994141, -11.7752456665, -24.3536224365, 0.0909042358398, 0.18041229248, -7.22029876709, -2.06419754028, 0.567535400391, -1.94517707825]
    skew: [-6.18797685092e-07, 0, 0, 0, 0, 0, 0, 0, 0, 0, 0, 0, 0]
    var: [21860.203125, 2050.89453125, 485.102386475, 1602.26733398, 96.2319717407, 26.4217014313, 25.5709075928, 40.1194801331, 5.82918071747, 0.610677957535, 0.0786248520017, 7.74943685532, 0.00136361981276]

SpecContrastCoeff:
    dmean: [0.113364636898, 0.0768959522247, 0.137479662895, 0.0717235803604, 0.178837776184, 0.0547060370445]
    dmean2: [0, 0, 0, 0, 0, 0]
    dvar: [0, 0, 0, 0, 0, 0]
    dvar2: [0, 0, 0, 0, 0, 0]
    kurt: [-1.99999988079, -2, -2, -2, -2, -2]
    max: [-0.834309220314, -0.799603164196, -0.845950305462, -0.834605872631, -0.517276763916, -0.845175206661]
    mean: [-0.890991568565, -0.838051140308, -0.914690136909, -0.870467662811, -0.606695652008, -0.872528195381]
    median: [-0.890991568565, -0.838051140308, -0.914690136909, -0.870467662811, -0.606695652008, -0.872528195381]
    min: [-0.947673857212, -0.876499116421, -0.983429968357, -0.906329452991, -0.6961145401, -0.899881243706]
    skew: [1.55815973812e-06, 0, 0, 0, 0, -3.24419761455e-06]
    var: [0.00321288499981, 0.00147824687883, 0.00472516426817, 0.0012860679999, 0.00799573771656, 0.000748187594581]

SpecPeakAmp:
    dmean: [0.0039386455901, 0.000642317580059, 0.000984815880656, 0.00158563721925, 0.00276623200625]
    dmean2: [0, 0, 0, 0, 0]
    dvar: [0, 0, 0, 0, 0]
    dvar2: [0, 0, 0, 0, 0]
    kurt: [-2, -1.99999988079, -2, -1.99999988079, -2]
    max: [0.00420822203159, 0.00450771255419, 0.00495803635567, 0.00580229796469, 0.00696841115132]
    mean: [0.00223889923654, 0.00418655388057, 0.00446562841535, 0.00500947935507, 0.00558529514819]
    median: [0.00223889923654, 0.00418655388057, 0.00446562841535, 0.00500947935507, 0.00558529514819]
    min: [0.000269576645223, 0.00386539497413, 0.00397322047502, 0.00421666074544, 0.00420217914507]
    skew: [1.74437900569e-07, -1.09974030238e-06, 0, 0, 0]
    var: [3.87823183701e-06, 1.03142966168e-07, 2.42465574729e-07, 6.2856133809e-07, 1.91300978258e-06]
