
metadata:
    version:
        essentia: "2.1-beta3"

Flux:
    dmean: 6.76470199323e-06
    dmean2: 1.01238674688e-05
    dvar: 5.82070558419e-10
    dvar2: 1.26956378743e-09
    kurt: 14.1140708923
    max: 0.000132237488288
    mean: 8.31416036817e-06
    median: 1.80672850547e-06
    min: 1.09998461539e-06
    skew: 3.86839652061
    var: 6.2071808804e-10

Rms:
    dmean: 2.61234549725e-06
    dmean2: 2.96863572657e-06
    dvar: 4.21876318601e-11
    dvar2: 2.79235731759e-11
    kurt: 19.3753986359
    max: 0.000109658030851
    mean: 0.000106250081444
    median: 0.000107918051071
    min: 6.33170784567e-05
    skew: -4.4449968338
    var: 6.27064927761e-11

RollOff:
    dmean: 0.500772178173
    dmean2: 0.5126953125
    dvar: 10.5324554443
    dvar2: 10.7771167755
    kurt: 39.023223877
    max: 215.33203125
    mean: 194.288223267
    median: 193.798828125
    min: 193.798828125
    skew: 6.40493679047
    var: 10.2986516953

SpecCent:
    dmean: 8.23253822327
    dmean2: 13.2175951004
    dvar: 25.7958297729
    dvar2: 41.5862541199
    kurt: 6.0767621994
    max: 628.264038086
    mean: 594.516052246
    median: 594.612609863
    min: 582.38873291
    skew: 1.48516201973
    var: 60.0692367554

Zcr:
    dmean: 0.000454215129139
    dmean2: 0.000709170359187
    dvar: 7.25184520434e-07
    dvar2: 6.83493226461e-07
    kurt: 15.7440681458
    max: 0.00830078125
    mean: 0.0079456679523
    median: 0.00830078125
    min: 0.00341796875
    skew: -4.03751659393
    var: 8.38405469494e-07

HarmonicAmpFreq:
    dmean: [0.0446461513638]
    dmean2: [0.0576858520508]
    dvar: [0.0139431450516]
    dvar2: [0.0155560672283]
    kurt: [19.3767566681]
    max: [179.224868774]
    mean: [178.625473022]
    median: [178.62020874]
    min: [178.177886963]
    skew: [1.91731667519]
    var: [0.0131142167374]

HarmonicAmpMag:
    dmean: [3.82170719604e-06]
    dmean2: [3.90366267311e-06]
    dvar: [3.06557085272e-10]
    dvar2: [3.02550345888e-10]
    kurt: [24.1010875702]
    max: [0.000145874670125]
    mean: [0.000142066724948]
    median: [0.000145777346916]
    min: [4.02066398237e-05]
    skew: [-4.96795368195]
    var: [3.10647702007e-10]

MfccCoeff:
    dmean: [0.152976810932, 0.210581228137, 0.193666681647, 0.166595458984, 0.130959093571, 0.0888494476676, 0.0427508689463, 0.00506520830095, 0.0511769130826, 0.0935688465834, 0.129879623652, 0.158251389861, 0.17737083137]
    dmean2: [0.156746998429, 0.215792700648, 0.198446363211, 0.170682638884, 0.134146183729, 0.0909867063165, 0.0437411367893, 0.00536600733176, 0.0526459105313, 0.0960644334555, 0.133241564035, 0.162271767855, 0.181834086776]
    dvar: [0.609954714775, 1.15600728989, 0.977902889252, 0.723796486855, 0.447465002537, 0.206122159958, 0.0477280393243, 0.00058261922095, 0.0677389577031, 0.227367401123, 0.438668578863, 0.651829600334, 0.819482147694]
    dvar2: [0.618492364883, 1.17218756676, 0.991523623466, 0.733786046505, 0.453535169363, 0.208813264966, 0.0482740700245, 0.000605707115028, 0.0688627138734, 0.230877786875, 0.445235192776, 0.661381602287, 0.831265687943]
    kurt: [32.5143661499, 32.5155525208, 32.5175666809, 32.5211677551, 32.5281181335, 32.5423126221, 32.5873718262, 31.690196991, 32.4364814758, 32.4721984863, 32.4866523743, 32.4962615967, 32.5043067932]
    max: [-1133.37744141, 6.9422416687, 6.38607788086, 5.4959602356, 4.32369995117, 2.9381942749, 1.4193611145, 0.00606536865234, -4.57763671875e-05, -0.00614166259766, -0.012035369873, -0.0174560546875, -0.022216796875]
    mean: [-1133.52819824, 6.7347278595, 6.19520282745, 5.33169031143, 4.19446706772, 2.85039162636, 1.37696039677, -0.141433894634, -1.61941111088, -2.97577285767, -4.13849592209, -5.04885721207, -5.66490125656]
    median: [-1133.37939453, 6.93961715698, 6.3836517334, 5.49383926392, 4.32199859619, 2.93696594238, 1.41860580444, -0.145942687988, -1.66889953613, -3.06653594971, -4.26459503174, -5.20261764526, -5.83734512329]
    min: [-1138.39782715, 0.0307731628418, 0.0289306640625, 0.0261726379395, 0.0221099853516, 0.017448425293, 0.0119667053223, -0.148048400879, -1.66983032227, -3.06776428223, -4.26628494263, -5.20463562012, -5.83957672119]
    skew: [-5.73776197433, -5.73788309097, -5.73807573318, -5.7384147644, -5.73907661438, -5.74043464661, -5.7447271347, 5.65859889984, 5.73034000397, 5.7337474823, 5.73512458801, 5.73604536057, 5.7368106842]
    var: [0.601687788963, 1.14033913612, 0.964725673199, 0.714151084423, 0.441622853279, 0.203549474478, 0.0472234152257, 0.00055913819233, 0.0666172802448, 0.223905473948, 0.432234168053, 0.64250677824, 0.808012366295]

SpecContrastCoeff:
    dmean: [0.018119553104, 0.0160764344037, 0.0140111539513, 0.0134314466268, 0.0104063628241, 0.0110037829727]
    dmean2: [0.01896719262, 0.025092817843, 0.0213301945478, 0.0201775319874, 0.0144092002884, 0.0158458743244]
    dvar: [0.00198035011999, 0.000228755699936, 0.00017653805844, 0.000339813530445, 0.000258133979514, 0.00015929901565]
    dvar2: [0.00156715512276, 0.000297717779176, 0.000180878094397, 0.000351778231561, 0.000239315355429, 0.000163941818755]
    kurt: [14.9705753326, 5.37653923035, 8.36303424835, 16.613904953, 13.0302410126, 9.91016292572]
    max: [-0.567423939705, -0.825574994087, -0.881804943085, -0.810605823994, -0.824374318123, -0.847204625607]
    mean: [-0.600627541542, -0.862302780151, -0.904366135597, -0.83208578825, -0.843488931656, -0.863708257675]
    median: [-0.588961839676, -0.860974311829, -0.902351379395, -0.828929781914, -0.841468632221, -0.860966205597]
    min: [-0.858311772346, -0.933766901493, -0.974396407604, -0.946679890156, -0.929889261723, -0.926683783531]
    skew: [-3.99030256271, -1.73437178135, -2.63914370537, -3.78506278992, -3.59288859367, -2.98653578758]
    var: [0.0029590963386, 0.000335795310093, 0.000297410500934, 0.00045869362657, 0.00036941721919, 0.000229348413995]

SpecPeakAmp:
    dmean: [3.95893579253e-07, 3.25766704918e-05, 3.38320023729e-05, 1.37489081453e-07, 2.81098976984e-07]
    dmean2: [5.51476944111e-07, 6.44384053885e-05, 6.57866694382e-05, 1.94620199068e-07, 4.89074636789e-07]
    dvar: [7.36723724561e-13, 3.44829786947e-09, 3.73882835802e-09, 9.11869185846e-14, 2.89679711425e-13]
    dvar2: [8.9647256632e-13, 1.02462509588e-08, 1.11826983229e-08, 8.76903733546e-14, 8.15631524993e-13]
    kurt: [17.5925273895, 0.920674085617, 0.14711356163, 31.979839325, 11.3065605164]
    max: [2.05270644074e-05, 0.000145857513417, 0.000145874670125, 2.29033935284e-06, 2.56775342677e-06]
    mean: [1.67491707543e-05, 2.67448649538e-05, 0.000116086303024, 3.49214502648e-07, 3.73588875391e-07]
    median: [1.67583111761e-05, 7.41391829706e-07, 0.000145761077874, 3.05925681232e-07, 2.53850942045e-07]
    min: [1.24369425976e-05, 6.64177832732e-07, 1.28603275584e-07, 7.33312859325e-08, 1.08274164745e-07]
    skew: [-0.866113185883, 1.67741835117, -1.46508598328, 5.55533075333, 3.51731038094]
    var: [7.78829637501e-13, 2.88699841811e-09, 3.41613315413e-09, 9.611223899e-14, 2.28960513743e-13]
