
metadata:
    version:
        essentia: "2.1-beta3"

Flux:
    dmean: 0.00017910511815
    dmean2: 0.000228359378525
    dvar: 3.35195977641e-07
    dvar2: 6.48238312806e-07
    kurt: 9.95517730713
    max: 0.00343451602384
    mean: 0.000234327264479
    median: 1.30981097755e-05
    min: 7.44759881854e-06
    skew: 3.3380010128
    var: 5.44608667497e-07

Rms:
    dmean: 8.446333959e-05
    dmean2: 7.9971672676e-05
    dvar: 5.1545487878e-08
    dvar2: 2.04538181947e-08
    kurt: 19.8969249725
    max: 0.00244337203912
    mean: 0.00234053400345
    median: 0.00241906731389
    min: 0.000548876647372
    skew: -4.43211174011
    var: 1.03811501617e-07

RollOff:
    dmean: 4.40451860428
    dmean2: 4.00617742538
    dvar: 665.58026123
    dvar2: 523.111938477
    kurt: 38.9779701233
    max: 387.59765625
    mean: 198.583984375
    median: 193.798828125
    min: 193.798828125
    skew: 6.36702013016
    var: 822.028137207

SpecCent:
    dmean: 14.3977775574
    dmean2: 14.7741441727
    dvar: 3727.91259766
    dvar2: 2279.21459961
    kurt: 37.0932846069
    max: 682.237976074
    mean: 196.592346191
    median: 184.012756348
    min: 180.466491699
    skew: 6.17050075531
    var: 5554.77441406

Zcr:
    dmean: 0.000588156981394
    dmean2: 0.000840297958348
    dvar: 9.4911774795e-07
    dvar2: 5.91340040046e-07
    kurt: 17.1116085052
    max: 0.00830078125
    mean: 0.00780164916068
    median: 0.00830078125
    min: 0.00048828125
    skew: -4.09824228287
    var: 1.8701434783e-06

HarmonicAmpFreq:
    dmean: [0.0640064552426]
    dmean2: [0.0640375912189]
    dvar: [0.033036198467]
    dvar2: [0.0212973263115]
    kurt: [14.780248642]
    max: [179.726531982]
    mean: [178.679229736]
    median: [178.624450684]
    min: [178.603408813]
    skew: [4.01360321045]
    var: [0.0533267781138]

HarmonicAmpMag:
    dmean: [0.00013111231965]
    dmean2: [0.000103932412458]
    dvar: [2.39138159941e-07]
    dvar2: [1.63616576287e-07]
    kurt: [15.988117218]
    max: [0.0033148387447]
    mean: [0.00315664079972]
    median: [0.0033129604999]
    min: [0]
    skew: [-4.1054391861]
    var: [3.8434649241e-07]

MfccCoeff:
    dmean: [2.07435202599, 2.68906950951, 2.05326700211, 1.26558446884, 0.580824792385, 0.306776732206, 0.155401408672, 0.129558384418, 0.264665424824, 0.423387885094, 0.561520516872, 0.670741140842, 0.744186460972]
    dmean2: [2.91456770897, 3.7569360733, 2.81151914597, 1.65081012249, 0.662415623665, 0.234271734953, 0.192160665989, 0.150560066104, 0.196195021272, 0.281404882669, 0.364446103573, 0.425614655018, 0.458834886551]
    dvar: [93.9016342163, 158.714187622, 94.6680984497, 38.4670906067, 10.2201385498, 1.90432667732, 0.418982863426, 0.275850117207, 1.05673706532, 2.7086186409, 4.80550432205, 6.80550432205, 8.27196979523]
    dvar2: [207.931732178, 347.187103271, 197.933868408, 71.4696273804, 13.4427814484, 0.889244437218, 0.544628858566, 0.388615012169, 0.519040942192, 1.30424761772, 2.34363293648, 3.49219417572, 4.80353879929]
    kurt: [22.7169246674, 21.6929531097, 19.6052818298, 22.9457702637, 37.6731910706, 32.8960380554, 16.630569458, 15.4620761871, 25.6276569366, 25.2875843048, 25.2201099396, 24.5943908691, 23.28632164]
    max: [-1082.18908691, 73.7141494751, 58.4600563049, 39.0910835266, 21.3158874512, 13.4674072266, 6.81737136841, 0.198806762695, -4.57763671875e-05, -2.28881835938e-05, -2.67028808594e-05, -3.0517578125e-05, -3.81469726562e-05]
    mean: [-1115.9362793, 30.8283901215, 28.0243434906, 23.6561069489, 18.0936107635, 11.7320966721, 4.94790363312, -1.90315485001, -8.47063159943, -14.4030857086, -19.3677158356, -23.0877571106, -25.3780403137]
    median: [-1116.22045898, 30.517375946, 27.9385414124, 23.8182411194, 18.4098052979, 12.0448760986, 5.10982131958, -1.97843933105, -8.8006439209, -14.9620056152, -20.1173763275, -23.9925689697, -26.4006309509]
    min: [-1138.42004395, 1.14440917969e-05, -6.103515625e-05, 8.01086425781e-05, -6.103515625e-05, 2.28881835938e-05, -2.67028808594e-05, -2.74569702148, -8.80101013184, -14.9625396729, -20.1180324554, -23.9932556152, -26.4013328552]
    skew: [2.71339058876, 2.25096559525, 0.585042178631, -2.8282687664, -6.17255115509, -5.72282361984, -3.9588470459, 3.87451648712, 4.99928236008, 4.98990011215, 4.99111604691, 4.93405342102, 4.81284379959]
    var: [36.6278610229, 62.1049041748, 38.0775909424, 17.799829483, 7.65641975403, 3.43417429924, 0.953011572361, 0.199734479189, 2.02008962631, 5.90582227707, 10.7088527679, 15.4354124069, 19.2450466156]

SpecContrastCoeff:
    dmean: [0.0304175186902, 0.0174946207553, 0.0206711068749, 0.0183075722307, 0.00794079806656, 0.0073738261126]
    dmean2: [0.0374015942216, 0.0337874740362, 0.0375330485404, 0.0319697856903, 0.0126507421955, 0.0129618952051]
    dvar: [0.00415454059839, 0.000279951462289, 0.000230383273447, 0.000165115590789, 4.92075232614e-05, 7.08498046151e-05]
    dvar2: [0.0035952704493, 0.000636051583569, 0.00070442998549, 0.000521498732269, 0.000110578985186, 0.000183145253686]
    kurt: [14.8979911804, 3.78976345062, -0.134350061417, -0.229328870773, 4.74124336243, 9.29773521423]
    max: [-0.384065896273, -0.874098598957, -0.90995579958, -0.903329670429, -0.912235796452, -0.901058256626]
    mean: [-0.438172399998, -0.951150357723, -0.945654571056, -0.93364071846, -0.929282546043, -0.919508218765]
    median: [-0.412314236164, -0.960594713688, -0.951657772064, -0.935311377048, -0.92811858654, -0.919007956982]
    min: [-0.983730614185, -0.967657446861, -0.969199776649, -0.965018153191, -0.961564481258, -0.962802886963]
    skew: [-3.88755655289, 1.99365484715, 0.989392697811, 0.152467906475, -1.39991891384, -2.25833582878]
    var: [0.0114300847054, 0.000417384289904, 0.000240249428316, 0.000189456171938, 6.13919764874e-05, 8.70326257427e-05]

SpecPeakAmp:
    dmean: [9.46569780353e-05, 0.00118353415746, 0.0010560444789, 2.37968765759e-06, 2.09235054172e-06]
    dmean2: [0.000143800250953, 0.00236179539934, 0.002158296993, 3.78150525648e-06, 3.32538343173e-06]
    dvar: [1.74977685674e-07, 2.45454202741e-06, 2.37176686824e-06, 2.21598243227e-11, 1.87233718113e-11]
    dvar2: [4.49321390761e-07, 2.17759702537e-06, 2.47546245191e-06, 5.01310069845e-11, 4.45521501635e-11]
    kurt: [40.0054244995, -1.71117937565, -1.3341114521, 21.0738773346, 27.7289161682]
    max: [0.00202193460427, 0.0033148387447, 0.00331466295756, 2.42754122155e-05, 2.27876280405e-05]
    mean: [6.141555059e-05, 0.00208235066384, 0.00103420962114, 3.36640096066e-06, 3.06156380248e-06]
    median: [1.6615676941e-05, 0.0033122766763, 3.44990917256e-06, 2.8774159091e-06, 2.74634817288e-06]
    min: [6.44561214358e-06, 1.13454257189e-06, 6.59593695218e-07, 4.68930693387e-07, 3.67518453004e-07]
    skew: [6.48044633865, -0.521953761578, 0.815973222256, 4.54082632065, 5.14748430252]
    var: [8.73729320006e-08, 2.50531024903e-06, 2.34686694967e-06, 1.38960214863e-11, 1.05408312287e-11]
