
metadata:
    version:
        essentia: "2.1-beta3"

Flux:
    dmean: 0.00406679371372
    dmean2: 0.00522019574419
    dvar: 0.000167678561411
    dvar2: 0.00032414260204
    kurt: 9.93340587616
    max: 0.0769234895706
    mean: 0.00518710725009
    median: 0.000248004711466
    min: 1.60868166859e-05
    skew: 3.33519291878
    var: 0.00027392336051

Rms:
    dmean: 0.001891649561
    dmean2: 0.00178716750816
    dvar: 2.58319796558e-05
    dvar2: 1.03110605778e-05
    kurt: 19.8817157745
    max: 0.0546778552234
    mean: 0.0523902475834
    median: 0.0541542768478
    min: 0.0123102031648
    skew: -4.43087816238
    var: 5.19765708304e-05

RollOff:
    dmean: 4.40451860428
    dmean2: 4.00617742538
    dvar: 665.58026123
    dvar2: 523.111938477
    kurt: 38.9779701233
    max: 387.59765625
    mean: 198.583984375
    median: 193.798828125
    min: 193.798828125
    skew: 6.36702013016
    var: 822.028137207

SpecCent:
    dmean: 15.4875679016
    dmean2: 15.5514354706
    dvar: 4391.63330078
    dvar2: 2630.94189453
    kurt: 36.9151268005
    max: 723.960876465
    mean: 194.105987549
    median: 180.165298462
    min: 175.770202637
    skew: 6.15268754959
    var: 6627.27978516

Zcr:
    dmean: 0.00056596234208
    dmean2: 0.000783521099947
    dvar: 9.53058417963e-07
    dvar2: 6.22544632733e-07
    kurt: 18.459821701
    max: 0.00830078125
    mean: 0.00780164916068
    median: 0.00830078125
    min: 0
    skew: -4.23130702972
    var: 2.02908904612e-06

HarmonicAmpFreq:
    dmean: [0.0620307922363]
    dmean2: [0.0639818757772]
    dvar: [0.0294493492693]
    dvar2: [0.0221168231219]
    kurt: [12.316652298]
    max: [179.690536499]
    mean: [178.682037354]
    median: [178.622436523]
    min: [178.604751587]
    skew: [3.70903778076]
    var: [0.0539545230567]

HarmonicAmpMag:
    dmean: [0.0029347485397]
    dmean2: [0.00232599838637]
    dvar: [0.000119832606288]
    dvar2: [8.20083805593e-05]
    kurt: [15.9904193878]
    max: [0.0741959661245]
    mean: [0.0706591010094]
    median: [0.0741599649191]
    min: [0]
    skew: [-4.10567808151]
    var: [0.000192556515685]

MfccCoeff:
    dmean: [16.8446655273, 9.27329921722, 2.83388161659, 3.343968153, 6.43548583984, 8.10424804688, 8.07811355591, 6.74762535095, 5.21408653259, 3.48131394386, 2.06277298927, 1.59626567364, 2.22931170464]
    dmean2: [25.3190631866, 13.5036306381, 3.86451053619, 5.5265545845, 11.2557697296, 13.810131073, 14.0964269638, 12.0953464508, 9.13289165497, 5.79542064667, 2.89658164978, 1.89425516129, 2.82248926163]
    dvar: [3263.50073242, 414.448608398, 22.0522022247, 14.2201108932, 18.5479850769, 14.5169763565, 15.549284935, 14.0299987793, 6.33734607697, 5.42087459564, 10.2847337723, 18.1626605988, 23.1771621704]
    dvar2: [8115.56396484, 889.051513672, 22.5163555145, 18.3033275604, 37.6400184631, 48.9374313354, 52.506362915, 42.2370567322, 19.8737869263, 11.7454786301, 12.7763957977, 18.0953388214, 18.5448493958]
    kurt: [36.6440811157, 14.2516403198, 10.8406877518, 15.1673698425, 6.59808254242, 0.657096147537, -1.15861749649, -1.45317196846, -1.3266518116, 8.20112037659, 16.7915058136, 16.4151058197, 15.2423725128]
    max: [-820.377258301, 152.618164062, 93.5961303711, 67.3700714111, 49.974445343, 34.2184448242, 20.8320045471, 7.11053657532, -4.20413208008, -4.03855895996, -2.64284896851, -0.797355651855, 0.807304382324]
    mean: [-1078.33007812, 75.7338180542, 65.7866897583, 54.5786514282, 40.9779968262, 26.9612960815, 13.1359548569, 0.391856044531, -11.0428094864, -20.8161773682, -28.8876934052, -35.0753746033, -39.3025474548]
    median: [-1083.78466797, 74.714515686, 66.657623291, 56.2280731201, 42.532749176, 27.7373046875, 12.6712684631, -0.800186157227, -11.9105911255, -21.9601211548, -30.0539913177, -36.6895256042, -41.623210907]
    min: [-1113.11230469, 34.1320915222, 29.4666175842, 22.652469635, 14.8947296143, 7.47278594971, 1.46118545532, -4.9543762207, -17.3848419189, -27.3409957886, -33.6787033081, -37.3074913025, -42.2403526306]
    skew: [6.09142971039, 2.99811863899, -1.54643440247, -3.49842262268, -2.31243443489, -0.851480901241, -0.0606506243348, 0.339710354805, 0.239556193352, 2.47469758987, 4.08461093903, 4.12686920166, 3.96739292145]
    var: [1575.92199707, 234.775482178, 66.8925247192, 38.6342773438, 45.2435073853, 39.5499458313, 32.1135444641, 19.8936004639, 12.3034582138, 14.1789207458, 25.1478614807, 43.8198471069, 61.9183197021]

SpecContrastCoeff:
    dmean: [0.0441972017288, 0.0112101854756, 0.00865319371223, 0.00859614647925, 0.0104129947722, 0.0148127796128]
    dmean2: [0.0554389059544, 0.0222298111767, 0.0167879816145, 0.0153417335823, 0.0196460131556, 0.0287596676499]
    dvar: [0.00695398636162, 0.000421456905315, 9.13798503461e-05, 0.000162127209478, 0.000172893342096, 0.000178787857294]
    dvar2: [0.00487454701215, 0.000893945456482, 0.000232202437473, 0.000431714375736, 0.000455227622297, 0.00040697917575]
    kurt: [17.2995624542, 7.34405231476, 5.63021373749, 8.16720104218, 2.07347106934, 0.261743307114]
    max: [-0.17031930387, -0.84081530571, -0.91904103756, -0.904618382454, -0.917333841324, -0.922181010246]
    mean: [-0.247753456235, -0.945192456245, -0.959477484226, -0.960573852062, -0.956676661968, -0.952868044376]
    median: [-0.219895675778, -0.956426918507, -0.964628458023, -0.966009318829, -0.962963700294, -0.960211873055]
    min: [-0.978268027306, -0.957011520863, -0.965056478977, -0.96690005064, -0.963645875454, -0.962985277176]
    skew: [-4.12654399872, 2.92573308945, 2.26281070709, 2.75058364868, 1.79644334316, 1.29307436943]
    var: [0.0186058115214, 0.000737667607609, 8.87661153683e-05, 0.000148537088535, 0.000142652250361, 0.000153809654876]

SpecPeakAmp:
    dmean: [0.00211184076034, 0.00293416250497, 6.50446818327e-05, 3.76740172214e-05, 3.27321031364e-05]
    dmean2: [0.00324097694829, 0.00468413718045, 9.58554446697e-05, 5.48864190932e-05, 4.90362435812e-05]
    dvar: [8.82513777469e-05, 0.000177414171048, 2.12438262537e-08, 1.21235155248e-08, 8.57261461817e-09]
    dvar2: [0.000226846372243, 0.000289867079118, 3.49951783107e-08, 2.78399028275e-08, 2.06351913334e-08]
    kurt: [39.9992523193, 11.1448888779, 21.0860519409, 21.989402771, 28.0125675201]
    max: [0.04526501894, 0.0741959661245, 0.000826939532999, 0.000523570692167, 0.000456879410194]
    mean: [0.00109742465429, 0.0696661025286, 8.21695357445e-05, 4.16051334469e-05, 3.38436366292e-05]
    median: [8.35501195979e-05, 0.0741599649191, 6.02458785579e-05, 2.47026182478e-05, 2.18637505895e-05]
    min: [1.75067416421e-05, 2.5765344617e-05, 1.50550331455e-05, 8.17277032183e-06, 5.79067636863e-06]
    skew: [6.47973918915, -3.59051084518, 4.65613985062, 4.7686920166, 5.29003810883]
    var: [4.43479402747e-05, 0.000286374764983, 1.79989161353e-08, 7.35072624991e-09, 4.85458517829e-09]
