
metadata:
    version:
        essentia: "2.1-beta3"

Flux:
    dmean: 0.000124649523059
    dmean2: 0.000165651363204
    dvar: 1.66870307794e-07
    dvar2: 3.29362393359e-07
    kurt: 9.55433082581
    max: 0.00237221899442
    mean: 0.000163317716215
    median: 6.45421278023e-06
    min: 3.34359538101e-06
    skew: 3.29134917259
    var: 2.70581296036e-07

Rms:
    dmean: 5.51651683054e-05
    dmean2: 4.56038251286e-05
    dvar: 3.03684259961e-08
    dvar2: 1.37055167215e-08
    kurt: 20.9817371368
    max: 0.00172205257695
    mean: 0.00165264157113
    median: 0.00171136495192
    min: 0.000306292815367
    skew: -4.54636907578
    var: 5.69470799405e-08

RollOff:
    dmean: 2.93634581566
    dmean2: 2.50386071205
    dvar: 181.064682007
    dvar2: 112.346214294
    kurt: 33.9859580994
    max: 452.197265625
    mean: 347.880859375
    median: 344.53125
    min: 344.53125
    skew: 5.83562517166
    var: 266.987426758

SpecCent:
    dmean: 3.38460683823
    dmean2: 4.65769290924
    dvar: 13.373052597
    dvar2: 14.3856315613
    kurt: 17.6406059265
    max: 363.880554199
    mean: 340.882904053
    median: 340.164093018
    min: 336.929504395
    skew: 3.60320210457
    var: 17.4276733398

Zcr:
    dmean: 0.000699129945133
    dmean2: 0.000772165716626
    dvar: 2.97370570479e-06
    dvar2: 1.68814449353e-06
    kurt: 17.0930347443
    max: 0.015625
    mean: 0.0147460941225
    median: 0.01513671875
    min: 0.00146484375
    skew: -4.14026641846
    var: 6.19464299234e-06

HarmonicAmpFreq:
    dmean: [0.514728188515]
    dmean2: [1.02579796314]
    dvar: [0.233617410064]
    dvar2: [0.433801263571]
    kurt: [-1.80770611763]
    max: [340.408691406]
    mean: [339.81930542]
    median: [339.398529053]
    min: [338.975738525]
    skew: [0.233007654548]
    var: [0.252579838037]

HarmonicAmpMag:
    dmean: [0.00123863003682]
    dmean2: [0.0024615379516]
    dvar: [1.32384434437e-06]
    dvar2: [2.40206986746e-06]
    kurt: [-1.90397906303]
    max: [0.00238189729862]
    mean: [0.00104958890006]
    median: [0]
    min: [0]
    skew: [0.241885945201]
    var: [1.33994637963e-06]

MfccCoeff:
    dmean: [1.65261280537, 2.17019081116, 1.71057701111, 1.06940531731, 0.430965781212, 0.471455663443, 0.755361974239, 0.898971378803, 0.883111894131, 0.718837916851, 0.447649210691, 0.121010869741, 0.210911497474]
    dmean2: [2.1777741909, 2.86765551567, 2.28617358208, 1.48290133476, 0.692656040192, 0.334931492805, 0.668900847435, 0.810668766499, 0.767239034176, 0.583439290524, 0.328633368015, 0.119476318359, 0.169303894043]
    dvar: [54.3784942627, 93.6056213379, 57.7783699036, 22.3511180878, 3.69203424454, 3.33409404755, 11.415722847, 16.7786426544, 15.1018466949, 8.96454906464, 3.03368902206, 0.204026594758, 0.752593278885]
    dvar2: [107.413009644, 186.146469116, 118.086860657, 49.5427970886, 9.86844348907, 1.57163202763, 7.73196458817, 12.0355377197, 9.7552728653, 4.86080646515, 1.44253563881, 0.196315616369, 0.374986082315]
    kurt: [18.2094287872, 18.0998020172, 17.9998207092, 22.1564502716, 32.7727279663, 26.2944316864, 32.6366653442, 32.9044837952, 31.8016319275, 29.6330718994, 26.0613498688, 16.0831851959, 31.1566429138]
    max: [-1093.29284668, 59.0557632446, 45.8774757385, 27.3052558899, 7.40924072266, 2.28881835938e-05, -2.67028808594e-05, -5.34057617188e-05, -4.57763671875e-05, -2.28881835938e-05, -2.67028808594e-05, -3.0517578125e-05, 7.60636138916]
    mean: [-1114.30297852, 31.1409320831, 22.8047084808, 10.6707811356, -2.99934077263, -15.7076921463, -25.2131404877, -29.9549160004, -29.3257408142, -23.7415962219, -14.5048151016, -3.49972391129, 7.20689439774]
    median: [-1114.08068848, 31.4100151062, 22.9425048828, 10.6026649475, -3.32440185547, -16.3034591675, -26.0440292358, -30.9320602417, -30.3158817291, -24.5895614624, -15.0659542084, -3.67374420166, 7.44988250732]
    min: [-1138.42004395, 1.14440917969e-05, -6.103515625e-05, 8.01086425781e-05, -3.39712524414, -16.4297561646, -26.190864563, -31.060585022, -30.391626358, -24.5915145874, -15.0669002533, -3.67572021484, -3.81469726562e-05]
    skew: [-0.965820550919, -0.777786135674, 0.0358960404992, 2.81149458885, 5.74561405182, 5.07852554321, 5.70237874985, 5.73324155807, 5.61719942093, 5.39507341385, 5.04316425323, 4.08784008026, -5.55380916595]
    var: [23.6703853607, 40.4319267273, 24.2403354645, 8.89776611328, 2.70957922935, 6.8722615242, 15.9045209885, 22.3666496277, 21.7840919495, 14.7675294876, 5.87467670441, 0.457501977682, 1.32893919945]

SpecContrastCoeff:
    dmean: [0.0283804051578, 0.0296792499721, 0.012771487236, 0.0149233732373, 0.00653519947082, 0.00538071990013]
    dmean2: [0.0414699688554, 0.0294698998332, 0.0199286919087, 0.0245288740844, 0.0103857917711, 0.00838517490774]
    dvar: [0.000523047638126, 0.0031996211037, 0.000122532583191, 0.000102142897958, 3.78341137548e-05, 1.71911615325e-05]
    dvar2: [0.00101419351995, 0.00176152016502, 0.000311458279612, 0.000317170255585, 7.44367280276e-05, 3.22098603647e-05]
    kurt: [4.89742851257, 19.5397338867, 3.62557506561, 1.05559301376, 2.39083623886, 5.33124732971]
    max: [-0.765937268734, -0.394347220659, -0.895026028156, -0.899876356125, -0.906471550465, -0.907144904137]
    mean: [-0.85205835104, -0.446369975805, -0.949287414551, -0.936822235584, -0.928475499153, -0.928105175495]
    median: [-0.858449161053, -0.427780479193, -0.953304827213, -0.936775863171, -0.927256047726, -0.927920639515]
    min: [-0.991246461868, -0.960223853588, -0.967022538185, -0.957663714886, -0.953618466854, -0.961630642414]
    skew: [-0.991444826126, -4.37158203125, 1.66400563717, 0.862031042576, -0.949276268482, -1.42489492893]
    var: [0.00116185762454, 0.00861631985754, 0.000187875994015, 0.000149865416461, 7.07340295776e-05, 7.81596972956e-05]

SpecPeakAmp:
    dmean: [5.59584441362e-06, 6.32657247479e-05, 1.49413381223e-06, 0.000200641763513, 0.00119102199096]
    dmean2: [7.96315180196e-06, 9.69750326476e-05, 1.95657275981e-06, 0.000370786845451, 0.00243651773781]
    dvar: [4.65870841904e-10, 8.23625043722e-08, 1.37742491024e-11, 4.06742429959e-07, 1.41355633332e-06]
    dvar2: [1.19145027178e-09, 2.11527989791e-07, 2.15797588132e-11, 1.15834393455e-06, 2.49625418292e-06]
    kurt: [39.2537994385, 40.0210723877, 23.7274684906, 16.0736255646, -1.74578762054]
    max: [0.000110816443339, 0.00137919443659, 2.28880217037e-05, 0.00238117831759, 0.00238189729862]
    mean: [1.0530146028e-05, 3.20967519656e-05, 2.19495700549e-06, 0.000120895645523, 0.000901089922991]
    median: [8.37345760374e-06, 1.45613012137e-06, 1.57583599503e-06, 1.57602255513e-06, 1.85835199318e-06]
    min: [3.11970188704e-06, 2.51337269219e-07, 1.09975587748e-07, 6.53378151583e-08, 4.38789022894e-08]
    skew: [6.39042711258, 6.48229837418, 4.87886714935, 4.1988325119, 0.504155337811]
    var: [2.30651803212e-10, 4.12433429631e-08, 1.27704114644e-11, 2.4252960884e-07, 1.33022399496e-06]
