
metadata:
    version:
        essentia: "2.1-beta3"

Flux:
    dmean: 0.0365061573684
    dmean2: 0.046925354749
    dvar: 0.0135425785556
    dvar2: 0.0255109295249
    kurt: 9.75503826141
    max: 0.708377361298
    mean: 0.0477053895593
    median: 0.0021845579613
    min: 0.000137054637889
    skew: 3.30810189247
    var: 0.0230594873428

Rms:
    dmean: 0.0174035020173
    dmean2: 0.01645440422
    dvar: 0.0021952483803
    dvar2: 0.000887054891791
    kurt: 20.0992603302
    max: 0.503765940666
    mean: 0.482771188021
    median: 0.498900473118
    min: 0.11270249635
    skew: -4.45236110687
    var: 0.00440214714035

RollOff:
    dmean: 4.89390993118
    dmean2: 4.50694942474
    dvar: 840.178466797
    dvar2: 680.597351074
    kurt: 39.173374176
    max: 409.130859375
    mean: 199.0625
    median: 193.798828125
    min: 193.798828125
    skew: 6.38802194595
    var: 1012.99511719

SpecCent:
    dmean: 16.3434009552
    dmean2: 16.2163543701
    dvar: 5051.82519531
    dvar2: 3007.76806641
    kurt: 36.8695526123
    max: 764.005126953
    mean: 195.251495361
    median: 180.049636841
    min: 176.823425293
    skew: 6.1483335495
    var: 7640.58251953

Zcr:
    dmean: 0.000588156981394
    dmean2: 0.000840297958348
    dvar: 9.4911774795e-07
    dvar2: 5.91340040046e-07
    kurt: 17.1116085052
    max: 0.00830078125
    mean: 0.00780164916068
    median: 0.00830078125
    min: 0.00048828125
    skew: -4.09824228287
    var: 1.8701434783e-06

HarmonicAmpFreq:
    dmean: [0.0646549537778]
    dmean2: [0.0804035291076]
    dvar: [0.0382591634989]
    dvar2: [0.0380593016744]
    kurt: [11.1727113724]
    max: [179.778060913]
    mean: [178.688903809]
    median: [178.622497559]
    min: [178.604858398]
    skew: [3.58059954643]
    var: [0.0650227144361]

HarmonicAmpMag:
    dmean: [0.0267738699913]
    dmean2: [0.0211674775928]
    dvar: [0.009944986552]
    dvar2: [0.00674767466262]
    kurt: [16.1989154816]
    max: [0.683593213558]
    mean: [0.651277184486]
    median: [0.683263242245]
    min: [0]
    skew: [-4.12256574631]
    var: [0.0161128286272]

MfccCoeff:
    dmean: [66.6734695435, 11.5317020416, 33.4547462463, 14.4122562408, 9.36136627197, 6.81229734421, 4.82794380188, 4.80731773376, 3.60690784454, 3.65135645866, 2.51752448082, 2.90479183197, 2.76729416847]
    dmean2: [109.345375061, 20.8879032135, 59.4729042053, 25.911907196, 17.1982135773, 11.424498558, 8.36779594421, 8.99536705017, 6.29688119888, 6.58971834183, 4.09785318375, 4.33298826218, 3.50752782822]
    dvar: [6758.44335938, 90.8712081909, 354.092498779, 118.360420227, 33.0946807861, 12.99792099, 9.93432998657, 9.38162899017, 3.85018515587, 7.4710021019, 10.9829339981, 17.8624095917, 25.455291748]
    dvar2: [15421.6455078, 209.188018799, 1024.95581055, 283.014587402, 59.1608428955, 46.252822876, 29.3577766418, 21.4845256805, 11.9138450623, 10.5574522018, 14.1042852402, 16.5004634857, 20.4887428284]
    kurt: [18.0843257904, 1.50955057144, -0.96932554245, 0.938615083694, 0.930803060532, 1.27820014954, -0.269752502441, -1.27856898308, -0.523440599442, 5.3491153717, 12.9286718369, 14.2348670959, 15.9127483368]
    max: [-572.011352539, 174.166870117, 129.503417969, 81.0773773193, 49.9707832336, 31.3958129883, 17.7641334534, 4.84465789795, -5.45281982422, -5.25096893311, -5.13661575317, -0.981773376465, 3.73901367188]
    mean: [-966.002685547, 161.95501709, 79.3253707886, 55.0946578979, 37.4661026001, 22.7684249878, 11.2427101135, -0.620617210865, -11.0147485733, -20.9239044189, -29.0533752441, -35.4001464844, -39.480430603]
    median: [-968.609191895, 166.739501953, 72.2300109863, 51.1334533691, 39.8200111389, 21.8963317871, 12.5501594543, -0.985511779785, -11.1355361938, -20.4960708618, -29.799413681, -36.331325531, -41.2781181335]
    min: [-1030.61901855, 127.298072815, 39.2203712463, 19.375629425, 14.4310302734, 3.74487304688, 1.24035072327, -6.62549591064, -16.5210876465, -26.6001739502, -33.8625640869, -40.9313316345, -44.6451339722]
    skew: [3.89412021637, -1.46522200108, 0.4320974648, 0.389307022095, -0.952620446682, -0.72496420145, -0.582559466362, -0.0723186433315, -0.198959231377, 1.77300429344, 3.52174162865, 3.76448106766, 3.99322223663]
    var: [5161.69042969, 102.262207031, 530.136047363, 150.733200073, 61.759223938, 31.5798740387, 17.1494350433, 11.2502727509, 7.12454366684, 15.029551506, 24.2326774597, 47.2059364319, 69.0347747803]

SpecContrastCoeff:
    dmean: [0.0352971814573, 0.0153488814831, 0.0105362776667, 0.00707323709503, 0.00473171332851, 0.00425391597673]
    dmean2: [0.0347608402371, 0.0288775190711, 0.0196943357587, 0.0127205215394, 0.00796055141836, 0.00781898014247]
    dvar: [0.0102080162615, 0.000886264257133, 0.000183671189006, 0.000184173506568, 4.83369658468e-05, 5.95323981543e-05]
    dvar2: [0.00386802223511, 0.00226190127432, 0.000492231629323, 0.000483280571643, 0.000112303539936, 0.000169501916389]
    kurt: [26.6726455688, 7.9285697937, 9.45441818237, 13.1969451904, 6.62347888947, 7.57436752319]
    max: [-0.0181237608194, -0.799018323421, -0.893883645535, -0.890770852566, -0.919347941875, -0.922379970551]
    mean: [-0.0792861059308, -0.930814683437, -0.949795842171, -0.953709840775, -0.953351616859, -0.953878939152]
    median: [-0.0481033064425, -0.94424110651, -0.955569326878, -0.958130896091, -0.955880522728, -0.956414699554]
    min: [-0.97149515152, -0.944613158703, -0.955860733986, -0.959504425526, -0.958839476109, -0.95920342207]
    skew: [-5.09686088562, 3.02051234245, 2.91506528854, 3.45896553993, 2.75094842911, 2.82993674278]
    var: [0.0219786316156, 0.00112825760152, 0.000140735675814, 0.000151892163558, 7.73577048676e-05, 5.43497044418e-05]

SpecPeakAmp:
    dmean: [0.0504393614829, 0.0577851384878, 0.000543994421605, 0.000376754469471, 0.000339278602041]
    dmean2: [0.0932698473334, 0.106276392937, 0.00080172700109, 0.000550423923414, 0.000499725283589]
    dvar: [0.0264723785222, 0.0333582311869, 1.24389941902e-06, 1.23501638427e-06, 1.13066289487e-06]
    dvar2: [0.0763656869531, 0.0798647329211, 2.61683499048e-06, 2.86642102765e-06, 2.70993018603e-06]
    kurt: [22.3517856598, 7.04905509949, 16.4305953979, 21.1009693146, 25.1545028687]
    max: [0.683064699173, 0.683593213558, 0.00535576045513, 0.00520824128762, 0.00506382063031]
    mean: [0.0252072885633, 0.627004683018, 0.000702068267856, 0.00031277583912, 0.000272727600532]
    median: [0.00071264221333, 0.683263242245, 0.000534578692168, 0.000126493760035, 0.000108378117147]
    min: [2.44439397648e-05, 0.000238113934756, 0.000139149531606, 1.79569851753e-05, 1.71266055986e-05]
    skew: [4.82457971573, -2.98127627373, 4.1969037056, 4.68620824814, 5.04839038849]
    var: [0.0135934185237, 0.0329136587679, 9.37418633384e-07, 7.81776691383e-07, 6.63482126129e-07]
