
metadata:
    version:
        essentia: "2.1-beta3"

Flux:
    dmean: 0.0259947180748
    dmean2: 0
    dvar: 0
    dvar2: 0
    kurt: -2
    max: 0.446226328611
    mean: 0.433228969574
    median: 0.433228969574
    min: 0.420231610537
    skew: 0
    var: 0.000168931335793

Rms:
    dmean: 0
    dmean2: 0
    dvar: 0
    dvar2: 0
    kurt: 0
    max: 0.151719897985
    mean: 0.151719897985
    median: 0.151719897985
    min: 0.151719897985
    skew: 0
    var: 0

RollOff:
    dmean: 43.06640625
    dmean2: 0
    dvar: 0
    dvar2: 0
    kurt: -2
    max: 344.53125
    mean: 322.998046875
    median: 322.998046875
    min: 301.46484375
    skew: 0
    var: 463.678833008

SpecCent:
    dmean: 458.583435059
    dmean2: 0
    dvar: 0
    dvar2: 0
    kurt: -2
    max: 670.603820801
    mean: 441.312103271
    median: 441.312103271
    min: 212.020370483
    skew: -1.24430286519e-07
    var: 52574.6953125

Zcr:
    dmean: 0.00048828125
    dmean2: 0
    dvar: 0
    dvar2: 0
    kurt: -2
    max: 0.00390625
    mean: 0.003662109375
    median: 0.003662109375
    min: 0.00341796875
    skew: 0
    var: 5.96046447754e-08

HarmonicAmpFreq:
    dmean: [28.3446044922]
    dmean2: [0]
    dvar: [0]
    dvar2: [0]
    kurt: [-2]
    max: [271.635925293]
    mean: [257.463623047]
    median: [257.463623047]
    min: [243.291320801]
    skew: [0]
    var: [200.854156494]

HarmonicAmpMag:
    dmean: [0.161572471261]
    dmean2: [0]
    dvar: [0]
    dvar2: [0]
    kurt: [-1.99999988079]
    max: [0.174829632044]
    mean: [0.0940433964133]
    median: [0.0940433964133]
    min: [0.0132571635768]
    skew: [0]
    var: [0.00652641570196]

MfccCoeff:
    dmean: [424.445129395, 22.1105194092, 42.8949966431, 4.64178657532, 7.89299201965, 23.1249752045, 26.715965271, 24.7330875397, 18.2136764526, 13.3008098602, 4.93805885315, 0.47700881958, 2.98267650604]
    dmean2: [0, 0, 0, 0, 0, 0, 0, 0, 0, 0, 0, 0, 0]
    dvar: [0, 0, 0, 0, 0, 0, 0, 0, 0, 0, 0, 0, 0]
    dvar2: [0, 0, 0, 0, 0, 0, 0, 0, 0, 0, 0, 0, 0]
    kurt: [-1.99999988079, -2, -1.99999988079, -2, -2, -2, -2, -1.99999988079, -2, -2, -2, -1.99999988079, -2]
    max: [-560.969055176, 166.482543945, 75.9572753906, 27.462392807, 8.89698982239, 4.53315544128, -4.08682250977, -6.57491111755, -10.6431436539, -10.9220066071, -11.8430290222, -10.2938270569, -6.24390029907]
    mean: [-773.191650391, 155.427276611, 54.5097770691, 25.1414985657, 4.95049381256, -7.02933216095, -17.4448051453, -18.9414558411, -19.7499809265, -17.5724105835, -14.3120584488, -10.5323314667, -7.73523855209]
    median: [-773.191650391, 155.427276611, 54.5097770691, 25.1414985657, 4.95049381256, -7.02933216095, -17.4448051453, -18.9414558411, -19.7499809265, -17.5724105835, -14.3120584488, -10.5323314667, -7.73523855209]
    min: [-985.41418457, 144.372024536, 33.0622787476, 22.8206062317, 1.00399780273, -18.5918197632, -30.8027877808, -31.3079986572, -28.8568191528, -24.2228164673, -16.7810878754, -10.7708358765, -9.22657680511]
    skew: [4.18490287757e-07, 2.07793073059e-06, 0, 1.22054711937e-06, 0, 0, 0, 2.25908777907e-07, -1.61624527095e-07, -4.15016899069e-07, 0, 0, 0]
    var: [45038.4140625, 122.218765259, 459.995178223, 5.38654565811, 15.5748310089, 133.691116333, 178.435699463, 152.931396484, 82.9344940186, 44.2278862, 6.09610652924, 0.0568843521178, 2.22408986092]

SpecContrastCoeff:
    dmean: [0.00544118881226, 0.113657593727, 0.0586553215981, 0.00514978170395, 0.0258532762527, 0.0252509117126]
    dmean2: [0, 0, 0, 0, 0, 0]
    dvar: [0, 0, 0, 0, 0, 0]
    dvar2: [0, 0, 0, 0, 0, 0]
    kurt: [-2, -2, -2, -1.99999988079, -2, -1.99999988079]
    max: [-0.562879085541, -0.632257521152, -0.85782378912, -0.928139507771, -0.927867114544, -0.933491170406]
    mean: [-0.565599679947, -0.689086318016, -0.887151479721, -0.93071436882, -0.94079375267, -0.946116626263]
    median: [-0.565599679947, -0.689086318016, -0.887151479721, -0.93071436882, -0.94079375267, -0.946116626263]
    min: [-0.568320274353, -0.74591511488, -0.916479110718, -0.933289289474, -0.953720390797, -0.958742082119]
    skew: [0, 0, 3.02863691104e-06, -3.4753633372e-05, 0, 0]
    var: [7.40163386581e-06, 0.00322951213457, 0.0008601116715, 6.63006267132e-06, 0.000167097969097, 0.000159402130521]
