
metadata:
    version:
        essentia: "2.1-beta3"

Flux:
    dmean: 7.3234618867e-06
    dmean2: 1.09203110696e-05
    dvar: 6.16658557551e-10
    dvar2: 1.32489019755e-09
    kurt: 13.965177536
    max: 0.000134071597131
    mean: 8.82164476934e-06
    median: 2.17946399061e-06
    min: 7.29322039206e-07
    skew: 3.85979938507
    var: 6.45868358795e-10

Rms:
    dmean: 2.27160330724e-06
    dmean2: 2.51596611633e-06
    dvar: 4.78756166655e-11
    dvar2: 3.71629775564e-11
    kurt: 19.7435150146
    max: 0.000108626809379
    mean: 0.000106246814539
    median: 0.000108155873022
    min: 6.27435074421e-05
    skew: -4.51244115829
    var: 6.4070845851e-11

RollOff:
    dmean: 1.00154435635
    dmean2: 1.025390625
    dvar: 20.5633563995
    dvar2: 21.0285148621
    kurt: 17.0475826263
    max: 387.59765625
    mean: 367.043243408
    median: 366.064453125
    min: 366.064453125
    skew: 4.36435222626
    var: 20.118303299

SpecCent:
    dmean: 6.0469956398
    dmean2: 10.0233316422
    dvar: 18.3936023712
    dvar2: 41.632194519
    kurt: 4.97057199478
    max: 863.397277832
    mean: 839.402587891
    median: 838.45904541
    min: 832.809692383
    skew: 1.78323352337
    var: 32.1611671448

Zcr:
    dmean: 0.000669967324939
    dmean2: 0.000930059526581
    dvar: 2.56187172454e-06
    dvar2: 1.95059760699e-06
    kurt: 16.9215068817
    max: 0.0166015625
    mean: 0.0159024316818
    median: 0.01611328125
    min: 0.00732421875
    skew: -4.27534818649
    var: 3.01705313177e-06

HarmonicAmpFreq:
    dmean: [3.94896531105]
    dmean2: [8.00711250305]
    dvar: [212.283615112]
    dvar2: [640.367980957]
    kurt: [38.7331161499]
    max: [360.470458984]
    mean: [358.492279053]
    median: [360.454315186]
    min: [290.606903076]
    skew: [-6.37032794952]
    var: [107.545036316]

HarmonicAmpMag:
    dmean: [7.89287514635e-05]
    dmean2: [0.000157539732754]
    dvar: [5.10826891897e-09]
    dvar2: [1.44063490026e-08]
    kurt: [-0.955197095871]
    max: [0.000146664635395]
    mean: [0.000106073472125]
    median: [0.000146587117342]
    min: [0]
    skew: [-0.993730247021]
    var: [4.0771390708e-09]

MfccCoeff:
    dmean: [0.0961232706904, 0.123376183212, 0.0879573374987, 0.0362882390618, 0.0223197042942, 0.0764486640692, 0.116320945323, 0.134787276387, 0.12832890451, 0.0981963425875, 0.0515489801764, 0.00803641416132, 0.0635879859328]
    dmean2: [0.0994233638048, 0.127559110522, 0.0907694473863, 0.0371602363884, 0.0234927218407, 0.0793667733669, 0.120554968715, 0.139277502894, 0.132137849927, 0.100581035018, 0.0527659840882, 0.00940831471235, 0.0664651021361]
    dvar: [0.229284331203, 0.378042429686, 0.193052247167, 0.0335132926702, 0.011414877139, 0.142177581787, 0.333898574114, 0.451850503683, 0.413266479969, 0.245302826166, 0.0657355859876, 0.000837248750031, 0.0955155640841]
    dvar2: [0.233969047666, 0.3856369555, 0.196703404188, 0.0339788123965, 0.0118144545704, 0.145633876324, 0.341132700443, 0.460769563913, 0.420496314764, 0.248739495873, 0.0660001412034, 0.000972065783571, 0.0983320176601]
    kurt: [31.4766120911, 31.4721374512, 31.4762649536, 31.4922103882, 31.4140815735, 31.4575653076, 31.4666099548, 31.473323822, 31.4808235168, 31.4918022156, 31.515712738, 30.2982521057, 31.4372406006]
    max: [-1135.37207031, 3.91437911987, 2.79849243164, 1.16847610474, -6.103515625e-05, 2.28881835938e-05, -2.67028808594e-05, -5.34057617188e-05, -4.57763671875e-05, -2.28881835938e-05, -2.67028808594e-05, 0.186920166016, 1.9665145874]
    mean: [-1135.4666748, 3.79278111458, 2.71186137199, 1.13280665874, -0.654642283916, -2.3214700222, -3.56169891357, -4.14728212357, -3.9706735611, -3.0644094944, -1.59517467022, 0.167005881667, 1.89825618267]
    median: [-1135.37487793, 3.91082382202, 2.79634094238, 1.16818618774, -0.674896240234, -2.39373016357, -3.67261123657, -4.27639007568, -4.09451293945, -3.16013336182, -1.64513778687, 0.171813964844, 1.9571762085]
    min: [-1138.42004395, 1.14440917969e-05, -6.103515625e-05, 8.01086425781e-05, -0.680435180664, -2.39745330811, -3.67640304565, -4.28009033203, -4.09696960449, -3.16092681885, -1.64639663696, -3.0517578125e-05, -3.81469726562e-05]
    skew: [-5.63936185837, -5.63870954514, -5.63910198212, -5.64058113098, 5.63287258148, 5.63729047775, 5.63817644119, 5.63882303238, 5.63952875137, 5.64054536819, 5.64260673523, -5.49710893631, -5.63525724411]
    var: [0.224942728877, 0.371001750231, 0.189665704966, 0.0330805629492, 0.0110608646646, 0.13902682066, 0.327196955681, 0.443578749895, 0.406556487083, 0.242109969258, 0.0655779242516, 0.00073281058576, 0.0929888263345]

SpecContrastCoeff:
    dmean: [0.0312649235129, 0.01708586514, 0.0187089368701, 0.0102313216776, 0.0110188275576, 0.00940741878003]
    dmean2: [0.0435204207897, 0.0227372515947, 0.029157480225, 0.0174877680838, 0.0177249964327, 0.0135080199689]
    dvar: [0.00147025543265, 0.00126697157975, 0.000269080046564, 9.52363116085e-05, 0.000126235230709, 8.6826577899e-05]
    dvar2: [0.00102707277983, 0.000953724316787, 0.000492906023283, 0.000189550133655, 0.000130003187223, 8.91088275239e-05]
    kurt: [13.4407291412, 17.5470180511, 4.45076704025, 4.72366333008, 10.1379089355, 17.235408783]
    max: [-0.656122863293, -0.540234863758, -0.821864902973, -0.859612345695, -0.838098883629, -0.842013180256]
    mean: [-0.702633857727, -0.564043462276, -0.873974204063, -0.890056788921, -0.860459387302, -0.853277385235]
    median: [-0.696176350117, -0.554814934731, -0.872495532036, -0.889513611794, -0.857600450516, -0.850732862949]
    min: [-0.95462012291, -0.780927419662, -0.939709544182, -0.933187365532, -0.936258077621, -0.924687802792]
    skew: [-3.51746225357, -4.25036430359, -1.16737902164, -0.932559072971, -2.64539146423, -3.78763771057]
    var: [0.00260089780204, 0.00174155842979, 0.000349635607563, 0.000122310433653, 0.000245947972871, 0.000173390551936]

SpecPeakAmp:
    dmean: [3.91534001665e-07, 2.15130413039e-07, 2.10186681215e-06, 3.99322198064e-05, 9.53311973717e-05]
    dmean2: [5.1007748425e-07, 2.42031177322e-07, 2.21280743062e-06, 7.92068894953e-05, 0.000191716084373]
    dvar: [1.2295254875e-12, 1.10588469805e-12, 1.64435715044e-10, 4.13364231733e-09, 4.86167994751e-09]
    dvar2: [1.22627721779e-12, 1.14697780353e-12, 1.68044536619e-10, 1.20269749715e-08, 1.07048681031e-08]
    kurt: [16.7171020508, 37.194934845, 39.0097503662, 2.35235786438, -1.92416346073]
    max: [1.70234761754e-05, 7.74011732574e-06, 8.59083884279e-05, 0.000146614285768, 0.000146664635395]
    mean: [1.65182736964e-05, 1.03999161638e-06, 2.66707775154e-06, 2.09788377106e-05, 8.34208913147e-05]
    median: [1.67606485775e-05, 8.6141619704e-07, 7.21846049601e-07, 1.73337070919e-07, 0.000146569364006]
    min: [1.13918513307e-05, 7.83424354722e-07, 1.39386997944e-07, 7.52286979377e-08, 1.12146949505e-07]
    skew: [-4.3041844368, 6.20232915878, 6.40332365036, 2.0715174675, -0.275323271751]
    var: [1.25860769289e-12, 1.06759674885e-12, 1.61168176027e-10, 2.50904430565e-09, 5.25292875864e-09]
