
metadata:
    version:
        essentia: "2.1-beta3"

Flux:
    dmean: 0.000177469279151
    dmean2: 0.000232557154959
    dvar: 3.33844695888e-07
    dvar2: 6.54503367059e-07
    kurt: 9.69909191132
    max: 0.0033838734962
    mean: 0.000233677477809
    median: 1.19663982332e-05
    min: 7.07338222128e-06
    skew: 3.30823540688
    var: 5.41701012935e-07

Rms:
    dmean: 7.86169184721e-05
    dmean2: 6.70801964588e-05
    dvar: 6.0777715305e-08
    dvar2: 2.71798317186e-08
    kurt: 21.1801147461
    max: 0.00243441038765
    mean: 0.00233796495013
    median: 0.0024213490542
    min: 0.000427299848525
    skew: -4.56475162506
    var: 1.14051097455e-07

RollOff:
    dmean: 5.38330078125
    dmean2: 5.0077214241
    dvar: 845.686950684
    dvar2: 686.615844727
    kurt: 38.3793106079
    max: 581.396484375
    mean: 371.806640625
    median: 366.064453125
    min: 366.064453125
    skew: 6.29871559143
    var: 1018.03265381

SpecCent:
    dmean: 7.7336730957
    dmean2: 9.56888198853
    dvar: 786.835021973
    dvar2: 698.13659668
    kurt: 39.3894958496
    max: 561.727539062
    mean: 365.849884033
    median: 361.478027344
    min: 358.16015625
    skew: 6.40787887573
    var: 878.499938965

Zcr:
    dmean: 0.00081010296708
    dmean2: 0.000908430258278
    dvar: 3.47812760992e-06
    dvar2: 1.91379604075e-06
    kurt: 17.2833080292
    max: 0.0166015625
    mean: 0.0156032983214
    median: 0.01611328125
    min: 0.0009765625
    skew: -4.16302633286
    var: 7.45937950342e-06

HarmonicAmpFreq:
    dmean: [3.81260538101]
    dmean2: [7.76256561279]
    dvar: [220.488037109]
    dvar2: [664.757385254]
    kurt: [39.808052063]
    max: [360.46484375]
    mean: [358.426361084]
    median: [360.452026367]
    min: [288.637054443]
    skew: [-6.45710659027]
    var: [110.971862793]

HarmonicAmpMag:
    dmean: [0.00188624998555]
    dmean2: [0.00375678134151]
    dvar: [2.54803580901e-06]
    dvar2: [4.84588508698e-06]
    kurt: [-1.80815780163]
    max: [0.00333237205632]
    mean: [0.00198814785108]
    median: [0.00333136250265]
    min: [0]
    skew: [-0.390921413898]
    var: [2.55867166743e-06]

MfccCoeff:
    dmean: [2.080524683, 2.67724251747, 1.96875011921, 1.04091644287, 0.239978089929, 0.616725206375, 0.923237800598, 1.04578018188, 0.96934646368, 0.719303131104, 0.354289889336, 0.0876844599843, 0.407925516367]
    dmean2: [2.7772898674, 3.57613921165, 2.64347529411, 1.44257760048, 0.421637952328, 0.545570552349, 0.835476458073, 0.873668730259, 0.719756901264, 0.461508274078, 0.33310547471, 0.109425567091, 0.255932301283]
    dvar: [86.5951690674, 143.355041504, 77.3503036499, 21.4537258148, 1.34595954418, 7.85094499588, 18.4237174988, 20.4387969971, 15.0657806396, 7.65132427216, 1.97673797607, 0.149181321263, 2.43054389954]
    dvar2: [176.283355713, 292.256561279, 159.563247681, 47.3422355652, 3.05246758461, 5.38296985626, 13.5032548904, 11.8829278946, 6.97767448425, 4.06455945969, 1.80426096916, 0.259775876999, 1.39060270786]
    kurt: [18.1338176727, 18.1423969269, 18.2734203339, 21.8685035706, 17.1689224243, 32.8846473694, 33.4527244568, 31.4580993652, 27.9781703949, 24.0052585602, 19.7831420898, 20.8884277344, 23.0636806488]
    max: [-1082.1015625, 72.4173965454, 52.9189796448, 26.863483429, 1.31503295898, 2.28881835938e-05, -2.67028808594e-05, -5.34057617188e-05, -4.57763671875e-05, -2.28881835938e-05, -2.67028808594e-05, 2.42635345459, 14.138343811]
    mean: [-1110.11743164, 36.2745399475, 25.7916126251, 10.7197093964, -5.90662622452, -20.8218727112, -31.2220726013, -35.3253097534, -32.6884765625, -24.2245254517, -11.9369096756, 1.55436384678, 13.5838871002]
    median: [-1109.94116211, 36.4946403503, 25.914188385, 10.6558265686, -6.25068664551, -21.5059280396, -32.2281265259, -36.5342254639, -33.8949050903, -25.1888504028, -12.4564418793, 1.58353424072, 14.1366958618]
    min: [-1138.42004395, 1.14440917969e-05, -6.103515625e-05, 8.01086425781e-05, -6.2513885498, -21.517616272, -32.2486495972, -36.5596618652, -33.921043396, -25.2121658325, -12.4745082855, -3.0517578125e-05, -3.81469726562e-05]
    skew: [-0.10574734956, -0.0610215179622, 0.309346407652, 2.6414539814, 4.30948734283, 5.72823905945, 5.78924512863, 5.57859134674, 5.23609352112, 4.87020349503, 4.50670719147, -3.3263964653, -4.77935743332]
    var: [36.4034500122, 60.173122406, 32.090587616, 8.51741790771, 2.08371138573, 10.8082046509, 24.1079998016, 31.7649803162, 28.8130722046, 17.1946678162, 4.76398181915, 0.0777489319444, 5.52760219574]

SpecContrastCoeff:
    dmean: [0.0358635038137, 0.0317390449345, 0.0133136184886, 0.013137023896, 0.00773569522426, 0.00655598007143]
    dmean2: [0.0591745600104, 0.0348933339119, 0.0200032461435, 0.0215296875685, 0.0129456967115, 0.0112162195146]
    dvar: [0.000603062857408, 0.00324039766565, 9.36395663302e-05, 8.05997333373e-05, 4.78675901832e-05, 5.29905337316e-05]
    dvar2: [0.00132380588911, 0.00153294100892, 0.000227280936087, 0.000222453541937, 0.000122849931358, 0.000148136401549]
    kurt: [5.94327831268, 20.0457553864, 6.814909935, 0.434867143631, 7.544008255, 10.4043464661]
    max: [-0.785567998886, -0.390599966049, -0.881960391998, -0.902556240559, -0.911102235317, -0.912317097187]
    mean: [-0.846240580082, -0.441733688116, -0.943614900112, -0.933295845985, -0.925074458122, -0.925857901573]
    median: [-0.850061953068, -0.421820878983, -0.945687174797, -0.934144496918, -0.92563521862, -0.925915718079]
    min: [-0.998497307301, -0.974584281445, -0.964723825455, -0.955695211887, -0.961134672165, -0.961161255836]
    skew: [-1.55303120613, -4.42539310455, 1.98544502258, 0.361886411905, -1.91689658165, -2.33265423775]
    var: [0.00124555325601, 0.00913709495217, 0.00018811172049, 0.000104249549622, 6.31097791484e-05, 5.22816444573e-05]

SpecPeakAmp:
    dmean: [9.23846819205e-05, 1.97482813746e-06, 1.79869277872e-06, 0.000605645822361, 0.00183760363143]
    dmean2: [0.000142387158121, 3.14809813062e-06, 2.74987451121e-06, 0.00116099626757, 0.00373873044737]
    dvar: [1.66703600257e-07, 9.98386096018e-12, 7.87548238429e-12, 1.63565414368e-06, 2.68845587925e-06]
    dvar2: [4.27790865842e-07, 2.62591181438e-11, 1.87267579915e-11, 4.05148148275e-06, 5.63557114219e-06]
    kurt: [40.0144958496, 20.7185630798, 13.3943347931, 4.12610578537, -1.97191810608]
    max: [0.00197337847203, 1.67229554791e-05, 1.4237324649e-05, 0.00333185959607, 0.00333237205632]
    mean: [5.98225378781e-05, 2.70452392215e-06, 2.99969451589e-06, 0.000372296810383, 0.00157668394968]
    median: [1.66997579072e-05, 2.47139496423e-06, 2.65553012468e-06, 2.85387909571e-06, 1.32630011649e-05]
    min: [3.89098795495e-06, 6.84449446453e-07, 4.06215264093e-07, 2.90379574608e-07, 2.29752885161e-07]
    skew: [6.48151683807, 4.30764341354, 3.62969851494, 2.47496318817, 0.11734329164]
    var: [8.32283433283e-08, 6.1448463505e-12, 6.01496933858e-12, 1.08716926661e-06, 2.71320459433e-06]
