
metadata:
    version:
        essentia: "2.1-beta3"

Flux:
    dmean: 0.00402167951688
    dmean2: 0.00527598150074
    dvar: 0.000167196529219
    dvar2: 0.000326453999151
    kurt: 9.71162891388
    max: 0.0759141668677
    mean: 0.00513477204368
    median: 0.000181065726792
    min: 1.7964242943e-05
    skew: 3.30942606926
    var: 0.000272810342722

Rms:
    dmean: 0.00175530661363
    dmean2: 0.00149775110185
    dvar: 3.02312710119e-05
    dvar2: 1.34479787448e-05
    kurt: 21.1235084534
    max: 0.0544905252755
    mean: 0.0523357056081
    median: 0.0541964583099
    min: 0.00970900896937
    skew: -4.55877971649
    var: 5.68477626075e-05

RollOff:
    dmean: 5.87269163132
    dmean2: 5.5084939003
    dvar: 1040.40332031
    dvar2: 864.664428711
    kurt: 38.6582298279
    max: 602.9296875
    mean: 372.28515625
    median: 366.064453125
    min: 366.064453125
    skew: 6.32920122147
    var: 1228.69165039

SpecCent:
    dmean: 9.9678440094
    dmean2: 11.6465873718
    dvar: 1669.11010742
    dvar2: 1426.5168457
    kurt: 39.4362564087
    max: 655.728088379
    mean: 366.267669678
    median: 359.555969238
    min: 354.892578125
    skew: 6.41466283798
    var: 1917.38647461

Zcr:
    dmean: 0.00081010296708
    dmean2: 0.000908430258278
    dvar: 3.47812760992e-06
    dvar2: 1.91379604075e-06
    kurt: 17.2833080292
    max: 0.0166015625
    mean: 0.0156032983214
    median: 0.01611328125
    min: 0.0009765625
    skew: -4.16302633286
    var: 7.45937950342e-06

HarmonicAmpFreq:
    dmean: [0.0538094267249]
    dmean2: [0.0847338289022]
    dvar: [0.041196603328]
    dvar2: [0.0745796486735]
    kurt: [11.3679685593]
    max: [360.467102051]
    mean: [360.387268066]
    median: [360.456787109]
    min: [359.269256592]
    skew: [-3.60425901413]
    var: [0.0671437084675]

HarmonicAmpMag:
    dmean: [0.00293750176206]
    dmean2: [0.00228366348892]
    dvar: [0.000120518103358]
    dvar2: [8.31102661323e-05]
    kurt: [15.725271225]
    max: [0.0745958909392]
    mean: [0.0710237771273]
    median: [0.074578948319]
    min: [0]
    skew: [-4.07493495941]
    var: [0.000196305554709]

MfccCoeff:
    dmean: [13.2871484756, 9.54164218903, 5.85726594925, 6.82819080353, 8.07204437256, 8.1011800766, 6.66100931168, 4.20299482346, 2.11251091957, 3.16624927521, 2.87772345543, 1.72019970417, 1.42642366886]
    dmean2: [19.8109340668, 14.0289649963, 8.49456119537, 11.6453619003, 13.3137388229, 13.2012996674, 10.3414850235, 6.13552093506, 2.43878364563, 4.26586055756, 4.0491027832, 2.94429326057, 1.9285544157]
    dvar: [2440.11328125, 640.039855957, 11.6543235779, 14.409989357, 16.7000198364, 24.2045040131, 35.1299057007, 49.7574958801, 47.0260887146, 23.7416439056, 4.98646831512, 0.747526347637, 9.60360336304]
    dvar2: [6104.84960938, 1518.7010498, 21.8795585632, 33.6799201965, 42.8512153625, 50.6001319885, 53.3565368652, 64.6620559692, 48.9584121704, 19.3420696259, 4.06264877319, 2.04027533531, 11.8741111755]
    kurt: [36.368057251, 21.1794471741, 7.86559963226, -1.46449315548, -1.06835258007, 7.23872280121, 15.8189601898, 18.0249671936, 17.8492832184, 15.7487640381, 12.9898586273, -1.34877610207, 12.2531681061]
    max: [-858.282043457, 175.576919556, 74.5367126465, 30.721698761, 3.78861999512, -3.11054229736, -6.07397460938, -5.4423828125, -2.68061828613, 0.369087219238, 2.26755142212, 4.87521362305, 25.6184997559]
    mean: [-1072.95593262, 79.8566131592, 55.2178077698, 23.9899024963, -9.78578948975, -38.7556190491, -58.0361480713, -64.5799713135, -58.5639381409, -42.3369560242, -20.1207256317, 3.39571928978, 23.7038230896]
    median: [-1076.95983887, 79.0447769165, 57.0450782776, 25.6581306458, -9.03256988525, -38.733455658, -59.1121292114, -66.7653808594, -61.0916519165, -44.2627334595, -20.7856349945, 3.40379333496, 24.9984283447]
    min: [-1114.37011719, 31.180065155, 23.5665283203, 13.4798927307, -17.541759491, -46.6760520935, -64.5889511108, -70.3512115479, -61.9256057739, -46.3355102539, -23.6905574799, 1.26371765137, 1.32543182373]
    skew: [6.0190281868, 3.56470990181, -1.58050084114, -0.257526814938, 0.030652275309, 2.18521499634, 3.78901958466, 4.29534912109, 4.30402851105, 4.00685691833, 3.41931223869, -0.241058856249, -3.64242315292]
    var: [1095.7208252, 287.960144043, 49.423374176, 26.5189857483, 32.1014213562, 63.355266571, 99.1803817749, 125.365257263, 111.804023743, 69.5352630615, 20.1617565155, 1.41993820667, 22.7726135254]

SpecContrastCoeff:
    dmean: [0.0280963070691, 0.0350100509822, 0.0126655790955, 0.00800684373826, 0.00886619370431, 0.0182747878134]
    dmean2: [0.0490130670369, 0.0359481424093, 0.0191726014018, 0.0138713121414, 0.0156495328993, 0.0336820594966]
    dvar: [0.000824848713819, 0.00586260901764, 0.000134368950967, 7.68058744143e-05, 0.000134509711643, 0.000266799121164]
    dvar2: [0.0012793969363, 0.00216430053115, 0.000174878266989, 0.00013694637164, 0.000313145515975, 0.000612009956967]
    kurt: [7.27179145813, 23.4392185211, 9.4161195755, 8.17922973633, 5.93223667145, 0.725956678391]
    max: [-0.77481085062, -0.21556250751, -0.856613278389, -0.907375156879, -0.908728659153, -0.906245350838]
    mean: [-0.933291018009, -0.26238694787, -0.94470924139, -0.957461357117, -0.956642687321, -0.947804570198]
    median: [-0.947539567947, -0.238951489329, -0.951897680759, -0.962632656097, -0.961877763271, -0.955297529697]
    min: [-0.997921049595, -0.97030299902, -0.956385850906, -0.963917076588, -0.963151335716, -0.959965348244]
    skew: [2.45094895363, -4.77907657623, 2.89192938805, 2.62669372559, 2.49717020988, 1.42557609081]
    var: [0.0013711246429, 0.0148070985451, 0.000352346512955, 0.000116148075904, 0.000131866006996, 0.000240919194766]

SpecPeakAmp:
    dmean: [0.00016078306362, 0.00536354025826, 0.0372889339924, 0.037742394954, 0.0102092688903]
    dmean2: [0.000251075834967, 0.0082371737808, 0.0762848034501, 0.0767367780209, 0.0208550989628]
    dvar: [3.57868970013e-07, 0.000304348417558, 0.00138566480018, 0.00136235204991, 0.000653342111036]
    dvar2: [9.30765565954e-07, 0.00078463362297, 0.0021894776728, 0.00264587905258, 0.00189042848069]
    kurt: [39.6662750244, 22.5291576385, -1.94995427132, -1.1514441967, 10.070432663]
    max: [0.00295224040747, 0.073429942131, 0.0745912343264, 0.0745958909392, 0.0745805129409]
    mean: [0.000119653879665, 0.00266952556558, 0.0414805151522, 0.0220416355878, 0.00502465991303]
    median: [5.84279514442e-05, 5.53424506506e-05, 0.0745671391487, 5.66043272556e-05, 3.15559045703e-05]
    min: [1.3246151866e-05, 1.78637201316e-05, 1.07938849396e-05, 7.83123505244e-06, 6.18420062892e-06]
    skew: [6.44073820114, 4.83994817734, -0.223632827401, 0.909811615944, 3.47416496277]
    var: [1.8311442318e-07, 0.000156344467541, 0.00136927620042, 0.00113071571104, 0.000345545704477]
