
metadata:
    version:
        essentia: "2.1-beta3"

Flux:
    dmean: 0.036161262542
    dmean2: 0.0473812110722
    dvar: 0.0135367279872
    dvar2: 0.0257461741567
    kurt: 9.55550956726
    max: 0.700376272202
    mean: 0.0472042560577
    median: 0.00165142538026
    min: 9.16918215808e-05
    skew: 3.28518128395
    var: 0.0230075977743

Rms:
    dmean: 0.016084773466
    dmean2: 0.0137172993273
    dvar: 0.00254375557415
    dvar2: 0.0011315169977
    kurt: 21.2676467896
    max: 0.502037107944
    mean: 0.482310056686
    median: 0.499485373497
    min: 0.0904337987304
    skew: -4.57237482071
    var: 0.00478472560644

RollOff:
    dmean: 6.36208295822
    dmean2: 6.00926589966
    dvar: 1255.71704102
    dvar2: 1063.77819824
    kurt: 38.872215271
    max: 624.462890625
    mean: 372.763671875
    median: 366.064453125
    min: 366.064453125
    skew: 6.35273075104
    var: 1459.50073242

SpecCent:
    dmean: 12.1393795013
    dmean2: 13.6231374741
    dvar: 2857.61328125
    dvar2: 2374.81787109
    kurt: 39.3639068604
    max: 751.470947266
    mean: 368.641937256
    median: 359.486968994
    min: 354.724517822
    skew: 6.40744924545
    var: 3356.69799805

Zcr:
    dmean: 0.00081010296708
    dmean2: 0.000908430258278
    dvar: 3.47812806467e-06
    dvar2: 1.90270691292e-06
    kurt: 17.2615337372
    max: 0.0166015625
    mean: 0.0156141491607
    median: 0.01611328125
    min: 0.0009765625
    skew: -4.16042757034
    var: 7.47563080949e-06

HarmonicAmpFreq:
    dmean: [0.950017035007]
    dmean2: [0.950064718723]
    dvar: [34.7112159729]
    dvar2: [33.6550102234]
    kurt: [39.9256324768]
    max: [360.468688965]
    mean: [359.510467529]
    median: [360.456481934]
    min: [319.864501953]
    skew: [-6.47116613388]
    var: [35.7631988525]

HarmonicAmpMag:
    dmean: [0.026797099039]
    dmean2: [0.0208054222167]
    dvar: [0.010007340461]
    dvar2: [0.0068453704007]
    kurt: [15.9265727997]
    max: [0.687284708023]
    mean: [0.654672086239]
    median: [0.687120437622]
    min: [0.0007953318418]
    skew: [-4.0920343399]
    var: [0.0164041183889]

MfccCoeff:
    dmean: [44.0876617432, 9.35064601898, 33.9119148254, 13.5056819916, 8.22761154175, 7.40864896774, 6.18080615997, 6.0726442337, 3.57931113243, 3.44374847412, 1.92799937725, 0.672595262527, 1.44150650501]
    dmean2: [68.9757385254, 16.2464447021, 57.2874794006, 23.2306880951, 14.4026832581, 13.0258150101, 9.77223587036, 9.55933952332, 5.23614692688, 5.00815200806, 2.50812506676, 1.15150928497, 1.87025344372]
    dvar: [5783.27832031, 66.9867935181, 349.169677734, 44.9227600098, 45.8491859436, 50.2954368591, 49.1425933838, 63.2684898376, 57.2245140076, 34.1012535095, 11.064666748, 0.529075562954, 7.6518368721]
    dvar2: [13737.7744141, 133.096740723, 866.722290039, 112.74118042, 136.504272461, 102.406646729, 79.3712844849, 96.4859390259, 74.2360534668, 33.0382270813, 10.3661365509, 1.02140939236, 6.2143573761]
    kurt: [27.1214733124, 6.46291160583, -1.32269144058, -0.578746318817, 0.111675262451, 5.48250770569, 12.398973465, 13.1203479767, 15.3729877472, 15.9667739868, 18.5446357727, 1.1315369606, 13.8390350342]
    max: [-598.644470215, 203.974502563, 107.12310791, 36.9731636047, -0.823547363281, -10.2395858765, -10.8054199219, -7.55892944336, -2.45275878906, 4.65717315674, 7.16337966919, 4.90326690674, 24.8887710571]
    mean: [-959.302978516, 170.654586792, 67.4185409546, 17.7398471832, -17.8101234436, -44.7792930603, -59.5590667725, -64.3577346802, -57.7662773132, -42.0067901611, -20.3867912292, 2.8216919899, 22.7177886963]
    median: [-960.805969238, 171.907623291, 62.299533844, 16.5536384583, -16.5066184998, -45.7292900085, -60.7945404053, -66.3500366211, -59.8938980103, -43.8949203491, -21.2725734711, 3.00164794922, 24.1111221313]
    min: [-1008.71484375, 126.972297668, 34.7334480286, 2.52271652222, -31.7222175598, -56.5078849792, -69.9934997559, -73.9434661865, -64.9907531738, -47.6883621216, -24.2412319183, 0.827007293701, -0.668235778809]
    skew: [4.96103191376, -0.915273070335, 0.273226767778, 0.424120515585, -0.477810531855, 1.95096063614, 3.34308481216, 3.58917593956, 3.95307326317, 4.00357580185, 4.21322202682, -0.630992174149, -3.78914785385]
    var: [3544.91870117, 110.241409302, 590.991821289, 90.5406494141, 43.4216651917, 73.5230331421, 100.630241394, 135.35987854, 117.134101868, 80.4577178955, 25.3332462311, 0.579323768616, 22.3261699677]

SpecContrastCoeff:
    dmean: [0.0500472299755, 0.0321308709681, 0.0151587603614, 0.00928505603224, 0.00687447469682, 0.0142603283748]
    dmean2: [0.0917391106486, 0.0308570284396, 0.0237764809281, 0.0160390101373, 0.0111933639273, 0.0264412686229]
    dvar: [0.00279060169123, 0.0107815265656, 0.000192364022951, 0.000106618485006, 0.000109750282718, 0.000415890361182]
    dvar2: [0.00594007084146, 0.00475183548406, 0.000265912589384, 0.00018910667859, 0.00019894221623, 0.00107501226012]
    kurt: [1.23099279404, 30.1298027039, 8.83783435822, 9.52293205261, 14.4725971222, 7.18072605133]
    max: [-0.773936152458, -0.0513980910182, -0.827528595924, -0.885194420815, -0.885596632957, -0.870880305767]
    mean: [-0.929334163666, -0.0911946520209, -0.931022584438, -0.947877526283, -0.950395286083, -0.945009708405]
    median: [-0.952249646187, -0.0623267330229, -0.940507054329, -0.954460680485, -0.954802393913, -0.952549159527]
    min: [-0.990293443203, -0.966499149799, -0.944751501083, -0.955018460751, -0.955983281136, -0.954113006592]
    skew: [1.57572126389, -5.44371461868, 2.81947660446, 2.82571220398, 3.59029245377, 2.74410700798]
    var: [0.00273410882801, 0.0199142098427, 0.00050173146883, 0.000171106337802, 0.000153108412633, 0.000305238529108]

SpecPeakAmp:
    dmean: [0.00142671214417, 0.455611795187, 0.441590607166, 0.124555252492, 0.000246603187406]
    dmean2: [0.00219154194929, 0.922761976719, 0.898872435093, 0.239198789001, 0.00033605506178]
    dvar: [2.7029616831e-05, 0.099987052381, 0.105961553752, 0.0694276988506, 2.27751584703e-07]
    dvar2: [6.98580697645e-05, 0.110839679837, 0.114065289497, 0.193147078156, 2.93821244668e-07]
    kurt: [38.4849014282, -1.68509364128, -1.98401939869, 6.34869003296, 21.4792232513]
    max: [0.0256776530296, 0.687236368656, 0.687273025513, 0.687284708023, 0.00361636513844]
    mean: [0.00107872369699, 0.253792524338, 0.340634822845, 0.0613589026034, 0.000248395925155]
    median: [0.000490640988573, 0.000601821171585, 0.200065776706, 0.000398943433538, 8.21238281787e-05]
    min: [0.000157106725965, 0.000187001831364, 0.000114790025691, 2.96947437164e-05, 2.67286432063e-05]
    skew: [6.3125910759, 0.53910279274, 0.0264980867505, 2.88922929764, 4.49957466125]
    var: [1.400601559e-05, 0.107170552015, 0.115705497563, 0.0379186198115, 3.47172061765e-07]
