
metadata:
    version:
        essentia: "2.1-beta3"

Flux:
    dmean: 0.020605891943
    dmean2: 0
    dvar: 0
    dvar2: 0
    kurt: -2
    max: 0.426153570414
    mean: 0.415850639343
    median: 0.415850639343
    min: 0.405547678471
    skew: -4.36591426478e-06
    var: 0.000106150691863

Rms:
    dmean: 0
    dmean2: 0
    dvar: 0
    dvar2: 0
    kurt: 0
    max: 0.145887553692
    mean: 0.145887553692
    median: 0.145887553692
    min: 0.145887553692
    skew: 0
    var: 0

RollOff:
    dmean: 129.19921875
    dmean2: 0
    dvar: 0
    dvar2: 0
    kurt: -1.99999988079
    max: 645.99609375
    mean: 581.396484375
    median: 581.396484375
    min: 516.796875
    skew: 0
    var: 4173.109375

SpecCent:
    dmean: 30.5625610352
    dmean2: 0
    dvar: 0
    dvar2: 0
    kurt: -1.99999988079
    max: 476.534667969
    mean: 461.253387451
    median: 461.253387451
    min: 445.972106934
    skew: 0
    var: 233.517532349

Zcr:
    dmean: 0.00048828125
    dmean2: 0
    dvar: 0
    dvar2: 0
    kurt: -2
    max: 0.0068359375
    mean: 0.006591796875
    median: 0.006591796875
    min: 0.00634765625
    skew: 0
    var: 5.96046447754e-08

HarmonicAmpFreq:
    dmean: [90.7213745117]
    dmean2: [0]
    dvar: [0]
    dvar2: [0]
    kurt: [-1.99999988079]
    max: [559.338256836]
    mean: [513.977539062]
    median: [513.977539062]
    min: [468.616882324]
    skew: [2.05077162718e-06]
    var: [2057.59179688]

HarmonicAmpMag:
    dmean: [0.128418043256]
    dmean2: [0]
    dvar: [0]
    dvar2: [0]
    kurt: [-2]
    max: [0.139277696609]
    mean: [0.0750686749816]
    median: [0.0750686749816]
    min: [0.0108596486971]
    skew: [-1.64912364653e-07]
    var: [0.00412279879674]

MfccCoeff:
    dmean: [331.117858887, 40.6772460938, 14.1003684998, 45.9960289001, 52.2443580627, 32.4053268433, 2.26113891602, 17.9623775482, 20.9608135223, 14.1826381683, 7.34743499756, 0.745737075806, 5.18214225769]
    dmean2: [0, 0, 0, 0, 0, 0, 0, 0, 0, 0, 0, 0, 0]
    dvar: [0, 0, 0, 0, 0, 0, 0, 0, 0, 0, 0, 0, 0]
    dvar2: [0, 0, 0, 0, 0, 0, 0, 0, 0, 0, 0, 0, 0]
    kurt: [-2, -1.99999988079, -2, -2, -2, -2, -2, -1.99999988079, -2, -2, -2, -1.99999988079, -2]
    max: [-658.00970459, 206.509765625, 62.2611427307, 14.0541572571, -18.5048179626, -25.1788673401, -25.2381057739, 0.0110397338867, 12.4111671448, 16.4002628326, 14.8155479431, 9.54346656799, 6.96349143982]
    mean: [-823.568603516, 186.171142578, 55.2109603882, -8.94385719299, -44.6269989014, -41.3815307617, -26.3686752319, -8.97014904022, 1.93076038361, 9.30894374847, 11.1418304443, 9.17059803009, 4.37242031097]
    median: [-823.568603516, 186.171142578, 55.2109603882, -8.94385719299, -44.6269989014, -41.3815307617, -26.3686752319, -8.97014904022, 1.93076038361, 9.30894374847, 11.1418304443, 9.17059803009, 4.37242031097]
    min: [-989.127563477, 165.832519531, 48.160774231, -31.9418716431, -70.7491760254, -57.5841941833, -27.4992446899, -17.9513378143, -8.54964637756, 2.21762466431, 7.46811294556, 8.79772949219, 1.78134918213]
    skew: [-6.06003197845e-07, 0, -8.27317649055e-07, 0, 2.19145107394e-07, 0, 0, 0, 0, 0, 0, 0, 0]
    var: [27409.7578125, 413.659576416, 49.7050971985, 528.908691406, 682.368286133, 262.526306152, 1.27818727493, 80.6617507935, 109.838928223, 50.2868080139, 13.4962005615, 0.139030948281, 6.71364974976]

SpecContrastCoeff:
    dmean: [0.0596275925636, 0.0774574875832, 0.13096678257, 0.036162853241, 0.0176624059677, 0.00675809383392]
    dmean2: [0, 0, 0, 0, 0, 0]
    dvar: [0, 0, 0, 0, 0, 0]
    dvar2: [0, 0, 0, 0, 0, 0]
    kurt: [-1.99999988079, -1.99999988079, -2, -2, -2, -2]
    max: [-0.864380478859, -0.639551341534, -0.673537194729, -0.868891656399, -0.908711850643, -0.941275835037]
    mean: [-0.894194245338, -0.678280115128, -0.739020586014, -0.886973083019, -0.917543053627, -0.944654881954]
    median: [-0.894194245338, -0.678280115128, -0.739020586014, -0.886973083019, -0.917543053627, -0.944654881954]
    min: [-0.924008071423, -0.717008829117, -0.804503977299, -0.90505450964, -0.926374256611, -0.948033928871]
    skew: [-3.020167469e-06, 2.31718991017e-06, 0, 0, 0, 0]
    var: [0.000888862414286, 0.00149991561193, 0.00428807456046, 0.000326937995851, 7.79901456553e-05, 1.14179583761e-05]

SpecPeakAmp:
    dmean: [0.138813152909, 0.036064401269, 0.0134320398793, 0.00241814181209, 0.00585501035675]
    dmean2: [0, 0, 0, 0, 0]
    dvar: [0, 0, 0, 0, 0]
    dvar2: [0, 0, 0, 0, 0]
    kurt: [-2, -1.99999988079, -2, -2, -2]
    max: [0.139277696609, 0.0365680828691, 0.0140461092815, 0.0108596486971, 0.0062267226167]
    mean: [0.0698711201549, 0.0185358822346, 0.00733008934185, 0.00965057779104, 0.00329921743833]
    median: [0.0698711201549, 0.0185358822346, 0.00733008934185, 0.00965057779104, 0.00329921743833]
    min: [0.000464543612907, 0.000503683229908, 0.00061406911118, 0.00844150688499, 0.000371712172637]
    skew: [0, 1.55115088774e-07, -9.38240560799e-08, 0, 0]
    var: [0.00481727300212, 0.000325160217471, 4.51049272669e-05, 1.46185243466e-06, 8.57028680912e-06]
