
metadata:
    version:
        essentia: "2.1-beta3"

Flux:
    dmean: 7.40295445212e-06
    dmean2: 1.12346624519e-05
    dvar: 6.08127992408e-10
    dvar2: 1.30445332314e-09
    kurt: 13.8143978119
    max: 0.000133774621645
    mean: 9.16532462725e-06
    median: 2.69856786872e-06
    min: 8.10961125808e-07
    skew: 3.84323573112
    var: 6.43840314396e-10

Rms:
    dmean: 1.9975198029e-06
    dmean2: 1.98842349164e-06
    dvar: 4.95367427633e-11
    dvar2: 3.66431399113e-11
    kurt: 19.4190635681
    max: 0.000108549334982
    mean: 0.000106227729702
    median: 0.000108098050987
    min: 6.26310647931e-05
    skew: -4.49182605743
    var: 6.53592943656e-11

RollOff:
    dmean: 1.00154435635
    dmean2: 1.025390625
    dvar: 20.5633563995
    dvar2: 21.0285148621
    kurt: 17.0477027893
    max: 753.662109375
    mean: 733.107666016
    median: 732.12890625
    min: 732.12890625
    skew: 4.36437177658
    var: 20.118303299

SpecCent:
    dmean: 5.70288944244
    dmean2: 7.84456968307
    dvar: 62.1846733093
    dvar2: 48.6768608093
    kurt: 15.9894657135
    max: 1244.05224609
    mean: 1188.59265137
    median: 1186.52111816
    min: 1180.71228027
    skew: 3.92989826202
    var: 113.589157104

Zcr:
    dmean: 0.000999273266643
    dmean2: 0.0012090774253
    dvar: 1.05342633105e-05
    dvar2: 9.48267916101e-06
    kurt: 17.3469905853
    max: 0.03271484375
    mean: 0.031793769449
    median: 0.03271484375
    min: 0.0146484375
    skew: -4.35522079468
    var: 1.19232681755e-05

HarmonicAmpFreq:
    dmean: [0.0536513216794]
    dmean2: [0.0549287348986]
    dvar: [0.059016417712]
    dvar2: [0.0603514574468]
    kurt: [17.0371303558]
    max: [719.754333496]
    mean: [719.701599121]
    median: [719.754333496]
    min: [718.587768555]
    skew: [-4.36154079437]
    var: [0.0577391944826]

HarmonicAmpMag:
    dmean: [2.88036267193e-06]
    dmean2: [2.94894289254e-06]
    dvar: [1.94222540828e-10]
    dvar2: [1.9864465628e-10]
    kurt: [26.4215316772]
    max: [8.4711726231e-05]
    mean: [2.81489997178e-06]
    median: [0]
    min: [0]
    skew: [5.17495298386]
    var: [1.89992674371e-10]

MfccCoeff:
    dmean: [0.119657292962, 0.121014975011, 0.0043079466559, 0.114473566413, 0.167127028108, 0.124686665833, 0.0128195118159, 0.105180256069, 0.160927787423, 0.125364080071, 0.0210145469755, 0.0933632105589, 0.15076713264]
    dmean2: [0.122799828649, 0.124223984778, 0.00452750083059, 0.117425829172, 0.171512424946, 0.128140762448, 0.013472057879, 0.107856929302, 0.165151417255, 0.128919690847, 0.0220860075206, 0.0957939475775, 0.154723212123]
    dvar: [0.327129274607, 0.335517257452, 0.000512417289428, 0.296906769276, 0.63824993372, 0.359311074018, 0.00453558750451, 0.247279971838, 0.591783285141, 0.365962356329, 0.0121873533353, 0.191487982869, 0.519408583641]
    dvar2: [0.330805748701, 0.339305639267, 0.00052269094158, 0.30016797781, 0.645428657532, 0.363471031189, 0.00462408689782, 0.249904125929, 0.598438382149, 0.370311588049, 0.0124245937914, 0.193420290947, 0.52524805069]
    kurt: [26.9699764252, 27.1351070404, 37.0363082886, 26.4762268066, 26.9768199921, 27.7367839813, 37.0382156372, 25.7156829834, 26.9767894745, 28.314289093, 37.0383491516, 24.7859230042, 26.9768447876]
    max: [-1134.90185547, 3.56840133667, 0.149444580078, 8.01086425781e-05, -6.103515625e-05, 2.28881835938e-05, -2.67028808594e-05, 3.02061462402, 4.73195266724, 3.766746521, 0.729175567627, -3.0517578125e-05, -3.81469726562e-05]
    mean: [-1135.0222168, 3.44679927826, 0.145172119141, -3.22051548958, -4.74639558792, -3.58804249763, -0.432163238525, 2.91506648064, 4.57025098801, 3.64099407196, 0.708353221416, -2.53789973259, -4.28175830841]
    median: [-1134.90625, 3.56396102905, 0.149124145508, -3.33112716675, -4.90811920166, -3.70879364014, -0.44388961792, 3.016456604, 4.72597503662, 3.76183319092, 0.72758102417, -2.62766265869, -4.42765045166]
    min: [-1138.42004395, 1.14440917969e-05, -6.103515625e-05, -3.33549118042, -4.91432189941, -3.71326446533, -0.44486618042, -5.34057617188e-05, -4.57763671875e-05, -2.28881835938e-05, -2.67028808594e-05, -2.63140869141, -4.43325042725]
    skew: [-5.22376728058, -5.23898696899, -6.18778276443, 5.17975568771, 5.22472047806, 5.2933807373, 6.18798398972, -5.11180448532, -5.22471666336, -5.34588718414, -6.18799686432, 5.02931928635, 5.22472572327]
    var: [0.323226094246, 0.331478238106, 0.000502634095028, 0.293464392424, 0.630625963211, 0.354856222868, 0.00444991653785, 0.244548559189, 0.584714829922, 0.361317783594, 0.0119575355202, 0.189510643482, 0.513205766678]

SpecContrastCoeff:
    dmean: [0.0296450853348, 0.0155420778319, 0.0182912591845, 0.0146139403805, 0.00968340132385, 0.0102695347741]
    dmean2: [0.0466088913381, 0.0272760875523, 0.0260322261602, 0.0211550388485, 0.0154952863231, 0.0132423909381]
    dvar: [0.00126752827782, 9.40322934184e-05, 0.00144278467633, 0.000332106166752, 0.000198810463189, 0.000183401891263]
    dvar2: [0.00210659392178, 0.000300563056953, 0.00160220405087, 0.000416394643253, 0.000334352429491, 0.000230069781537]
    kurt: [12.0421495438, -0.612820148468, 19.2790470123, 11.2226648331, 14.1738929749, 10.3454008102]
    max: [-0.673389732838, -0.863923609257, -0.581348955631, -0.83040034771, -0.861392915249, -0.844830989838]
    mean: [-0.72064948082, -0.889564692974, -0.603916883469, -0.859963595867, -0.88679599762, -0.86313611269]
    median: [-0.716232061386, -0.890927433968, -0.59739279747, -0.856790661812, -0.887736439705, -0.860881686211]
    min: [-0.898829579353, -0.916097164154, -0.811666846275, -0.958747267723, -0.959139704704, -0.928172290325]
    skew: [-3.26760315895, 0.224511608481, -4.4330701828, -3.15903067589, -2.84281301498, -3.0448038578]
    var: [0.00141976994928, 0.00015917402925, 0.00148668780457, 0.000463261181721, 0.000194015781744, 0.000246279902058]

SpecPeakAmp:
    dmean: [2.62342325641e-07, 3.26607647594e-07, 6.94990774264e-07, 2.66015945272e-06, 1.42539636272e-06]
    dmean2: [3.13130612994e-07, 5.02196428442e-07, 1.24652285649e-06, 3.28144096784e-06, 1.81921518561e-06]
    dvar: [7.75760532201e-13, 1.92430395078e-13, 2.55165246571e-13, 1.53867196762e-10, 3.39759193002e-11]
    dvar2: [8.16669540153e-13, 3.27445861224e-13, 5.46697236092e-13, 1.49519244208e-10, 3.54607072872e-11]
    kurt: [16.8552722931, 15.2206058502, -0.307318687439, 38.8422203064, 38.0087013245]
    max: [1.69110189745e-05, 2.96125608656e-06, 2.75915476777e-06, 8.4711726231e-05, 3.91438697989e-05]
    mean: [1.65758228832e-05, 4.19297947474e-07, 1.01437251487e-06, 3.02479156744e-06, 1.4398157191e-06]
    median: [1.677412547e-05, 2.77111439573e-07, 8.12284042695e-07, 1.57728993599e-06, 2.65473289573e-07]
    min: [1.24732378026e-05, 8.45501375579e-08, 3.30820796535e-07, 9.38878130796e-08, 1.0557394603e-07]
    skew: [-4.32441568375, 3.59066510201, 0.672596633434, 6.38316345215, 6.28634977341]
    var: [7.67027988433e-13, 2.33021691136e-13, 3.44198709248e-13, 1.55516322042e-10, 3.34672983771e-11]
