
metadata:
    version:
        essentia: "2.1-beta3"

Flux:
    dmean: 0.000176168003236
    dmean2: 0.000234883409576
    dvar: 3.34214604436e-07
    dvar2: 6.63383616484e-07
    kurt: 9.51356506348
    max: 0.00334261683747
    mean: 0.000232735692407
    median: 1.07828391265e-05
    min: 7.10169661033e-06
    skew: 3.28689146042
    var: 5.39665393262e-07

Rms:
    dmean: 7.3041075666e-05
    dmean2: 5.81673266424e-05
    dvar: 6.15397510728e-08
    dvar2: 2.72546767377e-08
    kurt: 20.9183864594
    max: 0.00242791837081
    mean: 0.00233743526042
    median: 0.00242298119701
    min: 0.000423777062679
    skew: -4.53928756714
    var: 1.15190687211e-07

RollOff:
    dmean: 5.87269163132
    dmean2: 5.5084939003
    dvar: 1040.40332031
    dvar2: 864.664428711
    kurt: 38.6581916809
    max: 968.994140625
    mean: 738.34967041
    median: 732.12890625
    min: 732.12890625
    skew: 6.32919597626
    var: 1228.69165039

SpecCent:
    dmean: 9.51846027374
    dmean2: 11.5624427795
    dvar: 1547.98937988
    dvar2: 1289.96606445
    kurt: 39.3783226013
    max: 1007.64050293
    mean: 726.282836914
    median: 719.789489746
    min: 716.725524902
    skew: 6.40873479843
    var: 1812.78344727

Zcr:
    dmean: 0.00132057885639
    dmean2: 0.0012490915833
    dvar: 1.50591631609e-05
    dvar2: 9.93931098492e-06
    kurt: 17.8209095001
    max: 0.03271484375
    mean: 0.0311957467347
    median: 0.03271484375
    min: 0.00146484375
    skew: -4.23239898682
    var: 3.03185952362e-05

HarmonicAmpFreq:
    dmean: [1.57864522934]
    dmean2: [1.60091388226]
    dvar: [105.217750549]
    dvar2: [105.672157288]
    kurt: [40.0162963867]
    max: [718.765075684]
    mean: [717.207885742]
    median: [718.765075684]
    min: [649.3046875]
    skew: [-6.48173618317]
    var: [104.799751282]

HarmonicAmpMag:
    dmean: [8.78168211784e-05]
    dmean2: [0.000134828092996]
    dvar: [1.61947809829e-07]
    dvar2: [4.15986590951e-07]
    kurt: [40.0224609375]
    max: [0.00193366734311]
    mean: [4.30458167102e-05]
    median: [0]
    min: [0]
    skew: [6.48246240616]
    var: [8.12377436432e-08]

MfccCoeff:
    dmean: [2.11826682091, 2.31202197075, 0.755991876125, 0.781625032425, 1.36989605427, 0.965328395367, 0.236050695181, 0.570755541325, 0.754270970821, 0.489548802376, 0.116992428899, 0.572441637516, 0.740922152996]
    dmean2: [2.97613382339, 3.27657914162, 1.14839351177, 0.915843605995, 1.71399438381, 1.22125732899, 0.328708022833, 0.541071534157, 0.680240631104, 0.399130582809, 0.130746886134, 0.399460375309, 0.480754137039]
    dvar: [93.0921401978, 111.194511414, 11.3620519638, 14.9490966797, 43.3836212158, 22.7036685944, 0.798310518265, 7.56760883331, 13.3930053711, 5.71231985092, 0.298255056143, 4.59400749207, 8.18293857574]
    dvar2: [208.830825806, 253.315841675, 29.125246048, 21.5613384247, 74.02709198, 39.3415908813, 1.82224845886, 6.34596920013, 9.81837749481, 3.22678136826, 0.333644837141, 2.56079673767, 4.16464042664]
    kurt: [23.8993682861, 25.7687683105, 39.7574920654, 32.7258033752, 26.5420665741, 26.6353855133, 20.7623825073, 33.3545074463, 35.5640830994, 35.6934585571, 35.1733360291, 21.9115772247, 24.4654197693]
    max: [-1082.96630859, 59.8842849731, 16.265411377, 8.01086425781e-05, -6.103515625e-05, 2.28881835938e-05, -2.67028808594e-05, 19.5325870514, 27.8058738708, 19.8608951569, 4.20049667358, -3.0517578125e-05, -3.81469726562e-05]
    mean: [-1117.49926758, 21.060710907, 0.523473441601, -19.9405422211, -28.4325408936, -20.2640075684, -0.571561574936, 18.9328689575, 26.9801845551, 19.2846088409, 0.798905193806, -17.4736595154, -25.0601234436]
    median: [-1117.74694824, 20.7099113464, 0.149078369141, -20.3716239929, -28.8761558533, -20.5380477905, -0.443813323975, 19.5318851471, 27.8051109314, 19.8605289459, 0.727458953857, -18.2112884521, -26.049571991]
    min: [-1138.42004395, 1.14440917969e-05, -6.103515625e-05, -25.3712844849, -42.3171081543, -30.5887718201, -4.18980026245, -5.34057617188e-05, -4.57763671875e-05, -2.28881835938e-05, -2.67028808594e-05, -18.2120056152, -26.0502891541]
    skew: [3.22217988968, 3.78473210335, 6.45214223862, 5.5311293602, 4.15875482559, 4.05375766754, -4.64675521851, -5.79294252396, -6.00083017349, -6.02290916443, 5.84573841095, 4.63644599915, 4.91268205643]
    var: [36.5128364563, 43.6682624817, 5.64946603775, 9.94941520691, 22.7981262207, 11.6174182892, 0.432959914207, 8.88369178772, 17.4829216003, 8.91929912567, 0.279628247023, 9.3273267746, 18.2051792145]

SpecContrastCoeff:
    dmean: [0.0482179038227, 0.0248749796301, 0.0278122201562, 0.0110381450504, 0.00835613999516, 0.00646141730249]
    dmean2: [0.0886095315218, 0.0464905314147, 0.0353424213827, 0.0198917742819, 0.0144588435069, 0.0104999169707]
    dvar: [0.00116021244321, 0.000582139415201, 0.0029385171365, 5.543491352e-05, 4.7220801207e-05, 3.40433725796e-05]
    dvar2: [0.00261546089314, 0.00129057723098, 0.00207503861748, 0.000121572607895, 8.50090145832e-05, 5.45664261153e-05]
    kurt: [3.18256425858, 6.94200515747, 20.2928695679, -0.0208413600922, 2.16559648514, 9.58765602112]
    max: [-0.759708166122, -0.831879854202, -0.445635586977, -0.910703480244, -0.910659790039, -0.910812079906]
    mean: [-0.824661016464, -0.943352520466, -0.480764210224, -0.935111343861, -0.926907241344, -0.9240680933]
    median: [-0.831258237362, -0.951061487198, -0.463906437159, -0.936927258968, -0.925804615021, -0.922863781452]
    min: [-0.977562129498, -0.978667318821, -0.95473253727, -0.951711595058, -0.957555949688, -0.967804133892]
    skew: [-1.12216579914, 2.53555059433, -4.48045778275, 0.538171410561, -1.18456947803, -2.81097173691]
    var: [0.00165400118567, 0.000835717539303, 0.00721788266674, 7.43239725125e-05, 9.49074383243e-05, 9.69911998254e-05]

SpecPeakAmp:
    dmean: [8.91307427082e-05, 2.22236326408e-06, 2.06680897463e-06, 1.94924427888e-06, 1.86001227576e-06]
    dmean2: [0.000136743241455, 3.59968566954e-06, 3.31230467054e-06, 3.10959467242e-06, 3.01068712361e-06]
    dvar: [1.60092028523e-07, 3.6707969997e-11, 3.31874354387e-11, 2.95864548139e-11, 2.71723095413e-11]
    dvar2: [4.10280620144e-07, 9.2490883008e-11, 8.28326851554e-11, 7.40703678948e-11, 6.78461800629e-11]
    kurt: [40.0164337158, 37.3519020081, 37.944190979, 37.2012939453, 37.6610794067]
    max: [0.00193366734311, 3.10884061037e-05, 2.95738645946e-05, 2.78283914668e-05, 2.67232517217e-05]
    mean: [5.89311384829e-05, 2.24692166739e-06, 2.17457863982e-06, 2.21605318984e-06, 2.27241275752e-06]
    median: [1.67419857462e-05, 1.63728248026e-06, 1.62919991453e-06, 1.58206023571e-06, 1.79862433924e-06]
    min: [3.39440384778e-06, 6.40459006718e-07, 3.61782809932e-07, 2.5390522751e-07, 1.96103087546e-07]
    skew: [6.48174571991, 6.17809247971, 6.24004650116, 6.16131258011, 6.20574998856]
    var: [7.98839394633e-08, 1.95233256645e-11, 1.74906322065e-11, 1.54255393181e-11, 1.39776081334e-11]
