
metadata:
    version:
        essentia: "2.1-beta3"

Flux:
    dmean: 0.00398263940588
    dmean2: 0.00529464893043
    dvar: 0.000167378675542
    dvar2: 0.00033125578193
    kurt: 9.52337360382
    max: 0.0749532058835
    mean: 0.00511632347479
    median: 0.000149500265252
    min: 1.48165754581e-05
    skew: 3.2878010273
    var: 0.000271631201031

Rms:
    dmean: 0.00163571117446
    dmean2: 0.00130280607846
    dvar: 3.09042079607e-05
    dvar2: 1.37125962283e-05
    kurt: 20.9988651276
    max: 0.0543413460255
    mean: 0.0523204952478
    median: 0.0542409569025
    min: 0.00942791998386
    skew: -4.54705047607
    var: 5.77451282879e-05

RollOff:
    dmean: 5.38330078125
    dmean2: 5.0077214241
    dvar: 845.686950684
    dvar2: 686.615844727
    kurt: 38.3793106079
    max: 947.4609375
    mean: 737.87109375
    median: 732.12890625
    min: 732.12890625
    skew: 6.29871559143
    var: 1018.03265381

SpecCent:
    dmean: 6.2685213089
    dmean2: 8.63873004913
    dvar: 411.863006592
    dvar2: 346.589996338
    kurt: 39.1640853882
    max: 865.696594238
    mean: 721.863525391
    median: 718.779785156
    min: 715.797485352
    skew: 6.38159179688
    var: 474.951263428

Zcr:
    dmean: 0.0013427734375
    dmean2: 0.00129451311659
    dvar: 1.50108880916e-05
    dvar2: 9.86813211057e-06
    kurt: 17.8256072998
    max: 0.03271484375
    mean: 0.0311848949641
    median: 0.03271484375
    min: 0.00146484375
    skew: -4.23262929916
    var: 3.0290817449e-05

HarmonicAmpFreq:
    dmean: [2.43699502945]
    dmean2: [2.85352993011]
    dvar: [185.346008301]
    dvar2: [189.207260132]
    kurt: [39.9348220825]
    max: [718.763916016]
    mean: [715.971130371]
    median: [717.752685547]
    min: [626.315063477]
    skew: [-6.47203874588]
    var: [182.87387085]

HarmonicAmpMag:
    dmean: [0.0268178340048]
    dmean2: [0.0524602048099]
    dvar: [0.00119811901823]
    dvar2: [0.00258435029536]
    kurt: [-0.949181318283]
    max: [0.0737489461899]
    mean: [0.0534042306244]
    median: [0.0737368911505]
    min: [0]
    skew: [-1.00854408741]
    var: [0.00105667870957]

MfccCoeff:
    dmean: [14.5631408691, 10.9637308121, 5.25743103027, 4.73156404495, 2.68716287613, 2.76037049294, 4.43162202835, 5.27063798904, 3.87780213356, 1.70183634758, 1.76553034782, 2.27547550201, 1.95745384693]
    dmean2: [22.1981067657, 17.1991462708, 9.7442779541, 7.95921850204, 3.75724577904, 4.63272619247, 8.25395584106, 8.49362468719, 5.70348787308, 2.01009821892, 3.25632572174, 3.53339552879, 2.43519568443]
    dvar: [2586.91259766, 773.522521973, 8.24505519867, 13.7520456314, 23.0097064972, 12.6755714417, 4.67332839966, 11.0171346664, 29.9086017609, 21.6875858307, 1.35917937756, 10.6127405167, 28.630033493]
    dvar2: [6359.83642578, 1783.04504395, 21.8129787445, 16.7846813202, 8.01611995697, 15.9335126877, 16.0757675171, 18.0522098541, 27.0445365906, 22.6886520386, 3.31074953079, 10.1402025223, 27.7874011993]
    kurt: [36.0763244629, 27.2139167786, 0.63457942009, 17.7056541443, 24.8879127502, 17.4962501526, -1.51096510887, 15.9007225037, 18.0745410919, 18.3028049469, 5.02652931213, 13.902431488, 16.1219711304]
    max: [-857.116210938, 172.494094849, 16.061340332, -8.35535812378, -16.284740448, -15.1613235474, -2.28809738159, 39.7152061462, 59.1654319763, 43.9796981812, 8.04665756226, -1.6153717041, -0.801727294922]
    mean: [-1083.65637207, 53.6015014648, 4.32879686356, -41.955329895, -62.331363678, -46.6047325134, -6.39800596237, 34.2148780823, 52.3807182312, 39.9118347168, 6.28006267548, -27.8582248688, -43.481388092]
    median: [-1089.85913086, 49.5319328308, 3.16134643555, -43.5393753052, -64.0725326538, -48.3896141052, -6.4515838623, 35.1259269714, 54.5543479919, 41.5269622803, 6.86610794067, -28.8524742126, -45.5021934509]
    min: [-1120.06433105, 20.1974601746, -0.577770233154, -51.6677017212, -73.8224487305, -52.6739616394, -9.87780761719, -0.561508178711, 3.04033279419, 2.30129241943, -0.227954864502, -30.8681907654, -46.3613548279]
    skew: [6.01898097992, 4.95565319061, 0.896555900574, 3.63866758347, 4.72090101242, 4.18956899643, 0.189342111349, -3.63131189346, -4.24309778214, -4.32616424561, -1.94227206707, 3.78171229362, 4.09721136093]
    var: [1224.55847168, 386.573791504, 12.3394880295, 37.3515625, 60.5847854614, 36.159992218, 7.07770061493, 42.7836875916, 84.8801803589, 49.2866325378, 2.49720335007, 28.2333927155, 68.6132202148]

SpecContrastCoeff:
    dmean: [0.0252722129226, 0.0317701511085, 0.0327953919768, 0.0125140910968, 0.00974581856281, 0.012896171771]
    dmean2: [0.0471864752471, 0.0589955635369, 0.0378983914852, 0.0232132207602, 0.0192709881812, 0.0252001639456]
    dvar: [0.000630765280221, 0.00125417998061, 0.00511190015823, 7.66191224102e-05, 8.68024580996e-05, 0.000141746160807]
    dvar2: [0.00144559249748, 0.0026814902667, 0.00285486434586, 0.000179850394488, 0.000186847115401, 0.000342133629601]
    kurt: [1.47359752655, 8.74315166473, 23.4381999969, 2.47021055222, 1.46633625031, 0.889873743057]
    max: [-0.884670078754, -0.766921162605, -0.269653469324, -0.898410797119, -0.920685529709, -0.922398269176]
    mean: [-0.951012015343, -0.935551047325, -0.309017300606, -0.939878821373, -0.952422440052, -0.95369374752]
    median: [-0.960735917091, -0.947943389416, -0.287399381399, -0.944851517677, -0.957599580288, -0.959745168686]
    min: [-0.981112778187, -0.975355029106, -0.938827633858, -0.950610637665, -0.959676921368, -0.961690306664]
    skew: [1.52685832977, 2.97379016876, -4.78613471985, 1.57358324528, 1.60798239708, 1.49127805233]
    var: [0.000528272474185, 0.00178387283813, 0.0117292944342, 0.000149297033204, 0.000101458346762, 0.000124699203297]

SpecPeakAmp:
    dmean: [0.00198868755251, 4.29825886386e-05, 0.0167624522001, 0.0234793554991, 0.0402267947793]
    dmean2: [0.00305616436526, 6.50239308015e-05, 0.0342587530613, 0.0480305925012, 0.0823075547814]
    dvar: [8.14248487586e-05, 1.37709070813e-08, 0.000951675348915, 0.00117632106412, 0.00134436681401]
    dvar2: [0.000209028250538, 3.37658541127e-08, 0.00260838982649, 0.00274546421133, 0.00307821296155]
    kurt: [40.0222740173, 37.422290802, 4.12483453751, 0.249968767166, -1.83332753181]
    max: [0.0434050410986, 0.000616108707618, 0.0737489461899, 0.0737487897277, 0.0737484022975]
    mean: [0.00100021564867, 4.39508075942e-05, 0.00823750253767, 0.0148001844063, 0.029536485672]
    median: [3.81938079954e-05, 3.20835970342e-05, 3.90903624066e-05, 6.06322610111e-05, 6.30148279015e-05]
    min: [9.73762598733e-06, 6.98773646945e-06, 7.10952872396e-06, 4.9443460739e-06, 3.82181178793e-06]
    skew: [6.48243999481, 6.17955541611, 2.47481560707, 1.49997663498, 0.408237159252]
    var: [4.08677005908e-05, 7.67629337872e-09, 0.000536291569006, 0.000868439266924, 0.00130281213205]
