
metadata:
    version:
        essentia: "2.1-beta3"

Flux:
    dmean: 0.00282633746974
    dmean2: 0.00369819649495
    dvar: 8.39775602799e-05
    dvar2: 0.00016397915897
    kurt: 9.71802520752
    max: 0.0537060089409
    mean: 0.00360231008381
    median: 8.50623473525e-05
    min: 8.39140557218e-06
    skew: 3.31020522118
    var: 0.000136720074806

Rms:
    dmean: 0.00122765672859
    dmean2: 0.000977362273261
    dvar: 1.48061135405e-05
    dvar2: 6.43285557089e-06
    kurt: 20.8188076019
    max: 0.0385538972914
    mean: 0.0370101295412
    median: 0.0383329726756
    min: 0.00709920329973
    skew: -4.52681970596
    var: 2.8207885407e-05

RollOff:
    dmean: 9.78781986237
    dmean2: 9.51467132568
    dvar: 3339.63745117
    dvar2: 3047.39038086
    kurt: 39.559173584
    max: 753.662109375
    mean: 354.580078125
    median: 344.53125
    min: 344.53125
    skew: 6.42932271957
    var: 3639.36376953

SpecCent:
    dmean: 21.0081062317
    dmean2: 20.1033802032
    dvar: 10918.6240234
    dvar2: 8279.25683594
    kurt: 38.775592804
    max: 1134.59973145
    mean: 359.062896729
    median: 339.273956299
    min: 335.906677246
    skew: 6.34498500824
    var: 13872.7080078

Zcr:
    dmean: 0.000710227293894
    dmean2: 0.000783521099947
    dvar: 3.26692520503e-06
    dvar2: 1.95325242203e-06
    kurt: 18.483297348
    max: 0.015625
    mean: 0.0147352432832
    median: 0.01513671875
    min: 0.00048828125
    skew: -4.27588796616
    var: 6.79534286974e-06

HarmonicAmpFreq:
    dmean: [0.0438329540193]
    dmean2: [0.0419389605522]
    dvar: [0.0286083649844]
    dvar2: [0.023247083649]
    kurt: [18.5764160156]
    max: [340.412506104]
    mean: [340.362579346]
    median: [340.405639648]
    min: [339.399810791]
    skew: [-4.47475719452]
    var: [0.0344662666321]

HarmonicAmpMag:
    dmean: [0.00210192031227]
    dmean2: [0.00162424112204]
    dvar: [6.166480307e-05]
    dvar2: [4.25104954047e-05]
    kurt: [15.6305007935]
    max: [0.05332878232]
    mean: [0.0507661700249]
    median: [0.0533177256584]
    min: [0]
    skew: [-4.06512403488]
    var: [0.000100776895124]

MfccCoeff:
    dmean: [13.5169210434, 6.57050800323, 2.47031211853, 1.74986338615, 1.54835307598, 1.89680862427, 2.36133360863, 2.57344722748, 2.43361473083, 2.06960058212, 1.42709648609, 0.652515947819, 0.864840447903]
    dmean2: [19.9645519257, 9.08141040802, 3.089666605, 2.31613326073, 2.31252169609, 2.36949896812, 2.81014084816, 3.22508621216, 2.97462630272, 2.56435012817, 1.73902416229, 1.09017324448, 1.32087552547]
    dvar: [3036.29516602, 466.112915039, 19.4585285187, 4.57345056534, 3.12200713158, 8.47871017456, 24.833656311, 43.2120895386, 46.22813797, 33.0889015198, 12.1119022369, 1.25292932987, 7.23994922638]
    dvar2: [7562.64453125, 1024.74682617, 14.9143333435, 3.40731167793, 5.49729633331, 6.92908573151, 22.5394992828, 47.9582748413, 48.5976448059, 34.9472045898, 11.7292928696, 2.50060105324, 11.3897037506]
    kurt: [36.8571052551, 15.9766559601, 11.5962820053, 10.0773878098, 4.58246421814, 20.8043212891, 20.6759548187, 18.3507785797, 17.5724811554, 16.5231132507, 17.2138175964, 16.0204391479, 10.7403268814]
    max: [-841.514892578, 142.05670166, 73.9916687012, 36.1585578918, -1.40698242188, -7.25759124756, -8.69073486328, -7.27337646484, -4.21733093262, -1.03939056396, 1.06381607056, 1.61667633057, 19.6821212769]
    mean: [-1082.26452637, 66.9332504272, 46.6294174194, 20.8597011566, -7.97713756561, -33.8574447632, -52.5068130493, -60.6574363708, -57.6087036133, -44.5795402527, -24.7982826233, -2.37726807594, 18.2950954437]
    median: [-1088.18139648, 64.5815505981, 46.4328346252, 20.2546424866, -8.8062286377, -35.4075126648, -54.6865005493, -63.3719024658, -60.3809585571, -46.7227783203, -25.9212703705, -2.40661621094, 19.4168777466]
    min: [-1124.70703125, 17.2855033875, 11.645111084, 4.25899124146, -13.2038879395, -36.8280754089, -58.1399765015, -67.2600860596, -63.7169418335, -49.6385192871, -29.0173854828, -6.63286590576, 0.903366088867]
    skew: [6.08862924576, 2.44311547279, -1.61161398888, -0.665551424026, 1.17692565918, 4.50331163406, 4.56010580063, 4.34269475937, 4.24088430405, 4.12176513672, 4.14248418808, -0.376264899969, -3.45635342598]
    var: [1369.31689453, 215.026535034, 60.2692718506, 15.6972951889, 3.19380354881, 22.5216636658, 62.1351013184, 100.260307312, 101.440841675, 69.541809082, 23.4350509644, 0.825916051865, 16.2677059174]

SpecContrastCoeff:
    dmean: [0.0327407084405, 0.0335252657533, 0.0107650700957, 0.00930103752762, 0.00953505933285, 0.0188569501042]
    dmean2: [0.0622632019222, 0.0303323715925, 0.0152388205752, 0.0149682471529, 0.0156448185444, 0.0325353071094]
    dvar: [0.00161310692783, 0.00593304354697, 9.5118979516e-05, 0.000177336100023, 0.000244742113864, 0.000389051827369]
    dvar2: [0.00347685674205, 0.00318329734728, 0.000108104555693, 0.000230261968682, 0.000346085842466, 0.000796171894763]
    kurt: [7.15927696228, 21.7253074646, 6.1129617691, 12.9481754303, 15.498840332, 3.25111961365]
    max: [-0.752857387066, -0.228845983744, -0.886292159557, -0.883332908154, -0.87279766798, -0.875190973282]
    mean: [-0.924199223518, -0.27731525898, -0.949580729008, -0.958586454391, -0.957599818707, -0.94892758131]
    median: [-0.940439999104, -0.251276284456, -0.956586480141, -0.965135335922, -0.963926494122, -0.95847594738]
    min: [-0.960659265518, -0.983772277832, -0.959775328636, -0.965948820114, -0.96489751339, -0.96210205555]
    skew: [2.76346206665, -4.62166404724, 2.4462082386, 3.42623758316, 3.73026919365, 1.92365241051]
    var: [0.00198483560234, 0.0154072763398, 0.00024925955222, 0.000224584480748, 0.000256728992099, 0.000378252676455]

SpecPeakAmp:
    dmean: [0.00144514627755, 3.13829805236e-05, 0.029032504186, 0.0269795190543, 0.00730465957895]
    dmean2: [0.00221560802311, 4.32558481407e-05, 0.058199301362, 0.0548447445035, 0.0149252805859]
    dvar: [4.28710518463e-05, 6.46507469781e-09, 0.000700417673215, 0.000696194882039, 0.000333937554387]
    dvar2: [0.000110131637484, 1.56594275325e-08, 0.0012882106239, 0.00095749553293, 0.000967502361163]
    kurt: [40.0204849243, 22.4902172089, -1.83314728737, -1.97204291821, 10.0701589584]
    max: [0.0314931795001, 0.000403046782594, 0.0533280707896, 0.05332878232, 0.0533245503902]
    mean: [0.000733675202355, 4.4079250074e-05, 0.0213415380567, 0.0252287201583, 0.00359578500502]
    median: [3.37006385962e-05, 3.10870927933e-05, 2.97699152725e-05, 0.000383947801311, 3.01554409816e-05]
    min: [7.21963760952e-06, 1.46525389937e-05, 1.26870745589e-05, 9.36830838327e-06, 6.69111113893e-06]
    skew: [6.48222875595, 4.75645971298, 0.408283978701, 0.11767590791, 3.47410154343]
    var: [2.15039053728e-05, 3.97136545871e-09, 0.00067939562723, 0.000695085094776, 0.000176605812158]
