
metadata:
    version:
        essentia: "2.1-beta3"

Flux:
    dmean: 0.0357922166586
    dmean2: 0.0474839098752
    dvar: 0.0135695990175
    dvar2: 0.02618355304
    kurt: 9.37608337402
    max: 0.692189633846
    mean: 0.0470671281219
    median: 0.00139554147609
    min: 9.28185982048e-05
    skew: 3.26481986046
    var: 0.0229234881699

Rms:
    dmean: 0.0149937923998
    dmean2: 0.0119781913236
    dvar: 0.00260953069665
    dvar2: 0.00116395275109
    kurt: 21.2360610962
    max: 0.500664234161
    mean: 0.482170134783
    median: 0.499777674675
    min: 0.0872396454215
    skew: -4.57015419006
    var: 0.00486371107399

RollOff:
    dmean: 4.89390993118
    dmean2: 4.50694942474
    dvar: 671.567932129
    dvar2: 529.632141113
    kurt: 38.0068016052
    max: 925.927734375
    mean: 737.39251709
    median: 732.12890625
    min: 732.12890625
    skew: 6.25828742981
    var: 827.523620605

SpecCent:
    dmean: 4.3807759285
    dmean2: 6.91072130203
    dvar: 77.3316345215
    dvar2: 70.2276611328
    kurt: 36.8758888245
    max: 780.142822266
    mean: 719.775878906
    median: 718.383972168
    min: 715.797485352
    skew: 6.10620927811
    var: 86.0355606079

Zcr:
    dmean: 0.00133167614695
    dmean2: 0.00126044696663
    dvar: 1.5392777641e-05
    dvar2: 9.92744480754e-06
    kurt: 17.5038318634
    max: 0.03271484375
    mean: 0.0311848949641
    median: 0.03271484375
    min: 0.00146484375
    skew: -4.20225954056
    var: 3.0640494515e-05

HarmonicAmpFreq:
    dmean: [1.9567565918]
    dmean2: [2.03369283676]
    dvar: [159.280288696]
    dvar2: [163.304931641]
    kurt: [39.9987983704]
    max: [718.762634277]
    mean: [715.918579102]
    median: [717.750671387]
    min: [633.16583252]
    skew: [-6.479637146]
    var: [155.680145264]

HarmonicAmpMag:
    dmean: [0.0309426318854]
    dmean2: [0.0410625226796]
    dvar: [0.0149403661489]
    dvar2: [0.021934190765]
    kurt: [8.71202754974]
    max: [0.679480552673]
    mean: [0.62795394659]
    median: [0.679406404495]
    min: [0]
    skew: [-3.22800683975]
    var: [0.0298208873719]

MfccCoeff:
    dmean: [33.4959564209, 26.3380184174, 37.8884010315, 6.5413403511, 7.72053194046, 5.59050321579, 2.74022579193, 2.70878958702, 3.03254914284, 2.85204863548, 1.08638620377, 1.63293504715, 1.98824882507]
    dmean2: [53.4031677246, 46.0124816895, 70.3489532471, 11.3011264801, 12.6914901733, 10.0537996292, 4.47309827805, 3.56224870682, 4.27891731262, 3.88651514053, 1.63941121101, 2.59821939468, 2.47699284554]
    dvar: [5511.46630859, 292.403076172, 395.797821045, 41.497177124, 52.4762840271, 24.9759635925, 3.10531401634, 16.8415546417, 36.365032196, 21.8399219513, 2.78906846046, 12.5133266449, 26.392950058]
    dvar2: [13171.2441406, 833.938415527, 1427.20324707, 70.9234466553, 92.1101913452, 50.0446205139, 7.18368053436, 18.6370925903, 38.2808570862, 19.0694217682, 2.91198444366, 18.9975566864, 24.5217876434]
    kurt: [21.3325595856, 1.82301187515, -1.25515639782, 5.67021846771, 5.88423919678, 7.33887195587, 1.3862490654, 17.0501480103, 17.030954361, 19.7843666077, 25.2403736115, 10.6897764206, 15.0672016144]
    max: [-651.238098145, 209.72177124, 33.921787262, -31.2343215942, -34.4979515076, -19.9112930298, -2.08459091187, 40.7099266052, 56.6827125549, 41.079284668, 6.29028701782, -7.31907653809, -1.51842498779]
    mean: [-957.936523438, 143.724716187, -1.44119298458, -61.4398918152, -73.327041626, -48.3230667114, -5.20013475418, 33.6191444397, 50.2733230591, 37.4224281311, 5.09893989563, -27.6372528076, -42.3269729614]
    median: [-964.037597656, 147.402099609, -1.73400878906, -61.0058059692, -73.4624023438, -49.7412528992, -4.70519638062, 35.2777137756, 52.4579658508, 39.0978927612, 5.52792739868, -28.6861381531, -44.2561912537]
    min: [-1018.80566406, 111.167022705, -40.6788749695, -78.1891860962, -88.5693511963, -60.3855857849, -12.4675064087, 1.16419219971, 2.72689437866, -2.9513092041, -8.20314979553, -31.6588859558, -46.6661911011]
    skew: [4.54939699173, 0.528409361839, -0.0119150681421, 1.5819286108, 1.78407335281, 2.21919846535, -1.28543806076, -3.93462324142, -4.12105178833, -4.38587617874, -4.81231975555, 3.42916822433, 3.96191215515]
    var: [2966.76464844, 337.016571045, 544.534057617, 67.652923584, 87.5850830078, 47.1875915527, 6.13434457779, 36.3599281311, 80.5676879883, 52.9036026001, 4.98136615753, 22.3683300018, 64.9212722778]

SpecContrastCoeff:
    dmean: [0.0402280949056, 0.0426458008587, 0.03299889341, 0.0154341300949, 0.0107352742925, 0.0071157081984]
    dmean2: [0.0768374577165, 0.0781578943133, 0.0350963287055, 0.0285902637988, 0.0202616136521, 0.0132144149393]
    dvar: [0.00157233292703, 0.00249454309233, 0.0091512594372, 0.000157487869728, 0.000133936395287, 0.000132804183522]
    dvar2: [0.00360812828876, 0.00580598553643, 0.00444765342399, 0.000307906797389, 0.000296688755043, 0.000362957536709]
    kurt: [1.36479854584, 7.56888103485, 27.9188728333, 7.94352436066, 4.92977333069, 5.10737133026]
    max: [-0.857117056847, -0.705699920654, -0.093987442553, -0.848021626472, -0.88903003931, -0.91411203146]
    mean: [-0.960869789124, -0.917477011681, -0.132225826383, -0.924655377865, -0.942688822746, -0.951642096043]
    median: [-0.979330539703, -0.936011373997, -0.104676537216, -0.931629300117, -0.94940072298, -0.955573320389]
    min: [-0.986513078213, -0.966951727867, -0.919748961926, -0.938027739525, -0.950560748577, -0.957609593868]
    skew: [1.62579011917, 2.84277176857, -5.21990537643, 2.70244312286, 2.29097247124, 2.4790854454]
    var: [0.00137002940755, 0.00292964885011, 0.0167260598391, 0.000364253966836, 0.000182808478712, 9.94255242404e-05]

SpecPeakAmp:
    dmean: [0.000801163667347, 0.203465461731, 0.216092363, 0.0312423221767, 0.031180690974]
    dmean2: [0.00127900589723, 0.407019048929, 0.441848397255, 0.0637789964676, 0.0636934936047]
    dvar: [8.52120956552e-06, 0.0915914773941, 0.0998160392046, 0.0199839193374, 0.0200047921389]
    dvar2: [2.19752782868e-05, 0.27292534709, 0.254370570183, 0.0603028461337, 0.0603373646736]
    kurt: [39.5972862244, 2.03209543228, -0.886306762695, 40.0192146301, 40.0192871094]
    max: [0.0147032598034, 0.679462373257, 0.679480552673, 0.67942661047, 0.67940723896]
    mean: [0.000621194252744, 0.0999344736338, 0.498472183943, 0.0156230432913, 0.0153338499367]
    median: [0.000308744318318, 0.000550044409465, 0.679388284683, 0.000480354967294, 9.24646374187e-05]
    min: [2.46422969212e-05, 0.000120609678561, 6.52517555864e-05, 4.42872769781e-05, 3.34908363584e-05]
    skew: [6.43237543106, 1.98662078381, -1.05530560017, 6.48207569122, 6.48208808899]
    var: [4.52940503237e-06, 0.0551338046789, 0.0900367945433, 0.0100148459896, 0.0100229820237]
