
metadata:
    version:
        essentia: "2.1-beta3"

Flux:
    dmean: 0.0198393464088
    dmean2: 0
    dvar: 0
    dvar2: 0
    kurt: -2
    max: 0.420541256666
    mean: 0.410621583462
    median: 0.410621583462
    min: 0.400701910257
    skew: 0
    var: 9.8399919807e-05

Rms:
    dmean: 0
    dmean2: 0
    dvar: 0
    dvar2: 0
    kurt: 0
    max: 0.14438867569
    mean: 0.14438867569
    median: 0.14438867569
    min: 0.14438867569
    skew: 0
    var: 0

RollOff:
    dmean: 258.3984375
    dmean2: 0
    dvar: 0
    dvar2: 0
    kurt: -1.99999988079
    max: 1291.9921875
    mean: 1162.79296875
    median: 1162.79296875
    min: 1033.59375
    skew: 0
    var: 16692.4375

SpecCent:
    dmean: 267.856445312
    dmean2: 0
    dvar: 0
    dvar2: 0
    kurt: -2
    max: 1182.34558105
    mean: 1048.4173584
    median: 1048.4173584
    min: 914.489135742
    skew: 0
    var: 17936.7695312

Zcr:
    dmean: 0
    dmean2: 0
    dvar: 0
    dvar2: 0
    kurt: 0
    max: 0.0126953125
    mean: 0.0126953125
    median: 0.0126953125
    min: 0.0126953125
    skew: 0
    var: 0

HarmonicAmpFreq:
    dmean: [34.1452636719]
    dmean2: [0]
    dvar: [0]
    dvar2: [0]
    kurt: [-2]
    max: [934.928466797]
    mean: [917.855834961]
    median: [917.855834961]
    min: [900.783203125]
    skew: [0]
    var: [291.474761963]

HarmonicAmpMag:
    dmean: [0.119482032955]
    dmean2: [0]
    dvar: [0]
    dvar2: [0]
    kurt: [-2]
    max: [0.119482032955]
    mean: [0.0597410164773]
    median: [0.0597410164773]
    min: [0]
    skew: [0]
    var: [0.0035689889919]

MfccCoeff:
    dmean: [416.518554688, 12.043838501, 26.6050834656, 58.6371154785, 8.76605987549, 44.2571487427, 35.0180664062, 3.93665504456, 21.7775096893, 8.29371261597, 11.8006849289, 12.2640399933, 3.2626914978]
    dmean2: [0, 0, 0, 0, 0, 0, 0, 0, 0, 0, 0, 0, 0]
    dvar: [0, 0, 0, 0, 0, 0, 0, 0, 0, 0, 0, 0, 0]
    dvar2: [0, 0, 0, 0, 0, 0, 0, 0, 0, 0, 0, 0, 0]
    kurt: [-2, -1.99999988079, -1.99999988079, -1.99999988079, -2, -1.99999988079, -2, -2, -1.99999988079, -2, -2, -2, -1.99999988079]
    max: [-568.662597656, 105.168556213, -49.8098640442, -63.8986282349, -50.2838439941, 21.971206665, 38.6450424194, 13.8752098083, 3.43764305115, -8.16254043579, -1.88122177124, 3.46297454834, 0.489212036133]
    mean: [-776.921875, 99.1466369629, -63.1124038696, -93.2171859741, -54.6668739319, -0.157368659973, 21.1360092163, 11.9068822861, -7.45111179352, -12.3093967438, -7.78156423569, -2.6690454483, -1.14213371277]
    median: [-776.921875, 99.1466369629, -63.1124038696, -93.2171859741, -54.6668739319, -0.157368659973, 21.1360092163, 11.9068822861, -7.45111179352, -12.3093967438, -7.78156423569, -2.6690454483, -1.14213371277]
    min: [-985.181152344, 93.1247177124, -76.4149475098, -122.535743713, -59.0499038696, -22.285943985, 3.62697792053, 9.93855476379, -18.3398666382, -16.4562530518, -13.6819067001, -8.80106544495, -2.77347946167]
    skew: [0, 0, -4.14854838482e-07, 0, 0, 0, 1.81933870635e-07, 0, 0, 0, 0, 0, 0]
    var: [43371.9257812, 36.2635116577, 176.957611084, 859.577819824, 19.2109508514, 489.673797607, 306.566223145, 3.87431311607, 118.564979553, 17.1964168549, 34.8140411377, 37.6016693115, 2.66128897667]

SpecContrastCoeff:
    dmean: [0.156895160675, 0.126533508301, 0.0244519114494, 0.247585594654, 0.0182512402534, 0.0267416834831]
    dmean2: [0, 0, 0, 0, 0, 0]
    dvar: [0, 0, 0, 0, 0, 0]
    dvar2: [0, 0, 0, 0, 0, 0]
    kurt: [-2, -2, -2, -2, -2, -2]
    max: [-0.729695498943, -0.748790502548, -0.732086241245, -0.576842963696, -0.9183203578, -0.93068087101]
    mean: [-0.808143079281, -0.812057256699, -0.744312167168, -0.700635790825, -0.927446007729, -0.944051742554]
    median: [-0.808143079281, -0.812057256699, -0.744312167168, -0.700635790825, -0.927446007729, -0.944051742554]
    min: [-0.886590659618, -0.875324010849, -0.756538152695, -0.82442855835, -0.936571598053, -0.957422554493]
    skew: [0, 0, -7.30970032237e-06, 7.05702802861e-07, 9.79860669759e-06, 6.6582783802e-06]
    var: [0.00615402264521, 0.004002682399, 0.000149473999045, 0.0153246568516, 8.32769437693e-05, 0.000178779417183]

SpecPeakAmp:
    dmean: [0.11943680793, 0.060338512063, 0.032341580838, 0.0180988945067, 0.0122176716104]
    dmean2: [0, 0, 0, 0, 0]
    dvar: [0, 0, 0, 0, 0]
    dvar2: [0, 0, 0, 0, 0]
    kurt: [-1.99999988079, -2, -2, -2, -1.99999988079]
    max: [0.119482032955, 0.0604070723057, 0.0324378535151, 0.0182298440486, 0.0123955952004]
    mean: [0.0597636289895, 0.0302378162742, 0.0162670630962, 0.00918039679527, 0.00628675939515]
    median: [0.0597636289895, 0.0302378162742, 0.0162670630962, 0.00918039679527, 0.00628675939515]
    min: [4.52240892628e-05, 6.85609775246e-05, 9.62719204836e-05, 0.000130949032609, 0.000177923851879]
    skew: [0, 0, 0, -1.53406574555e-07, 9.35052923978e-08]
    var: [0.00356628769077, 0.000910183996893, 0.000261494453298, 8.18925036583e-05, 3.73178700102e-05]
