
metadata:
    version:
        essentia: "2.1-beta3"

Flux:
    dmean: 7.71202667238e-06
    dmean2: 1.18921316243e-05
    dvar: 5.97759453047e-10
    dvar2: 1.27362609348e-09
    kurt: 13.8098220825
    max: 0.000133039342472
    mean: 8.74131728779e-06
    median: 2.36785467678e-06
    min: 2.81510097011e-07
    skew: 3.83960080147
    var: 6.38732955416e-10

Rms:
    dmean: 1.85171290923e-06
    dmean2: 1.73798378e-06
    dvar: 4.79087325367e-11
    dvar2: 3.59750493284e-11
    kurt: 19.5167789459
    max: 0.000108375337732
    mean: 0.000106252031401
    median: 0.000108128544525
    min: 6.32056617178e-05
    skew: -4.49833059311
    var: 6.33872260236e-11

RollOff:
    dmean: 1.00154435635
    dmean2: 1.025390625
    dvar: 20.5633563995
    dvar2: 21.0285148621
    kurt: 17.0443572998
    max: 1464.2578125
    mean: 1443.70422363
    median: 1442.72460938
    min: 1442.72460938
    skew: 4.36379337311
    var: 20.118309021

SpecCent:
    dmean: 5.31548070908
    dmean2: 6.58165645599
    dvar: 50.8516120911
    dvar2: 24.1239967346
    kurt: 22.7667236328
    max: 1717.43664551
    mean: 1651.65429688
    median: 1649.43920898
    min: 1642.29016113
    skew: 4.5626783371
    var: 130.052230835

Zcr:
    dmean: 0.00178279436659
    dmean2: 0.0019763763994
    dvar: 4.41006231995e-05
    dvar2: 4.03830454161e-05
    kurt: 17.3965873718
    max: 0.0654296875
    mean: 0.063587538898
    median: 0.06494140625
    min: 0.029296875
    skew: -4.37371349335
    var: 4.816990986e-05

HarmonicAmpFreq:
    dmean: [0]
    dmean2: [0]
    dvar: [0]
    dvar2: [0]
    kurt: [nan]
    max: [1435.86315918]
    mean: [1435.86315918]
    median: [1435.86315918]
    min: [1435.86315918]
    skew: [nan]
    var: [0]

HarmonicAmpMag:
    dmean: [0]
    dmean2: [0]
    dvar: [0]
    dvar2: [0]
    kurt: [nan]
    max: [0]
    mean: [0]
    median: [0]
    min: [0]
    skew: [nan]
    var: [0]

MfccCoeff:
    dmean: [0.0810348168015, 0.0379482544959, 0.0892639160156, 0.0968131124973, 0.0248288884759, 0.112401559949, 0.0496694892645, 0.0783134251833, 0.100642710924, 0.011274647899, 0.1058800295, 0.0595154874027, 0.0643725693226]
    dmean2: [0.0830775648355, 0.0389288030565, 0.0915022343397, 0.099305652082, 0.0253920778632, 0.115251086652, 0.0511133112013, 0.0802172720432, 0.103317260742, 0.0115307401866, 0.108565554023, 0.0613890141249, 0.0658843666315]
    dvar: [0.142650291324, 0.0315775871277, 0.172264248133, 0.204971626401, 0.012697827071, 0.274431407452, 0.0560747645795, 0.130738407373, 0.22387458384, 0.00230946019292, 0.24350848794, 0.0824666842818, 0.0867115482688]
    dvar2: [0.144089609385, 0.0319274924695, 0.173906296492, 0.207187861204, 0.0127500221133, 0.27719014883, 0.056896276772, 0.131780952215, 0.226541921496, 0.00228805653751, 0.245956122875, 0.0838620513678, 0.0872208401561]
    kurt: [25.1319465637, 25.7339344025, 24.8340492249, 25.5717639923, 21.7011528015, 25.1432037354, 27.8295879364, 23.9330806732, 26.2294025421, 18.6635169983, 25.143163681, 29.13646698, 22.718120575]
    max: [-1136.13342285, 1.08237838745, -6.103515625e-05, 8.01086425781e-05, 0.653182983398, 3.17169952393, 1.47009658813, -5.34057617188e-05, -4.57763671875e-05, 0.19979095459, 2.98762130737, 1.80138397217, -3.81469726562e-05]
    mean: [-1136.21716309, 1.04336023331, -2.41247701645, -2.65344309807, 0.626989901066, 3.05578541756, 1.41947734356, -2.0786793232, -2.79269003868, 0.186637878418, 2.87843346596, 1.74112021923, -1.66497683525]
    median: [-1136.13977051, 1.07955551147, -2.49753570557, -2.74578475952, 0.650543212891, 3.16292572021, 1.46695327759, -2.15320587158, -2.88873291016, 0.196781158447, 2.9793586731, 1.79806137085, -1.72617721558]
    min: [-1138.42004395, 1.14440917969e-05, -2.50465393066, -2.75309371948, -6.103515625e-05, 2.28881835938e-05, -2.67028808594e-05, -2.15984344482, -2.89598083496, -0.0635528564453, -2.67028808594e-05, -3.0517578125e-05, -1.73217010498]
    skew: [-5.05909824371, -5.11325788498, 5.03334903717, 5.09881830215, -4.75933647156, -5.06073474884, -5.30172395706, 4.95390701294, 5.15750646591, -4.49613714218, -5.06073236465, -5.42111825943, 4.84761714935]
    var: [0.141565144062, 0.031312789768, 0.171029120684, 0.203298717737, 0.0126588400453, 0.272351264954, 0.0554376505315, 0.129957437515, 0.221846759319, 0.00232050730847, 0.241663470864, 0.0813679173589, 0.0863308236003]

SpecContrastCoeff:
    dmean: [0.0170862320811, 0.0188333801925, 0.0121678048745, 0.014534695074, 0.00862499140203, 0.00680772773921]
    dmean2: [0.0234578289092, 0.0271383374929, 0.0209974311292, 0.0189470499754, 0.0112869273871, 0.009806137532]
    dvar: [0.00154976558406, 0.000243772257818, 7.74759246269e-05, 0.00105515040923, 0.000243297152338, 6.75796691212e-05]
    dvar2: [0.00163236982189, 0.00035417280742, 0.000155321627972, 0.000997058697976, 0.000215322157601, 6.59728393657e-05]
    kurt: [15.0713405609, 4.43468332291, -0.136143445969, 17.0475330353, 11.4067516327, 1.6222858429]
    max: [-0.634858548641, -0.863176822662, -0.884185492992, -0.605848312378, -0.807977974415, -0.85477399826]
    mean: [-0.677019059658, -0.893436670303, -0.919111073017, -0.632591784, -0.828937709332, -0.872022092342]
    median: [-0.667016506195, -0.894311547279, -0.914109349251, -0.627892076969, -0.822074770927, -0.862293958664]
    min: [-0.873215079308, -0.970381200314, -0.957701683044, -0.800483763218, -0.921143293381, -0.928426980972]
    skew: [-3.96036076546, -1.28584158421, -0.265589594841, -4.09297561646, -3.29756975174, -1.33394193649]
    var: [0.0017045319546, 0.000355365657015, 0.000225460913498, 0.0010371733224, 0.000424469442805, 0.000284085166641]

SpecPeakAmp:
    dmean: [1.99663062972e-07, 8.58120543512e-08, 7.70291492813e-08, 1.0809991835e-07, 2.02115998604e-07]
    dmean2: [2.54006181422e-07, 1.01736794988e-07, 1.01629026972e-07, 1.50058326653e-07, 3.29842947622e-07]
    dvar: [4.2486061327e-13, 9.87088422067e-14, 7.10645328391e-14, 9.08892847594e-14, 9.54159508023e-14]
    dvar2: [4.16972825625e-13, 1.02259360376e-13, 7.56691055843e-14, 1.11121479856e-13, 1.40873627325e-13]
    kurt: [26.6213417053, 24.7231826782, 33.6577987671, 26.6591110229, 17.5467090607]
    max: [1.68452752405e-05, 1.97687199943e-06, 1.90571938674e-06, 1.96606333702e-06, 2.14920146391e-06]
    mean: [1.66277386597e-05, 1.91419772477e-07, 1.75857522322e-07, 2.09199697565e-07, 3.45812878777e-07]
    median: [1.67554535437e-05, 1.32756326821e-07, 1.12927146745e-07, 1.40827850714e-07, 3.52729045972e-07]
    min: [1.26969489429e-05, 5.15224698461e-08, 6.25823872724e-08, 6.77017339967e-08, 4.85422511076e-08]
    skew: [-5.179915905, 5.00775098801, 5.80809354782, 5.09360122681, 3.69610643387]
    var: [4.35325901845e-13, 9.37804047201e-14, 7.45574121105e-14, 8.61976776848e-14, 1.08995413606e-13]
