
metadata:
    version:
        essentia: "2.1-beta3"

Flux:
    dmean: 0.000176756482688
    dmean2: 0.000232823804254
    dvar: 3.3450098158e-07
    dvar2: 6.57480427435e-07
    kurt: 9.62213993073
    max: 0.00336948619224
    mean: 0.000229714336456
    median: 6.85504119247e-06
    min: 5.84122608416e-06
    skew: 3.29921531677
    var: 5.42857264918e-07

Rms:
    dmean: 7.00644231983e-05
    dmean2: 5.23185844941e-05
    dvar: 5.97472293862e-08
    dvar2: 2.66154369655e-08
    kurt: 20.7051277161
    max: 0.00242681289092
    mean: 0.0023382822983
    median: 0.0024233518634
    min: 0.000456650188426
    skew: -4.51870155334
    var: 1.12036033784e-07

RollOff:
    dmean: 6.85147380829
    dmean2: 6.51003837585
    dvar: 1491.62805176
    dvar2: 1283.95654297
    kurt: 39.0393943787
    max: 1722.65625
    mean: 1449.90307617
    median: 1442.72460938
    min: 1442.72460938
    skew: 6.37120676041
    var: 1710.4597168

SpecCent:
    dmean: 7.09419107437
    dmean2: 7.69502019882
    dvar: 608.114074707
    dvar2: 514.575805664
    kurt: 38.677734375
    max: 1620.78125
    mean: 1439.84033203
    median: 1435.43115234
    min: 1431.97705078
    skew: 6.32733249664
    var: 756.015441895

Zcr:
    dmean: 0.00239701708779
    dmean2: 0.00196448038332
    dvar: 6.3796651375e-05
    dvar2: 4.33310742665e-05
    kurt: 18.0193023682
    max: 0.0654296875
    mean: 0.0623697899282
    median: 0.06494140625
    min: 0.001953125
    skew: -4.25463819504
    var: 0.000124405734823

HarmonicAmpFreq:
    dmean: [0.0784079805017]
    dmean2: [0.0792491808534]
    dvar: [0.257813662291]
    dvar2: [0.257166743279]
    kurt: [40.0268211365]
    max: [1441.31750488]
    mean: [1437.94482422]
    median: [1437.86755371]
    min: [1437.86755371]
    skew: [6.48294496536]
    var: [0.258509874344]

HarmonicAmpMag:
    dmean: [8.93251490197e-05]
    dmean2: [0.000137149967486]
    dvar: [1.67558809494e-07]
    dvar2: [4.30421408737e-07]
    kurt: [40.0223731995]
    max: [0.00196714187041]
    mean: [4.38026472693e-05]
    median: [0]
    min: [0]
    skew: [6.48245191574]
    var: [8.40738394459e-08]

MfccCoeff:
    dmean: [1.31942474842, 0.674677789211, 1.28636944294, 1.4647103548, 0.241407573223, 1.24457597733, 0.607402086258, 0.618029177189, 0.704008102417, 0.229071617126, 0.738785326481, 0.229315146804, 0.576061010361]
    dmean2: [1.73932874203, 0.910743892193, 1.6481872797, 1.92300450802, 0.193887040019, 1.51242864132, 0.809982657433, 0.607901990414, 0.766367197037, 0.151677116752, 0.636645853519, 0.208999812603, 0.431636452675]
    dvar: [34.9921722412, 9.10136795044, 33.8264770508, 43.4404144287, 0.96673220396, 33.5775680542, 7.66128063202, 9.59363937378, 12.86647892, 0.724508047104, 10.5400657654, 1.30593311787, 5.07712507248]
    dvar2: [69.2807846069, 19.0034580231, 62.4958114624, 85.0930252075, 0.518601000309, 53.9510688782, 15.45271492, 8.89185237885, 15.3574800491, 0.470533400774, 6.71515083313, 0.99057751894, 2.48904013634]
    kurt: [18.2500972748, 18.5817813873, 20.3488368988, 18.5518608093, 28.1742229462, 26.8110027313, 18.6944389343, 33.5359840393, 34.4616775513, 20.039390564, 31.5709495544, 36.3979110718, 26.1131801605]
    max: [-1102.22912598, 18.0555229187, -6.103515625e-05, 8.01086425781e-05, 8.05773925781, 37.2579040527, 16.8684272766, -5.34057617188e-05, -4.57763671875e-05, 7.23283576965, 25.400478363, 8.60824584961, -3.81469726562e-05]
    mean: [-1119.15380859, 8.54523086548, -21.7644767761, -22.027349472, 7.77062702179, 26.4332389832, 8.70530033112, -20.4214954376, -21.0048465729, 6.92755889893, 24.5634174347, 8.3593006134, -18.5053825378]
    median: [-1118.97998047, 8.5728263855, -22.0699653625, -22.2425346375, 8.05738830566, 26.9642333984, 8.75862503052, -21.049041748, -21.5605545044, 7.23240089417, 25.3996391296, 8.60797119141, -19.2192878723]
    min: [-1138.42004395, 1.14440917969e-05, -36.3583030701, -40.5014419556, -6.103515625e-05, 2.28881835938e-05, -2.67028808594e-05, -21.0498428345, -23.5541915894, -2.28881835938e-05, -2.67028808594e-05, -3.0517578125e-05, -19.2201118469]
    skew: [-0.910208761692, 0.698538422585, 2.54971170425, 1.21265876293, -5.25043201447, -4.55542993546, -0.461356759071, 5.8200879097, 5.89025783539, -4.45944976807, -5.5939412117, -6.08777809143, 5.04659509659]
    var: [15.1824188232, 3.73284029961, 16.0527076721, 19.0727767944, 1.62161290646, 19.3812885284, 3.23103308678, 10.3124132156, 10.7624807358, 1.5429764986, 15.3370418549, 1.66009116173, 9.54992294312]

SpecContrastCoeff:
    dmean: [0.0272597018629, 0.019856877625, 0.0147117376328, 0.0180565733463, 0.00640566088259, 0.00591983692721]
    dmean2: [0.0423347987235, 0.030687648803, 0.0225986540318, 0.0205152425915, 0.0105020031333, 0.0096923885867]
    dvar: [0.00117137550842, 0.000203211500775, 6.74077964504e-05, 0.00209875404835, 2.87655930151e-05, 3.86221108784e-05]
    dvar2: [0.00184769171756, 0.000486899516545, 0.000220619767788, 0.00202660053037, 7.70091501181e-05, 8.8908309408e-05]
    kurt: [8.83352851868, 0.0658996105194, 0.17366361618, 18.1249752045, -0.403001785278, 5.88749790192]
    max: [-0.730774223804, -0.903020143509, -0.906156480312, -0.470158547163, -0.911517739296, -0.904527187347]
    mean: [-0.776582062244, -0.934334635735, -0.939331293106, -0.500413358212, -0.923208475113, -0.92040514946]
    median: [-0.767230033875, -0.932940840721, -0.941675424576, -0.48404532671, -0.923713028431, -0.920842945576]
    min: [-0.978520154953, -0.984376192093, -0.960306286812, -0.883962333202, -0.936047196388, -0.958347797394]
    skew: [-2.87831258774, -0.462850749493, 0.542823255062, -4.30463171005, 0.270236343145, -1.49535036087]
    var: [0.00221818941645, 0.000318847945891, 0.00015365195577, 0.0051484699361, 3.25504370267e-05, 7.59588001529e-05]

SpecPeakAmp:
    dmean: [2.06567710848e-06, 1.4363322407e-06, 1.5304125327e-06, 8.96184210433e-05, 1.69140537309e-06]
    dmean2: [3.1680142456e-06, 2.17637125388e-06, 2.39341898123e-06, 0.000137533861562, 2.56914358943e-06]
    dvar: [3.35926876593e-11, 2.8146802597e-11, 2.9605217583e-11, 1.67674699014e-07, 3.79271059003e-11]
    dvar2: [7.00349361837e-11, 7.15332029722e-11, 7.77434366883e-11, 4.305528023e-07, 9.67543545283e-11]
    kurt: [18.8126068115, 39.2029800415, 38.5859260559, 40.0226593018, 39.5780410767]
    max: [3.62128157576e-05, 2.68575386144e-05, 2.88291685138e-05, 0.00196714187041, 3.06882393488e-05]
    mean: [1.67666476045e-05, 1.5531355757e-06, 1.55381246714e-06, 4.46683116024e-05, 1.62593710229e-06]
    median: [1.67162106663e-05, 9.00866837128e-07, 8.76189972132e-07, 9.65794924923e-07, 9.49167031195e-07]
    min: [7.73998976911e-07, 4.2983270987e-07, 2.08363488241e-07, 4.19079270841e-07, 4.25321928788e-07]
    skew: [1.28860926628, 6.38717603683, 6.32026958466, 6.48248529434, 6.43016815186]
    var: [1.45758474734e-11, 1.46934096834e-11, 1.71981821145e-11, 8.39978966383e-08, 1.92959676015e-11]
