
metadata:
    version:
        essentia: "2.1-beta3"

Flux:
    dmean: 0.00396194821224
    dmean2: 0.00523553043604
    dvar: 0.000167787016835
    dvar2: 0.000329764559865
    kurt: 9.59338665009
    max: 0.0753468200564
    mean: 0.00505566271022
    median: 6.93909751135e-05
    min: 2.23837814701e-05
    skew: 3.29569029808
    var: 0.000272834877251

Rms:
    dmean: 0.00157017074525
    dmean2: 0.0011785957031
    dvar: 3.00781412079e-05
    dvar2: 1.34295050884e-05
    kurt: 20.7201309204
    max: 0.05431573838
    mean: 0.0523374080658
    median: 0.0542404465377
    min: 0.0101597029716
    skew: -4.5204834938
    var: 5.62758868909e-05

RollOff:
    dmean: 7.34086465836
    dmean2: 7.01081037521
    dvar: 1748.13659668
    dvar2: 1525.20007324
    kurt: 39.1731071472
    max: 1744.18945312
    mean: 1450.3815918
    median: 1442.72460938
    min: 1442.72460938
    skew: 6.386054039
    var: 1981.56872559

SpecCent:
    dmean: 10.3055143356
    dmean2: 11.0621986389
    dvar: 2101.26416016
    dvar2: 1814.77258301
    kurt: 39.3011474609
    max: 1771.8638916
    mean: 1443.10876465
    median: 1435.40234375
    min: 1431.57507324
    skew: 6.40001869202
    var: 2477.25219727

Zcr:
    dmean: 0.00239701708779
    dmean2: 0.00196448038332
    dvar: 6.3796651375e-05
    dvar2: 4.33754321421e-05
    kurt: 18.0233669281
    max: 0.0654296875
    mean: 0.0623589418828
    median: 0.06494140625
    min: 0.001953125
    skew: -4.25504732132
    var: 0.00012434454402

HarmonicAmpFreq:
    dmean: [0.145713105798]
    dmean2: [0.144306987524]
    dvar: [0.85483622551]
    dvar2: [0.817100763321]
    kurt: [39.9528388977]
    max: [1444.27954102]
    mean: [1438.01452637]
    median: [1437.86816406]
    min: [1437.86816406]
    skew: [6.47438907623]
    var: [0.892780661583]

HarmonicAmpMag:
    dmean: [0.00199692114256]
    dmean2: [0.00306606362574]
    dvar: [8.37416664581e-05]
    dvar2: [0.000215112799197]
    kurt: [40.0223846436]
    max: [0.0439761951566]
    mean: [0.0009792012861]
    median: [0]
    min: [0]
    skew: [6.48245334625]
    var: [4.20170217694e-05]

MfccCoeff:
    dmean: [13.3883390427, 2.44935798645, 3.21237587929, 1.737596035, 0.675644636154, 1.24221491814, 0.985820174217, 1.21434128284, 1.44556796551, 1.05489969254, 1.35009539127, 1.16234278679, 1.54676616192]
    dmean2: [19.7864208221, 3.3563644886, 4.20545196533, 1.77847063541, 0.773890554905, 1.12771749496, 1.09097230434, 1.41562831402, 1.72855424881, 1.31294751167, 1.6784607172, 1.56504774094, 1.91262924671]
    dvar: [3376.04760742, 83.7991867065, 164.490692139, 30.8409290314, 1.95578968525, 17.7634487152, 2.07518291473, 12.5955600739, 12.6558017731, 2.25924539566, 24.9839725494, 2.80085206032, 16.661775589]
    dvar2: [8500.55566406, 198.391921997, 356.882141113, 33.1535377502, 1.60845303535, 8.53939056396, 1.48455190659, 13.1363182068, 15.2172040939, 2.22992491722, 32.38098526, 4.91678667068, 19.3102550507]
    kurt: [38.446346283, 25.741355896, 16.3979606628, 17.179775238, 17.1797733307, 24.3470001221, 10.5469293594, 19.9316139221, 19.7631931305, 11.1854324341, 17.1028347015, 13.7539329529, 14.1552829742]
    max: [-835.006164551, 54.3730697632, -12.1530761719, -13.0845451355, 15.8274688721, 62.3148803711, 26.5617599487, -8.17893218994, -10.169128418, 14.7501239777, 51.0774803162, 21.7528858185, -3.618019104]
    mean: [-1095.24145508, 17.3471889496, -43.0771064758, -42.5896263123, 14.9152212143, 50.6335601807, 16.4846496582, -38.8751068115, -39.7257003784, 13.2658863068, 46.2311401367, 15.4438352585, -34.7734642029]
    median: [-1101.38378906, 16.286693573, -42.1340141296, -42.2590713501, 15.4468383789, 51.2604064941, 16.3639564514, -40.1294403076, -40.5792770386, 13.9879016876, 47.9645042419, 15.617395401, -36.4597434998]
    min: [-1127.0670166, 5.36942672729, -86.5339279175, -67.5728530884, 2.9040222168, 13.8034820557, 6.11502456665, -42.7337493896, -48.3046798706, 0.571334838867, 8.37825393677, 4.39763641357, -37.0020103455]
    skew: [6.29297637939, 4.74656963348, -2.12320995331, 0.958785831928, -4.16961097717, -4.48610782623, 0.10270357132, 4.54549598694, 4.36546754837, -3.39326310158, -4.23801231384, -2.81057858467, 3.88531327248]
    var: [1568.3371582, 38.6249504089, 72.5939407349, 35.6722068787, 5.14811754227, 39.2203330994, 6.3082151413, 31.8427467346, 29.2369194031, 7.40319538116, 53.8768768311, 4.97411823273, 40.6477813721]

SpecContrastCoeff:
    dmean: [0.0459759198129, 0.0150926643983, 0.0154126314446, 0.022890182212, 0.0117826638743, 0.014241845347]
    dmean2: [0.0758575573564, 0.024557152763, 0.0229220408946, 0.0230416562408, 0.0184404794127, 0.0243291016668]
    dvar: [0.00138609798159, 0.000150208259583, 0.000195698288735, 0.00380337750539, 7.93570579845e-05, 0.000168643135112]
    dvar2: [0.00384322158061, 0.000344847387169, 0.000372298032744, 0.00313350558281, 0.000164697514265, 0.000394057831727]
    kurt: [1.19438505173, 2.54005146027, 6.62953472137, 19.6108551025, -0.970963716507, 0.543961763382]
    max: [-0.827574193478, -0.921268582344, -0.849830091, -0.3072886765, -0.911519706249, -0.912515163422]
    mean: [-0.935117065907, -0.976766705513, -0.94020318985, -0.343206763268, -0.933114945889, -0.946450293064]
    median: [-0.947748184204, -0.983281075954, -0.947383463383, -0.322017878294, -0.937664926052, -0.952578902245]
    min: [-0.987890839577, -0.988840281963, -0.956565797329, -0.861014246941, -0.944364190102, -0.957874238491]
    skew: [1.36481368542, 1.61266994476, 2.46753334999, -4.43968772888, 0.705755233765, 1.27027153969]
    var: [0.00150806328747, 0.000219535082579, 0.000454371300293, 0.0088405655697, 0.000123226534924, 0.000166032696143]

SpecPeakAmp:
    dmean: [2.26186893997e-05, 1.7346783352e-05, 1.64854827744e-05, 0.00200324342586, 4.10270295106e-05]
    dmean2: [3.68459222955e-05, 2.62842568191e-05, 2.56563944276e-05, 0.00307427276857, 6.24127424089e-05]
    dvar: [2.85445689308e-09, 2.91168400501e-09, 2.58483923155e-09, 8.38181222207e-05, 2.67315911628e-08]
    dvar2: [7.05855818239e-09, 7.51817808009e-09, 6.89430290635e-09, 0.000215235966607, 6.87050913939e-08]
    kurt: [37.2244148254, 38.5702209473, 33.4756469727, 40.0226783752, 39.8692512512]
    max: [0.000288137292955, 0.000281210406683, 0.00029744344647, 0.0439761951566, 0.000804172828794]
    mean: [2.62911798927e-05, 1.63202075782e-05, 1.84029449883e-05, 0.000987793551758, 2.84194757114e-05]
    median: [1.79361668415e-05, 1.0822573131e-05, 1.10205546662e-05, 1.11804401968e-05, 1.1194392755e-05]
    min: [9.52331083681e-06, 1.41986640756e-06, 2.01676766665e-06, 2.55722989095e-06, 2.85709870695e-06]
    skew: [6.15087747574, 6.31129074097, 5.78976964951, 6.48248767853, 6.46438789368]
    var: [1.61165158996e-09, 1.62237590029e-09, 1.92567051194e-09, 4.20000869781e-05, 1.37016149537e-08]
