
metadata:
    version:
        essentia: "2.1-beta3"

Flux:
    dmean: 0.0355250500143
    dmean2: 0.0472060963511
    dvar: 0.0135878613219
    dvar2: 0.026147922501
    kurt: 9.37600040436
    max: 0.692557096481
    mean: 0.0465019531548
    median: 0.000593529373873
    min: 7.62435229262e-05
    skew: 3.26458668709
    var: 0.0229788459837

Rms:
    dmean: 0.0144891440868
    dmean2: 0.0109407603741
    dvar: 0.00257909460925
    dvar2: 0.0011622486636
    kurt: 21.0166149139
    max: 0.500434935093
    mean: 0.482240885496
    median: 0.499748766422
    min: 0.0911127775908
    skew: -4.54961299896
    var: 0.00479956436902

RollOff:
    dmean: 7.83025550842
    dmean2: 7.51158237457
    dvar: 2025.24182129
    dvar2: 1787.50793457
    kurt: 39.2814102173
    max: 1765.72265625
    mean: 1450.86010742
    median: 1442.72460938
    min: 1442.72460938
    skew: 6.39812803268
    var: 2272.82763672

SpecCent:
    dmean: 12.2518730164
    dmean2: 12.9257984161
    dvar: 3268.02319336
    dvar2: 2873.85473633
    kurt: 39.5049209595
    max: 1849.22412109
    mean: 1444.89050293
    median: 1435.41796875
    min: 1431.57763672
    skew: 6.42302560806
    var: 3738.17114258

Zcr:
    dmean: 0.00239701708779
    dmean2: 0.00196448038332
    dvar: 6.3796651375e-05
    dvar2: 4.33643435827e-05
    kurt: 18.0193023682
    max: 0.0654296875
    mean: 0.0623697899282
    median: 0.06494140625
    min: 0.001953125
    skew: -4.25463819504
    var: 0.000124405734823

HarmonicAmpFreq:
    dmean: [46.7708625793]
    dmean2: [87.9187316895]
    dvar: [5099.71435547]
    dvar2: [11984.1347656]
    kurt: [1.01491498947]
    max: [1443.47277832]
    mean: [1407.89233398]
    median: [1437.86779785]
    min: [1266.93225098]
    skew: [-1.69467103481]
    var: [3925.94018555]

HarmonicAmpMag:
    dmean: [0.14461478591]
    dmean2: [0.286542594433]
    dvar: [0.0740707293153]
    dvar2: [0.205713674426]
    kurt: [4.98739385605]
    max: [0.694181859493]
    mean: [0.0707629993558]
    median: [0]
    min: [0]
    skew: [2.61229348183]
    var: [0.0414475053549]

MfccCoeff:
    dmean: [29.6305217743, 25.8955879211, 22.0356063843, 6.20224905014, 4.01709890366, 5.13279771805, 2.41141438484, 2.33529138565, 2.74107027054, 1.38230144978, 2.04976773262, 1.16130638123, 1.59538507462]
    dmean2: [44.814666748, 39.0940742493, 31.2845230103, 9.39341449738, 7.53080654144, 7.92952346802, 3.94063019753, 3.68827223778, 4.78428840637, 1.86391532421, 2.96096110344, 2.05384087563, 1.53607857227]
    dvar: [7256.62988281, 212.253082275, 116.870574951, 37.133354187, 15.3483495712, 49.6373939514, 5.37550973892, 22.3479709625, 15.7611732483, 4.6122713089, 30.703338623, 1.96536755562, 22.9728240967]
    dvar2: [17448.5058594, 477.802825928, 301.007263184, 53.1983947754, 42.7693023682, 83.8770446777, 7.66127920151, 33.7149505615, 27.7048683167, 4.47307300568, 46.6534500122, 4.61325550079, 16.4297885895]
    kurt: [26.9440879822, -1.17250812054, -1.33957099915, 13.6032829285, 10.4820280075, 10.8338851929, 6.75304794312, 10.0606307983, 12.1819133759, 12.1994028091, 13.197265625, 13.5783119202, 16.674659729]
    max: [-604.467041016, 97.6052322388, -61.3682060242, -33.5530776978, 25.1714515686, 83.8525466919, 26.9057388306, -19.318649292, -18.2715072632, 16.552072525, 50.9130516052, 19.7974185944, 4.83078765869]
    mean: [-989.667907715, 73.5472946167, -86.1107635498, -75.9348297119, 21.4493370056, 64.2997894287, 19.2615089417, -43.6943778992, -42.435749054, 14.0805149078, 47.2850418091, 15.6155548096, -34.8402023315]
    median: [-997.708068848, 79.152381897, -83.0457305908, -77.4589920044, 22.280456543, 64.619934082, 19.427936554, -44.8888549805, -43.5646591187, 15.012758255, 49.1317863464, 15.8999042511, -36.792552948]
    min: [-1017.27783203, 30.0171604156, -114.49508667, -95.0178604126, -0.704002380371, 22.6358413696, 5.61058425903, -52.6914825439, -50.8603286743, -2.4813079834, 11.6009407043, 7.87514781952, -37.3670158386]
    skew: [5.18621969223, -0.461118280888, -0.266354799271, 2.95415782928, -3.02217745781, -2.89827227592, -1.95289778709, 3.22323203087, 3.39711642265, -3.52454686165, -3.79580831528, -2.73680019379, 4.11720371246]
    var: [4111.15478516, 425.624908447, 290.716308594, 68.3226318359, 21.5010471344, 82.6772918701, 11.3244028091, 33.4014663696, 26.5598583221, 11.9705429077, 58.1914863586, 2.3475356102, 56.5437889099]

SpecContrastCoeff:
    dmean: [0.0227576326579, 0.0185140110552, 0.0170173812658, 0.0266234558076, 0.0160397365689, 0.014876762405]
    dmean2: [0.0396076068282, 0.030986353755, 0.0254156086594, 0.0226476565003, 0.0268837213516, 0.027305925265]
    dvar: [0.00059756054543, 0.000317605416058, 0.000294545665383, 0.0063266698271, 0.00013525657414, 0.000245776231168]
    dvar2: [0.00151804450434, 0.000765039585531, 0.000379027071176, 0.00365041685291, 0.000340406957548, 0.000649069901556]
    kurt: [2.36573123932, 2.92677211761, 7.34871196747, 22.283241272, -0.331248044968, 1.85328006744]
    max: [-0.906363725662, -0.904582500458, -0.802150905132, -0.136016175151, -0.884095788002, -0.901775360107]
    mean: [-0.974526643753, -0.972256243229, -0.924411773682, -0.179434418678, -0.919280588627, -0.942722916603]
    median: [-0.984311282635, -0.980790495872, -0.934013307095, -0.153259903193, -0.924710333347, -0.950213730335]
    min: [-0.98999029398, -0.986625313759, -0.945395112038, -0.83652317524, -0.932111978531, -0.951911389828]
    skew: [1.83884453773, 1.68647372723, 2.6521294117, -4.66988658905, 0.909584879875, 1.74445867538]
    var: [0.000472509709653, 0.00031486916123, 0.000844997994136, 0.0130741996691, 0.000177519876161, 0.00018711030134]

SpecPeakAmp:
    dmean: [8.36112012621e-05, 9.264981054e-05, 0.000107639702037, 0.0317335762084, 0.113073654473]
    dmean2: [0.000121908909932, 0.000145521931699, 0.000196498760488, 0.0648788660765, 0.221984773874]
    dvar: [2.19038156501e-08, 2.71078235414e-08, 2.4816777966e-08, 0.0208910834044, 0.0603005029261]
    dvar2: [5.64744055964e-08, 7.23413435821e-08, 6.41714379412e-08, 0.0630152001977, 0.171324014664]
    kurt: [28.1715259552, 26.2870998383, 13.4405727386, 40.0216712952, 7.70904922485]
    max: [0.000847286020871, 0.000940768164583, 0.00107659073547, 0.694180727005, 0.694181859493]
    mean: [0.000115528309834, 0.000118702999316, 0.000156362948474, 0.0156070552766, 0.0554046779871]
    median: [0.000104828883195, 0.000101186364191, 0.00011292740237, 0.000122647063108, 0.000129329055198]
    min: [1.4888611986e-05, 1.07755904537e-05, 2.57890023931e-05, 4.41727934231e-05, 4.80140115542e-05]
    skew: [5.05510473251, 4.89371871948, 3.56621670723, 6.48237037659, 3.07457184792]
    var: [1.4323830122e-08, 1.86867055163e-08, 3.40966721524e-08, 0.01046517957, 0.0326766446233]
