
metadata:
    version:
        essentia: "2.1-beta3"

Flux:
    dmean: 0.0189363658428
    dmean2: 0
    dvar: 0
    dvar2: 0
    kurt: -2
    max: 0.422815978527
    mean: 0.413347780704
    median: 0.413347780704
    min: 0.403879612684
    skew: 4.68789949082e-06
    var: 8.96464916877e-05

Rms:
    dmean: 0
    dmean2: 0
    dvar: 0
    dvar2: 0
    kurt: 0
    max: 0.145057171583
    mean: 0.145057171583
    median: 0.145057171583
    min: 0.145057171583
    skew: 0
    var: 0

RollOff:
    dmean: 538.330078125
    dmean2: 0
    dvar: 0
    dvar2: 0
    kurt: -2
    max: 2562.45117188
    mean: 2293.28613281
    median: 2293.28613281
    min: 2024.12109375
    skew: 0
    var: 72449.8203125

SpecCent:
    dmean: 137.785888672
    dmean2: 0
    dvar: 0
    dvar2: 0
    kurt: -2
    max: 1947.23937988
    mean: 1878.34643555
    median: 1878.34643555
    min: 1809.45349121
    skew: 0
    var: 4746.23779297

Zcr:
    dmean: 0.00048828125
    dmean2: 0
    dvar: 0
    dvar2: 0
    kurt: -2
    max: 0.025390625
    mean: 0.025146484375
    median: 0.025146484375
    min: 0.02490234375
    skew: 0
    var: 5.96046447754e-08

HarmonicAmpFreq:
    dmean: [134.573730469]
    dmean2: [0]
    dvar: [0]
    dvar2: [0]
    kurt: [-2]
    max: [1840.09802246]
    mean: [1772.81115723]
    median: [1772.81115723]
    min: [1705.52429199]
    skew: [0]
    var: [4527.52246094]

HarmonicAmpMag:
    dmean: [0.0930094718933]
    dmean2: [0]
    dvar: [0]
    dvar2: [0]
    kurt: [-2]
    max: [0.0930094718933]
    mean: [0.0465047359467]
    median: [0.0465047359467]
    min: [0]
    skew: [0]
    var: [0.00216269050725]

MfccCoeff:
    dmean: [413.437988281, 26.6479644775, 51.9774398804, 18.7553443909, 56.415977478, 34.3395042419, 26.8853607178, 29.0783786774, 10.359703064, 18.7424659729, 1.96042823792, 8.92994880676, 4.60603713989]
    dmean2: [0, 0, 0, 0, 0, 0, 0, 0, 0, 0, 0, 0, 0]
    dvar: [0, 0, 0, 0, 0, 0, 0, 0, 0, 0, 0, 0, 0]
    dvar2: [0, 0, 0, 0, 0, 0, 0, 0, 0, 0, 0, 0, 0]
    kurt: [-2, -1.99999988079, -2, -2, -2, -2, -2, -2, -1.99999988079, -2, -2, -2, -1.99999988079]
    max: [-578.876464844, 46.0436973572, -108.738319397, -22.3437004089, 86.2365875244, 30.1703224182, -15.4051742554, 12.172914505, 14.7521018982, 8.90974903107, 0.460994720459, 7.02728271484, -0.523952484131]
    mean: [-785.595458984, 32.7197151184, -134.727035522, -31.7213726044, 58.0285987854, 13.0005702972, -28.8478546143, -2.36627483368, 9.57225036621, -0.46148443222, -0.519219398499, 2.56230831146, -2.82697105408]
    median: [-785.595458984, 32.7197151184, -134.727035522, -31.7213726044, 58.0285987854, 13.0005702972, -28.8478546143, -2.36627483368, 9.57225036621, -0.46148443222, -0.519219398499, 2.56230831146, -2.82697105408]
    min: [-992.314453125, 19.3957328796, -160.715759277, -41.0990447998, 29.8206100464, -4.16918182373, -42.2905349731, -16.9054641724, 4.39239883423, -9.83271789551, -1.49943351746, -1.90266609192, -5.12998962402]
    skew: [0, 0, -3.89442533333e-07, 0, 0, 0, 0, 0, 0, 0, 0, 0, 0]
    var: [42732.7421875, 177.528503418, 675.413574219, 87.9407348633, 795.690612793, 294.800384521, 180.705657959, 211.388031006, 26.8308620453, 87.8200073242, 0.960819721222, 19.9359970093, 5.30389451981]

SpecContrastCoeff:
    dmean: [0.0161261558533, 0.0228272676468, 0.074244260788, 0.0160345435143, 0.234378695488, 0.0275348424911]
    dmean2: [0, 0, 0, 0, 0, 0]
    dvar: [0, 0, 0, 0, 0, 0]
    dvar2: [0, 0, 0, 0, 0, 0]
    kurt: [-2, -2, -1.99999988079, -2, -2, -2]
    max: [-0.958366990089, -0.931917130947, -0.845672488213, -0.729586064816, -0.511481881142, -0.925659954548]
    mean: [-0.966430068016, -0.943330764771, -0.882794618607, -0.73760330677, -0.628671228886, -0.939427375793]
    median: [-0.966430068016, -0.943330764771, -0.882794618607, -0.73760330677, -0.628671228886, -0.939427375793]
    min: [-0.974493145943, -0.954744398594, -0.919916749001, -0.74562060833, -0.74586057663, -0.953194797039]
    skew: [0, 0, 0, -1.11960907816e-05, 0, 0]
    var: [6.50132278679e-05, 0.000130271044327, 0.0013780525187, 6.42766462988e-05, 0.0137333432212, 0.000189541882719]

SpecPeakAmp:
    dmean: [0.092973485589, 0.0607061758637, 0.0436547882855, 0.0317463353276, 0.023298304528]
    dmean2: [0, 0, 0, 0, 0]
    dvar: [0, 0, 0, 0, 0]
    dvar2: [0, 0, 0, 0, 0]
    kurt: [-1.99999988079, -1.99999988079, -2, -2, -2]
    max: [0.0930094718933, 0.0607424043119, 0.043693266809, 0.0317882150412, 0.0233445968479]
    mean: [0.0465227290988, 0.03038931638, 0.0218658726662, 0.0159150473773, 0.0116954445839]
    median: [0.0465227290988, 0.03038931638, 0.0218658726662, 0.0159150473773, 0.0116954445839]
    min: [3.59844016202e-05, 3.62300015695e-05, 3.84791310353e-05, 4.18779382017e-05, 4.62918651465e-05]
    skew: [-1.44854766404e-07, 9.75692273641e-08, 0, -1.70557399315e-07, 0]
    var: [0.00216101738624, 0.000921309867408, 0.000476435146993, 0.000251957477303, 0.000135702750413]
