
metadata:
    version:
        essentia: "2.1-beta3"

Flux:
    dmean: 8.37030984258e-06
    dmean2: 1.33247567646e-05
    dvar: 5.77734804441e-10
    dvar2: 1.23549903641e-09
    kurt: 13.8729305267
    max: 0.00013315504475
    mean: 9.98670202534e-06
    median: 4.00149292545e-06
    min: 3.09652818942e-07
    skew: 3.84292292595
    var: 6.25138218968e-10

Rms:
    dmean: 1.94416588783e-06
    dmean2: 1.86929673873e-06
    dvar: 4.74047606724e-11
    dvar2: 3.63719575291e-11
    kurt: 19.4902954102
    max: 0.000108494859887
    mean: 0.000106250059616
    median: 0.000108100153739
    min: 6.33781019133e-05
    skew: -4.49547052383
    var: 6.2943511514e-11

RollOff:
    dmean: 1.00154435635
    dmean2: 1.025390625
    dvar: 20.5633563995
    dvar2: 21.0285148621
    kurt: 17.0410709381
    max: 2906.98242188
    mean: 2886.4296875
    median: 2885.44921875
    min: 2885.44921875
    skew: 4.36323451996
    var: 20.1182861328

SpecCent:
    dmean: 2.78732514381
    dmean2: 4.03382492065
    dvar: 7.23204660416
    dvar2: 8.84555625916
    kurt: 16.5510578156
    max: 2957.17919922
    mean: 2932.74462891
    median: 2931.47265625
    min: 2928.59887695
    skew: 3.83991074562
    var: 21.1644554138

Zcr:
    dmean: 0.00322492723353
    dmean2: 0.00323195685633
    dvar: 0.000175422115717
    dvar2: 0.000160954659805
    kurt: 17.5160541534
    max: 0.130859375
    mean: 0.127141773701
    median: 0.13037109375
    min: 0.05810546875
    skew: -4.38533449173
    var: 0.000192677078303

HarmonicAmpFreq:
    dmean: [0]
    dmean2: [0]
    dvar: [0]
    dvar2: [0]
    kurt: [-2]
    max: [2879.06347656]
    mean: [2879.06274414]
    median: [2879.06347656]
    min: [2879.06347656]
    skew: [1]
    var: [5.36441802979e-07]

HarmonicAmpMag:
    dmean: [0]
    dmean2: [0]
    dvar: [0]
    dvar2: [0]
    kurt: [nan]
    max: [0]
    mean: [0]
    median: [0]
    min: [0]
    skew: [nan]
    var: [0]

MfccCoeff:
    dmean: [0.0499239191413, 0.0191643293947, 0.0602051503956, 0.0518493652344, 0.0320565849543, 0.0692521929741, 0.00553894042969, 0.0662439018488, 0.0415021330118, 0.0437127053738, 0.0652345195413, 0.00829882919788, 0.069739587605]
    dmean2: [0.05335925892, 0.0204780213535, 0.0643415898085, 0.0554126575589, 0.0342599786818, 0.0740113034844, 0.00592186348513, 0.0707966014743, 0.0443547554314, 0.0467156916857, 0.069717772305, 0.00886862631887, 0.0745311900973]
    dvar: [0.0414745025337, 0.00611159391701, 0.0603038705885, 0.0447298660874, 0.0170970652252, 0.0797935947776, 0.000510615238454, 0.0730136856437, 0.0286590382457, 0.0317929275334, 0.0708030611277, 0.00114595447667, 0.0809207484126]
    dvar2: [0.0423643998802, 0.00624302728102, 0.0616004355252, 0.0456923805177, 0.0174648333341, 0.0815097242594, 0.000521586218383, 0.0745838209987, 0.0292753353715, 0.0324763357639, 0.0723259076476, 0.00117059890181, 0.0826608166099]
    kurt: [20.9369029999, 20.9421901703, 20.9417686462, 20.9417476654, 20.9419746399, 20.9420795441, 20.9422607422, 20.9419288635, 20.9419059753, 20.941865921, 20.9418926239, 20.9418144226, 20.9418964386]
    max: [-1137.24841309, 1.14440917969e-05, -6.103515625e-05, 1.21684646606, 0.752227783203, 2.28881835938e-05, 0.129978179932, 1.5545501709, -4.57763671875e-05, -2.28881835938e-05, 1.53086471558, 0.194725036621, -3.81469726562e-05]
    mean: [-1137.30065918, -0.429714202881, -1.34991252422, 1.16261327267, 0.718684136868, -1.55271422863, 0.124181225896, 1.48524785042, -0.930601656437, -0.980141401291, 1.4626159668, 0.186046257615, -1.56369924545]
    median: [-1137.25744629, -0.446292877197, -1.40196990967, 1.207447052, 0.746398925781, -1.61259460449, 0.128971099854, 1.54252624512, -0.966487884521, -1.01794052124, 1.51902389526, 0.193222045898, -1.62400054932]
    min: [-1138.42004395, -0.449756622314, -1.41290283203, 8.01086425781e-05, -6.103515625e-05, -1.62516021729, -2.67028808594e-05, -5.34057617188e-05, -0.974021911621, -1.02587127686, -2.67028808594e-05, -3.0517578125e-05, -1.63665771484]
    skew: [-4.69191026688, 4.69281864166, 4.69277858734, -4.6927781105, -4.69279623032, 4.69280719757, -4.69282150269, -4.69279432297, 4.69279098511, 4.69278860092, -4.69279003143, -4.69278478622, 4.69279146194]
    var: [0.041481230408, 0.00611276878044, 0.0603162683547, 0.0447377078235, 0.0171005018055, 0.079809255898, 0.000510684621986, 0.0730279162526, 0.0286645516753, 0.0317993350327, 0.0708168894053, 0.00114616274368, 0.080936729908]

SpecContrastCoeff:
    dmean: [0.0135112321004, 0.01190260984, 0.0238684415817, 0.0110776685178, 0.010871517472, 0.0108722439036]
    dmean2: [0.0170986857265, 0.0177812855691, 0.0316120497882, 0.0168089307845, 0.0146593321115, 0.0148593783379]
    dvar: [0.00127634929959, 0.00011194164108, 0.000317236292176, 0.000142728924402, 0.000474070140626, 0.00027020619018]
    dvar2: [0.00119255541358, 0.00019549933495, 0.000368115521269, 0.000190441671293, 0.000391885288991, 0.00019502665964]
    kurt: [16.0810585022, 7.436378479, 5.16677951813, 8.98230075836, 15.3952407837, 9.72605228424]
    max: [-0.644185304642, -0.894268035889, -0.819512844086, -0.876793205738, -0.679137885571, -0.824940562248]
    mean: [-0.678462564945, -0.915013849735, -0.85584372282, -0.897310316563, -0.695516049862, -0.84283298254]
    median: [-0.672524333, -0.914876520634, -0.857920646667, -0.896111488342, -0.692776679993, -0.836507678032]
    min: [-0.853495299816, -0.973216533661, -0.953679740429, -0.960913658142, -0.812488079071, -0.92249339819]
    skew: [-4.168653965, -2.16090345383, -1.69013345242, -2.68410372734, -4.00960206985, -3.04728293419]
    var: [0.00140642607585, 0.000175004592165, 0.000619894650299, 0.000208936951822, 0.000592410273384, 0.000371352187358]

SpecPeakAmp:
    dmean: [2.14243485175e-07, 7.42734229675e-08, 6.20665332463e-08, 6.38334469727e-08, 9.8486005129e-08]
    dmean2: [2.4234736884e-07, 9.98509861461e-08, 9.001195167e-08, 9.21383431773e-08, 1.33700964966e-07]
    dvar: [5.86197160691e-13, 2.80298686009e-14, 1.9209170726e-14, 1.45256748388e-14, 5.54467292934e-14]
    dvar2: [5.83343432153e-13, 3.04735518774e-14, 1.92574583802e-14, 1.62327443832e-14, 6.01985231411e-14]
    kurt: [17.2344894409, 13.8043746948, 17.1118583679, 13.7113265991, 24.1403236389]
    max: [1.69423328771e-05, 1.05281901597e-06, 8.87466171662e-07, 7.49517255372e-07, 1.58958982865e-06]
    mean: [1.65752662724e-05, 2.48814757242e-07, 1.61467767157e-07, 1.4441259566e-07, 1.93511823454e-07]
    median: [1.66951867868e-05, 2.36972852008e-07, 1.31785526492e-07, 9.81669856515e-08, 1.37992131499e-07]
    min: [1.25099450088e-05, 5.96826765786e-08, 8.58436948192e-08, 7.35322984724e-08, 8.68756231398e-08]
    skew: [-4.28383970261, 3.69651627541, 4.22067594528, 3.66822695732, 4.86844873428]
    var: [6.47814213297e-13, 3.09413410692e-14, 2.01140543294e-14, 1.53252197309e-14, 5.76133718099e-14]
