
metadata:
    version:
        essentia: "2.1-beta3"

Flux:
    dmean: 0.00017630799266
    dmean2: 0.000233313330682
    dvar: 3.35003022656e-07
    dvar2: 6.61389321976e-07
    kurt: 9.59826087952
    max: 0.00336323026568
    mean: 0.000230742036365
    median: 8.68261031428e-06
    min: 7.06432365405e-06
    skew: 3.29662775993
    var: 5.41807594345e-07

Rms:
    dmean: 6.81999590597e-05
    dmean2: 4.98680528835e-05
    dvar: 6.08451884432e-08
    dvar2: 2.73872551304e-08
    kurt: 20.8234920502
    max: 0.00242398190312
    mean: 0.0023380254861
    median: 0.00242365850136
    min: 0.000444664387032
    skew: -4.53051233292
    var: 1.1307113823e-07

RollOff:
    dmean: 5.87269163132
    dmean2: 5.5084939003
    dvar: 1040.40332031
    dvar2: 864.664428711
    kurt: 38.6570053101
    max: 3122.31445312
    mean: 2891.67163086
    median: 2885.44921875
    min: 2885.44921875
    skew: 6.3290553093
    var: 1228.69165039

SpecCent:
    dmean: 1.84081470966
    dmean2: 3.27927422523
    dvar: 6.14138746262
    dvar2: 10.5181856155
    kurt: 24.0099010468
    max: 2858.66577148
    mean: 2854.75439453
    median: 2854.96728516
    min: 2841.72192383
    skew: -4.40197849274
    var: 4.89771986008

Zcr:
    dmean: 0.00441672606394
    dmean2: 0.00317950570025
    dvar: 0.000257101404713
    dvar2: 0.000172785395989
    kurt: 17.7967033386
    max: 0.13037109375
    mean: 0.124728731811
    median: 0.13037109375
    min: 0.00439453125
    skew: -4.23478221893
    var: 0.000497453089338

HarmonicAmpFreq:
    dmean: [0.575500488281]
    dmean2: [0.588884234428]
    dvar: [14.2416353226]
    dvar2: [14.564953804]
    kurt: [40.032661438]
    max: [2879.51367188]
    mean: [2878.95239258]
    median: [2879.51367188]
    min: [2854.19165039]
    skew: [-6.4836435318]
    var: [13.9323530197]

HarmonicAmpMag:
    dmean: [8.56667412563e-08]
    dmean2: [8.76589894006e-08]
    dvar: [3.15568019849e-13]
    dvar2: [3.22732183859e-13]
    kurt: [40.0227279663]
    max: [3.76933667212e-06]
    mean: [8.37630338424e-08]
    median: [0]
    min: [0]
    skew: [6.48249435425]
    var: [3.08714832127e-13]

MfccCoeff:
    dmean: [0.830266773701, 0.268288344145, 1.02765762806, 0.718191683292, 0.64270401001, 0.944027125835, 0.158315837383, 0.899003088474, 0.263506799936, 0.638413846493, 0.511902868748, 0.347985178232, 0.654935896397]
    dmean2: [0.996953904629, 0.319443106651, 1.22965073586, 0.847351431847, 0.761527121067, 1.09184145927, 0.188430428505, 1.00392115116, 0.282682210207, 0.670078039169, 0.519817590714, 0.323885351419, 0.607049703598]
    dvar: [14.5990743637, 1.5452953577, 22.4461841583, 11.1999320984, 8.85884189606, 19.8633327484, 0.520400464535, 18.9287490845, 1.77012217045, 10.4899187088, 7.0209736824, 2.58014345169, 9.26160240173]
    dvar2: [22.8251209259, 2.3597741127, 34.7606124878, 16.6804256439, 13.3588256836, 28.0091629028, 0.796599984169, 24.2569103241, 2.03785586357, 11.4291753769, 7.05391311646, 2.05281662941, 7.2876496315]
    kurt: [26.5097465515, 27.4569396973, 26.8243904114, 28.2459506989, 27.5844612122, 29.6999397278, 25.9808158875, 31.431728363, 33.3157691956, 32.5871353149, 33.239276886, 31.3708992004, 32.1277122498]
    max: [-1113.9161377, 1.14440917969e-05, -6.103515625e-05, 21.5740089417, 19.142074585, 2.28881835938e-05, -2.67028808594e-05, 28.2226352692, -4.57763671875e-05, -2.28881835938e-05, 17.2801322937, 11.5067825317, -3.81469726562e-05]
    mean: [-1120.65808105, -5.92636537552, -22.2402305603, 16.3446788788, 14.3331689835, -22.8389587402, -3.39057850838, 23.9516811371, -7.87858772278, -19.6171894073, 16.7753505707, 11.1354026794, -21.315952301]
    median: [-1120.26953125, -6.05965042114, -22.7333564758, 16.7236824036, 14.6630859375, -23.4000015259, -3.46949386597, 24.5886173248, -8.09846496582, -20.1922225952, 17.2794914246, 11.5063247681, -22.0163841248]
    min: [-1138.42004395, -7.99617385864, -30.4112663269, 8.01086425781e-05, -6.103515625e-05, -28.8326072693, -4.60801315308, -5.34057617188e-05, -8.666015625, -20.9322891235, -2.67028808594e-05, -3.0517578125e-05, -22.0171928406]
    skew: [-4.64792823792, 4.83534574509, 4.71893215179, -4.99441099167, -4.89006519318, 5.26624441147, 4.67654418945, -5.55697345734, 5.79080057144, 5.7319817543, -5.7965130806, -5.59796524048, 5.66835832596]
    var: [8.78024291992, 0.959196329117, 13.6765832901, 7.18768644333, 5.59538984299, 13.6803836823, 0.322963029146, 14.6363945007, 1.53970491886, 9.65429115295, 6.99079179764, 3.16721844673, 11.4668836594]

SpecContrastCoeff:
    dmean: [0.0340906530619, 0.018771642819, 0.0146095426753, 0.0127097601071, 0.0156598426402, 0.00583811663091]
    dmean2: [0.0606463104486, 0.0275384318084, 0.0228911116719, 0.0228394698352, 0.0212840735912, 0.0100395139307]
    dvar: [0.00110051583033, 0.0003154296719, 0.000157835966093, 8.93148826435e-05, 0.00126801535953, 1.76587291207e-05]
    dvar2: [0.00169678695966, 0.00084477593191, 0.000343881023582, 0.000295851234114, 0.00137300405186, 4.19788993895e-05]
    kurt: [9.36666107178, 3.8222322464, 3.27772760391, -0.287164449692, 18.6561985016, -0.682105779648]
    max: [-0.687642872334, -0.867762744427, -0.902084648609, -0.915386795998, -0.521165788174, -0.91253888607]
    mean: [-0.75501948595, -0.92837947607, -0.935400485992, -0.936527311802, -0.564947128296, -0.922345280647]
    median: [-0.746257662773, -0.926750302315, -0.935159504414, -0.936769485474, -0.553790330887, -0.922574698925]
    min: [-0.972395718098, -0.995480418205, -0.992023766041, -0.959612727165, -0.852739036083, -0.932079136372]
    skew: [-2.95153212547, -0.0772869437933, -1.07730126381, -0.173850134015, -4.33186483383, -0.0255966614932]
    var: [0.00255364645272, 0.000355243188096, 0.000221097783651, 0.000100679520983, 0.00283561274409, 2.35578718275e-05]

SpecPeakAmp:
    dmean: [9.34864658575e-07, 1.04594482764e-06, 1.03406557628e-06, 1.00111458323e-06, 9.6063968158e-07]
    dmean2: [1.19482876926e-06, 1.62973060469e-06, 1.61360674156e-06, 1.57237229814e-06, 1.55857878781e-06]
    dvar: [7.1285022156e-12, 1.24692426523e-11, 1.14569135429e-11, 1.21249590229e-11, 9.8989809405e-12]
    dvar2: [9.36711732485e-12, 3.16166710868e-11, 2.9044639957e-11, 3.07851105719e-11, 2.57324595659e-11]
    kurt: [34.4855651855, 38.6784095764, 38.8603973389, 39.3033485413, 36.7614326477]
    max: [1.85856388271e-05, 1.78118261829e-05, 1.74337674252e-05, 1.79008693522e-05, 1.77022157004e-05]
    mean: [1.6391482859e-05, 9.5269990652e-07, 1.2055274965e-06, 1.04658977307e-06, 1.18786374514e-06]
    median: [1.68354963535e-05, 5.31450893959e-07, 7.5764671692e-07, 6.59630245536e-07, 7.23997231944e-07]
    min: [5.17262492394e-07, 2.50872830065e-07, 4.37039830103e-07, 3.08461409304e-07, 3.69842837245e-07]
    skew: [-5.838534832, 6.329870224, 6.34514093399, 6.39787244797, 6.12515592575]
    var: [6.13905540986e-12, 6.56334535332e-12, 6.06801631511e-12, 6.51079884451e-12, 6.44951887036e-12]
