
metadata:
    version:
        essentia: "2.1-beta3"

Flux:
    dmean: 0.00393759412691
    dmean2: 0.00519628403708
    dvar: 0.000168363694684
    dvar2: 0.000331877672579
    kurt: 9.58835887909
    max: 0.0752873569727
    mean: 0.00507450010628
    median: 9.95616937871e-05
    min: 3.06394795189e-05
    skew: 3.29530286789
    var: 0.00027242032229

Rms:
    dmean: 0.00152984750457
    dmean2: 0.00112183997408
    dvar: 3.06817819364e-05
    dvar2: 1.38543737194e-05
    kurt: 20.8612270355
    max: 0.0542534254491
    mean: 0.0523313321173
    median: 0.0542503446341
    min: 0.00985264778137
    skew: -4.53473567963
    var: 5.6864162616e-05

RollOff:
    dmean: 7.34086465836
    dmean2: 7.01081037521
    dvar: 1748.13659668
    dvar2: 1525.20007324
    kurt: 39.1725463867
    max: 3186.9140625
    mean: 2893.10717773
    median: 2885.44921875
    min: 2885.44921875
    skew: 6.38598823547
    var: 1981.56872559

SpecCent:
    dmean: 7.55867147446
    dmean2: 9.02252292633
    dvar: 1349.37145996
    dvar2: 1240.6763916
    kurt: 39.797454834
    max: 3114.14233398
    mean: 2860.90698242
    median: 2854.90673828
    min: 2852.4362793
    skew: 6.45631885529
    var: 1461.29199219

Zcr:
    dmean: 0.00442782323807
    dmean2: 0.00323628261685
    dvar: 0.000254028476775
    dvar2: 0.000172049796674
    kurt: 17.8783187866
    max: 0.13037109375
    mean: 0.124750435352
    median: 0.13037109375
    min: 0.0048828125
    skew: -4.24239730835
    var: 0.00049215555191

HarmonicAmpFreq:
    dmean: [0.126708984375]
    dmean2: [0.129655703902]
    dvar: [0.690372169018]
    dvar2: [0.706045210361]
    kurt: [40.0416908264]
    max: [2885.08422852]
    mean: [2879.63232422]
    median: [2879.5090332]
    min: [2879.5090332]
    skew: [6.48468780518]
    var: [0.675379753113]

HarmonicAmpMag:
    dmean: [1.88290175629e-06]
    dmean2: [1.92669017451e-06]
    dvar: [1.52448720314e-10]
    dvar2: [1.55909687938e-10]
    kurt: [40.0227241516]
    max: [8.2847676822e-05]
    mean: [1.84105942935e-06]
    median: [0]
    min: [0]
    skew: [6.48249387741]
    var: [1.49138007499e-10]

MfccCoeff:
    dmean: [11.014251709, 1.01683497429, 3.02946066856, 1.43875873089, 0.9113676548, 1.01634812355, 0.645545363426, 1.07344996929, 0.880386710167, 1.21324002743, 1.21653747559, 1.15935599804, 1.25793385506]
    dmean2: [16.500164032, 1.43435823917, 4.19178962708, 1.85845375061, 1.07763135433, 0.801382899284, 1.07311320305, 0.77351629734, 1.34697961807, 1.53625023365, 1.63455915451, 1.77288067341, 1.53724133968]
    dvar: [2464.09887695, 18.6446247101, 171.235076904, 39.1991119385, 7.51370382309, 17.7294330597, 0.362167000771, 17.5428543091, 1.6216673851, 13.2482910156, 8.86562347412, 4.98647212982, 17.52876091]
    dvar2: [6156.98046875, 41.3967666626, 358.875823975, 67.856300354, 3.24984884262, 7.32866382599, 0.274368971586, 8.50604724884, 0.709754228592, 12.2046976089, 7.93303155899, 5.22255897522, 18.7139186859]
    kurt: [38.5175933838, 22.3583126068, 19.1278209686, 25.7801837921, 33.2792625427, 31.8475608826, 19.4971694946, 26.3354206085, 26.8902816772, 20.7068805695, 21.1594562531, 16.8731079102, 19.0116710663]
    max: [-878.676635742, -2.43495559692, -8.54454040527, 46.9068069458, 31.9874916077, -8.75222015381, -0.585338592529, 49.9926986694, -3.51393127441, -6.08219909668, 36.2772789001, 23.1610050201, -6.52840805054]
    mean: [-1097.47375488, -12.3572940826, -45.9328079224, 33.3761672974, 28.7644538879, -45.7867851257, -6.70784902573, 47.619178772, -15.6677370071, -38.6300315857, 32.9069747925, 21.7800292969, -41.4074440002]
    median: [-1101.91357422, -12.1878852844, -45.6991386414, 33.5736732483, 29.3626289368, -46.7969322205, -6.86327362061, 48.9300613403, -16.0085372925, -39.9003372192, 33.8736076355, 22.5889225006, -42.9026298523]
    min: [-1131.4576416, -27.5108451843, -87.1924591064, 6.56685256958, 5.07618713379, -50.3545036316, -7.31092071533, 8.47936439514, -18.5048446655, -40.2395706177, 6.05753707886, 2.56089019775, -44.0522270203]
    skew: [6.28631401062, -2.77048325539, -0.693352758884, -3.96162676811, -5.76349592209, 5.63412570953, 4.28752756119, -5.16741704941, 5.00907897949, 4.64681959152, -4.67151451111, -4.18305397034, 4.44967794418]
    var: [1107.86987305, 7.3966999054, 69.8153991699, 20.6178379059, 13.9203195572, 34.7807502747, 1.22021842003, 43.1417236328, 4.06641435623, 35.0041351318, 23.3647518158, 13.8236207962, 42.3167076111]

SpecContrastCoeff:
    dmean: [0.0696363672614, 0.0168790817261, 0.015026894398, 0.0186777189374, 0.0290485341102, 0.0216726511717]
    dmean2: [0.139647901058, 0.0313212387264, 0.0276527907699, 0.0374074578285, 0.0435980819166, 0.0434503220022]
    dvar: [0.00231350492686, 0.000295301724691, 0.000120371259982, 8.18991538836e-05, 0.00218390813097, 0.000155604197062]
    dvar2: [0.00924982130527, 0.000791496946476, 0.000267259951215, 0.000268212897936, 0.00190970685799, 0.000627731671557]
    kurt: [1.23017311096, 8.70794868469, 13.3315029144, 0.728777647018, 18.9706993103, -0.777284622192]
    max: [-0.777416110039, -0.899861335754, -0.907120943069, -0.91011017561, -0.363743215799, -0.904081344604]
    mean: [-0.916513681412, -0.982533454895, -0.981370091438, -0.95001077652, -0.425497323275, -0.933067083359]
    median: [-0.93837416172, -0.990668177605, -0.98651766777, -0.951405107975, -0.41225785017, -0.937533378601]
    min: [-0.990842044353, -0.99515658617, -0.992389976978, -0.963640809059, -0.831342041492, -0.946212112904]
    skew: [1.36333763599, 2.70103263855, 3.14223098755, 0.996905863285, -4.33763837814, 0.75144469738]
    var: [0.00231028837152, 0.000310369010549, 0.000205105869099, 0.000168580794707, 0.00554237747565, 0.000184266449651]

SpecPeakAmp:
    dmean: [1.29749569169e-05, 1.21011198644e-05, 1.20480253827e-05, 1.19455353342e-05, 1.04887085399e-05]
    dmean2: [1.99861678993e-05, 2.1281577574e-05, 2.12796712731e-05, 2.11541118915e-05, 1.96748933377e-05]
    dvar: [7.24145410302e-10, 7.11971870349e-10, 6.86096346403e-10, 6.83816558933e-10, 4.63515531512e-10]
    dvar2: [1.8517903877e-09, 1.80727566246e-09, 1.7468142488e-09, 1.75858405616e-09, 1.18562126783e-09]
    kurt: [32.0136756897, 37.160572052, 37.1663818359, 36.8069992065, 23.0710716248]
    max: [0.0001426654635, 0.000140955424285, 0.000140235104482, 0.000143554076203, 0.000146350328578]
    mean: [2.03731069632e-05, 1.01505502244e-05, 1.01971918411e-05, 1.04867567643e-05, 1.20240401884e-05]
    median: [1.66988083947e-05, 7.32230319045e-06, 8.56079805089e-06, 8.28446445666e-06, 8.0824493125e-06]
    min: [6.31624061498e-06, 5.37436960713e-07, 8.548763617e-07, 1.1775304074e-06, 9.61841806202e-07]
    skew: [5.51669979095, 6.14218997955, 6.14172935486, 6.10140275955, 4.80738210678]
    var: [3.76900122223e-10, 4.02515826226e-10, 3.97780780537e-10, 4.18409640268e-10, 5.46853562433e-10]
