
metadata:
    version:
        essentia: "2.1-beta3"

Flux:
    dmean: 0.0252022370696
    dmean2: 0.0343167930841
    dvar: 0.00676666200161
    dvar2: 0.0131751699373
    kurt: 9.20417976379
    max: 0.484030663967
    mean: 0.0331211313605
    median: 0.000820076849777
    min: 2.58475847659e-05
    skew: 3.24481534958
    var: 0.011421023868

Rms:
    dmean: 0.0113171013072
    dmean2: 0.0091765858233
    dvar: 0.00126638344955
    dvar2: 0.000554145430215
    kurt: 20.8157463074
    max: 0.355212211609
    mean: 0.340937912464
    median: 0.353005111217
    min: 0.0643123462796
    skew: -4.52833938599
    var: 0.00241336598992

RollOff:
    dmean: 8.31964683533
    dmean2: 8.01235485077
    dvar: 2322.94506836
    dvar2: 2070.88134766
    kurt: 39.3706932068
    max: 689.0625
    mean: 353.14453125
    median: 344.53125
    min: 344.53125
    skew: 6.40811920166
    var: 2584.23681641

SpecCent:
    dmean: 16.4085674286
    dmean2: 16.2417049408
    dvar: 6253.09960938
    dvar2: 4960.95214844
    kurt: 38.933139801
    max: 936.613037109
    mean: 354.273132324
    median: 339.987640381
    min: 335.949951172
    skew: 6.3613038063
    var: 7807.01806641

Zcr:
    dmean: 0.000710227293894
    dmean2: 0.000772165716626
    dvar: 3.26692520503e-06
    dvar2: 1.95428606276e-06
    kurt: 18.483297348
    max: 0.015625
    mean: 0.0147352432832
    median: 0.01513671875
    min: 0.00048828125
    skew: -4.27588796616
    var: 6.79534286974e-06

HarmonicAmpFreq:
    dmean: [0.666700184345]
    dmean2: [0.691946327686]
    dvar: [17.7943401337]
    dvar2: [18.785697937]
    kurt: [39.9812850952]
    max: [368.270965576]
    mean: [341.003845215]
    median: [340.405792236]
    min: [339.948059082]
    skew: [6.47753429413]
    var: [16.905796051]

HarmonicAmpMag:
    dmean: [0.0191763695329]
    dmean2: [0.0145578747615]
    dvar: [0.00508481403813]
    dvar2: [0.00353268696927]
    kurt: [15.4848899841]
    max: [0.49134644866]
    mean: [0.467702686787]
    median: [0.491228103638]
    min: [0.000509889330715]
    skew: [-4.04236936569]
    var: [0.00851082894951]

MfccCoeff:
    dmean: [34.3078918457, 7.50834178925, 24.3134536743, 19.4809589386, 6.5489730835, 6.59003019333, 6.47607851028, 4.34257936478, 4.10295438766, 3.05482125282, 2.10360527039, 1.32826530933, 1.62261736393]
    dmean2: [51.3743743896, 14.0625152588, 35.4581871033, 26.5978546143, 7.91756057739, 11.8296823502, 10.3495836258, 5.57056570053, 5.07074594498, 4.10490894318, 2.85611104965, 2.47955489159, 2.3132121563]
    dvar: [7750.73730469, 46.380859375, 269.480010986, 92.5742721558, 8.53143310547, 30.1131649017, 40.0696640015, 49.2738075256, 42.3365974426, 30.083070755, 10.7305927277, 1.79311513901, 7.93139457703]
    dvar2: [19139.3261719, 91.3416976929, 644.831176758, 294.657104492, 46.5449943542, 56.0683021545, 54.0340270996, 50.1710739136, 40.2438812256, 27.2654094696, 6.9109377861, 3.4425098896, 10.9115343094]
    kurt: [24.8852367401, 15.9738044739, -0.982944726944, -1.28286027908, -0.32214140892, 7.16529750824, 11.0407743454, 14.1846237183, 15.2649440765, 16.1955337524, 21.9216899872, 6.85134887695, 9.34270095825]
    max: [-610.782470703, 166.595977783, 112.837890625, 46.4215278625, -2.546875, -8.46977996826, -11.0568237305, -7.1282119751, -2.75973510742, 2.10092926025, 6.18858718872, 5.02680206299, 21.1947860718]
    mean: [-994.959716797, 148.917297363, 75.0774383545, 20.365190506, -15.1935682297, -42.1415023804, -59.4652519226, -64.0478591919, -58.9169387817, -44.8768386841, -24.2852725983, -1.75056290627, 18.8149166107]
    median: [-1003.29046631, 150.010742188, 75.5433959961, 16.2031745911, -14.7994194031, -42.7999992371, -61.2776565552, -66.6157226562, -60.9633712769, -46.6687469482, -25.1638088226, -1.57677459717, 20.1467285156]
    min: [-1032.04064941, 108.896522522, 30.8161506653, -1.71207809448, -26.455165863, -53.7431755066, -70.3947372437, -72.8312835693, -67.3866500854, -51.4401092529, -28.3216457367, -4.87646865845, -0.0267486572266]
    skew: [4.95394325256, -3.08229660988, -0.2681466043, 0.273419708014, -0.11889231205, 2.23848056793, 3.14737939835, 3.79302668571, 3.89390182495, 4.0038356781, 4.58941745758, 1.26090204716, -3.23657798767]
    var: [4262.89257812, 56.003868103, 436.268585205, 230.490188599, 29.9023170471, 63.1485748291, 106.35874939, 131.801361084, 120.63420105, 81.0355682373, 28.4743900299, 2.34900760651, 20.0162620544]

SpecContrastCoeff:
    dmean: [0.045317646116, 0.033132109791, 0.0135748628527, 0.0110694169998, 0.00715334853157, 0.0140526089817]
    dmean2: [0.0760717615485, 0.0291755031794, 0.0206219144166, 0.0183567553759, 0.0119425281882, 0.0256276000291]
    dvar: [0.00268339063041, 0.0103552052751, 0.000283825182123, 0.000406013248721, 0.000161045216373, 0.000364812643966]
    dvar2: [0.0062633883208, 0.00470016431063, 0.000719727366231, 0.00104216707405, 0.000414720445406, 0.000948374450672]
    kurt: [6.92123126984, 26.318321228, 7.38902664185, 15.9222717285, 9.35385322571, 4.23619890213]
    max: [-0.631348609924, -0.0670668110251, -0.858884513378, -0.856142580509, -0.897065937519, -0.891601383686]
    mean: [-0.917442917824, -0.112277783453, -0.93784314394, -0.950106024742, -0.952621221542, -0.946778416634]
    median: [-0.942078649998, -0.0816614702344, -0.94534021616, -0.957553863525, -0.957186818123, -0.954363703728]
    min: [-0.980834364891, -0.973107993603, -0.9496935606, -0.958013057709, -0.958290338516, -0.956705152988]
    skew: [2.65164637566, -5.06364583969, 2.6772274971, 3.76287794113, 3.03586912155, 2.24890136719]
    var: [0.00452389800921, 0.0205860584974, 0.000360916834325, 0.000310826289933, 0.000146014499478, 0.000259315915173]

SpecPeakAmp:
    dmean: [0.0128436870873, 0.111678592861, 0.309533834457, 0.2236263901, 0.0227306243032]
    dmean2: [0.0196793414652, 0.227981850505, 0.624992132187, 0.4572737813, 0.0462922230363]
    dvar: [0.00339369825087, 0.0421589687467, 0.0548159368336, 0.059574034065, 0.0104388985783]
    dvar2: [0.00871632620692, 0.0708803832531, 0.0944156348705, 0.138462215662, 0.0314838625491]
    kurt: [40.0210609436, 0.249862670898, -1.97127521038, -0.58566069603, 40.010848999]
    max: [0.280249148607, 0.491218686104, 0.49134644866, 0.491331189871, 0.491181343794]
    mean: [0.00651815999299, 0.0986575111747, 0.232445120811, 0.12051166594, 0.0112149817869]
    median: [0.000291507836664, 0.000288578361506, 0.00524686556309, 0.000323939399095, 5.96211284574e-05]
    min: [6.71542802593e-05, 0.000142221804708, 8.90867158887e-05, 1.37242359415e-05, 1.2906781194e-05]
    skew: [6.48229694366, 1.49989831448, 0.116002783179, 1.18918526173, 6.48109483719]
    var: [0.00170295697171, 0.0385207161307, 0.0588682740927, 0.0444775633514, 0.00523635325953]
