
metadata:
    version:
        essentia: "2.1-beta3"

Flux:
    dmean: 0.0352182127535
    dmean2: 0.0466726310551
    dvar: 0.013625677675
    dvar2: 0.0263281315565
    kurt: 9.37055492401
    max: 0.692057430744
    mean: 0.0465832166374
    median: 0.000705192564055
    min: 8.84950713953e-05
    skew: 3.26410651207
    var: 0.0229518618435

Rms:
    dmean: 0.0140292784199
    dmean2: 0.0102831954136
    dvar: 0.00259240716696
    dvar2: 0.00117303535808
    kurt: 21.0490894318
    max: 0.499855875969
    mean: 0.482228636742
    median: 0.499833405018
    min: 0.0905499458313
    skew: -4.55245161057
    var: 0.00480813393369

RollOff:
    dmean: 7.83025550842
    dmean2: 7.51158237457
    dvar: 2025.24182129
    dvar2: 1787.50793457
    kurt: 39.2808837891
    max: 3208.44726562
    mean: 2893.58569336
    median: 2885.44921875
    min: 2885.44921875
    skew: 6.39806652069
    var: 2272.82788086

SpecCent:
    dmean: 5.78700399399
    dmean2: 6.84735536575
    dvar: 794.84979248
    dvar2: 725.075805664
    kurt: 39.7334632874
    max: 3055.78491211
    mean: 2859.51757812
    median: 2854.8215332
    min: 2853.47167969
    skew: 6.44914007187
    var: 878.434692383

Zcr:
    dmean: 0.00437233643606
    dmean2: 0.00311137363315
    dvar: 0.000255920109339
    dvar2: 0.000175653753104
    kurt: 17.7938919067
    max: 0.13037109375
    mean: 0.124772138894
    median: 0.13037109375
    min: 0.0048828125
    skew: -4.23441410065
    var: 0.000493787170853

HarmonicAmpFreq:
    dmean: [0.277526855469]
    dmean2: [0.283980965614]
    dvar: [3.31190943718]
    dvar2: [3.38709783554]
    kurt: [40.0068321228]
    max: [2891.71728516]
    mean: [2879.77856445]
    median: [2879.50610352]
    min: [2879.50610352]
    skew: [6.48065471649]
    var: [3.23998641968]

HarmonicAmpMag:
    dmean: [1.70861767401e-05]
    dmean2: [1.74835295184e-05]
    dvar: [1.2553309503e-08]
    dvar2: [1.28382993125e-08]
    kurt: [40.022731781]
    max: [0.000751791754737]
    mean: [1.6706482711e-05]
    median: [0]
    min: [0]
    skew: [6.48249483109]
    var: [1.22806893543e-08]

MfccCoeff:
    dmean: [43.074180603, 39.1729164124, 5.63324737549, 9.44912719727, 5.13242673874, 5.89477586746, 2.77068567276, 2.90034174919, 1.0729085207, 1.83066761494, 1.44261550903, 0.951663613319, 1.85473012924]
    dmean2: [74.3772277832, 77.7335891724, 10.1778554916, 18.1874065399, 9.26772117615, 10.0250091553, 5.43120336533, 4.56865787506, 1.60297930241, 2.56093263626, 2.37518930435, 1.6238117218, 2.3014960289]
    dvar: [7262.63769531, 458.875610352, 24.1069412231, 34.7432594299, 17.8612995148, 29.4009723663, 1.32220220566, 27.3839969635, 2.84402275085, 21.8174304962, 13.192486763, 6.87980985641, 25.3313407898]
    dvar2: [18552.0019531, 1833.12390137, 52.3950195312, 120.302200317, 22.6941165924, 48.2980384827, 5.13108634949, 36.0005149841, 2.83724999428, 29.9117240906, 23.2837429047, 11.4289960861, 27.1646957397]
    kurt: [28.4648227692, -1.05687022209, 12.4429836273, 0.821469545364, 6.41383743286, 9.45937728882, 0.0974051952362, 14.6636352539, 16.4914608002, 14.9013786316, 11.9218902588, 11.1513090134, 16.8233184814]
    max: [-621.495788574, 25.3918266296, -69.7232513428, 72.5298156738, 50.6937141418, -26.3714866638, -0.8610496521, 64.1335449219, -5.09339523315, -7.66966247559, 40.2156333923, 23.9907302856, -3.82284927368]
    mean: [-990.504150391, -5.93173885345, -105.302009583, 60.3973960876, 42.002910614, -61.9002761841, -6.14867734909, 54.6740493774, -18.3025951385, -40.8875541687, 34.7773666382, 22.1985263824, -41.7895698547]
    median: [-994.306396484, -3.23170852661, -105.085525513, 61.2034988403, 42.6606330872, -62.8491630554, -6.09784698486, 56.14894104, -18.7059860229, -42.5906906128, 35.8053016663, 23.0483264923, -43.4387702942]
    min: [-1054.49560547, -62.2077560425, -115.032218933, 38.9006233215, 16.8042144775, -77.838104248, -9.32888793945, 17.9716968536, -21.0220947266, -45.6846084595, 14.1592597961, 8.19659996033, -48.1500968933]
    skew: [5.12697219849, -0.404009431601, 3.14288973808, -0.705183804035, -2.31314349174, 2.74750375748, 0.412938147783, -3.81541228294, 3.78549337387, 3.93462967873, -3.55389118195, -3.53680491447, 4.12961053848]
    var: [3631.79516602, 591.018859863, 52.2360572815, 45.1511764526, 38.4094619751, 63.4140892029, 2.93858242035, 53.3964080811, 6.13525867462, 43.6855545044, 21.3321323395, 11.3369951248, 52.1666984558]

SpecContrastCoeff:
    dmean: [0.0179088898003, 0.0111899636686, 0.0131560554728, 0.0181876327842, 0.0287975501269, 0.01884184964]
    dmean2: [0.0347745157778, 0.0210747532547, 0.025630723685, 0.0356538891792, 0.0336087197065, 0.0374870039523]
    dvar: [0.000381986727007, 0.000227814583923, 0.00012316754146, 0.000121489189041, 0.00387101760134, 0.000183109834325]
    dvar2: [0.00124081235845, 0.000740566058084, 0.000409134256188, 0.000428465515142, 0.00233222544193, 0.000689293432515]
    kurt: [13.4140930176, 11.7324819565, 3.13585329056, 0.269514799118, 20.1100006104, 0.232425689697]
    max: [-0.871309101582, -0.911471784115, -0.937428414822, -0.896573901176, -0.2270937711, -0.88633453846]
    mean: [-0.975968360901, -0.988097071648, -0.981000781059, -0.938650667667, -0.278065800667, -0.923279583454]
    median: [-0.983398377895, -0.994450747967, -0.985770761967, -0.942503094673, -0.257488816977, -0.929041862488]
    min: [-0.994348347187, -0.996565043926, -0.991419613361, -0.954652905464, -0.790156900883, -0.938419997692]
    skew: [3.38408994675, 3.25041079521, 1.87376701832, 1.05014908314, -4.43903303146, 1.18293082714]
    var: [0.000417338509578, 0.000238380584051, 0.000169687671587, 0.000232927370234, 0.00838157907128, 0.000199015092221]

SpecPeakAmp:
    dmean: [0.000133836307214, 0.000133215042297, 0.000131871449412, 0.00012989724928, 0.000116802475532]
    dmean2: [0.000225940326345, 0.000225465220865, 0.000223785362323, 0.000221392401727, 0.000208258847124]
    dvar: [1.65315896083e-07, 1.6359366839e-07, 1.59907898478e-07, 1.52500874151e-07, 1.16342675938e-07]
    dvar2: [4.27681726478e-07, 4.25509881552e-07, 4.16967054662e-07, 4.00461942718e-07, 3.15105978643e-07]
    kurt: [39.2777366638, 39.3292388916, 39.324256897, 39.1449775696, 30.8706016541]
    max: [0.00203107460402, 0.00201748986728, 0.00200949772261, 0.00199996004812, 0.00201940443367]
    mean: [0.000114326074254, 0.000105421866465, 0.000105833001726, 0.000107784384454, 0.000121784833027]
    median: [7.4223462434e-05, 6.76132040098e-05, 6.75014598528e-05, 7.24762721802e-05, 6.8566572736e-05]
    min: [1.48309463839e-05, 9.95834670903e-06, 1.0379347259e-05, 1.16629971672e-05, 1.33602552523e-05]
    skew: [6.3937754631, 6.39983320236, 6.3992023468, 6.3783621788, 5.55690336227]
    var: [8.42322265271e-08, 8.37702884837e-08, 8.30405042507e-08, 8.2215706243e-08, 9.27990200239e-08]
