
metadata:
    version:
        essentia: "2.1-beta3"

Flux:
    dmean: 0.0186355113983
    dmean2: 0
    dvar: 0
    dvar2: 0
    kurt: -2
    max: 0.422671973705
    mean: 0.413354218006
    median: 0.413354218006
    min: 0.404036462307
    skew: 0
    var: 8.68205679581e-05

Rms:
    dmean: 0
    dmean2: 0
    dvar: 0
    dvar2: 0
    kurt: 0
    max: 0.145016312599
    mean: 0.145016312599
    median: 0.145016312599
    min: 0.145016312599
    skew: 0
    var: 0

RollOff:
    dmean: 904.39453125
    dmean2: 0
    dvar: 0
    dvar2: 0
    kurt: -2
    max: 2713.18359375
    mean: 2260.98632812
    median: 2260.98632812
    min: 1808.7890625
    skew: 0
    var: 204482.359375

SpecCent:
    dmean: 65.984375
    dmean2: 0
    dvar: 0
    dvar2: 0
    kurt: -2
    max: 2303.57446289
    mean: 2270.58227539
    median: 2270.58227539
    min: 2237.59008789
    skew: 0
    var: 1088.484375

Zcr:
    dmean: 0.00048828125
    dmean2: 0
    dvar: 0
    dvar2: 0
    kurt: -2
    max: 0.017578125
    mean: 0.017333984375
    median: 0.017333984375
    min: 0.01708984375
    skew: 0
    var: 5.96046447754e-08

HarmonicAmpFreq:
    dmean: [0]
    dmean2: [0]
    dvar: [0]
    dvar2: [0]
    kurt: [nan]
    max: [2426.11035156]
    mean: [2426.11035156]
    median: [2426.11035156]
    min: [2426.11035156]
    skew: [nan]
    var: [0]

HarmonicAmpMag:
    dmean: [0]
    dmean2: [0]
    dvar: [0]
    dvar2: [0]
    kurt: [nan]
    max: [0]
    mean: [0]
    median: [0]
    min: [0]
    skew: [nan]
    var: [0]

MfccCoeff:
    dmean: [301.589660645, 126.485107422, 33.67237854, 62.6789016724, 15.4701499939, 5.06821632385, 6.77691459656, 10.675031662, 3.01774787903, 1.82906532288, 1.55065917969, 3.05770492554, 1.84030151367]
    dmean2: [0, 0, 0, 0, 0, 0, 0, 0, 0, 0, 0, 0, 0]
    dvar: [0, 0, 0, 0, 0, 0, 0, 0, 0, 0, 0, 0, 0]
    dvar2: [0, 0, 0, 0, 0, 0, 0, 0, 0, 0, 0, 0, 0]
    kurt: [-2, -2, -2, -2, -2, -2, -2, -2, -2, -2, -2, -2, -2]
    max: [-556.956298828, 178.745697021, -93.6403198242, -5.62866401672, 27.737285614, -5.97833061218, -11.3344135284, 13.3825435638, 3.92551612854, -4.80794525146, 0.513996124268, 5.15865707397, -1.23764801025]
    mean: [-707.751098633, 115.503143311, -110.476509094, -36.9681129456, 20.0022106171, -8.51243877411, -14.7228708267, 8.04502773285, 2.41664218903, -5.7224779129, -0.261333465576, 3.62980461121, -2.15779876709]
    median: [-707.751098633, 115.503143311, -110.476509094, -36.9681129456, 20.0022106171, -8.51243877411, -14.7228708267, 8.04502773285, 2.41664218903, -5.7224779129, -0.261333465576, 3.62980461121, -2.15779876709]
    min: [-858.545959473, 52.2605895996, -127.312698364, -68.3075637817, 12.2671356201, -11.046546936, -18.111328125, 2.70751190186, 0.907768249512, -6.63701057434, -1.03666305542, 2.10095214844, -3.07794952393]
    skew: [-6.19725767592e-07, 0, 0, -9.51803258431e-08, 0, 0, 0, 0, 0, 0, 0, 0, 0]
    var: [22739.0820312, 3999.62060547, 283.457275391, 982.161132812, 59.8313865662, 6.4217042923, 11.4816427231, 28.489074707, 2.27670049667, 0.836369991302, 0.601135969162, 2.33738994598, 0.846677422523]

SpecContrastCoeff:
    dmean: [0.0512925982475, 0.0715101957321, 0.125926613808, 0.0920398235321, 0.165929317474, 0.0427359342575]
    dmean2: [0, 0, 0, 0, 0, 0]
    dvar: [0, 0, 0, 0, 0, 0]
    dvar2: [0, 0, 0, 0, 0, 0]
    kurt: [-1.99999988079, -2, -2, -2, -2, -2]
    max: [-0.889563381672, -0.81930321455, -0.854649841785, -0.824973702431, -0.536693513393, -0.888661503792]
    mean: [-0.915209650993, -0.855058312416, -0.917613148689, -0.870993614197, -0.619658172131, -0.910029470921]
    median: [-0.915209650993, -0.855058312416, -0.917613148689, -0.870993614197, -0.619658172131, -0.910029470921]
    min: [-0.940855979919, -0.890813410282, -0.980576455593, -0.917013525963, -0.702622830868, -0.931397438049]
    skew: [-3.45069065588e-06, 0, 0, 0, 0, 0]
    var: [0.000657732656691, 0.00127842708025, 0.00396437803283, 0.00211783219129, 0.00688313459978, 0.000456590030808]

SpecPeakAmp:
    dmean: [0.00284358276986, 0.000327255576849, 7.61752016842e-05, 0.00040493812412, 0.00136106275022]
    dmean2: [0, 0, 0, 0, 0]
    dvar: [0, 0, 0, 0, 0]
    dvar2: [0, 0, 0, 0, 0]
    kurt: [-2, -2, -2, -2, -2]
    max: [0.00324936909601, 0.00382619467564, 0.00400636019185, 0.00456410460174, 0.00546433916315]
    mean: [0.00182757771108, 0.00366256688721, 0.00396827235818, 0.00436163553968, 0.00478380778804]
    median: [0.00182757771108, 0.00366256688721, 0.00396827235818, 0.00436163553968, 0.00478380778804]
    min: [0.000405786413467, 0.00349893909879, 0.00393018499017, 0.00415916647762, 0.00410327641293]
    skew: [1.15884105867e-07, 0, 1.83656484296e-05, 0, 0]
    var: [2.02149067263e-06, 2.67740531967e-08, 1.45066536561e-09, 4.09937221946e-08, 4.63122944439e-07]
