
metadata:
    version:
        essentia: "2.1-beta3"

Flux:
    dmean: 7.31466252546e-06
    dmean2: 1.10498494905e-05
    dvar: 5.98673111085e-10
    dvar2: 1.27917643145e-09
    kurt: 13.812746048
    max: 0.000132285218569
    mean: 8.95993071026e-06
    median: 2.44259808824e-06
    min: 9.44316639107e-07
    skew: 3.84351158142
    var: 6.30931695778e-10

Rms:
    dmean: 2.50005382441e-06
    dmean2: 3.00991041513e-06
    dvar: 4.69397645753e-11
    dvar2: 3.43914792478e-11
    kurt: 18.4854984283
    max: 0.000108817126602
    mean: 0.000106234561827
    median: 0.000108385829662
    min: 6.37786433799e-05
    skew: -4.38408613205
    var: 6.4122124277e-11

RollOff:
    dmean: 1.00154435635
    dmean2: 1.025390625
    dvar: 20.5633563995
    dvar2: 21.0285148621
    kurt: 17.0476436615
    max: 215.33203125
    mean: 194.777603149
    median: 193.798828125
    min: 193.798828125
    skew: 4.36436223984
    var: 20.118303299

SpecCent:
    dmean: 5.91543912888
    dmean2: 10.3791217804
    dvar: 22.4627056122
    dvar2: 48.5088729858
    kurt: 0.960632562637
    max: 619.050292969
    mean: 602.617248535
    median: 600.646911621
    min: 594.977905273
    skew: 1.25367999077
    var: 30.6012935638

Zcr:
    dmean: 0.000317950587487
    dmean2: 0.000465029763291
    dvar: 6.86243026848e-07
    dvar2: 7.2606798085e-07
    kurt: 16.7836761475
    max: 0.0087890625
    mean: 0.0081898085773
    median: 0.00830078125
    min: 0.00390625
    skew: -4.17919254303
    var: 7.24614778846e-07

HarmonicAmpFreq:
    dmean: [0.0970373824239]
    dmean2: [0.118605837226]
    dvar: [0.106592699885]
    dvar2: [0.0998931750655]
    kurt: [23.6195869446]
    max: [185.729858398]
    mean: [185.632873535]
    median: [185.703796387]
    min: [183.697296143]
    skew: [-4.9133644104]
    var: [0.113440960646]

HarmonicAmpMag:
    dmean: [3.87726231565e-06]
    dmean2: [3.98202837459e-06]
    dvar: [3.0346711255e-10]
    dvar2: [3.01235869582e-10]
    kurt: [23.4346027374]
    max: [0.000144232617458]
    mean: [0.000140340183862]
    median: [0.000144033780089]
    min: [4.00625394832e-05]
    skew: [-4.90961551666]
    var: [3.06610375977e-10]

MfccCoeff:
    dmean: [0.164576336741, 0.226332560182, 0.207475528121, 0.177344039083, 0.137757763267, 0.0911120027304, 0.0402090400457, 0.0119669716805, 0.0622775070369, 0.107943512499, 0.146408438683, 0.175660073757, 0.194304004312]
    dmean2: [0.170151486993, 0.233995705843, 0.214492067695, 0.183337256312, 0.142411008477, 0.0941837877035, 0.0415678471327, 0.0124620711431, 0.0644186139107, 0.111629851162, 0.151392072439, 0.181628450751, 0.200893580914]
    dvar: [0.655020177364, 1.23912489414, 1.04209291935, 0.762477517128, 0.461357504129, 0.203051522374, 0.0404208414257, 0.0030619322788, 0.0913474708796, 0.277462780476, 0.512997329235, 0.740972757339, 0.909299254417]
    dvar2: [0.665940284729, 1.25978374481, 1.05942451954, 0.775077104568, 0.468900263309, 0.206291168928, 0.0410081632435, 0.00313836941496, 0.0930338352919, 0.282377719879, 0.52191478014, 0.753684282303, 0.924721121788]
    kurt: [31.4655303955, 31.4693222046, 31.4974021912, 31.5526390076, 31.6566963196, 31.8796615601, 32.6439247131, 26.0577316284, 30.4182167053, 30.8637580872, 31.0593223572, 31.1912307739, 31.3049049377]
    max: [-1133.25036621, 7.11097335815, 6.52255249023, 5.58192825317, 4.34545898438, 2.88800811768, 1.29616165161, -5.34057617188e-05, -4.57763671875e-05, -2.28881835938e-05, -2.67028808594e-05, -3.0517578125e-05, -3.81469726562e-05]
    mean: [-1133.41357422, 6.88622093201, 6.31652402878, 5.40579414368, 4.2086520195, 2.79751729965, 1.25622415543, -0.324251174927, -1.85225665569, -3.24116373062, -4.41482830048, -5.31209421158, -5.89051675797]
    median: [-1133.25830078, 7.09997177124, 6.51248168945, 5.57330703735, 4.33879089355, 2.88360595703, 1.29424667358, -0.335380554199, -1.91097259521, -3.34302520752, -4.55304336548, -5.47794723511, -6.07399749756]
    min: [-1138.42004395, 1.14440917969e-05, -6.103515625e-05, 8.01086425781e-05, -6.103515625e-05, 2.28881835938e-05, -2.67028808594e-05, -0.336135864258, -1.91409301758, -3.3483505249, -4.56021499634, -5.48652648926, -6.08346939087]
    skew: [-5.63821172714, -5.63837814331, -5.64102983475, -5.64624547958, -5.65609121323, -5.67721986771, -5.75012636185, 5.14228057861, 5.53977584839, 5.58141994476, 5.59976816177, 5.61217069626, 5.62287378311]
    var: [0.646509885788, 1.2230437994, 1.02860975266, 0.752676010132, 0.455491185188, 0.200534164906, 0.0399645939469, 0.00300125777721, 0.0900303199887, 0.273629963398, 0.506047725677, 0.731071710587, 0.897291183472]

SpecContrastCoeff:
    dmean: [0.0212391745299, 0.0218683034182, 0.0147488750517, 0.0178751386702, 0.0172042995691, 0.0104684196413]
    dmean2: [0.0277478434145, 0.0371313095093, 0.0217576175928, 0.0299129933119, 0.0295427050442, 0.0160693861544]
    dvar: [0.00227336306125, 0.000245395000093, 0.000135818307172, 0.000276315724477, 0.000159178540343, 8.14788727439e-05]
    dvar2: [0.00211020885035, 0.000622050545644, 0.000177820271347, 0.000377344025765, 0.000204858108191, 0.000101721481769]
    kurt: [15.0339298248, 2.67863082886, 5.19093990326, 8.09753608704, 10.1447896957, 8.97489070892]
    max: [-0.531945407391, -0.81516033411, -0.868357539177, -0.797038853168, -0.800158023834, -0.843184649944]
    mean: [-0.577615201473, -0.862109541893, -0.893072724342, -0.832018256187, -0.82613068819, -0.860608160496]
    median: [-0.566084980965, -0.861274003983, -0.891031742096, -0.828534841537, -0.824434459209, -0.858312904835]
    min: [-0.853747308254, -0.931824564934, -0.956163764, -0.931158721447, -0.921135902405, -0.923171877861]
    skew: [-3.95053529739, -0.732915699482, -1.92153036594, -2.54775714874, -2.79371213913, -2.61410212517]
    var: [0.00310636684299, 0.000406994397053, 0.000294373370707, 0.000535493192729, 0.000400137068937, 0.000183644573553]

SpecPeakAmp:
    dmean: [3.31569310674e-07, 8.12650905573e-05, 8.03073344287e-05, 1.24750343389e-07, 2.38394321173e-07]
    dmean2: [4.58380725377e-07, 0.000161873205798, 0.000160994706675, 1.84944909165e-07, 4.12522979332e-07]
    dvar: [3.67015716863e-13, 4.85153472951e-09, 5.0910271554e-09, 5.62023673857e-14, 2.19742342269e-13]
    dvar2: [2.98283885656e-13, 1.03073656277e-08, 1.004944572e-08, 5.95977870462e-14, 5.32554035593e-13]
    kurt: [20.9986915588, -1.96298182011, -1.99164533615, 19.7908782959, 7.67852592468]
    max: [1.70622806763e-05, 0.000144232617458, 0.000144225297845, 1.62338164955e-06, 1.97114036382e-06]
    mean: [1.66320842254e-05, 7.17122020433e-05, 6.89045045874e-05, 2.37810169779e-07, 3.32158123229e-07]
    median: [1.67520920513e-05, 6.34272510069e-05, 1.40425356676e-06, 1.88845802995e-07, 2.0590675831e-07]
    min: [1.28452120407e-05, 1.92682790612e-07, 8.37105957885e-08, 7.49972599579e-08, 1.21160979916e-07]
    skew: [-4.444003582, 0.0149337323382, 0.0909448340535, 4.42482089996, 3.01480269432]
    var: [4.5330929223e-13, 4.95423790881e-09, 5.15745890439e-09, 6.39924243695e-14, 1.83256824971e-13]
