
metadata:
    version:
        essentia: "2.1-beta3"

Flux:
    dmean: 0.000176995585207
    dmean2: 0.000241510439082
    dvar: 3.33950112008e-07
    dvar2: 6.70983922646e-07
    kurt: 9.37546730042
    max: 0.00330902077258
    mean: 0.000237424304942
    median: 1.67369053088e-05
    min: 1.04875916804e-05
    skew: 3.27133560181
    var: 5.36254901817e-07

Rms:
    dmean: 8.45343820401e-05
    dmean2: 7.93878498371e-05
    dvar: 6.76805669286e-08
    dvar2: 3.03937248702e-08
    kurt: 21.8836097717
    max: 0.00243534822948
    mean: 0.0023351686541
    median: 0.00242227944545
    min: 0.000321531842928
    skew: -4.63694000244
    var: 1.2446538733e-07

RollOff:
    dmean: 22.5119857788
    dmean2: 22.5347480774
    dvar: 19916.15625
    dvar2: 19451.9414062
    kurt: 39.9397926331
    max: 1162.79296875
    mean: 216.2890625
    median: 193.798828125
    min: 193.798828125
    skew: 6.47280788422
    var: 20380.34375

SpecCent:
    dmean: 33.0262184143
    dmean2: 32.274181366
    dvar: 33043.171875
    dvar2: 26310.4414062
    kurt: 39.0904769897
    max: 1547.5625
    mean: 221.736343384
    median: 188.320114136
    min: 186.50012207
    skew: 6.37902784348
    var: 40391.3710938

Zcr:
    dmean: 0.000399502838263
    dmean2: 0.00048828125
    dvar: 7.94071866039e-07
    dvar2: 5.4337255051e-07
    kurt: 18.1812133789
    max: 0.0087890625
    mean: 0.008062065579
    median: 0.00830078125
    min: 0.0009765625
    skew: -4.2108206749
    var: 1.69141810602e-06

HarmonicAmpFreq:
    dmean: [0.0962403044105]
    dmean2: [0.139377683401]
    dvar: [0.0798974111676]
    dvar2: [0.157768175006]
    kurt: [13.0887069702]
    max: [186.583358765]
    mean: [185.692138672]
    median: [185.703933716]
    min: [184.899383545]
    skew: [0.0110882548615]
    var: [0.0398119091988]

HarmonicAmpMag:
    dmean: [0.000129407286295]
    dmean2: [0.000100680474134]
    dvar: [2.309060676e-07]
    dvar2: [1.60926504122e-07]
    kurt: [15.5547370911]
    max: [0.00327498535626]
    mean: [0.00311707844958]
    median: [0.00327367940918]
    min: [0]
    skew: [-4.05422735214]
    var: [3.79782136406e-07]

MfccCoeff:
    dmean: [2.33668661118, 2.90963196754, 1.94226276875, 0.891134440899, 0.446364670992, 0.296705245972, 0.193979084492, 0.181399434805, 0.250726878643, 0.411335170269, 0.553504824638, 0.668595731258, 0.749177873135]
    dmean2: [3.31138706207, 4.08792161942, 2.63561582565, 1.0736374855, 0.315767168999, 0.385111957788, 0.343157738447, 0.237120687962, 0.239512771368, 0.342813700438, 0.409814745188, 0.439515590668, 0.46493768692]
    dvar: [117.112281799, 183.03465271, 84.92552948, 21.9338359833, 4.13586139679, 2.0250658989, 0.899744808674, 0.557314157486, 1.60729444027, 3.47993445396, 5.32514953613, 6.96108865738, 8.40185928345]
    dvar2: [264.620239258, 406.180908203, 174.207870483, 33.147518158, 1.70514130592, 2.75700688362, 2.09194850922, 1.11104571819, 1.38011825085, 2.02247858047, 2.36355161667, 3.2237098217, 4.89827823639]
    kurt: [24.8014202118, 22.8822059631, 19.425661087, 33.8633003235, 31.9058570862, 18.9282493591, 17.8561935425, 13.9159412384, 35.7514953613, 33.7614707947, 30.0607299805, 26.0632476807, 23.2764377594]
    max: [-1076.5534668, 78.3945999146, 55.9026832581, 30.8228034973, 19.5942382812, 13.0228881836, 6.06831741333, -5.34057617188e-05, -4.57763671875e-05, -2.28881835938e-05, -2.67028808594e-05, -3.0517578125e-05, -3.81469726562e-05]
    mean: [-1115.68591309, 31.0978279114, 28.0995063782, 23.5522251129, 17.908159256, 11.5447120667, 4.76082849503, -2.13799786568, -8.78162002563, -14.7623062134, -19.7158546448, -23.3814125061, -25.6068553925]
    median: [-1116.09838867, 30.679058075, 28.0686073303, 23.8987770081, 18.4274291992, 11.9920806885, 4.98572158813, -2.16792297363, -9.04304504395, -15.2390899658, -20.4066066742, -24.2688369751, -26.6383934021]
    min: [-1138.42004395, 1.14440917969e-05, -6.103515625e-05, 8.01086425781e-05, -6.103515625e-05, 2.28881835938e-05, -1.22396469116, -4.37724304199, -9.04330444336, -15.2394561768, -20.4070796967, -24.2693481445, -26.6388664246]
    skew: [3.46581077576, 2.7886941433, -0.0747873187065, -5.56513834, -5.66085863113, -4.51573610306, -4.35790109634, 0.181462749839, 6.02922058105, 5.81331110001, 5.4509305954, 5.07426595688, 4.81337594986]
    var: [45.6940498352, 71.4105072021, 34.7840576172, 13.6813097, 8.13002872467, 4.88260412216, 1.3847566843, 0.254854232073, 1.84808707237, 5.36379384995, 10.1259279251, 15.3406686783, 19.6052780151]

SpecContrastCoeff:
    dmean: [0.035815987736, 0.0165112279356, 0.0197557620704, 0.0196336060762, 0.0132051864639, 0.0086201839149]
    dmean2: [0.0446249730885, 0.0307090952992, 0.0381918735802, 0.0365542024374, 0.0237655751407, 0.0156347882003]
    dvar: [0.00364684592932, 0.000299793726299, 0.000246112846071, 0.000165747347637, 0.000100431963801, 5.76315469516e-05]
    dvar2: [0.0024063589517, 0.000684694736265, 0.000750554085243, 0.000556100159883, 0.000278530671494, 0.000131834531203]
    kurt: [14.845615387, 7.00191688538, 0.852890491486, 0.441477775574, 2.44286346436, 7.56112384796]
    max: [-0.384282261133, -0.870320260525, -0.903921127319, -0.891221702099, -0.893920660019, -0.897614657879]
    mean: [-0.444278120995, -0.951941907406, -0.949413478374, -0.933654546738, -0.91890090704, -0.9167304039]
    median: [-0.419516742229, -0.958528101444, -0.953570663929, -0.935374379158, -0.918609261513, -0.916506230831]
    min: [-0.982710897923, -0.983667314053, -0.971617937088, -0.963670909405, -0.961472392082, -0.961493194103]
    skew: [-3.85041594505, 2.48324251175, 1.14380586147, 0.657278597355, -0.999828338623, -2.26998090744]
    var: [0.0109879523516, 0.000386532978155, 0.000210580968997, 0.000194595733774, 0.000163663979038, 0.000112107692985]

SpecPeakAmp:
    dmean: [9.13051189855e-05, 0.00178375770338, 0.00165771285538, 3.72410704585e-06, 2.74317585536e-06]
    dmean2: [0.000140186719364, 0.00357090379111, 0.00336969411001, 5.82914526603e-06, 4.47654201707e-06]
    dvar: [1.55054891593e-07, 2.63528909272e-06, 2.61719674199e-06, 6.79779774138e-11, 3.70578602527e-11]
    dvar2: [3.98517727263e-07, 3.88162197851e-06, 4.0842087401e-06, 1.31171434825e-10, 8.61531262997e-11]
    kurt: [39.998462677, -1.98199117184, -1.83177161217, 16.9642086029, 25.3634300232]
    max: [0.00190397480037, 0.00327498535626, 0.00327489408664, 3.79592456738e-05, 3.09718743665e-05]
    mean: [5.87495924265e-05, 0.00174836313818, 0.00133201363496, 4.32658544014e-06, 3.6210037706e-06]
    median: [1.6906984456e-05, 0.00327281560749, 3.82315920433e-06, 2.89120225716e-06, 2.75705042441e-06]
    min: [2.91580113299e-06, 1.05033541331e-06, 6.74878435802e-07, 5.03259798279e-07, 3.97657629492e-07]
    skew: [6.47962141037, -0.133647531271, 0.390785425901, 4.30357408524, 4.98835754395]
    var: [7.74049624397e-08, 2.65403900812e-06, 2.53043890552e-06, 4.95641097609e-11, 2.1350558474e-11]
