
metadata:
    version:
        essentia: "2.1-beta3"

Flux:
    dmean: 0.00404484989122
    dmean2: 0.0051935040392
    dvar: 0.000167436170159
    dvar2: 0.000325893226545
    kurt: 9.82371902466
    max: 0.0764282643795
    mean: 0.00521103153005
    median: 0.000294977682643
    min: 1.53874734679e-05
    skew: 3.32236719131
    var: 0.000272714009043

Rms:
    dmean: 0.00176138652023
    dmean2: 0.00161334453151
    dvar: 2.67263694695e-05
    dvar2: 1.08074573291e-05
    kurt: 19.9984664917
    max: 0.0545101426542
    mean: 0.0523777119815
    median: 0.0542107522488
    min: 0.0118913063779
    skew: -4.44356489182
    var: 5.28474447492e-05

RollOff:
    dmean: 4.89390993118
    dmean2: 4.50694942474
    dvar: 671.567932129
    dvar2: 529.632141113
    kurt: 38.0067481995
    max: 387.59765625
    mean: 199.0625
    median: 193.798828125
    min: 193.798828125
    skew: 6.25828123093
    var: 827.523620605

SpecCent:
    dmean: 6.83155107498
    dmean2: 8.01777553558
    dvar: 688.185119629
    dvar2: 459.908203125
    kurt: 37.8561553955
    max: 393.547851562
    mean: 190.217071533
    median: 185.120391846
    min: 180.722061157
    skew: 6.24669551849
    var: 964.377075195

Zcr:
    dmean: 0.000410600128816
    dmean2: 0.000465570483357
    dvar: 1.02891897313e-06
    dvar2: 6.98106362051e-07
    kurt: 18.3137683868
    max: 0.0087890625
    mean: 0.00800781231374
    median: 0.00830078125
    min: 0
    skew: -4.2424993515
    var: 2.15530394598e-06

HarmonicAmpFreq:
    dmean: [0.104105167091]
    dmean2: [0.169724225998]
    dvar: [0.0984223559499]
    dvar2: [0.250109493732]
    kurt: [23.1340579987]
    max: [185.727218628]
    mean: [185.631362915]
    median: [185.702102661]
    min: [183.862182617]
    skew: [-4.74910068512]
    var: [0.0929310694337]

HarmonicAmpMag:
    dmean: [0.00289220386185]
    dmean2: [0.00229525589384]
    dvar: [0.000116517112474]
    dvar2: [7.98414912424e-05]
    kurt: [16.0087337494]
    max: [0.0733067393303]
    mean: [0.0698224306107]
    median: [0.0732782334089]
    min: [0]
    skew: [-4.10618066788]
    var: [0.000187537050806]

MfccCoeff:
    dmean: [13.949634552, 9.8208398819, 2.07389211655, 4.99225091934, 8.24132442474, 9.83515548706, 9.23799037933, 7.20545911789, 4.56069231033, 2.40632629395, 1.47692036629, 1.93572092056, 2.25563883781]
    dmean2: [22.0477523804, 15.4545249939, 1.90186858177, 8.5983505249, 15.6200065613, 18.675983429, 17.924282074, 13.9428825378, 8.74004936218, 4.24901628494, 1.80795896053, 2.45554542542, 2.38556051254]
    dvar: [1997.58837891, 603.207397461, 24.6644058228, 14.0337953568, 16.270357132, 20.7122116089, 21.6163978577, 13.5220823288, 7.22955608368, 9.26025867462, 15.9634428024, 22.4408397675, 25.3646850586]
    dvar2: [4967.62011719, 1395.65734863, 11.9717416763, 14.8189239502, 52.3114624023, 86.3852615356, 81.1215209961, 49.4250946045, 18.8803462982, 12.668680191, 17.8606433868, 23.0686798096, 23.3831710815]
    kurt: [36.1158752441, 21.384759903, 15.2591571808, 11.4977474213, 1.79421186447, -1.23521649837, -1.46705806255, -1.49458146095, 4.61540365219, 15.2283115387, 16.1260566711, 14.8119812012, 14.173406601]
    max: [-881.37121582, 172.679244995, 93.1584472656, 70.96434021, 49.0580635071, 29.8346099854, 13.3335151672, -1.1014289856, -3.7904510498, -3.82177734375, -2.66427993774, -1.01091003418, 0.506057739258]
    mean: [-1079.11645508, 76.6193313599, 65.4757614136, 52.5032920837, 36.8549575806, 20.9082317352, 5.65127325058, -7.8100566864, -19.2464866638, -28.4145946503, -35.3701133728, -39.9675712585, -42.1640968323]
    median: [-1083.07434082, 75.2727737427, 65.5045471191, 53.7559051514, 38.0833320618, 21.4765625, 4.88165664673, -8.04724884033, -20.0489501953, -29.722038269, -36.9606056213, -41.9674797058, -44.4439048767]
    min: [-1114.7331543, 31.9868583679, 27.7284889221, 21.4893226624, 14.3486328125, 7.45969390869, -1.73269271851, -13.5382080078, -23.2682647705, -31.263343811, -37.7305183411, -43.1041526794, -45.8072013855]
    skew: [6.00066900253, 3.80261278152, -1.51102733612, -1.81015717983, -1.03445601463, -0.192402541637, 0.0835402309895, 0.109501264989, 1.86762475967, 3.93781423569, 4.10211324692, 3.92192578316, 3.82163834572]
    var: [932.598083496, 286.727478027, 57.2827301025, 40.9215774536, 41.2803993225, 36.4601211548, 28.8321704865, 19.013053894, 15.4996500015, 24.7047424316, 41.0333061218, 60.4639854431, 73.2449264526]

SpecContrastCoeff:
    dmean: [0.0469332188368, 0.0134765626863, 0.00839852169156, 0.00667426781729, 0.00907046161592, 0.014446079731]
    dmean2: [0.06435842067, 0.0242603719234, 0.0160318389535, 0.00955801084638, 0.0143611375242, 0.0255008358508]
    dvar: [0.00616259919479, 0.000564648362342, 0.000120735465316, 0.000141381155117, 0.000384878279874, 0.000384777144063]
    dvar2: [0.00408890424296, 0.000995290931314, 0.000268679112196, 0.000148283637827, 0.000621512066573, 0.000540787936188]
    kurt: [17.3485870361, 8.40508365631, 7.46842288971, 15.0624046326, 16.747428894, 19.8250370026]
    max: [-0.177747756243, -0.802548348904, -0.902168273926, -0.884415924549, -0.855222523212, -0.837562203407]
    mean: [-0.254506826401, -0.943596422672, -0.957979083061, -0.960569083691, -0.956709980965, -0.952184438705]
    median: [-0.230367690325, -0.956004083157, -0.964148819447, -0.965808033943, -0.962868094444, -0.960410118103]
    min: [-0.978647351265, -0.957509994507, -0.964686274529, -0.966560423374, -0.964061081409, -0.962315201759]
    skew: [-4.14035892487, 3.0805618763, 2.67863035202, 3.77820920944, 4.01024913788, 4.13665628433]
    var: [0.0184047725052, 0.0011188761564, 0.000159342991537, 0.000215420048335, 0.000359740486601, 0.000412244844483]

SpecPeakAmp:
    dmean: [0.0020863248501, 0.00289170537144, 6.5290099883e-05, 3.51081616827e-05, 3.10590694426e-05]
    dmean2: [0.00321277836338, 0.00462942989543, 0.000102638819953, 5.34218743269e-05, 4.91747305205e-05]
    dvar: [8.55482649058e-05, 0.000172880230821, 1.58437600817e-08, 9.74487424088e-09, 8.30167312671e-09]
    dvar2: [0.000219609763008, 0.00028295192169, 2.64193928956e-08, 2.34889565576e-08, 2.08601367291e-08]
    kurt: [40.0026550293, 11.1762037277, 19.9282016754, 23.0382232666, 32.8705940247]
    max: [0.0445875860751, 0.0733067393303, 0.000759508577175, 0.000484061631141, 0.000457609974546]
    mean: [0.00108543375973, 0.0688440874219, 8.67115595611e-05, 4.15767754021e-05, 3.26774206769e-05]
    median: [8.96964556887e-05, 0.0732782334089, 6.46228872938e-05, 2.51688052231e-05, 2.10820089706e-05]
    min: [1.14613285405e-05, 2.19527319132e-05, 1.27369430629e-05, 6.3650145421e-06, 5.88551392866e-06]
    skew: [6.48013544083, -3.59404397011, 4.5061211586, 4.8136305809, 5.73127794266]
    var: [4.30199834227e-05, 0.00027902747388, 1.51682204574e-08, 5.94182569813e-09, 4.50574688671e-09]
