
metadata:
    version:
        essentia: "2.1-beta3"

Flux:
    dmean: 0.0360000692308
    dmean2: 0.0485484562814
    dvar: 0.0136176645756
    dvar2: 0.0267897322774
    kurt: 9.19815158844
    max: 0.683332264423
    mean: 0.047946896404
    median: 0.00262697436847
    min: 0.000109501066618
    skew: 3.2448554039
    var: 0.0227682963014

Rms:
    dmean: 0.017298033461
    dmean2: 0.0162887685001
    dvar: 0.00283470610157
    dvar2: 0.00127176754177
    kurt: 21.9466018677
    max: 0.502217888832
    mean: 0.481735438108
    median: 0.499344497919
    min: 0.0690548941493
    skew: -4.642993927
    var: 0.00521860830486

RollOff:
    dmean: 20.5544204712
    dmean2: 20.5316581726
    dvar: 16459.6386719
    dvar2: 16001.3066406
    kurt: 39.9228248596
    max: 1076.66015625
    mean: 214.375
    median: 193.798828125
    min: 193.798828125
    skew: 6.47084093094
    var: 16918.2089844

SpecCent:
    dmean: 32.746635437
    dmean2: 31.8036880493
    dvar: 31818.5488281
    dvar2: 24806.2753906
    kurt: 38.950176239
    max: 1529.28503418
    mean: 218.295593262
    median: 185.095428467
    min: 183.011688232
    skew: 6.36396455765
    var: 39558.8164062

Zcr:
    dmean: 0.000421697448473
    dmean2: 0.000499636633322
    dvar: 9.3840367299e-07
    dvar2: 6.92948447067e-07
    kurt: 16.9614963531
    max: 0.0087890625
    mean: 0.00802951399237
    median: 0.00830078125
    min: 0.00048828125
    skew: -4.10078144073
    var: 1.99800638256e-06

HarmonicAmpFreq:
    dmean: [0.0970677435398]
    dmean2: [0.144949272275]
    dvar: [0.0961962044239]
    dvar2: [0.204149380326]
    kurt: [19.1624565125]
    max: [186.761886597]
    mean: [185.704147339]
    median: [185.703216553]
    min: [184.897720337]
    skew: [1.71963655949]
    var: [0.0410260744393]

HarmonicAmpMag:
    dmean: [0.0264625139534]
    dmean2: [0.020589273423]
    dvar: [0.00963094178587]
    dvar2: [0.00665067322552]
    kurt: [15.7716464996]
    max: [0.675404369831]
    mean: [0.643122911453]
    median: [0.675131082535]
    min: [0]
    skew: [-4.07327222824]
    var: [0.0159316454083]

MfccCoeff:
    dmean: [70.0388946533, 8.16054153442, 36.186794281, 13.2070617676, 12.0688743591, 7.51014757156, 5.49033880234, 5.1927652359, 3.98261475563, 3.59696292877, 2.76204967499, 2.98811936378, 2.68412184715]
    dmean2: [124.51725769, 12.7509860992, 69.2686386108, 24.9549846649, 22.6402435303, 13.7491750717, 10.8261365891, 10.1209592819, 7.42644357681, 6.16395521164, 3.89607477188, 4.05947399139, 3.53155589104]
    dvar: [7263.203125, 60.2414169312, 377.741516113, 128.829742432, 35.6470985413, 14.7533969879, 14.2561702728, 7.83534288406, 8.53627681732, 12.0284948349, 21.0998306274, 27.3780574799, 29.7470760345]
    dvar2: [16902.0683594, 106.020599365, 1327.75390625, 356.247406006, 107.542015076, 50.7545890808, 40.9920349121, 26.9700279236, 22.3999557495, 12.8220243454, 17.8075199127, 19.9235935211, 24.4747314453]
    kurt: [18.661737442, 7.55834674835, -0.6835064888, 2.94580507278, 1.89276647568, 4.15109443665, -0.54185295105, -0.930747747421, 4.58829879761, 12.2512159348, 15.9049816132, 15.2607803345, 14.2386188507]
    max: [-554.316101074, 177.86920166, 115.466491699, 77.3998260498, 44.0415534973, 26.0567474365, 9.86487197876, -3.5186882019, -3.46028900146, 0.0108642578125, 3.25439834595, 5.03430938721, 2.2931060791]
    mean: [-959.546264648, 162.681854248, 74.8457489014, 50.8148422241, 31.8538093567, 16.6464633942, 3.49410867691, -8.52170848846, -19.1238231659, -28.4536514282, -35.4655342102, -40.1602287292, -42.2722129822]
    median: [-963.645446777, 166.092895508, 67.9217834473, 48.558883667, 33.8818092346, 16.1344985962, 5.33961868286, -7.80957794189, -19.1927032471, -28.9511489868, -36.5980110168, -41.6970939636, -44.1072654724]
    min: [-1026.70239258, 114.423866272, 18.2139892578, 6.74907302856, -0.5087890625, -7.15735626221, -6.02393341064, -15.3085632324, -26.1232910156, -34.9252090454, -41.7322502136, -46.6057701111, -48.4619979858]
    skew: [3.96713542938, -2.40589809418, 0.210128232837, -0.234142139554, -1.21499538422, -1.34381747246, -0.70695233345, -0.409052908421, 1.44323158264, 3.31131029129, 3.92526650429, 3.88533091545, 3.80921196938]
    var: [5376.33691406, 111.202255249, 572.116394043, 149.086761475, 82.2287521362, 33.9677085876, 15.6407318115, 10.154917717, 15.0780992508, 33.5452804565, 54.6042098999, 76.5429992676, 78.4272155762]

SpecContrastCoeff:
    dmean: [0.0379835925996, 0.0190708618611, 0.00793604645878, 0.00477348687127, 0.0039246189408, 0.00433540483937]
    dmean2: [0.0419688262045, 0.034065771848, 0.0158772990108, 0.00833058916032, 0.00670991931111, 0.00770442420617]
    dvar: [0.0119529310614, 0.00140228727832, 8.91626332304e-05, 5.24181668879e-05, 3.31267365254e-05, 7.01831377228e-05]
    dvar2: [0.00549525860697, 0.00337984226644, 0.00020154719823, 0.00011619918223, 7.83419600339e-05, 0.000187482728506]
    kurt: [27.221698761, 9.77770328522, 2.666451931, 5.8246088028, 8.2711057663, 11.9006681442]
    max: [-0.023514110595, -0.79248213768, -0.915914475918, -0.924233734608, -0.927141606808, -0.917563736439]
    mean: [-0.0822497457266, -0.932577252388, -0.949528753757, -0.954814851284, -0.954128205776, -0.954114556313]
    median: [-0.052789606154, -0.944067537785, -0.954803526402, -0.957740545273, -0.955638647079, -0.956140697002]
    min: [-0.983099043369, -0.967726230621, -0.955155551434, -0.959222972393, -0.958402454853, -0.958690047264]
    skew: [-5.14691734314, 3.28266859055, 1.87137448788, 2.57813000679, 2.98083758354, 3.42236733437]
    var: [0.0221583843231, 0.00114939722698, 9.18930018088e-05, 6.52170856483e-05, 3.99544878746e-05, 5.61649358133e-05]

SpecPeakAmp:
    dmean: [0.0484181493521, 0.0353863090277, 0.000824017217383, 0.000482438335894, 0.000431126827607]
    dmean2: [0.0746432244778, 0.0672882273793, 0.00125516869593, 0.000682245241478, 0.000632720883004]
    dvar: [0.024578936398, 0.0200728997588, 4.14921851188e-06, 2.06613708542e-06, 1.78773848347e-06]
    dvar2: [0.0634506642818, 0.0441441461444, 7.32668695491e-06, 4.34839876107e-06, 4.14972919316e-06]
    kurt: [22.8778705597, 7.04338169098, 19.3641586304, 18.4252109528, 24.0493583679]
    max: [0.666676282883, 0.675404369831, 0.0105017321184, 0.0065555209294, 0.0063786637038]
    mean: [0.0243994705379, 0.619757473469, 0.000925441330764, 0.000376902025891, 0.000318882026477]
    median: [0.00077263120329, 0.675131082535, 0.000573262397666, 0.000102512429294, 9.34549680096e-05]
    min: [6.0088106693e-05, 0.000215752646909, 0.000138373099617, 1.73681419255e-05, 1.57572158059e-05]
    skew: [4.8692855835, -2.98064184189, 4.53931617737, 4.45783519745, 4.94437742233]
    var: [0.0127350492403, 0.0321131497622, 3.24614029523e-06, 1.43242812101e-06, 1.09058919406e-06]
