
metadata:
    version:
        essentia: "2.1-beta3"

Flux:
    dmean: 0.024037450552
    dmean2: 0
    dvar: 0
    dvar2: 0
    kurt: -2.00000023842
    max: 0.438165217638
    mean: 0.426146507263
    median: 0.426146507263
    min: 0.414127767086
    skew: -3.73258581021e-06
    var: 0.000144449761137

Rms:
    dmean: 0
    dmean2: 0
    dvar: 0
    dvar2: 0
    kurt: 0
    max: 0.14904384315
    mean: 0.14904384315
    median: 0.14904384315
    min: 0.14904384315
    skew: 0
    var: 0

RollOff:
    dmean: 64.599609375
    dmean2: 0
    dvar: 0
    dvar2: 0
    kurt: -1.99999988079
    max: 344.53125
    mean: 312.231445312
    median: 312.231445312
    min: 279.931640625
    skew: 0
    var: 1043.27734375

SpecCent:
    dmean: 127.991241455
    dmean2: 0
    dvar: 0
    dvar2: 0
    kurt: -2
    max: 349.485229492
    mean: 285.489624023
    median: 285.489624023
    min: 221.493988037
    skew: -7.15402620699e-07
    var: 4095.43945312

Zcr:
    dmean: 0
    dmean2: 0
    dvar: 0
    dvar2: 0
    kurt: 0
    max: 0.0029296875
    mean: 0.0029296875
    median: 0.0029296875
    min: 0.0029296875
    skew: 0
    var: 0

HarmonicAmpFreq:
    dmean: [36.020324707]
    dmean2: [0]
    dvar: [0]
    dvar2: [0]
    kurt: [-1.99999988079]
    max: [279.822998047]
    mean: [261.812835693]
    median: [261.812835693]
    min: [243.80267334]
    skew: [0]
    var: [324.365936279]

HarmonicAmpMag:
    dmean: [0.151453956962]
    dmean2: [0]
    dvar: [0]
    dvar2: [0]
    kurt: [-2]
    max: [0.164501935244]
    mean: [0.0887749567628]
    median: [0.0887749567628]
    min: [0.0130479792133]
    skew: [0]
    var: [0.0057345754467]

MfccCoeff:
    dmean: [365.372924805, 7.93508911133, 45.93800354, 7.69668960571, 25.4804878235, 33.767250061, 26.7312316895, 23.4983005524, 16.6082077026, 10.0861091614, 1.64623641968, 2.40164375305, 4.59322357178]
    dmean2: [0, 0, 0, 0, 0, 0, 0, 0, 0, 0, 0, 0, 0]
    dvar: [0, 0, 0, 0, 0, 0, 0, 0, 0, 0, 0, 0, 0]
    dvar2: [0, 0, 0, 0, 0, 0, 0, 0, 0, 0, 0, 0, 0]
    kurt: [-1.99999988079, -2, -2, -1.99999988079, -2, -2, -2, -2, -1.99999988079, -2, -2, -2, -1.99999988079]
    max: [-638.135375977, 171.448455811, 98.9255371094, 40.9278488159, 17.2679481506, 9.11869430542, -2.14887237549, -6.32168388367, -11.2415313721, -11.7044563293, -12.3266544342, -7.75888061523, -3.79489135742]
    mean: [-820.821838379, 167.480911255, 75.9565353394, 37.0795059204, 4.52770423889, -7.7649307251, -15.5144882202, -18.0708351135, -19.5456352234, -16.74751091, -13.149772644, -8.95970249176, -6.09150314331]
    median: [-820.821838379, 167.480911255, 75.9565353394, 37.0795059204, 4.52770423889, -7.7649307251, -15.5144882202, -18.0708351135, -19.5456352234, -16.74751091, -13.149772644, -8.95970249176, -6.09150314331]
    min: [-1003.50830078, 163.513366699, 52.9875335693, 33.2311592102, -8.21253967285, -24.6485557556, -28.8801040649, -29.819984436, -27.8497390747, -21.7905654907, -13.9728908539, -10.1605243683, -8.3881149292]
    skew: [0, 0, 0, -1.47251887483e-06, 0, 0, 0, 2.63426045422e-07, 0, 0, 0, 0, 0]
    var: [33374.34375, 15.7414102554, 527.575012207, 14.8097572327, 162.313812256, 285.056793213, 178.639694214, 138.042541504, 68.9581375122, 25.4323997498, 0.677523612976, 1.44197320938, 5.27442550659]

SpecContrastCoeff:
    dmean: [0.0768043994904, 0.0143194794655, 0.046336889267, 0.0526077151299, 0.00226944684982, 0.0170578956604]
    dmean2: [0, 0, 0, 0, 0, 0]
    dvar: [0, 0, 0, 0, 0, 0]
    dvar2: [0, 0, 0, 0, 0, 0]
    kurt: [-2, -1.99999988079, -2, -2, -2, -2]
    max: [-0.593805551529, -0.628539323807, -0.867404162884, -0.880793511868, -0.933448970318, -0.940972387791]
    mean: [-0.632207751274, -0.635699033737, -0.890572607517, -0.90709733963, -0.93458366394, -0.949501335621]
    median: [-0.632207751274, -0.635699033737, -0.890572607517, -0.90709733963, -0.93458366394, -0.949501335621]
    min: [-0.670609951019, -0.642858803272, -0.913741052151, -0.933401226997, -0.935718417168, -0.958030283451]
    skew: [0, -1.25063634187e-05, 0, -3.39821417583e-06, -7.87986791693e-05, 0]
    var: [0.00147472892422, 5.12618717039e-05, 0.000536776846275, 0.000691892928444, 1.28759722884e-06, 7.27429505787e-05]

SpecPeakAmp:
    dmean: [0.163528844714, 0.0246159955859, 0.000879813916981, 0.00925149209797, 0.00752637768164]
    dmean2: [0, 0, 0, 0, 0]
    dvar: [0, 0, 0, 0, 0]
    dvar2: [0, 0, 0, 0, 0]
    kurt: [-1.99999988079, -2, -2, -2, -2]
    max: [0.164501935244, 0.0262614395469, 0.0139277931303, 0.0100220171735, 0.00796190928668]
    mean: [0.0827375128865, 0.013953441754, 0.0134878866374, 0.00539627112448, 0.00419872021303]
    median: [0.0827375128865, 0.013953441754, 0.0134878866374, 0.00539627112448, 0.00419872021303]
    min: [0.000973086454906, 0.00164544337895, 0.0130479792133, 0.000770525133703, 0.000435531459516]
    skew: [-1.06484634443e-07, -1.21948900755e-07, -3.17886701851e-06, 0, 9.99961713433e-08]
    var: [0.00668542133644, 0.000151486819959, 1.93518133074e-07, 2.13975272345e-05, 1.41615910252e-05]
