
metadata:
    version:
        essentia: "2.1-beta3"

Flux:
    dmean: 6.94291929904e-06
    dmean2: 1.01495697891e-05
    dvar: 6.15159645445e-10
    dvar2: 1.33851341122e-09
    kurt: 14.1612758636
    max: 0.000134572852403
    mean: 9.10367907636e-06
    median: 2.81345774056e-06
    min: 9.25858557821e-07
    skew: 3.87630200386
    var: 6.39101938038e-10

Rms:
    dmean: 2.03453532777e-06
    dmean2: 2.04689513339e-06
    dvar: 4.79880267468e-11
    dvar2: 3.5101699325e-11
    kurt: 20.0113296509
    max: 0.000108746055048
    mean: 0.000106239895103
    median: 0.000108100153739
    min: 6.23071246082e-05
    skew: -4.53622961044
    var: 6.46350264977e-11

RollOff:
    dmean: 0.500772178173
    dmean2: 0.5126953125
    dvar: 10.5324554443
    dvar2: 10.7771167755
    kurt: 39.023349762
    max: 409.130859375
    mean: 388.087036133
    median: 387.59765625
    min: 387.59765625
    skew: 6.40495061874
    var: 10.2986516953

SpecCent:
    dmean: 5.01006650925
    dmean2: 6.07897233963
    dvar: 53.7729377747
    dvar2: 51.0532989502
    kurt: 11.0335512161
    max: 894.031799316
    mean: 852.895751953
    median: 850.997192383
    min: 844.370544434
    skew: 3.24177241325
    var: 86.5782775879

Zcr:
    dmean: 0.000545058166608
    dmean2: 0.000685918901581
    dvar: 2.80789936369e-06
    dvar2: 2.44162811214e-06
    kurt: 16.6515464783
    max: 0.01708984375
    mean: 0.0163463242352
    median: 0.0166015625
    min: 0.0078125
    skew: -4.26296806335
    var: 3.14808698931e-06

HarmonicAmpFreq:
    dmean: [0.492782235146]
    dmean2: [0.960919320583]
    dvar: [0.294421672821]
    dvar2: [0.614668726921]
    kurt: [-1.21279096603]
    max: [370.454986572]
    mean: [369.322052002]
    median: [368.973144531]
    min: [368.875091553]
    skew: [0.826253592968]
    var: [0.270598620176]

HarmonicAmpMag:
    dmean: [6.65214975015e-05]
    dmean2: [0.000132143235533]
    dvar: [5.26745180807e-09]
    dvar2: [1.23279706443e-08]
    kurt: [-1.38074553013]
    max: [0.000149539191625]
    mean: [0.000101279256342]
    median: [0.00014935262152]
    min: [0]
    skew: [-0.756021201611]
    var: [4.64571536796e-09]

MfccCoeff:
    dmean: [0.126828208566, 0.161251336336, 0.110692225397, 0.0381086468697, 0.0416547209024, 0.112208873034, 0.159490182996, 0.174233019352, 0.154018670321, 0.103605225682, 0.0338810756803, 0.0412902832031, 0.105743765831]
    dmean2: [0.134832471609, 0.171358376741, 0.117451258004, 0.0401117242873, 0.0448339544237, 0.119756065309, 0.169791445136, 0.185068398714, 0.163100838661, 0.109070003033, 0.0347666069865, 0.045224506408, 0.113435290754]
    dvar: [0.375028133392, 0.606970071793, 0.287276238203, 0.0348422974348, 0.0390334501863, 0.290226012468, 0.590658962727, 0.70954990387, 0.559362649918, 0.257389575243, 0.0295486338437, 0.0359930843115, 0.254568874836]
    dvar2: [0.381746143103, 0.617794573307, 0.292252391577, 0.0353534407914, 0.0398834533989, 0.29582631588, 0.601552963257, 0.722100257874, 0.568691074848, 0.26119017601, 0.0297293998301, 0.0370031371713, 0.259820371866]
    kurt: [30.7409172058, 30.7561454773, 30.8339500427, 31.2406730652, 30.1161499023, 30.5273933411, 30.6605758667, 30.7784309387, 30.9350280762, 31.2298164368, 32.4951705933, 29.0958709717, 30.3022499084]
    max: [-1134.53479004, 4.94364547729, 3.40356445312, 1.19005203247, -6.103515625e-05, 2.28881835938e-05, -2.67028808594e-05, -5.34057617188e-05, -4.57763671875e-05, -2.28881835938e-05, -2.67028808594e-05, 1.18562316895, 3.18741607666]
    mean: [-1134.65893555, 4.78567504883, 3.29514718056, 1.1527838707, -1.2051384449, -3.30086803436, -4.71599578857, -5.17561531067, -4.60322713852, -3.13261342049, -1.07602608204, 1.14403927326, 3.08372497559]
    median: [-1134.54125977, 4.93561935425, 3.39823913574, 1.18864822388, -1.24343109131, -3.40473937988, -4.86400222778, -5.33771514893, -4.74700164795, -3.23007202148, -1.10911178589, 1.18096923828, 3.18119812012]
    min: [-1138.42004395, 1.14440917969e-05, -6.103515625e-05, 8.01086425781e-05, -1.2459564209, -3.4108505249, -4.87226486206, -5.34628295898, -4.75402832031, -3.23397064209, -1.10947799683, -3.0517578125e-05, -3.81469726562e-05]
    skew: [-5.57007789612, -5.57135915756, -5.57864379883, -5.61684370041, 5.51163673401, 5.54996347427, 5.56241703033, 5.57344436646, 5.58812236786, 5.61582183838, 5.73581647873, -5.41720819473, -5.52896213531]
    var: [0.369223088026, 0.597624242306, 0.282975137234, 0.0343969799578, 0.0383069999516, 0.285410195589, 0.581270337105, 0.698711335659, 0.551281034946, 0.254078984261, 0.0293852388859, 0.0351562164724, 0.250049322844]

SpecContrastCoeff:
    dmean: [0.0214651282877, 0.0173510666937, 0.0162775162607, 0.0108178993687, 0.0113461129367, 0.0104526104406]
    dmean2: [0.032848007977, 0.0222039781511, 0.0260438229889, 0.0162361282855, 0.0170658864081, 0.0166650824249]
    dvar: [0.00112646608613, 0.00183058960829, 0.000269069976639, 0.000188559119124, 0.000247936317464, 0.00014233784168]
    dvar2: [0.0012697285274, 0.00176000385545, 0.000272998557193, 0.000201003087568, 0.00022292646463, 0.00015315177734]
    kurt: [13.4034996033, 23.4085426331, 8.76784515381, 10.9574861526, 12.0637254715, 9.14235305786]
    max: [-0.655826032162, -0.529025197029, -0.84233546257, -0.861322999001, -0.839963316917, -0.836275339127]
    mean: [-0.691715478897, -0.556866466999, -0.871098697186, -0.882414400578, -0.861117124557, -0.853149056435]
    median: [-0.686493515968, -0.546784520149, -0.866644859314, -0.878059148788, -0.859873056412, -0.852657258511]
    min: [-0.863809168339, -0.822149157524, -0.958118081093, -0.963522136211, -0.956432163715, -0.920537948608]
    skew: [-3.65953016281, -4.75542593002, -2.81164264679, -3.00950860977, -3.33095049858, -2.79833507538]
    var: [0.00145023316145, 0.00210783816874, 0.000472389656352, 0.000292783108307, 0.000410880253185, 0.000265167822363]

SpecPeakAmp:
    dmean: [3.48875005329e-07, 2.95276231554e-06, 1.28864670046e-07, 4.16323346144e-05, 6.94280097377e-05]
    dmean2: [4.46017679678e-07, 3.03392835121e-06, 1.6836528971e-07, 8.16521933302e-05, 0.000138553063152]
    dvar: [6.61967876348e-13, 2.00405816941e-10, 1.79462564601e-13, 4.43461667388e-09, 5.51360779255e-09]
    dvar2: [6.05478774757e-13, 2.04531461212e-10, 1.85630048659e-13, 1.1763853891e-08, 1.09834337181e-08]
    kurt: [24.7011585236, 27.0099449158, 28.8014888763, 1.47550821304, -1.99993145466]
    max: [1.70337825693e-05, 8.68861097842e-05, 2.89698436973e-06, 0.000149528190377, 0.000149539191625]
    mean: [1.65810415638e-05, 3.0713565593e-06, 3.08492559498e-07, 2.4025222956e-05, 7.48954626033e-05]
    median: [1.6748886992e-05, 2.2236258701e-07, 2.29253515727e-07, 3.10790028379e-07, 7.57123125368e-05]
    min: [1.14260947157e-05, 7.98986050654e-08, 1.45634160731e-07, 9.17651306054e-08, 9.99141249736e-08]
    skew: [-4.94408845901, 5.22776937485, 5.3692111969, 1.8640537262, -4.88522309752e-05]
    var: [7.77050786997e-13, 1.96516011797e-10, 1.80720184911e-13, 2.95917890192e-09, 5.55204726638e-09]
