
metadata:
    version:
        essentia: "2.1-beta3"

Flux:
    dmean: 0.000176430898136
    dmean2: 0.000231138867093
    dvar: 3.34320162665e-07
    dvar2: 6.56415124922e-07
    kurt: 9.6567440033
    max: 0.0033757367637
    mean: 0.000232482678257
    median: 1.04231448859e-05
    min: 6.84205951984e-06
    skew: 3.30326509476
    var: 5.41943904864e-07

Rms:
    dmean: 7.37592636142e-05
    dmean2: 5.57991261303e-05
    dvar: 5.9345257597e-08
    dvar2: 2.66131632287e-08
    kurt: 20.5430011749
    max: 0.00243375566788
    mean: 0.00233848649077
    median: 0.0024224142544
    min: 0.000467243487947
    skew: -4.50339603424
    var: 1.11367405964e-07

RollOff:
    dmean: 9.78781986237
    dmean2: 9.51467132568
    dvar: 3719.01098633
    dvar2: 3414.02026367
    kurt: 39.8081665039
    max: 818.26171875
    mean: 397.646484375
    median: 387.59765625
    min: 387.59765625
    skew: 6.45789813995
    var: 4030.91455078

SpecCent:
    dmean: 19.9894046783
    dmean2: 18.2514076233
    dvar: 10946.6044922
    dvar2: 8364.640625
    kurt: 38.7681159973
    max: 1167.42822266
    mean: 391.457336426
    median: 371.862670898
    min: 368.578308105
    skew: 6.34428071976
    var: 13889.4990234

Zcr:
    dmean: 0.000699129945133
    dmean2: 0.000681322650053
    dvar: 3.93821756006e-06
    dvar2: 2.39682299252e-06
    kurt: 17.3286190033
    max: 0.01708984375
    mean: 0.0160590279847
    median: 0.0166015625
    min: 0.0009765625
    skew: -4.17083454132
    var: 7.92844639363e-06

HarmonicAmpFreq:
    dmean: [0.412953466177]
    dmean2: [0.817316830158]
    dvar: [0.157838448882]
    dvar2: [0.318986594677]
    kurt: [-1.8518859148]
    max: [370.066741943]
    mean: [369.446166992]
    median: [369.795196533]
    min: [368.967529297]
    skew: [-0.240013584495]
    var: [0.167587846518]

HarmonicAmpMag:
    dmean: [0.00176414649468]
    dmean2: [0.00350811285898]
    dvar: [2.6922973575e-06]
    dvar2: [5.56828172193e-06]
    kurt: [-1.90429985523]
    max: [0.00339626194909]
    mean: [0.00149669020902]
    median: [0]
    min: [0]
    skew: [0.241708338261]
    var: [2.72481224783e-06]

MfccCoeff:
    dmean: [2.18662333488, 2.54651427269, 1.24325096607, 0.268076807261, 0.876923799515, 1.04305112362, 0.919285058975, 1.01825988293, 0.917265474796, 0.646306276321, 0.268880367279, 0.139233335853, 0.481645077467]
    dmean2: [2.95623922348, 3.39812374115, 1.55181264877, 0.378591150045, 1.23815572262, 1.27827978134, 0.920599937439, 0.86563128233, 0.731449723244, 0.508737266064, 0.220466658473, 0.152972027659, 0.376637488604]
    dvar: [95.4817352295, 130.37059021, 33.0074005127, 1.49258613586, 15.0757255554, 23.4970417023, 22.8902797699, 20.0043334961, 14.732003212, 7.21899843216, 1.34720885754, 0.29267513752, 3.38447403908]
    dvar2: [199.671035767, 264.584197998, 56.5653152466, 2.26532554626, 34.6009674072, 38.5102882385, 22.1185493469, 12.1554803848, 7.55681467056, 3.57782578468, 0.717650651932, 0.325715750456, 2.47323513031]
    kurt: [18.6669158936, 18.2544822693, 24.5684509277, 17.1923522949, 26.3530464172, 26.1985855103, 35.0518531799, 32.2312889099, 30.5284690857, 30.4336776733, 32.6819992065, 15.876953125, 20.6241054535]
    max: [-1079.97192383, 69.2421951294, 36.6357765198, 9.59029006958, -6.103515625e-05, 2.28881835938e-05, -2.67028808594e-05, -5.34057617188e-05, -4.57763671875e-05, -2.28881835938e-05, -2.67028808594e-05, 4.32330322266, 16.4316558838]
    mean: [-1110.84838867, 35.0941047668, 24.3133296967, 9.09576511383, -7.30797100067, -21.6434993744, -31.276391983, -34.5896568298, -31.221912384, -22.1369361877, -9.43704891205, 4.11528587341, 15.7512102127]
    median: [-1110.77001953, 35.3134269714, 24.7280311584, 9.52699661255, -7.18754577637, -22.0589065552, -32.1915054321, -35.7492980957, -32.3112411499, -22.9088516235, -9.74668693542, 4.32062530518, 16.4297790527]
    min: [-1138.42004395, 1.14440917969e-05, -6.103515625e-05, 8.01086425781e-05, -21.8593101501, -31.1012687683, -32.2505111694, -35.8420257568, -32.427116394, -23.0344924927, -9.86747550964, -3.0517578125e-05, -3.81469726562e-05]
    skew: [0.744058728218, -0.218022838235, -3.89497494698, -4.30986452103, -4.04321622849, 4.38323402405, 5.96844005585, 5.65711593628, 5.48565626144, 5.47803640366, 5.70556735992, -4.08470201492, -4.55458068848]
    var: [39.0759544373, 54.8883018494, 17.3497600555, 3.28997731209, 6.00987148285, 13.1791963577, 23.6729717255, 30.1045970917, 25.1760139465, 12.6774129868, 2.22646069527, 0.649989247322, 7.96068191528]

SpecContrastCoeff:
    dmean: [0.023776255548, 0.0261236485094, 0.00997013226151, 0.0114778038114, 0.00649901013821, 0.00650974549353]
    dmean2: [0.0324067622423, 0.0273927915841, 0.0170209985226, 0.0172927416861, 0.00996958650649, 0.0103503828868]
    dvar: [0.000313808035571, 0.00432083196938, 8.57405757415e-05, 9.23436164157e-05, 5.88361654081e-05, 5.22817827004e-05]
    dvar2: [0.000529610319063, 0.00345218530856, 0.000161246047355, 0.000240342415054, 0.000149259489262, 0.000137046386953]
    kurt: [1.27251338959, 17.9727478027, 0.357465267181, 0.376868247986, 6.19215869904, 7.40714359283]
    max: [-0.769173741341, -0.370658695698, -0.905775129795, -0.899661421776, -0.900316298008, -0.896706461906]
    mean: [-0.818724811077, -0.414380520582, -0.937547981739, -0.927086293697, -0.918912231922, -0.922167778015]
    median: [-0.822696447372, -0.387029767036, -0.938924372196, -0.929286122322, -0.918583452702, -0.923086941242]
    min: [-0.912687718868, -0.988924503326, -0.956778883934, -0.960098922253, -0.960029780865, -0.962215781212]
    skew: [-0.439625650644, -4.25037670135, 0.678711891174, 0.15535479784, -1.62113213539, -1.36958611012]
    var: [0.000815074250568, 0.0114263882861, 0.000139037598274, 0.000144275778439, 8.96165438462e-05, 8.13282240415e-05]

SpecPeakAmp:
    dmean: [9.14116826607e-05, 2.28756471188e-06, 2.11237556869e-06, 0.000460971583379, 0.00171943043824]
    dmean2: [0.000141062031616, 3.28602277477e-06, 2.95990685117e-06, 0.000865703914315, 0.00349658448249]
    dvar: [1.67594237155e-07, 5.95599056186e-11, 4.2341498363e-11, 1.33426465254e-06, 2.82288692688e-06]
    dvar2: [4.29880117281e-07, 1.51028869966e-10, 1.04519636002e-10, 3.74605747311e-06, 4.94606092616e-06]
    kurt: [40.0177650452, 35.2636947632, 27.3379230499, 10.07442379, -1.64061701298]
    max: [0.00197723996826, 3.87104119e-05, 3.22362247971e-05, 0.00339547148906, 0.00339626194909]
    mean: [6.00362764089e-05, 2.56703879131e-06, 2.73280397778e-06, 0.000228184260777, 0.00122945487965]
    median: [1.6987316485e-05, 1.64743585174e-06, 1.71862268417e-06, 2.05173751056e-06, 2.02261799132e-06]
    min: [4.3654131332e-06, 7.01749002019e-07, 7.57051111577e-07, 5.79689356073e-07, 5.03000364915e-07]
    skew: [6.48190402985, 5.97743558884, 5.22142457962, 3.47451114655, 0.585612773895]
    var: [8.35427798052e-08, 3.15139164764e-11, 2.391596296e-11, 7.07378490006e-07, 2.60708748101e-06]
