
metadata:
    version:
        essentia: "2.1-beta3"

Flux:
    dmean: 0.00396702624857
    dmean2: 0.00519524840638
    dvar: 0.000167640973814
    dvar2: 0.000327956979163
    kurt: 9.65656757355
    max: 0.0756684318185
    mean: 0.00507100019604
    median: 8.88451540959e-05
    min: 1.77801721293e-05
    skew: 3.30292963982
    var: 0.000273144600214

Rms:
    dmean: 0.00165252387524
    dmean2: 0.00124925910495
    dvar: 2.97999195027e-05
    dvar2: 1.33825242301e-05
    kurt: 20.5494747162
    max: 0.0544721670449
    mean: 0.0523443184793
    median: 0.0542307496071
    min: 0.0104508316144
    skew: -4.50433969498
    var: 5.58149258723e-05

RollOff:
    dmean: 9.78781986237
    dmean2: 9.51467132568
    dvar: 3719.01098633
    dvar2: 3414.02026367
    kurt: 39.8081665039
    max: 818.26171875
    mean: 397.646484375
    median: 387.59765625
    min: 387.59765625
    skew: 6.45789813995
    var: 4030.91455078

SpecCent:
    dmean: 19.8359298706
    dmean2: 18.103433609
    dvar: 10776.4990234
    dvar2: 8246.63476562
    kurt: 38.7839508057
    max: 1158.82092285
    mean: 389.519226074
    median: 370.005645752
    min: 366.832855225
    skew: 6.34596538544
    var: 13649.1669922

Zcr:
    dmean: 0.000699129945133
    dmean2: 0.000669967324939
    dvar: 3.92738047594e-06
    dvar2: 2.38444476963e-06
    kurt: 17.9804477692
    max: 0.01708984375
    mean: 0.0160373263061
    median: 0.0166015625
    min: 0.00048828125
    skew: -4.23375034332
    var: 8.23291611596e-06

HarmonicAmpFreq:
    dmean: [1.69522023201]
    dmean2: [1.7084158659]
    dvar: [118.430419922]
    dvar2: [117.63874054]
    kurt: [40.0025367737]
    max: [443.076019287]
    mean: [370.651947021]
    median: [368.970489502]
    min: [368.968322754]
    skew: [6.48012208939]
    var: [119.23815918]

HarmonicAmpMag:
    dmean: [0.00299226399511]
    dmean2: [0.00229354901239]
    dvar: [0.0001249020861]
    dvar2: [8.64232351887e-05]
    kurt: [15.4821834564]
    max: [0.0760218650103]
    mean: [0.0723574832082]
    median: [0.0760106146336]
    min: [9.78668904281e-05]
    skew: [-4.04870891571]
    var: [0.000205436634133]

MfccCoeff:
    dmean: [15.2966861725, 6.15353536606, 2.54805326462, 1.77378952503, 1.68754184246, 1.8155579567, 2.20247864723, 2.26913714409, 2.14479708672, 1.8420882225, 1.17383432388, 0.615786492825, 1.32554578781]
    dmean2: [22.5710926056, 8.29860973358, 3.89659905434, 2.7145652771, 2.37721014023, 2.05720663071, 2.48665094376, 2.71675634384, 2.45016932487, 2.10092949867, 1.2184189558, 0.80574452877, 1.5125412941]
    dvar: [3882.11352539, 349.993377686, 29.9233837128, 7.98436260223, 4.84913778305, 7.34879493713, 24.949420929, 45.6131057739, 46.6216926575, 29.3400630951, 6.98402261734, 0.516859054565, 13.3156700134]
    dvar2: [9746.50878906, 759.613098145, 51.2052612305, 14.3889188766, 11.6150531769, 6.82289171219, 25.4110031128, 52.259059906, 46.7002906799, 28.328119278, 5.81053256989, 1.11369097233, 14.2123651505]
    kurt: [37.4744300842, 12.3452386856, 9.56061935425, 8.90541934967, 8.72847938538, 18.8918819427, 20.0188217163, 18.0035533905, 16.751083374, 14.7924613953, 12.6575174332, 10.3913822174, 14.337934494]
    max: [-800.430664062, 135.344146729, 76.8018188477, 32.2747688293, -8.97682189941, -15.2699050903, -15.3733901978, -10.9411849976, -5.02397155762, -0.488883972168, 1.20857620239, 7.71001434326, 28.4939231873]
    mean: [-1077.42932129, 71.4556274414, 48.7684669495, 19.844581604, -11.9744167328, -39.776889801, -58.7099113464, -65.3830947876, -59.4449806213, -42.8292808533, -19.6503639221, 5.13647317886, 26.5379238129]
    median: [-1084.69213867, 68.6700515747, 48.2630653381, 19.2118263245, -12.6405143738, -40.9891777039, -60.7451248169, -68.179107666, -62.1748275757, -45.078086853, -20.8975734711, 5.28967285156, 28.1261978149]
    min: [-1116.35839844, 27.0617790222, 15.3681564331, 2.09220504761, -21.1903514862, -46.4026756287, -66.3812179565, -70.6249694824, -62.4643630981, -45.5429763794, -21.3913173676, 0.362266540527, -1.55894470215]
    skew: [6.17780351639, 2.1627933979, -1.61768293381, -2.07010602951, -2.00480127335, 4.14949464798, 4.49362230301, 4.32804107666, 4.1684718132, 3.93603014946, 3.64181017876, -2.60410404205, -3.88688135147]
    var: [1798.30957031, 182.681808472, 73.3859024048, 19.9440383911, 3.78608226776, 20.0272407532, 62.5062866211, 106.647018433, 108.997436523, 70.5446166992, 18.3542022705, 1.10063302517, 32.0356407166]

SpecContrastCoeff:
    dmean: [0.0158869940788, 0.0274977926165, 0.00919359922409, 0.00743008451536, 0.00933309830725, 0.0149799101055]
    dmean2: [0.0269918162376, 0.0205450225621, 0.0127346804366, 0.0110326753929, 0.0153753990307, 0.0210611950606]
    dvar: [0.000886996858753, 0.00699848495424, 0.000128747604322, 7.27435981389e-05, 0.00012200196943, 0.000144836420077]
    dvar2: [0.00219733105041, 0.00394597230479, 0.000185748926015, 0.000141946627991, 0.000259212509263, 0.000292857672321]
    kurt: [8.44634151459, 21.0949420929, 5.75122833252, 5.56922626495, 2.42095088959, -0.495111465454]
    max: [-0.801029443741, -0.195849075913, -0.878374695778, -0.912540256977, -0.915777742863, -0.904588520527]
    mean: [-0.931799471378, -0.239555060863, -0.946267008781, -0.95822685957, -0.955551564693, -0.941163539886]
    median: [-0.941460847855, -0.209857732058, -0.95372068882, -0.963880300522, -0.961584091187, -0.948237478733]
    min: [-0.953205645084, -0.98523914814, -0.957747757435, -0.965163826942, -0.964142143726, -0.955865979195]
    skew: [3.06495308876, -4.56739854813, 2.48546457291, 2.26242733002, 1.80878579617, 0.934071838856]
    var: [0.00104463624302, 0.0174611378461, 0.000325571309077, 0.000116120281746, 0.000131249471451, 0.000240288878558]

SpecPeakAmp:
    dmean: [0.0020293763373, 5.53222744202e-05, 0.0379495359957, 0.0350033789873, 0.0104166008532]
    dmean2: [0.0031145804096, 7.68717363826e-05, 0.0759236291051, 0.0711040943861, 0.0212822370231]
    dvar: [8.499067917e-05, 3.52344180499e-08, 0.0014339563204, 0.00140562583692, 0.000679059536196]
    dvar2: [0.000218242581468, 8.84943389678e-08, 0.00266664801165, 0.00280203507282, 0.00223328312859]
    kurt: [40.0205764771, 31.0547981262, -1.94982588291, -1.34725320339, 10.0698537827]
    max: [0.044348500669, 0.000928245484829, 0.0760214179754, 0.0760218650103, 0.0760210230947]
    mean: [0.00102645764127, 5.94743796682e-05, 0.0422489345074, 0.0241435822099, 0.00512246089056]
    median: [3.9237580495e-05, 3.2835330785e-05, 0.0760021433234, 3.82782236557e-05, 2.44091261266e-05]
    min: [1.06935549411e-05, 1.44740952237e-05, 1.72577147168e-05, 1.40281399581e-05, 1.11672261482e-05]
    skew: [6.48223972321, 5.57722520828, -0.22357788682, 0.796240925789, 3.47403049469]
    var: [4.26555961894e-05, 1.93932709891e-08, 0.00142013351433, 0.00122411828488, 0.000359030556865]
