
metadata:
    version:
        essentia: "2.1-beta3"

Flux:
    dmean: 0.0147440433502
    dmean2: 0
    dvar: 0
    dvar2: 0
    kurt: -2
    max: 0.303493320942
    mean: 0.296121299267
    median: 0.296121299267
    min: 0.288749277592
    skew: 0
    var: 5.43467031093e-05

Rms:
    dmean: 0
    dmean2: 0
    dvar: 0
    dvar2: 0
    kurt: 0
    max: 0.103783518076
    mean: 0.103783518076
    median: 0.103783518076
    min: 0.103783518076
    skew: 0
    var: 0

RollOff:
    dmean: 129.19921875
    dmean2: 0
    dvar: 0
    dvar2: 0
    kurt: -1.99999988079
    max: 624.462890625
    mean: 559.86328125
    median: 559.86328125
    min: 495.263671875
    skew: 0
    var: 4173.109375

SpecCent:
    dmean: 64.8905639648
    dmean2: 0
    dvar: 0
    dvar2: 0
    kurt: -2
    max: 482.119598389
    mean: 449.674316406
    median: 449.674316406
    min: 417.229034424
    skew: 0
    var: 1052.69628906

Zcr:
    dmean: 0.00048828125
    dmean2: 0
    dvar: 0
    dvar2: 0
    kurt: -2
    max: 0.005859375
    mean: 0.005615234375
    median: 0.005615234375
    min: 0.00537109375
    skew: 0
    var: 5.96046447754e-08

HarmonicAmpFreq:
    dmean: [81.1998901367]
    dmean2: [0]
    dvar: [0]
    dvar2: [0]
    kurt: [-2]
    max: [525.446655273]
    mean: [484.846710205]
    median: [484.846710205]
    min: [444.246765137]
    skew: [0]
    var: [1648.35559082]

HarmonicAmpMag:
    dmean: [0.0931983217597]
    dmean2: [0]
    dvar: [0]
    dvar2: [0]
    kurt: [-2]
    max: [0.101043224335]
    mean: [0.0544440634549]
    median: [0.0544440634549]
    min: [0.00784490071237]
    skew: [-1.43808918551e-07]
    var: [0.00217148195952]

MfccCoeff:
    dmean: [336.827941895, 40.9868927002, 17.6088752747, 37.4783592224, 50.6767044067, 40.9133529663, 8.22504615784, 13.6600837708, 22.1930847168, 16.2982254028, 8.85120201111, 1.53366851807, 2.29607200623]
    dmean2: [0, 0, 0, 0, 0, 0, 0, 0, 0, 0, 0, 0, 0]
    dvar: [0, 0, 0, 0, 0, 0, 0, 0, 0, 0, 0, 0, 0]
    dvar2: [0, 0, 0, 0, 0, 0, 0, 0, 0, 0, 0, 0, 0]
    kurt: [-2, -1.99999988079, -2, -2, -1.99999988079, -2, -1.99999988079, -2, -2, -2, -2, -2, -1.99999988079]
    max: [-672.78326416, 188.448043823, 64.5755310059, 18.4368133545, -13.3505382538, -21.6413478851, -26.3426647186, -5.85234069824, 10.1940727234, 14.5104160309, 13.2063560486, 9.91441345215, 7.74645042419]
    mean: [-841.197265625, 167.954589844, 55.7710952759, -0.302366256714, -38.6888923645, -42.0980224609, -30.4551887512, -12.6823825836, -0.90246963501, 6.36130332947, 8.78075504303, 9.14757919312, 6.59841442108]
    median: [-841.197265625, 167.954589844, 55.7710952759, -0.302366256714, -38.6888923645, -42.0980224609, -30.4551887512, -12.6823825836, -0.90246963501, 6.36130332947, 8.78075504303, 9.14757919312, 6.59841442108]
    min: [-1009.61120605, 147.461151123, 46.9666557312, -19.0415458679, -64.0272445679, -62.5546989441, -34.5677108765, -19.512424469, -11.9990119934, -1.78780937195, 4.35515403748, 8.38074493408, 5.45037841797]
    skew: [5.23366225025e-07, 1.13463215712e-06, -6.2599838202e-07, 0, 9.00442884699e-08, -1.71114223235e-07, 6.58136968923e-07, 0, 0, 0, 0, 0, 0]
    var: [28363.265625, 419.981323242, 77.5181274414, 351.156860352, 642.032104492, 418.475585938, 16.9128456116, 46.649471283, 123.133255005, 66.4080352783, 19.5859451294, 0.588034808636, 1.31798660755]

SpecContrastCoeff:
    dmean: [0.0728309750557, 0.150699317455, 0.173064410686, 0.0492717027664, 0.0172447562218, 0.0189445018768]
    dmean2: [0, 0, 0, 0, 0, 0]
    dvar: [0, 0, 0, 0, 0, 0]
    dvar2: [0, 0, 0, 0, 0, 0]
    kurt: [-2, -2, -1.99999988079, -2, -1.99999988079, -2]
    max: [-0.857167184353, -0.615035116673, -0.708861887455, -0.872141063213, -0.934278070927, -0.943604290485]
    mean: [-0.893582701683, -0.690384745598, -0.795394062996, -0.896776914597, -0.942900419235, -0.953076541424]
    median: [-0.893582701683, -0.690384745598, -0.795394062996, -0.896776914597, -0.942900419235, -0.953076541424]
    min: [-0.929998159409, -0.765734434128, -0.881926298141, -0.92141276598, -0.951522827148, -0.962548792362]
    skew: [2.48608353104e-06, -1.19054095649e-06, -1.03310560462e-06, 0, -1.03305856101e-05, 0]
    var: [0.00132608774584, 0.00567757105455, 0.00748782232404, 0.00060692516854, 7.43454002077e-05, 8.97235368029e-05]

SpecPeakAmp:
    dmean: [0.100782416761, 0.0249841026962, 0.00970445293933, 0.00138987135142, 0.00468260142952]
    dmean2: [0, 0, 0, 0, 0]
    dvar: [0, 0, 0, 0, 0]
    dvar2: [0, 0, 0, 0, 0]
    kurt: [-2, -2, -2, -2, -2]
    max: [0.101043224335, 0.0252863261849, 0.0100864348933, 0.00784490071237, 0.00493045523763]
    mean: [0.0506520159543, 0.0127942748368, 0.00523420842364, 0.00714996503666, 0.00258915452287]
    median: [0.0506520159543, 0.0127942748368, 0.00523420842364, 0.00714996503666, 0.00258915452287]
    min: [0.000260810600594, 0.000302224070765, 0.000381982215913, 0.00645502936095, 0.000247853662586]
    skew: [5.68624898278e-08, 1.16637700387e-07, 1.55491648002e-07, 0, -1.38407159511e-07]
    var: [0.00253927381709, 0.000156051333761, 2.35441002587e-05, 4.82935604396e-07, 5.48168964087e-06]
