
metadata:
    version:
        essentia: "2.1-beta3"

Flux:
    dmean: 0.0355913937092
    dmean2: 0.0465799644589
    dvar: 0.0135846761987
    dvar2: 0.0259056314826
    kurt: 9.49429607391
    max: 0.697973132133
    mean: 0.0465409010649
    median: 0.000653104565572
    min: 9.4130213256e-05
    skew: 3.27806377411
    var: 0.0230440031737

Rms:
    dmean: 0.0151814967394
    dmean2: 0.0115009611472
    dvar: 0.00252577150241
    dvar2: 0.00114029354881
    kurt: 20.7553462982
    max: 0.501882255077
    mean: 0.482367694378
    median: 0.499564647675
    min: 0.0961378961802
    skew: -4.52452087402
    var: 0.00471597444266

RollOff:
    dmean: 9.29842853546
    dmean2: 9.01389884949
    dvar: 3338.43969727
    dvar2: 3045.88623047
    kurt: 39.7850570679
    max: 796.728515625
    mean: 397.16796875
    median: 387.59765625
    min: 387.59765625
    skew: 6.45529460907
    var: 3638.44750977

SpecCent:
    dmean: 19.4154682159
    dmean2: 17.740978241
    dvar: 10290.484375
    dvar2: 7907.33007812
    kurt: 38.8189163208
    max: 1139.41088867
    mean: 388.994781494
    median: 370.062225342
    min: 366.812530518
    skew: 6.34966135025
    var: 12981.7724609

Zcr:
    dmean: 0.000699129945133
    dmean2: 0.000681322650053
    dvar: 3.93821756006e-06
    dvar2: 2.39682299252e-06
    kurt: 17.3286190033
    max: 0.01708984375
    mean: 0.0160590279847
    median: 0.0166015625
    min: 0.0009765625
    skew: -4.17083454132
    var: 7.92844639363e-06

HarmonicAmpFreq:
    dmean: [1.71607899666]
    dmean2: [1.80815446377]
    dvar: [111.219841003]
    dvar2: [110.425056458]
    kurt: [39.9845199585]
    max: [440.811462402]
    mean: [370.634033203]
    median: [368.970489502]
    min: [368.968444824]
    skew: [6.47800016403]
    var: [111.978691101]

HarmonicAmpMag:
    dmean: [0.0909774973989]
    dmean2: [0.151198491454]
    dvar: [0.0474471189082]
    dvar2: [0.121587045491]
    kurt: [6.09041404724]
    max: [0.700418114662]
    mean: [0.635814487934]
    median: [0.700306594372]
    min: [0]
    skew: [-2.78309726715]
    var: [0.0359490551054]

MfccCoeff:
    dmean: [30.9822807312, 7.80784130096, 18.0249423981, 13.1383810043, 4.60172319412, 6.39451313019, 5.69494724274, 4.02338981628, 4.18639945984, 2.85084748268, 1.87558019161, 1.12972152233, 1.43417370319]
    dmean2: [43.7444343567, 10.8896045685, 19.7170581818, 14.4450244904, 6.26952266693, 10.0732965469, 7.24050140381, 5.28048276901, 5.88574934006, 3.49206018448, 2.50640702248, 2.10644626617, 1.68008494377]
    dvar: [7962.41064453, 57.3836669922, 128.210174561, 40.6191558838, 8.31604099274, 18.4308586121, 38.2906990051, 55.7615203857, 48.6362075806, 28.4542121887, 7.51367807388, 0.786498486996, 12.4505529404]
    dvar2: [20870.2011719, 39.0467605591, 290.04901123, 84.1642227173, 23.8016281128, 29.9651222229, 44.7118225098, 69.7943725586, 45.2582740784, 23.7805194855, 5.66520214081, 1.82415008545, 13.1803102493]
    kurt: [33.6609954834, 15.0291080475, 0.163237333298, -1.17903447151, -0.106009960175, 5.79135036469, 10.7444877625, 12.8181695938, 13.1984539032, 13.3669223785, 14.2081871033, 0.774458169937, 14.1568050385]
    max: [-557.372131348, 228.100402832, 102.342285156, 41.0414009094, -11.5632476807, -16.2922210693, -14.9361801147, -12.8715209961, -5.20874786377, 0.381782531738, 4.39702987671, 6.23656463623, 28.4451560974]
    mean: [-986.359619141, 157.158950806, 74.4745025635, 16.7851867676, -19.8193340302, -47.9229888916, -64.5413131714, -67.7876663208, -60.3977470398, -43.2966537476, -19.7824573517, 4.85478496552, 26.2165184021]
    median: [-993.622497559, 156.270690918, 77.8374023438, 15.2022743225, -18.7207756042, -47.9289360046, -65.9859390259, -70.3832092285, -62.4490585327, -45.4248123169, -20.8412837982, 5.07807159424, 27.6962661743]
    min: [-1017.80615234, 118.082069397, 13.5052185059, -3.31415939331, -30.2792625427, -59.788433075, -75.2417221069, -76.6050567627, -68.959526062, -49.1684875488, -23.4429683685, 1.98146247864, -1.36320495605]
    skew: [5.77267694473, 2.71539402008, -0.686270594597, 0.33074888587, -0.624283492565, 1.88356304169, 3.15112876892, 3.6364402771, 3.66747093201, 3.72476768494, 3.72417998314, -1.15508913994, -3.84466385841]
    var: [4535.51953125, 187.977752686, 478.94631958, 190.127380371, 20.1939525604, 58.7309913635, 111.661575317, 131.203598022, 127.123840332, 79.1471481323, 22.5122852325, 1.01172494888, 30.8356170654]

SpecContrastCoeff:
    dmean: [0.0313875488937, 0.0284016449004, 0.0109878927469, 0.00768603105098, 0.00599233107641, 0.0152313141152]
    dmean2: [0.054863601923, 0.0216992478818, 0.0152160273865, 0.0110534830019, 0.00866225827485, 0.0242580678314]
    dvar: [0.00254570273682, 0.0110140498728, 0.000172959349584, 9.11171300686e-05, 0.000116082861496, 0.000490042555612]
    dvar2: [0.00661829672754, 0.00465446151793, 0.00026768623502, 0.000142342134495, 0.000170227896888, 0.00123770500068]
    kurt: [8.53902721405, 28.3165054321, 5.80125045776, 7.6154718399, 9.51203727722, 7.54092502594]
    max: [-0.726704120636, -0.0426559150219, -0.84580630064, -0.890506923199, -0.895517885685, -0.851735413074]
    mean: [-0.937909245491, -0.0808925405145, -0.933364093304, -0.949745833874, -0.952234625816, -0.940974831581]
    median: [-0.959783136845, -0.0487979240716, -0.942086875439, -0.956066429615, -0.956723630428, -0.949801385403]
    min: [-0.961807787418, -0.980650067329, -0.947015523911, -0.957026600838, -0.957795143127, -0.952818453312]
    skew: [2.88901615143, -5.26844787598, 2.46659326553, 2.67937803268, 3.19353485107, 2.66051244736]
    var: [0.00227246736176, 0.0217012967914, 0.000471052044304, 0.000177727139089, 0.00016741946456, 0.000401911791414]

SpecPeakAmp:
    dmean: [0.0187176540494, 0.541022241116, 0.47759115696, 0.000641679798719, 0.0049652820453]
    dmean2: [0.0286726765335, 1.10654056072, 0.960753858089, 0.000873292796314, 0.00533237587661]
    dvar: [0.00724224047735, 0.0857126787305, 0.105561204255, 4.06003437092e-06, 0.000883826985955]
    dvar2: [0.0186023768038, 0.142092391849, 0.227944001555, 7.5517523328e-06, 0.000901152030565]
    kurt: [40.0187149048, -1.94996440411, -1.94983255863, 18.7263202667, 39.929019928]
    max: [0.409318804741, 0.700418114662, 0.700415670872, 0.00993435643613, 0.20027551055]
    mean: [0.00944045372307, 0.311687618494, 0.311419963837, 0.000627139175776, 0.00473159737885]
    median: [0.000292785465717, 0.000625337590463, 0.00035433031735, 0.000235158440773, 8.05705349194e-05]
    min: [6.72445094096e-05, 0.000172111744178, 0.00016803604376, 5.84563204029e-05, 2.51777019002e-05]
    skew: [6.48202037811, 0.223566710949, 0.223637089133, 4.49890136719, 6.47163057327]
    var: [0.003634321969, 0.12083530426, 0.120631694794, 3.2126770293e-06, 0.000869980896823]
