
metadata:
    version:
        essentia: "2.1-beta3"

Flux:
    dmean: 0.020495980978
    dmean2: 0
    dvar: 0
    dvar2: 0
    kurt: -2
    max: 0.425920754671
    mean: 0.415672779083
    median: 0.415672779083
    min: 0.405424773693
    skew: -4.33089735452e-06
    var: 0.000105021310446

Rms:
    dmean: 0
    dmean2: 0
    dvar: 0
    dvar2: 0
    kurt: 0
    max: 0.145826324821
    mean: 0.145826324821
    median: 0.145826324821
    min: 0.145826324821
    skew: 0
    var: 0

RollOff:
    dmean: 129.19921875
    dmean2: 0
    dvar: 0
    dvar2: 0
    kurt: -1.99999988079
    max: 667.529296875
    mean: 602.9296875
    median: 602.9296875
    min: 538.330078125
    skew: 0
    var: 4173.109375

SpecCent:
    dmean: 29.0221862793
    dmean2: 0
    dvar: 0
    dvar2: 0
    kurt: -2
    max: 488.242797852
    mean: 473.731689453
    median: 473.731689453
    min: 459.220611572
    skew: 3.15599822898e-06
    var: 210.57182312

Zcr:
    dmean: 0.00048828125
    dmean2: 0
    dvar: 0
    dvar2: 0
    kurt: -2
    max: 0.0068359375
    mean: 0.006591796875
    median: 0.006591796875
    min: 0.00634765625
    skew: 0
    var: 5.96046447754e-08

HarmonicAmpFreq:
    dmean: [96.4124145508]
    dmean2: [0]
    dvar: [0]
    dvar2: [0]
    kurt: [-2]
    max: [577.813415527]
    mean: [529.607177734]
    median: [529.607177734]
    min: [481.401000977]
    skew: [1.91784647541e-06]
    var: [2323.83837891]

HarmonicAmpMag:
    dmean: [0.127307876945]
    dmean2: [0]
    dvar: [0]
    dvar2: [0]
    kurt: [-2]
    max: [0.138027474284]
    mean: [0.0743735358119]
    median: [0.0743735358119]
    min: [0.0107195936143]
    skew: [-1.69264325223e-07]
    var: [0.00405182456598]

MfccCoeff:
    dmean: [333.003112793, 43.5536804199, 14.2260246277, 46.1047439575, 53.5741844177, 32.9207229614, 4.48847770691, 21.5905513763, 22.4969120026, 12.3417110443, 4.13081550598, 2.76390457153, 5.51784133911]
    dmean2: [0, 0, 0, 0, 0, 0, 0, 0, 0, 0, 0, 0, 0]
    dvar: [0, 0, 0, 0, 0, 0, 0, 0, 0, 0, 0, 0, 0]
    dvar2: [0, 0, 0, 0, 0, 0, 0, 0, 0, 0, 0, 0, 0]
    kurt: [-2, -2, -2, -2, -2, -2, -2, -2, -2, -2, -2, -2, -2]
    max: [-657.880859375, 207.549804688, 61.0393409729, 11.9710979462, -20.4902076721, -26.4847621918, -23.2322769165, 4.50122833252, 15.5946769714, 16.3002719879, 12.8556175232, 9.93484115601, 6.35999679565]
    mean: [-824.382446289, 185.772964478, 53.9263305664, -11.0812730789, -47.2772979736, -42.9451217651, -25.4765167236, -6.29404735565, 4.34622097015, 10.1294164658, 10.7902097702, 8.55288887024, 3.6010761261]
    median: [-824.382446289, 185.772964478, 53.9263305664, -11.0812730789, -47.2772979736, -42.9451217651, -25.4765167236, -6.29404735565, 4.34622097015, 10.1294164658, 10.7902097702, 8.55288887024, 3.6010761261]
    min: [-990.883972168, 163.996124268, 46.8133163452, -34.133644104, -74.0643920898, -59.4054832458, -27.7207546234, -17.0893230438, -6.90223503113, 3.9585609436, 8.72480201721, 7.17093658447, 0.842155456543]
    skew: [5.41608017102e-07, 0, -8.05588058483e-07, 0, -2.03227884299e-07, -1.64226491961e-07, 1.30774935769e-06, 0, 0, 0, 0, 0, 0]
    var: [27722.7695312, 474.230773926, 50.5949440002, 531.411865234, 717.548339844, 270.943481445, 5.03660821915, 116.537979126, 126.527763367, 38.0794563293, 4.26590919495, 1.90979206562, 7.61164331436]

SpecContrastCoeff:
    dmean: [0.0782806873322, 0.0368236303329, 0.1350659132, 0.0499325990677, 0.00825446844101, 0.0191470384598]
    dmean2: [0, 0, 0, 0, 0, 0]
    dvar: [0, 0, 0, 0, 0, 0]
    dvar2: [0, 0, 0, 0, 0, 0]
    kurt: [-2, -2, -1.99999988079, -1.99999988079, -2, -2]
    max: [-0.873030185699, -0.659990668297, -0.651702404022, -0.853166103363, -0.925319731236, -0.941229462624]
    mean: [-0.912170529366, -0.678402483463, -0.719235360622, -0.878132402897, -0.929446935654, -0.950802981853]
    median: [-0.912170529366, -0.678402483463, -0.719235360622, -0.878132402897, -0.929446935654, -0.950802981853]
    min: [-0.951310873032, -0.69681429863, -0.786768317223, -0.903098702431, -0.933574199677, -0.960376501083]
    skew: [0, 0, 0, 0, -2.16285116039e-05, 0]
    var: [0.00153196649626, 0.000338994927006, 0.00456070015207, 0.000623316096608, 1.70340626937e-05, 9.16522694752e-05]

SpecPeakAmp:
    dmean: [0.137656524777, 0.0368581488729, 0.0135389817879, 0.00222554709762, 0.00588440243155]
    dmean2: [0, 0, 0, 0, 0]
    dvar: [0, 0, 0, 0, 0]
    dvar2: [0, 0, 0, 0, 0]
    kurt: [-2, -2, -1.99999988079, -2, -2]
    max: [0.138027474284, 0.0372903011739, 0.0141052445397, 0.0107195936143, 0.00625232048333]
    mean: [0.0691992118955, 0.0188612267375, 0.00733575364575, 0.00960681959987, 0.00331011926755]
    median: [0.0691992118955, 0.0188612267375, 0.00733575364575, 0.00960681959987, 0.00331011926755]
    min: [0.00037094813888, 0.000432153174188, 0.000566262984648, 0.00849404651672, 0.000367918226402]
    skew: [0, 0, 1.37427448976e-07, 1.24888231312e-06, 6.97450133202e-08]
    var: [0.0047373296693, 0.000339630787494, 4.58260037703e-05, 1.23826498566e-06, 8.65654692461e-06]
