
metadata:
    version:
        essentia: "2.1-beta3"

Flux:
    dmean: 7.05306410964e-06
    dmean2: 1.04547580122e-05
    dvar: 6.15083317612e-10
    dvar2: 1.32379418538e-09
    kurt: 13.8740215302
    max: 0.000133915615152
    mean: 8.70355870575e-06
    median: 2.06902359423e-06
    min: 8.78165621998e-07
    skew: 3.84952998161
    var: 6.47463471726e-10

Rms:
    dmean: 1.9438750769e-06
    dmean2: 1.92565244106e-06
    dvar: 4.81682818632e-11
    dvar2: 3.62268860743e-11
    kurt: 19.5439243317
    max: 0.000108530482976
    mean: 0.000106242063339
    median: 0.000108087529952
    min: 6.29930582363e-05
    skew: -4.50035810471
    var: 6.39135272484e-11

RollOff:
    dmean: 1.00154435635
    dmean2: 1.025390625
    dvar: 20.5633563995
    dvar2: 21.0285148621
    kurt: 17.0477027893
    max: 775.1953125
    mean: 754.640869141
    median: 753.662109375
    min: 753.662109375
    skew: 4.36437177658
    var: 20.118303299

SpecCent:
    dmean: 4.63111782074
    dmean2: 6.9491109848
    dvar: 19.211561203
    dvar2: 15.5016670227
    kurt: 21.6069145203
    max: 1245.99829102
    mean: 1204.46459961
    median: 1203.15258789
    min: 1197.7142334
    skew: 4.34492063522
    var: 53.0214614868

Zcr:
    dmean: 0.00104469479993
    dmean2: 0.00127883185633
    dvar: 1.11733161248e-05
    dvar2: 1.00243987617e-05
    kurt: 17.3208179474
    max: 0.03369140625
    mean: 0.03271484375
    median: 0.03369140625
    min: 0.01513671875
    skew: -4.35341644287
    var: 1.2581998817e-05

HarmonicAmpFreq:
    dmean: [0.00135838706046]
    dmean2: [0.00139072968159]
    dvar: [7.74990548962e-05]
    dvar2: [7.9299286881e-05]
    kurt: [38.1919670105]
    max: [738.725402832]
    mean: [738.723815918]
    median: [738.725402832]
    min: [738.666992188]
    skew: [-6.30711507797]
    var: [7.58459791541e-05]

HarmonicAmpMag:
    dmean: [2.00001977646e-06]
    dmean2: [2.04763932743e-06]
    dvar: [1.68003319589e-10]
    dvar2: [1.71905920054e-10]
    kurt: [39.0232543945]
    max: [8.60008512973e-05]
    mean: [1.95456482288e-06]
    median: [0]
    min: [0]
    skew: [6.40493965149]
    var: [1.64273927794e-10]

MfccCoeff:
    dmean: [0.127262562513, 0.127241268754, 0.000422278128099, 0.126224249601, 0.177782639861, 0.125117450953, 0.00126576982439, 0.122100830078, 0.171187549829, 0.11991456151, 0.00207182415761, 0.114974267781, 0.160376966]
    dmean2: [0.131577268243, 0.131569996476, 0.000473749067169, 0.130516409874, 0.183830618858, 0.129378542304, 0.00142706010956, 0.126250490546, 0.177010402083, 0.124003276229, 0.00233368645422, 0.118887580931, 0.165830880404]
    dvar: [0.374311089516, 0.374340415001, 3.39941061611e-06, 0.367350667715, 0.730302214622, 0.36301523447, 3.00796400552e-05, 0.342741519213, 0.677136003971, 0.334491074085, 8.07619580883e-05, 0.302913874388, 0.594324946404]
    dvar2: [0.380707830191, 0.380719333887, 3.41685404237e-06, 0.373644560575, 0.74276560545, 0.369166105986, 3.00849478663e-05, 0.348652005196, 0.688692331314, 0.340122997761, 8.07988762972e-05, 0.308167904615, 0.604468941689]
    kurt: [28.1995925903, 28.2268371582, 30.8999481201, 28.0999240875, 28.1952819824, 28.3545875549, 30.9576835632, 27.9670028687, 28.1952667236, 28.4897441864, 30.9593467712, 27.8208389282, 28.1952972412]
    max: [-1134.61889648, 3.80247116089, 0.0158386230469, 8.01086425781e-05, -6.103515625e-05, 2.28881835938e-05, -2.67028808594e-05, 3.62979125977, 5.11255264282, 3.60273742676, 0.077465057373, -3.0517578125e-05, -3.81469726562e-05]
    mean: [-1134.74584961, 3.67537927628, 0.0115037402138, -3.6362760067, -5.13203001022, -3.62381052971, -0.0344626680017, 3.50777363777, 4.94158649445, 3.48306894302, 0.0564070604742, -3.29295825958, -4.62964630127]
    median: [-1134.6237793, 3.79749679565, 0.0116577148438, -3.75733566284, -5.30263519287, -3.74401855469, -0.0349617004395, 3.62479019165, 5.10585784912, 3.59838867188, 0.0572242736816, -3.40305328369, -4.78354644775]
    min: [-1138.42004395, 1.14440917969e-05, -6.103515625e-05, -3.76237106323, -5.30958557129, -3.74871063232, -0.0473136901855, -5.34057617188e-05, -4.57763671875e-05, -2.28881835938e-05, -2.67028808594e-05, -3.40789031982, -4.78981781006]
    skew: [-5.33562660217, -5.33792829514, -5.09148550034, 5.32637453079, 5.3350520134, 5.349568367, 5.10299491882, -5.31428623199, -5.33505058289, -5.36190128326, -5.103307724, 5.30101728439, 5.33505344391]
    var: [0.368749111891, 0.368786126375, 3.49698666469e-06, 0.361884862185, 0.719456732273, 0.357640117407, 3.09742717945e-05, 0.337627768517, 0.667079627514, 0.329552084208, 8.31844590721e-05, 0.298382788897, 0.585497558117]

SpecContrastCoeff:
    dmean: [0.0217597279698, 0.0147481253371, 0.0163064561784, 0.0120784044266, 0.0064039574936, 0.00898958649486]
    dmean2: [0.0303612314165, 0.0219537131488, 0.0223023500293, 0.0201676003635, 0.00943501945585, 0.0139205809683]
    dvar: [0.00264018331654, 0.000214882587898, 0.00111739442218, 6.86689527356e-05, 8.10052661109e-05, 7.92577629909e-05]
    dvar2: [0.00353682390414, 0.000300634244923, 0.0012725564884, 0.000185120297829, 0.000133923938847, 0.000133603010909]
    kurt: [15.983707428, 6.54480171204, 16.6458396912, 1.07702970505, 8.05489063263, 9.67171287537]
    max: [-0.628834426403, -0.810086190701, -0.583954274654, -0.883642852306, -0.863089501858, -0.854142427444]
    mean: [-0.693458497524, -0.849778115749, -0.607810020447, -0.904184401035, -0.882656335831, -0.870068132877]
    median: [-0.687561631203, -0.84927046299, -0.603120803833, -0.903561472893, -0.88206410408, -0.870716691017]
    min: [-0.925925791264, -0.933826684952, -0.784821212292, -0.935437679291, -0.925288319588, -0.91841262579]
    skew: [-3.9223780632, -1.95171141624, -4.14712667465, -0.545980930328, -2.20056533813, -2.50784683228]
    var: [0.00210784282535, 0.000381872028811, 0.00122355902568, 9.90467451629e-05, 9.60908073466e-05, 0.000105593309854]

SpecPeakAmp:
    dmean: [3.68619907931e-07, 1.42794078783e-07, 1.47455864408e-07, 1.89844584497e-07, 2.05479773285e-06]
    dmean2: [5.2222424074e-07, 1.62307600249e-07, 1.79423366831e-07, 2.17046576267e-07, 2.13112321035e-06]
    dvar: [6.85178747507e-13, 2.58526408831e-13, 2.80639335555e-13, 8.62379557955e-13, 1.66996916295e-10]
    dvar2: [5.59524377785e-13, 2.47953865556e-13, 2.81077136392e-13, 8.54085248705e-13, 1.70344877093e-10]
    kurt: [16.363067627, 31.8988685608, 29.2557144165, 38.6363792419, 39.0203475952]
    max: [1.70221301232e-05, 3.68284736396e-06, 3.59848650078e-06, 6.41834321868e-06, 8.60008512973e-05]
    mean: [1.65646652022e-05, 4.1692962327e-07, 3.01215493437e-07, 3.5223638406e-07, 2.13246471503e-06]
    median: [1.67489306477e-05, 3.16957994073e-07, 1.96478097791e-07, 2.03832300372e-07, 1.72980648472e-07]
    min: [1.24325661091e-05, 1.33191250029e-07, 1.06480975148e-07, 1.40203397336e-07, 9.60596651112e-08]
    skew: [-4.23848485947, 5.65371417999, 5.4204955101, 6.3598279953, 6.40459156036]
    var: [8.06636007988e-13, 2.73006254105e-13, 2.90983735588e-13, 8.59729659426e-13, 1.63584881752e-10]
