
metadata:
    version:
        essentia: "2.1-beta3"

Flux:
    dmean: 0.000176543733687
    dmean2: 0.000233244281844
    dvar: 3.344653976e-07
    dvar2: 6.60010130105e-07
    kurt: 9.60205364227
    max: 0.00336250872351
    mean: 0.000232470716583
    median: 1.05078088382e-05
    min: 7.30164811102e-06
    skew: 3.29718184471
    var: 5.41239558061e-07

Rms:
    dmean: 7.35380963306e-05
    dmean2: 5.89641604165e-05
    dvar: 6.15542390392e-08
    dvar2: 2.75146714301e-08
    kurt: 20.9582443237
    max: 0.00242850510404
    mean: 0.00233767624013
    median: 0.00242366897874
    min: 0.000428021856351
    skew: -4.5444278717
    var: 1.14634694626e-07

RollOff:
    dmean: 5.38330078125
    dmean2: 5.0077214241
    dvar: 1035.3737793
    dvar2: 859.147521973
    kurt: 39.3189697266
    max: 990.52734375
    mean: 759.40423584
    median: 753.662109375
    min: 753.662109375
    skew: 6.40380144119
    var: 1224.11218262

SpecCent:
    dmean: 4.60092449188
    dmean2: 7.11660575867
    dvar: 67.4123458862
    dvar2: 68.43334198
    kurt: 34.4310531616
    max: 795.487304688
    mean: 741.395935059
    median: 740.044494629
    min: 737.096069336
    skew: 5.81276035309
    var: 71.3047485352

Zcr:
    dmean: 0.00139825989027
    dmean2: 0.00136264530011
    dvar: 1.59262654051e-05
    dvar2: 1.04189775811e-05
    kurt: 17.8315086365
    max: 0.03369140625
    mean: 0.0321072041988
    median: 0.03369140625
    min: 0.00146484375
    skew: -4.23326683044
    var: 3.21934530803e-05

HarmonicAmpFreq:
    dmean: [0.876806080341]
    dmean2: [0.875789225101]
    dvar: [31.4821853638]
    dvar2: [30.6413097382]
    kurt: [39.9750480652]
    max: [739.606567383]
    mean: [738.729064941]
    median: [739.606567383]
    min: [701.027099609]
    skew: [-6.47693443298]
    var: [32.3233451843]

HarmonicAmpMag:
    dmean: [8.87784626684e-05]
    dmean2: [0.000136305810884]
    dvar: [1.65514080663e-07]
    dvar2: [4.2515171117e-07]
    kurt: [40.0224494934]
    max: [0.00195489777252]
    mean: [4.35209040006e-05]
    median: [0]
    min: [0]
    skew: [6.48246097565]
    var: [8.30312103517e-08]

MfccCoeff:
    dmean: [2.20279216766, 2.45317411423, 0.882322847843, 0.652565717697, 1.34102606773, 1.0194735527, 0.170786082745, 0.571629285812, 0.804257750511, 0.56557226181, 0.0713589414954, 0.542822420597, 0.760474205017]
    dmean2: [3.07724499702, 3.46150565147, 1.35363197327, 0.700235068798, 1.63309335709, 1.26477718353, 0.260347247124, 0.559087395668, 0.753431916237, 0.470590680838, 0.108229883015, 0.423089683056, 0.516446948051]
    dvar: [96.4538116455, 119.610198975, 16.3098201752, 11.4128675461, 39.550579071, 22.2503070831, 0.592261254787, 8.5061712265, 15.1683073044, 5.92840862274, 0.0956211164594, 5.00243473053, 8.64093399048]
    dvar2: [216.1902771, 273.236633301, 41.8766174316, 13.1230592728, 63.7426872253, 37.7092781067, 1.51839363575, 7.7766418457, 12.3263311386, 3.41950178146, 0.246815040708, 2.47232103348, 4.16816139221]
    kurt: [23.5040664673, 25.8373165131, 40.0222663879, 34.986995697, 27.2251853943, 24.7985191345, 39.9258499146, 35.0392379761, 34.2610015869, 31.2031898499, 38.8508644104, 29.4667625427, 25.1369075775]
    max: [-1082.05236816, 61.8627090454, 19.3950195312, 8.01086425781e-05, -6.103515625e-05, 2.28881835938e-05, 0.0846900939941, 20.140542984, 28.1858634949, 19.6974430084, 0.0574378967285, -3.0517578125e-05, -3.81469726562e-05]
    mean: [-1117.2578125, 21.2728939056, 0.441208213568, -20.2538089752, -28.7087841034, -20.2128772736, -0.113314732909, 19.5566825867, 27.3327331543, 19.040933609, 0.0186334401369, -18.3293914795, -25.4123458862]
    median: [-1117.4642334, 20.9438285828, 0.0116882324219, -20.7979850769, -29.2711143494, -20.5737686157, -0.0349998474121, 20.1401920319, 28.1854057312, 19.697183609, 0.0572776794434, -18.9865264893, -26.4058647156]
    min: [-1138.42004395, 1.14440917969e-05, -0.0313720703125, -22.2092399597, -40.5085449219, -30.1155815125, -3.71397018433, -5.34057617188e-05, -4.57763671875e-05, -2.28881835938e-05, -1.45479202271, -18.9869003296, -26.4062767029]
    skew: [3.20453572273, 3.88246035576, 6.48243951797, 5.95241880417, 4.58490657806, 4.0057311058, -6.47077274323, -5.96379899979, -5.8776717186, -5.55296897888, -6.35223197937, 5.3794965744, 4.96735954285]
    var: [38.1685333252, 47.4364051819, 8.16474723816, 9.93491172791, 22.6969947815, 11.8979482651, 0.294986188412, 9.25642204285, 18.27161026, 9.26518917084, 0.0500283129513, 8.82708835602, 18.4162864685]

SpecContrastCoeff:
    dmean: [0.0575478933752, 0.0199624300003, 0.0262864548713, 0.00867682974786, 0.00659372610971, 0.00752545753494]
    dmean2: [0.10066433996, 0.0353260599077, 0.0310645736754, 0.0150159858167, 0.0105837611482, 0.0121304392815]
    dvar: [0.00160535098985, 0.000399816111894, 0.00290099531412, 4.21723780164e-05, 2.52378868026e-05, 4.64762706542e-05]
    dvar2: [0.00335971429013, 0.000954019662458, 0.00191499642096, 0.000114728936751, 7.62485142332e-05, 7.37350710551e-05]
    kurt: [1.90826463699, 6.32739162445, 21.1254844666, 1.11817789078, 1.85305166245, 12.7664871216]
    max: [-0.723112881184, -0.851375281811, -0.444982737303, -0.911020696163, -0.916559755802, -0.911310076714]
    mean: [-0.816362679005, -0.946165561676, -0.47936296463, -0.938273131847, -0.92553371191, -0.923673391342]
    median: [-0.823606193066, -0.952879726887, -0.462053507566, -0.938919186592, -0.926130890846, -0.92377614975]
    min: [-0.981327474117, -0.972872257233, -0.958021640778, -0.953897297382, -0.94777494669, -0.968600928783]
    skew: [-0.876038908958, 2.36816287041, -4.5621676445, 0.790750384331, -0.850824117661, -2.8000535965]
    var: [0.00254780286923, 0.000515163701493, 0.00718651432544, 8.12416110421e-05, 3.82814760087e-05, 7.74584987084e-05]

SpecPeakAmp:
    dmean: [3.87516593037e-06, 8.9604385721e-05, 1.79945777745e-06, 1.69229122093e-06, 1.52837776568e-06]
    dmean2: [5.14698513143e-06, 0.000137618830195, 2.85483065454e-06, 2.65048106485e-06, 2.34403614741e-06]
    dvar: [1.56710408539e-10, 1.65475839253e-07, 2.63484997709e-11, 2.19336770968e-11, 1.78663767808e-11]
    dvar2: [3.8080741338e-10, 4.24763555884e-07, 6.58726961866e-11, 5.43686796972e-11, 4.40730195395e-11]
    kurt: [33.5865936279, 40.0221748352, 37.3905067444, 36.567741394, 37.1600112915]
    max: [7.13998670108e-05, 0.00195489777252, 2.61437071458e-05, 2.40656372625e-05, 2.20263173105e-05]
    mean: [1.75887053047e-05, 4.47650636488e-05, 1.95881216314e-06, 2.06306094697e-06, 2.18465675061e-06]
    median: [1.68881997524e-05, 1.41989471558e-06, 1.47807145368e-06, 1.49700053953e-06, 1.72072941496e-06]
    min: [3.54306325789e-06, 3.47066873019e-07, 3.96163841287e-07, 2.73021072417e-07, 2.12669064581e-07]
    skew: [5.6016330719, 6.48242902756, 6.1815404892, 6.09305334091, 6.14793777466]
    var: [7.15418974062e-11, 8.29234139132e-08, 1.37214692733e-11, 1.1475848917e-11, 9.26214573788e-12]
