
metadata:
    version:
        essentia: "2.1-beta3"

Flux:
    dmean: 0.00398857332766
    dmean2: 0.00529616046697
    dvar: 0.000167379708728
    dvar2: 0.000330312846927
    kurt: 9.56538963318
    max: 0.0751751288772
    mean: 0.0051050609909
    median: 0.000146178950672
    min: 1.5839425032e-05
    skew: 3.29261422157
    var: 0.00027207355015

Rms:
    dmean: 0.00164880964439
    dmean2: 0.00132302381098
    dvar: 3.09764618578e-05
    dvar2: 1.38620716825e-05
    kurt: 20.9851493835
    max: 0.0543541312218
    mean: 0.0523228384554
    median: 0.0542496144772
    min: 0.00948005355895
    skew: -4.54704809189
    var: 5.76540514885e-05

RollOff:
    dmean: 5.38330078125
    dmean2: 5.0077214241
    dvar: 1035.3737793
    dvar2: 859.147521973
    kurt: 39.3189697266
    max: 990.52734375
    mean: 759.40423584
    median: 753.662109375
    min: 753.662109375
    skew: 6.40380144119
    var: 1224.11218262

SpecCent:
    dmean: 4.72734642029
    dmean2: 7.28293323517
    dvar: 77.4197006226
    dvar2: 73.9679794312
    kurt: 35.2250785828
    max: 799.461853027
    mean: 740.600708008
    median: 738.753417969
    min: 736.23034668
    skew: 5.90991687775
    var: 83.5489654541

Zcr:
    dmean: 0.00142045458779
    dmean2: 0.00140806683339
    dvar: 1.58745406225e-05
    dvar2: 1.03375014078e-05
    kurt: 17.836812973
    max: 0.03369140625
    mean: 0.0320963524282
    median: 0.03369140625
    min: 0.00146484375
    skew: -4.23361539841
    var: 3.21642583003e-05

HarmonicAmpFreq:
    dmean: [1.77654469013]
    dmean2: [2.40523648262]
    dvar: [60.8952903748]
    dvar2: [61.5073356628]
    kurt: [39.6500473022]
    max: [739.606079102]
    mean: [737.736633301]
    median: [738.517028809]
    min: [685.864990234]
    skew: [-6.43812656403]
    var: [61.418636322]

HarmonicAmpMag:
    dmean: [0.0404454916716]
    dmean2: [0.0803367272019]
    dvar: [0.00130235229153]
    dvar2: [0.0025216252543]
    kurt: [-1.7567499876]
    max: [0.0741569697857]
    mean: [0.0454611368477]
    median: [0.074142485857]
    min: [0]
    skew: [-0.468566149473]
    var: [0.00127445231192]

MfccCoeff:
    dmean: [12.7114982605, 11.8339757919, 4.01870250702, 3.6874063015, 1.79808008671, 3.52297353745, 4.67655754089, 4.79386472702, 2.97470450401, 2.49489212036, 2.51820635796, 2.81036067009, 2.00731515884]
    dmean2: [18.8462295532, 17.6585063934, 6.97906303406, 6.17688322067, 2.03250694275, 5.57380104065, 8.39178276062, 7.41637325287, 4.15703201294, 3.61761927605, 4.6874756813, 4.36925792694, 2.5081179142]
    dvar: [1963.74035645, 1219.33935547, 8.34665584564, 25.9957389832, 19.9446430206, 7.90823507309, 5.38336992264, 10.6190834045, 27.9785327911, 16.791475296, 2.12098312378, 11.5480947495, 30.1823368073]
    dvar2: [4846.05224609, 2945.95483398, 16.7155685425, 40.0863990784, 15.2938814163, 10.4464969635, 16.3037090302, 15.5015058517, 29.7563285828, 19.1641101837, 4.14849996567, 9.68811893463, 29.8467540741]
    kurt: [34.9634399414, 31.1594085693, 11.036649704, 23.0962867737, 18.4716529846, 14.6118030548, -1.55039060116, 16.4633865356, 19.1325531006, 17.0311603546, -1.45613312721, 15.5549793243, 16.09765625]
    max: [-892.04486084, 202.905029297, 19.393371582, -10.3107414246, -17.3674430847, -14.5043563843, 2.72008132935, 43.4806594849, 59.9547538757, 41.0960693359, 2.11302566528, -1.66701507568, -0.310882568359]
    mean: [-1089.3795166, 48.573425293, 2.00144386292, -40.525718689, -57.2235832214, -40.5272026062, -1.42488574982, 35.7472267151, 49.7774085999, 34.207572937, -0.0494383908808, -31.873796463, -43.2780570984]
    median: [-1094.68139648, 44.1349601746, 1.46810913086, -41.2855606079, -57.935546875, -42.1735038757, -1.77865219116, 36.0996665955, 51.5927009583, 35.9011611938, 0.716495513916, -32.590511322, -45.2557487488]
    min: [-1119.97521973, 19.7733879089, -1.1695098877, -50.8397293091, -71.4804077148, -49.7474784851, -5.97613525391, 1.64144897461, 4.25172805786, 2.34037017822, -2.79220962524, -35.2142601013, -45.9088554382]
    skew: [5.90944671631, 5.49817228317, 2.69801235199, 4.16493701935, 3.71831870079, 3.2800784111, 0.187367632985, -3.71891212463, -4.34409809113, -4.06380081177, -0.406872987747, 3.93016147614, 4.09288406372]
    var: [943.030578613, 609.668518066, 12.1743860245, 26.872505188, 53.3277130127, 24.9648609161, 8.651014328, 40.7049331665, 70.3884506226, 36.118396759, 2.77522683144, 34.8313674927, 69.4051742554]

SpecContrastCoeff:
    dmean: [0.0325548797846, 0.0257027931511, 0.0310355443507, 0.0125102642924, 0.0104639260098, 0.012420296669]
    dmean2: [0.0607473254204, 0.0471037365496, 0.0337400101125, 0.0223876368254, 0.0189459323883, 0.0224604718387]
    dvar: [0.00075435207691, 0.000858333020005, 0.00514939008281, 8.96086057764e-05, 0.000115938317322, 0.00014101814304]
    dvar2: [0.00172926916275, 0.00212587998249, 0.00268173939548, 0.000151745422045, 0.000269057694823, 0.000315300218062]
    kurt: [1.31000804901, 9.67873477936, 24.1651248932, 5.4376745224, 4.39862585068, 2.28313302994]
    max: [-0.865582168102, -0.78835862875, -0.27053040266, -0.882644712925, -0.907114923, -0.917080163956]
    mean: [-0.947750270367, -0.937689483166, -0.308864444494, -0.937861025333, -0.951869785786, -0.95382142067]
    median: [-0.960778951645, -0.949647605419, -0.285407304764, -0.942573368549, -0.957089662552, -0.958924770355]
    min: [-0.982990920544, -0.967883884907, -0.945749700069, -0.949466645718, -0.95929557085, -0.961829602718]
    skew: [1.47542369366, 3.06077885628, -4.86226177216, 2.23553180695, 2.13920712471, 1.81915545464]
    var: [0.000692512607202, 0.00109985296149, 0.0118072284386, 0.000221457492444, 0.000125826481963, 0.000128751576995]

SpecPeakAmp:
    dmean: [8.58683561091e-05, 0.00199982058257, 0.0168794691563, 0.0269596874714, 0.0303456503898]
    dmean2: [0.000135342314024, 0.0030713591259, 0.0345254391432, 0.0551303252578, 0.0620810426772]
    dvar: [9.60344550549e-08, 8.25637689559e-05, 0.000963179045357, 0.00126869091764, 0.00132574513555]
    dvar2: [2.45424445211e-07, 0.000211998994928, 0.00238554109819, 0.00334016070701, 0.00278704497032]
    kurt: [39.6307678223, 40.022228241, 1.61271810532, 0.841180086136, -0.886370897293]
    max: [0.00156830833293, 0.0436646342278, 0.0741531997919, 0.0741569697857, 0.0741564407945]
    mean: [6.9055815402e-05, 0.0010012666462, 0.0115753905848, 0.0132292099297, 0.019813042134]
    median: [3.53339200956e-05, 3.25121509377e-05, 3.66640597349e-05, 5.3029780247e-05, 5.09929122927e-05]
    min: [1.03155280158e-05, 7.59579097576e-06, 8.237543625e-06, 5.681523362e-06, 4.33313243775e-06]
    skew: [6.43628358841, 6.48243570328, 1.90069925785, 1.6855686903, 1.05527746677]
    var: [5.13200539842e-08, 4.13675807067e-05, 0.000721180462278, 0.000802488531917, 0.0010735912947]
