
metadata:
    version:
        essentia: "2.1-beta3"

Flux:
    dmean: 0.0357981286943
    dmean2: 0.0477109216154
    dvar: 0.0135617516935
    dvar2: 0.026185715571
    kurt: 9.36312007904
    max: 0.691685736179
    mean: 0.0469821617007
    median: 0.00133018021006
    min: 3.22636333294e-05
    skew: 3.26327824593
    var: 0.0229247938842

Rms:
    dmean: 0.0151489144191
    dmean2: 0.0121782980859
    dvar: 0.00262858578935
    dvar2: 0.0011819738429
    kurt: 21.1998214722
    max: 0.500787317753
    mean: 0.482144474983
    median: 0.499845892191
    min: 0.0865987241268
    skew: -4.56781578064
    var: 0.00488479947671

RollOff:
    dmean: 4.89390993118
    dmean2: 4.50694942474
    dvar: 840.178466797
    dvar2: 680.597351074
    kurt: 39.1734199524
    max: 968.994140625
    mean: 758.925720215
    median: 753.662109375
    min: 753.662109375
    skew: 6.38802719116
    var: 1012.99511719

SpecCent:
    dmean: 5.46658039093
    dmean2: 7.96412992477
    dvar: 172.385101318
    dvar2: 154.013565063
    kurt: 37.8591690063
    max: 831.847045898
    mean: 741.375976562
    median: 739.042907715
    min: 736.226867676
    skew: 6.22544813156
    var: 190.893981934

Zcr:
    dmean: 0.00139825989027
    dmean2: 0.00136264530011
    dvar: 1.59262654051e-05
    dvar2: 1.04189775811e-05
    kurt: 17.8315086365
    max: 0.03369140625
    mean: 0.0321072041988
    median: 0.03369140625
    min: 0.00146484375
    skew: -4.23326683044
    var: 3.21934530803e-05

HarmonicAmpFreq:
    dmean: [1.53397572041]
    dmean2: [1.60339641571]
    dvar: [96.7023468018]
    dvar2: [99.4768829346]
    kurt: [39.9762573242]
    max: [739.60534668]
    mean: [737.104858398]
    median: [738.513549805]
    min: [672.715515137]
    skew: [-6.47693014145]
    var: [94.2780380249]

HarmonicAmpMag:
    dmean: [0.0311107523739]
    dmean2: [0.0412262864411]
    dvar: [0.0150954369456]
    dvar2: [0.0221932325512]
    kurt: [8.69313716888]
    max: [0.683238387108]
    mean: [0.631377458572]
    median: [0.68317002058]
    min: [0]
    skew: [-3.2249610424]
    var: [0.0301753487438]

MfccCoeff:
    dmean: [29.3267765045, 27.3469371796, 36.8554534912, 7.47291517258, 9.31885910034, 6.06500387192, 2.45035672188, 3.35687160492, 3.26943945885, 3.31411004066, 1.30952692032, 2.13592147827, 2.07855677605]
    dmean2: [46.6918525696, 47.7016448975, 67.4246826172, 13.4001607895, 15.7684879303, 10.5282735825, 3.99387526512, 4.77446985245, 4.46823453903, 4.72762298584, 2.27818632126, 3.47295928001, 2.51674675941]
    dvar: [5786.96044922, 285.714477539, 366.387420654, 57.1510734558, 50.4711761475, 27.4024162292, 2.53895330429, 16.0606250763, 32.9778175354, 18.0613803864, 2.44105625153, 12.9753170013, 26.3908462524]
    dvar2: [14381.9580078, 631.366027832, 1027.52233887, 113.818656921, 107.01084137, 66.6772155762, 6.95827913284, 20.5629043579, 34.5405921936, 17.6044330597, 4.77782869339, 18.0966396332, 23.6838951111]
    kurt: [28.7219333649, 0.736008405685, -1.22976589203, 3.69914150238, 4.48574542999, 4.40920829773, 0.179983139038, 17.5427093506, 17.6434383392, 18.4892520905, 8.60373020172, 12.2524023056, 15.8586101532]
    max: [-636.033691406, 195.250671387, 30.521030426, -33.2372512817, -32.5872764587, -19.21459198, 2.72780227661, 43.9135055542, 57.1650123596, 38.1693878174, 1.30933761597, -6.70179748535, -0.303726196289]
    mean: [-966.288696289, 138.227111816, -4.12828922272, -61.7433052063, -69.1549072266, -42.6621894836, -0.561971843243, 35.1065635681, 47.6556625366, 31.6674365997, -1.06737148762, -31.4689483643, -42.0639381409]
    median: [-973.410583496, 144.227752686, -3.96413040161, -60.8408584595, -68.6510925293, -43.3553886414, -0.117092132568, 36.2920036316, 49.6563682556, 33.1750335693, -0.775638580322, -32.4909477234, -44.0005455017]
    min: [-1015.66271973, 104.806266785, -43.236415863, -83.890296936, -89.5927734375, -59.2474937439, -6.47720336914, 2.56787109375, 2.44968795776, -3.51002502441, -7.92441368103, -35.6524620056, -45.9193000793]
    skew: [5.28273010254, 0.387976318598, -0.215564697981, 0.904429972172, 1.23713064194, 1.18587338924, -0.986534059048, -3.89455938339, -4.11757898331, -4.12198877335, -2.55018234253, 3.58126568794, 4.04574966431]
    var: [2908.60546875, 406.55645752, 549.074584961, 73.2070770264, 84.9136047363, 41.3787002563, 6.18896961212, 35.943397522, 70.7984542847, 41.0356063843, 2.16322016716, 28.5142097473, 65.528465271]

SpecContrastCoeff:
    dmean: [0.0455201379955, 0.0342924557626, 0.0315237306058, 0.0148065239191, 0.00954913534224, 0.00498106656596]
    dmean2: [0.0865243151784, 0.061381008476, 0.0321232639253, 0.0262811463326, 0.017407502979, 0.00868397019804]
    dvar: [0.00168871658389, 0.00177948514465, 0.00921031180769, 0.000141280557727, 0.000110240333015, 8.51020377013e-05]
    dvar2: [0.00394177110866, 0.00470635248348, 0.00432426342741, 0.000221605325351, 0.000227295488003, 0.000189649043023]
    kurt: [0.612803936005, 9.18415546417, 28.8782539368, 6.87243366241, 3.85256099701, 4.21451473236]
    max: [-0.86732429266, -0.738545179367, -0.0945579186082, -0.848615765572, -0.897885620594, -0.923593401909]
    mean: [-0.960355460644, -0.921085417271, -0.1319745332, -0.922802984715, -0.942959487438, -0.952644944191]
    median: [-0.981975913048, -0.93578004837, -0.104286968708, -0.929366767406, -0.948816359043, -0.955883860588]
    min: [-0.986887037754, -0.961612641811, -0.931634545326, -0.936874747276, -0.951371490955, -0.957760334015]
    skew: [1.43916153908, 2.99635028839, -5.31783866882, 2.53103280067, 2.14152312279, 2.42235517502]
    var: [0.00142798025627, 0.00167679123115, 0.0169661249965, 0.00037558778422, 0.000155440793606, 8.18387125037e-05]

SpecPeakAmp:
    dmean: [0.0183890592307, 0.124441288412, 0.155261442065, 0.000343974475982, 0.00026749985409]
    dmean2: [0.0282307118177, 0.254477202892, 0.317357540131, 0.000534952618182, 0.000397250259994]
    dvar: [0.00696687120944, 0.0692287385464, 0.0816914364696, 7.78207663643e-07, 7.60782882026e-07]
    dvar2: [0.0178894754499, 0.173613712192, 0.180738985538, 1.93083769773e-06, 1.88302499282e-06]
    kurt: [40.0212364197, 4.12484645844, 0.250092983246, 29.5417556763, 27.6305866241]
    max: [0.401401817799, 0.683214306831, 0.683238387108, 0.00447897985578, 0.00417602015659]
    mean: [0.0092099616304, 0.0764593482018, 0.546749353409, 0.000540424487554, 0.000241051340709]
    median: [0.000281807442661, 0.000528164149728, 0.68316757679, 0.000454036111478, 0.000110578432214]
    min: [3.66117601516e-05, 0.000129812746309, 7.33677952667e-05, 5.13479426445e-05, 3.97221956518e-05]
    skew: [6.48231744766, 2.47482085228, -1.50002014637, 5.32954788208, 5.2689409256]
    var: [0.00349584361538, 0.0460057891905, 0.0744471848011, 4.07284204584e-07, 4.23607218636e-07]
