
metadata:
    version:
        essentia: "2.1-beta3"

Flux:
    dmean: 0.0192394852638
    dmean2: 0
    dvar: 0
    dvar2: 0
    kurt: -2
    max: 0.419019192457
    mean: 0.409399449825
    median: 0.409399449825
    min: 0.399779707193
    skew: 0
    var: 9.25394488149e-05

Rms:
    dmean: 0
    dmean2: 0
    dvar: 0
    dvar2: 0
    kurt: 0
    max: 0.143905118108
    mean: 0.143905118108
    median: 0.143905118108
    min: 0.143905118108
    skew: 0
    var: 0

RollOff:
    dmean: 279.931640625
    dmean2: 0
    dvar: 0
    dvar2: 0
    kurt: -2
    max: 1313.52539062
    mean: 1173.55957031
    median: 1173.55957031
    min: 1033.59375
    skew: 0
    var: 19590.4316406

SpecCent:
    dmean: 2.09851074219
    dmean2: 0
    dvar: 0
    dvar2: 0
    kurt: -2
    max: 940.082397461
    mean: 939.03314209
    median: 939.03314209
    min: 937.983886719
    skew: 0
    var: 1.10093688965

Zcr:
    dmean: 0
    dmean2: 0
    dvar: 0
    dvar2: 0
    kurt: 0
    max: 0.0126953125
    mean: 0.0126953125
    median: 0.0126953125
    min: 0.0126953125
    skew: 0
    var: 0

HarmonicAmpFreq:
    dmean: [30.1507568359]
    dmean2: [0]
    dvar: [0]
    dvar2: [0]
    kurt: [-1.99999988079]
    max: [950.857910156]
    mean: [935.782531738]
    median: [935.782531738]
    min: [920.70715332]
    skew: [0]
    var: [227.267028809]

HarmonicAmpMag:
    dmean: [0.112430542707]
    dmean2: [0]
    dvar: [0]
    dvar2: [0]
    kurt: [-2]
    max: [0.112430542707]
    mean: [0.0562152713537]
    median: [0.0562152713537]
    min: [0]
    skew: [0]
    var: [0.00316015677527]

MfccCoeff:
    dmean: [332.899108887, 72.6088256836, 20.4208068848, 59.3507423401, 8.28606414795, 47.5687866211, 24.9797935486, 20.5191612244, 23.0655403137, 1.81283187866, 10.9921569824, 4.65114784241, 1.92764091492]
    dmean2: [0, 0, 0, 0, 0, 0, 0, 0, 0, 0, 0, 0, 0]
    dvar: [0, 0, 0, 0, 0, 0, 0, 0, 0, 0, 0, 0, 0]
    dvar2: [0, 0, 0, 0, 0, 0, 0, 0, 0, 0, 0, 0, 0]
    kurt: [-1.99999988079, -2, -2, -2, -2, -2, -2, -2, -2, -2, -1.99999988079, -2, -2]
    max: [-638.326416016, 210.343109131, -21.2223472595, -49.7507667542, -37.2366294861, 44.0942993164, 44.984046936, 22.1776161194, 3.8193321228, -8.16577529907, 1.57107162476, 3.27642059326, 2.79817771912]
    mean: [-804.776000977, 174.038696289, -31.4327507019, -79.4261398315, -41.3796615601, 20.3099060059, 32.4941482544, 11.9180355072, -7.71343803406, -9.0721912384, -3.92500686646, 0.950846672058, 1.83435726166]
    median: [-804.776000977, 174.038696289, -31.4327507019, -79.4261398315, -41.3796615601, 20.3099060059, 32.4941482544, 11.9180355072, -7.71343803406, -9.0721912384, -3.92500686646, 0.950846672058, 1.83435726166]
    min: [-971.225524902, 137.734283447, -41.6431541443, -109.101509094, -45.522693634, -3.47448730469, 20.0042533875, 1.65845489502, -19.2462081909, -9.97860717773, -9.42108535767, -1.37472724915, 0.870536804199]
    skew: [5.42115913049e-07, 0, 0, 1.86845028338e-07, 0, 0, 5.01214344695e-07, 0, 0, 0, 0, 0, 0]
    var: [27705.453125, 1318.01037598, 104.252342224, 880.627685547, 17.1647148132, 565.697387695, 155.997528076, 105.258995056, 133.00479126, 0.821589827538, 30.2068786621, 5.4082942009, 0.928949892521]

SpecContrastCoeff:
    dmean: [0.00160109996796, 0.0828288197517, 0.0162732005119, 0.15019339323, 0.0125911831856, 0.0150370001793]
    dmean2: [0, 0, 0, 0, 0, 0]
    dvar: [0, 0, 0, 0, 0, 0]
    dvar2: [0, 0, 0, 0, 0, 0]
    kurt: [-1.99999988079, -2, -1.99999988079, -2, -2, -2]
    max: [-0.975450277328, -0.844531297684, -0.749722898006, -0.557093203068, -0.875937581062, -0.923404812813]
    mean: [-0.976250827312, -0.885945677757, -0.75785946846, -0.632189869881, -0.882233142853, -0.930923342705]
    median: [-0.976250827312, -0.885945677757, -0.75785946846, -0.632189869881, -0.882233142853, -0.930923342705]
    min: [-0.977051377296, -0.927360117435, -0.765996098518, -0.707286596298, -0.888528764248, -0.938441812992]
    skew: [0, -2.09985637412e-06, -1.0974496945e-05, -1.20261245229e-06, -1.41810996865e-05, 1.19035512398e-05]
    var: [6.40880273295e-07, 0.00171515333932, 6.62042584736e-05, 0.00563951395452, 3.96344730689e-05, 5.65278460272e-05]

SpecPeakAmp:
    dmean: [0.112249784172, 0.0549125485122, 0.0276215821505, 0.0133697036654, 0.00739575037733]
    dmean2: [0, 0, 0, 0, 0]
    dvar: [0, 0, 0, 0, 0]
    dvar2: [0, 0, 0, 0, 0]
    kurt: [-2, -2, -1.99999988079, -2, -2]
    max: [0.112430542707, 0.0551150478423, 0.0278323609382, 0.0135955289006, 0.00764566473663]
    mean: [0.0563056506217, 0.0276587735862, 0.014021569863, 0.00691067706794, 0.00394778931513]
    median: [0.0563056506217, 0.0276587735862, 0.014021569863, 0.00691067706794, 0.00394778931513]
    min: [0.000180760180228, 0.000202498820727, 0.000210778438486, 0.000225825366215, 0.000249914184678]
    skew: [0, 0, 0, 0, 1.05388849647e-07]
    var: [0.00315000349656, 0.000753847009037, 0.000190737948287, 4.46872436441e-05, 1.3674281945e-05]
