
metadata:
    version:
        essentia: "2.1-beta3"

Flux:
    dmean: 6.9531988629e-06
    dmean2: 1.04441578515e-05
    dvar: 6.05389460784e-10
    dvar2: 1.30279820265e-09
    kurt: 13.9211559296
    max: 0.000133288340294
    mean: 8.86134512257e-06
    median: 2.2968306439e-06
    min: 1.312588779e-06
    skew: 3.85362935066
    var: 6.3650062998e-10

Rms:
    dmean: 1.85221551874e-06
    dmean2: 1.76214894054e-06
    dvar: 4.8255833357e-11
    dvar2: 3.60107325903e-11
    kurt: 19.6241378784
    max: 0.000108291387733
    mean: 0.000106244668132
    median: 0.000108143256512
    min: 6.29894493613e-05
    skew: -4.50935745239
    var: 6.37583319474e-11

RollOff:
    dmean: 1.00154435635
    dmean2: 1.025390625
    dvar: 20.5633563995
    dvar2: 21.0285148621
    kurt: 17.0510482788
    max: 1507.32421875
    mean: 1486.7689209
    median: 1485.79101562
    min: 1485.79101562
    skew: 4.36493968964
    var: 20.1182975769

SpecCent:
    dmean: 4.46205329895
    dmean2: 5.45029401779
    dvar: 59.4457778931
    dvar2: 27.2906551361
    kurt: 23.5179672241
    max: 1750.95874023
    mean: 1682.83288574
    median: 1680.30957031
    min: 1676.86889648
    skew: 4.73439455032
    var: 137.435058594

Zcr:
    dmean: 0.00186228193343
    dmean2: 0.00210425956175
    dvar: 4.59344846604e-05
    dvar2: 4.2671112169e-05
    kurt: 17.3015289307
    max: 0.0673828125
    mean: 0.0654407814145
    median: 0.06689453125
    min: 0.03076171875
    skew: -4.36754703522
    var: 5.0019029004e-05

HarmonicAmpFreq:
    dmean: [0]
    dmean2: [0]
    dvar: [0]
    dvar2: [0]
    kurt: [-2]
    max: [1477.85852051]
    mean: [1477.85913086]
    median: [1477.85852051]
    min: [1477.85852051]
    skew: [-1]
    var: [3.72529029846e-07]

HarmonicAmpMag:
    dmean: [0]
    dmean2: [0]
    dvar: [0]
    dvar2: [0]
    kurt: [nan]
    max: [0]
    mean: [0]
    median: [0]
    min: [0]
    skew: [nan]
    var: [0]

MfccCoeff:
    dmean: [0.098544806242, 0.0429133921862, 0.112545281649, 0.111734077334, 0.0430322699249, 0.136679708958, 0.0411565043032, 0.109036996961, 0.106632500887, 0.0415133088827, 0.128748521209, 0.037834521383, 0.101342134178]
    dmean2: [0.101699098945, 0.0442788265646, 0.116147361696, 0.115295410156, 0.0444361381233, 0.14104244113, 0.042466301471, 0.112538836896, 0.110028043389, 0.0429420471191, 0.132857918739, 0.0390625, 0.104622974992]
    dvar: [0.205384492874, 0.0389147214592, 0.268010079861, 0.263933062553, 0.0392642915249, 0.395136982203, 0.0356495939195, 0.251763403416, 0.24014185369, 0.0366473048925, 0.350615411997, 0.0299713555723, 0.217661872506]
    dvar2: [0.207809090614, 0.0393704399467, 0.271186321974, 0.267038702965, 0.0397376380861, 0.399805873632, 0.0360524505377, 0.254769176245, 0.242940455675, 0.0370985232294, 0.354759931564, 0.0302939321846, 0.220279186964]
    kurt: [23.1656551361, 23.090795517, 23.1974239349, 23.1119632721, 23.4522895813, 23.1635322571, 22.7191429138, 23.2854404449, 23.0223312378, 23.8310222626, 23.1634788513, 22.3049221039, 23.3832683563]
    max: [-1135.75024414, 1.1609916687, -6.103515625e-05, 8.01086425781e-05, 1.17176818848, 3.70308685303, 1.10542678833, -5.34057617188e-05, -4.57763671875e-05, 1.13763427734, 3.48817062378, 1.00747680664, -3.81469726562e-05]
    mean: [-1135.84838867, 1.11822128296, -2.93911075592, -2.9129152298, 1.12898218632, 3.56694316864, 1.06433451176, -2.85223579407, -2.77502918243, 1.09646916389, 3.35993289948, 0.969620645046, -2.65572953224]
    median: [-1135.75341797, 1.1596031189, -3.0477142334, -3.02071762085, 1.17052459717, 3.69882965088, 1.10397720337, -2.95749282837, -2.87786102295, 1.13641738892, 3.48416900635, 1.00598526001, -2.75358200073]
    min: [-1138.42004395, 1.14440917969e-05, -3.0511932373, -3.02424240112, -6.103515625e-05, 2.28881835938e-05, -2.67028808594e-05, -2.96075439453, -2.88133239746, -2.28881835938e-05, -2.67028808594e-05, -3.0517578125e-05, -2.75652313232]
    skew: [-4.88716840744, -4.8805346489, 4.88983774185, 4.88238477707, -4.91210174561, -4.88688135147, -4.84816646576, 4.89752054214, 4.87456560135, -4.94526386261, -4.88687419891, -4.81219053268, 4.90606737137]
    var: [0.203248545527, 0.03851165995, 0.265220344067, 0.261189430952, 0.0388547219336, 0.39102819562, 0.0352831371129, 0.249139651656, 0.237653031945, 0.0362640321255, 0.346968472004, 0.0296670906246, 0.215391159058]

SpecContrastCoeff:
    dmean: [0.0222508832812, 0.0210231430829, 0.0178846679628, 0.0148372761905, 0.0120656006038, 0.00613234890625]
    dmean2: [0.0333563946187, 0.0324944779277, 0.025956954807, 0.0203184727579, 0.0202152058482, 0.00922657735646]
    dvar: [0.00143796473276, 0.000326038803905, 0.000442297867266, 0.000788473291323, 0.000131099499413, 9.12987961783e-05]
    dvar2: [0.00190505897626, 0.000409054831835, 0.000697636511177, 0.000689590699039, 0.000215781314182, 9.54762217589e-05]
    kurt: [13.6898651123, 8.5147600174, 12.2970638275, 17.8309459686, 7.14175891876, 16.8180408478]
    max: [-0.642847299576, -0.832611262798, -0.823731839657, -0.631581664085, -0.858751177788, -0.854173004627]
    mean: [-0.681048452854, -0.864306509495, -0.848886489868, -0.651095569134, -0.888507843018, -0.870193064213]
    median: [-0.677481889725, -0.861664175987, -0.844742417336, -0.643899559975, -0.887183666229, -0.8687967062]
    min: [-0.847672104836, -0.974240541458, -0.960317611694, -0.812527000904, -0.944772005081, -0.930001914501]
    skew: [-3.72116851807, -2.56920957565, -3.24200320244, -4.25132131577, -2.07805013657, -3.86595153809]
    var: [0.00144403683953, 0.000597205595113, 0.000520641391631, 0.00094321987126, 0.000195202752366, 0.000127568710013]

SpecPeakAmp:
    dmean: [2.3112387737e-07, 7.21484028077e-08, 7.36474987661e-08, 6.7200069509e-08, 1.22229323551e-07]
    dmean2: [2.9270714208e-07, 1.05865680666e-07, 1.10706110945e-07, 8.8358852679e-08, 1.75796841972e-07]
    dvar: [5.06514318335e-13, 2.11740245834e-14, 1.35035398526e-14, 2.71461879261e-14, 1.13792954009e-13]
    dvar2: [5.20944236099e-13, 2.05572202734e-14, 1.49534434179e-14, 2.58890334843e-14, 1.29434264413e-13]
    kurt: [24.4351711273, 23.7215976715, 20.9350681305, 30.4066390991, 34.149066925]
    max: [1.69237100636e-05, 1.19846936286e-06, 1.0537662547e-06, 1.25498013404e-06, 2.3301067813e-06]
    mean: [1.66207228176e-05, 2.55665838722e-07, 3.39677029615e-07, 1.55971520144e-07, 2.40501151438e-07]
    median: [1.67760827026e-05, 2.31726176025e-07, 3.1492203334e-07, 1.23566351817e-07, 1.93552409655e-07]
    min: [1.23942763821e-05, 1.47133292216e-07, 1.39956398471e-07, 2.72972577875e-08, 5.71637137625e-08]
    skew: [-4.96272373199, 4.72237062454, 4.23593854904, 5.46768426895, 5.81924343109]
    var: [5.28066685431e-13, 2.62714824125e-14, 1.5962285069e-14, 3.16132889181e-14, 1.08025133977e-13]
