
metadata:
    version:
        essentia: "2.1-beta3"

Flux:
    dmean: 0.000176760280738
    dmean2: 0.00023304905335
    dvar: 3.3444212022e-07
    dvar2: 6.58295334688e-07
    kurt: 9.6268453598
    max: 0.00336902518757
    mean: 0.000231659345445
    median: 9.80058939604e-06
    min: 6.14915552433e-06
    skew: 3.29990983009
    var: 5.41900362805e-07

Rms:
    dmean: 7.0381531259e-05
    dmean2: 5.36303850822e-05
    dvar: 5.99305352011e-08
    dvar2: 2.66958988249e-08
    kurt: 20.6699371338
    max: 0.00242636702023
    mean: 0.00233826553449
    median: 0.00242327828892
    min: 0.000456870213384
    skew: -4.51605319977
    var: 1.1213806772e-07

RollOff:
    dmean: 6.36208295822
    dmean2: 6.00926589966
    dvar: 1255.71704102
    dvar2: 1063.77819824
    kurt: 38.8727836609
    max: 1744.18945312
    mean: 1492.48937988
    median: 1485.79101562
    min: 1485.79101562
    skew: 6.35279750824
    var: 1459.50073242

SpecCent:
    dmean: 5.40399169922
    dmean2: 6.97028875351
    dvar: 209.472076416
    dvar2: 168.184646606
    kurt: 37.6941146851
    max: 1588.91186523
    mean: 1479.66748047
    median: 1477.21923828
    min: 1474.01135254
    skew: 6.21261739731
    var: 278.906402588

Zcr:
    dmean: 0.00251908740029
    dmean2: 0.00212345574982
    dvar: 6.75368428347e-05
    dvar2: 4.57640053355e-05
    kurt: 17.8781471252
    max: 0.0673828125
    mean: 0.0641710087657
    median: 0.06689453125
    min: 0.001953125
    skew: -4.24132919312
    var: 0.000132576475153

HarmonicAmpFreq:
    dmean: [0.245475068688]
    dmean2: [0.25118380785]
    dvar: [2.59109473228]
    dvar2: [2.64991855621]
    kurt: [40.0132598877]
    max: [1479.77880859]
    mean: [1479.53820801]
    median: [1479.77880859]
    min: [1468.97790527]
    skew: [-6.48139858246]
    var: [2.53482437134]

HarmonicAmpMag:
    dmean: [9.03669672425e-08]
    dmean2: [9.24685252812e-08]
    dvar: [3.51146168349e-13]
    dvar2: [3.59118008768e-13]
    kurt: [40.0227241516]
    max: [3.97614667236e-06]
    mean: [8.83588171519e-08]
    median: [0]
    min: [0]
    skew: [6.48249387741]
    var: [3.43520351054e-13]

MfccCoeff:
    dmean: [1.32875478268, 0.666113436222, 1.30554485321, 1.43326556683, 0.250684559345, 1.23327338696, 0.49532559514, 0.651353657246, 0.637063086033, 0.238714084029, 0.757420122623, 0.228843688965, 0.591794013977]
    dmean2: [1.74265027046, 0.892843544483, 1.66522932053, 1.86274433136, 0.231229558587, 1.48121488094, 0.634473204613, 0.672651410103, 0.655103802681, 0.224251896143, 0.663090348244, 0.159043252468, 0.481025069952]
    dvar: [35.0872955322, 8.72429275513, 34.5683517456, 41.0596618652, 1.37548744678, 32.9169769287, 4.95518064499, 11.5855417252, 11.1553192139, 1.29793250561, 11.3111562729, 0.777208149433, 6.09999990463]
    dvar2: [68.8102264404, 18.0022659302, 63.2599258423, 78.7651824951, 1.06719923019, 51.3329277039, 9.16792678833, 12.1155948639, 11.5473089218, 1.06085717678, 7.5376458168, 0.376053392887, 3.3237850666]
    kurt: [18.1164646149, 18.0125961304, 20.4327468872, 18.6655921936, 32.8919448853, 27.4248485565, 19.9544181824, 33.8646087646, 33.8563117981, 33.2365188599, 31.724407196, 25.0496749878, 29.7058067322]
    max: [-1102.11547852, 17.7402153015, -6.103515625e-05, 8.01086425781e-05, 8.57704162598, 36.9412231445, 13.8883857727, -5.34057617188e-05, -4.57763671875e-05, 8.17187690735, 25.9038047791, 7.8162612915, -3.81469726562e-05]
    mean: [-1118.79492188, 8.60703372955, -22.2871952057, -22.2513618469, 8.30761814117, 26.9223194122, 8.27738571167, -21.2335090637, -20.9359283447, 7.91915559769, 25.0558891296, 7.52058982849, -19.5480308533]
    median: [-1118.59448242, 8.65256881714, -22.6190834045, -22.5165519714, 8.57684326172, 27.498916626, 8.39557266235, -21.8522186279, -21.5490036011, 8.17164802551, 25.9033470154, 7.81607818604, -20.2455711365]
    min: [-1138.42004395, 1.14440917969e-05, -36.7912254333, -39.5625991821, -6.103515625e-05, 2.28881835938e-05, -2.67028808594e-05, -22.1272506714, -21.6992416382, -2.28881835938e-05, -2.67028808594e-05, -3.0517578125e-05, -20.2460136414]
    skew: [-1.12835836411, 0.352592259645, 2.69753980637, 1.68328332901, -5.74011039734, -4.75381755829, -2.47957825661, 5.85561037064, 5.85507202148, -5.77887582779, -5.61225557327, -4.95219802856, 5.40244293213]
    var: [15.4433507919, 3.63309979439, 16.6521530151, 18.575717926, 1.72151076794, 19.827703476, 2.35178136826, 11.096988678, 10.7895183563, 1.55674052238, 15.9243326187, 1.61387193203, 9.99956130981]

SpecContrastCoeff:
    dmean: [0.0378592833877, 0.0180067475885, 0.0153235532343, 0.0189438927919, 0.00578579166904, 0.00817008595914]
    dmean2: [0.0636186376214, 0.0276639908552, 0.0254329890013, 0.022728510201, 0.0098031014204, 0.0145825240761]
    dvar: [0.000987155246548, 0.000230633173487, 0.000128526502522, 0.00214375020005, 2.39888740907e-05, 4.49760736956e-05]
    dvar2: [0.00199415232055, 0.000648317625746, 0.000351273891283, 0.00213088700548, 7.1677575761e-05, 0.000151600164827]
    kurt: [8.13810062408, 0.698237657547, -0.202824115753, 17.8888931274, 1.62387800217, 5.21257400513]
    max: [-0.717099666595, -0.892949819565, -0.908622562885, -0.481952160597, -0.909811556339, -0.910799264908]
    mean: [-0.775115132332, -0.937398850918, -0.943647921085, -0.514298021793, -0.925896942616, -0.92399674654]
    median: [-0.771874964237, -0.939159750938, -0.948185682297, -0.497030436993, -0.926314175129, -0.924410939217]
    min: [-0.981526196003, -0.986253201962, -0.964425683022, -0.892402350903, -0.939602017403, -0.955027461052]
    skew: [-2.53489685059, 0.0677209869027, 0.808101534843, -4.26625061035, 0.547006964684, -1.18307566643]
    var: [0.0022999686189, 0.000300743820844, 0.000177718393388, 0.0050023351796, 2.81906559394e-05, 5.39904140169e-05]

SpecPeakAmp:
    dmean: [2.53805933426e-06, 1.60594379395e-06, 1.51633139467e-06, 1.52927304953e-06, 1.71204339949e-06]
    dmean2: [3.84033410228e-06, 2.47694720201e-06, 2.39450946538e-06, 2.36447681345e-06, 2.64662435256e-06]
    dvar: [3.63115856827e-11, 3.17024254071e-11, 2.9243184263e-11, 3.48361686719e-11, 3.98277209823e-11]
    dvar2: [7.50267001304e-11, 8.09296726856e-11, 7.60609422668e-11, 8.87309739572e-11, 1.0196189032e-10]
    kurt: [18.4620800018, 39.5551948547, 38.6131591797, 39.8661117554, 39.7742004395]
    max: [3.80383935408e-05, 2.87462444248e-05, 2.87356306217e-05, 2.95556619676e-05, 3.13480923069e-05]
    mean: [1.68288588611e-05, 1.77767890364e-06, 1.53909707024e-06, 1.45576177601e-06, 1.49179265918e-06]
    median: [1.69612867467e-05, 1.16595765576e-06, 8.96312201348e-07, 8.58373425672e-07, 8.84792029865e-07]
    min: [9.01977443846e-07, 5.58961517072e-07, 3.78236535425e-07, 3.76587081519e-07, 3.15018780839e-07]
    skew: [1.77209424973, 6.42707300186, 6.32345676422, 6.46390199661, 6.45301008224]
    var: [1.6630901517e-11, 1.66203353164e-11, 1.7093345836e-11, 1.79783653242e-11, 2.03179296304e-11]
