
metadata:
    version:
        essentia: "2.1-beta3"

Flux:
    dmean: 0.00397131638601
    dmean2: 0.00524858664721
    dvar: 0.000167637117556
    dvar2: 0.000329613918439
    kurt: 9.59856414795
    max: 0.0753533169627
    mean: 0.00507090240717
    median: 9.30158275878e-05
    min: 2.51731653407e-05
    skew: 3.29635310173
    var: 0.000272630975815

Rms:
    dmean: 0.00157783192117
    dmean2: 0.00120056432206
    dvar: 3.00981810142e-05
    dvar2: 1.33795965667e-05
    kurt: 20.6797637939
    max: 0.054309591651
    mean: 0.0523368790746
    median: 0.0542440265417
    min: 0.0101598668844
    skew: -4.51677083969
    var: 5.63372595934e-05

RollOff:
    dmean: 5.87269163132
    dmean2: 5.5084939003
    dvar: 1040.40332031
    dvar2: 864.664428711
    kurt: 38.6589317322
    max: 1722.65625
    mean: 1492.01074219
    median: 1485.79101562
    min: 1485.79101562
    skew: 6.32928323746
    var: 1228.69177246

SpecCent:
    dmean: 3.53801107407
    dmean2: 5.09448242188
    dvar: 9.29106616974
    dvar2: 8.5393371582
    kurt: 21.8906154633
    max: 1504.49072266
    mean: 1477.25561523
    median: 1476.63671875
    min: 1473.56445312
    skew: 4.24412488937
    var: 22.2352485657

Zcr:
    dmean: 0.00251908740029
    dmean2: 0.00212345574982
    dvar: 6.75368428347e-05
    dvar2: 4.57640053355e-05
    kurt: 17.8781471252
    max: 0.0673828125
    mean: 0.0641710087657
    median: 0.06689453125
    min: 0.001953125
    skew: -4.24132919312
    var: 0.000132576475153

HarmonicAmpFreq:
    dmean: [0.268421530724]
    dmean2: [0.274663895369]
    dvar: [3.09815526009]
    dvar2: [3.16849040985]
    kurt: [40.013710022]
    max: [1479.77868652]
    mean: [1479.515625]
    median: [1479.77868652]
    min: [1467.96813965]
    skew: [-6.48145008087]
    var: [3.03087282181]

HarmonicAmpMag:
    dmean: [1.99511873689e-06]
    dmean2: [2.04151706384e-06]
    dvar: [1.71161473883e-10]
    dvar2: [1.75047240591e-10]
    kurt: [40.0227279663]
    max: [8.77852289705e-05]
    mean: [1.95078291654e-06]
    median: [0]
    min: [0]
    skew: [6.48249340057]
    var: [1.67444350052e-10]

MfccCoeff:
    dmean: [12.6646757126, 5.44487428665, 2.63365530968, 1.61761403084, 0.877702891827, 1.31973791122, 1.22566914558, 1.41774713993, 1.63073849678, 1.40633201599, 1.4374370575, 1.42845535278, 1.831985116]
    dmean2: [18.8334941864, 8.09796142578, 3.34735417366, 1.83080685139, 1.0498970747, 1.11591601372, 1.99145114422, 1.66934049129, 2.22697281837, 1.92775177956, 1.79474246502, 2.30946946144, 2.43852949142]
    dvar: [3023.88061523, 520.43359375, 109.748931885, 20.2209568024, 1.59900963306, 18.1893291473, 1.8470813036, 11.734249115, 13.0434207916, 1.64717686176, 26.2916622162, 2.67067599297, 16.2374248505]
    dvar2: [7591.17431641, 1303.82507324, 220.412155151, 15.330119133, 0.51893979311, 7.49296474457, 3.03445649147, 9.5732383728, 15.8997831345, 1.04959022999, 33.1038398743, 4.68436956406, 15.9818925858]
    kurt: [38.5288772583, 38.3628234863, 14.1480674744, 24.1327571869, 24.3548088074, 26.0268058777, 14.247220993, 21.4050235748, 19.4669914246, 17.6879615784, 16.7838916779, 11.4293937683, 15.7002258301]
    max: [-849.065002441, 120.951156616, -12.5663757324, -12.9178581238, 19.7408905029, 63.008392334, 18.9429512024, -8.89518737793, -9.58627319336, 16.196313858, 51.5293998718, 16.021074295, -4.13445281982]
    mean: [-1094.19763184, 19.2464389801, -44.5785636902, -43.7085113525, 16.1552391052, 52.3971939087, 16.1617050171, -40.6368179321, -40.2001533508, 14.6587467194, 47.1615066528, 14.4495172501, -36.0322799683]
    median: [-1099.68457031, 16.9761161804, -44.0758323669, -43.938331604, 16.4105224609, 53.2346496582, 16.5228157043, -41.7317962646, -41.3907394409, 15.0948734283, 48.9798698425, 14.9980926514, -37.5651664734]
    min: [-1126.9005127, 5.25080490112, -75.5100708008, -60.4067764282, 3.66395568848, 13.9742889404, 5.22472000122, -45.4282836914, -44.8910598755, 1.64691162109, 8.39226150513, 3.40596008301, -38.2714347839]
    skew: [6.29768419266, 6.27738523483, -0.137055322528, 3.59420251846, -4.60309743881, -4.8421792984, -3.6573908329, 4.68838214874, 4.48358106613, -4.01209211349, -4.19964551926, -3.38165426254, 4.04497289658]
    var: [1390.25219727, 239.802490234, 51.6742095947, 28.2976074219, 4.50041484833, 41.3401107788, 4.94742488861, 32.3902664185, 32.2135047913, 5.77434873581, 56.9031906128, 5.83263158798, 39.2057685852]

SpecContrastCoeff:
    dmean: [0.0459780246019, 0.0166891589761, 0.0154273072258, 0.0256415139884, 0.0151813337579, 0.0127594284713]
    dmean2: [0.0780328735709, 0.0295507293195, 0.024528298527, 0.0281884372234, 0.0269349291921, 0.0233670175076]
    dvar: [0.00107039976865, 0.000172892861883, 7.65243603382e-05, 0.00353621761315, 0.000103687212686, 0.000115287206427]
    dvar2: [0.00333199533634, 0.000337834469974, 0.000179040187504, 0.0029029706493, 0.000189714133739, 0.000259834196186]
    kurt: [0.791520118713, 0.643661260605, 2.10396957397, 20.3235530853, 1.40272283554, -0.00768899917603]
    max: [-0.84914368391, -0.933694183826, -0.893774330616, -0.307624906301, -0.88493347168, -0.920771658421]
    mean: [-0.940838217735, -0.977364182472, -0.944923400879, -0.356727689505, -0.929511785507, -0.949515640736]
    median: [-0.948108434677, -0.984246075153, -0.948746144772, -0.336640655994, -0.935351073742, -0.955577731133]
    min: [-0.996223092079, -0.989785194397, -0.959632754326, -0.858022153378, -0.94205302, -0.958984971046]
    skew: [1.20162820816, 1.30590522289, 1.47431373596, -4.48765611649, 1.32792329788, 1.15575408936]
    var: [0.00124692299869, 0.000210748403333, 0.000235868952586, 0.00806160736829, 0.000193262574612, 0.000122297540656]

SpecPeakAmp:
    dmean: [4.21418299084e-05, 3.94230446545e-05, 3.80401143047e-05, 4.01186807721e-05, 4.05597565987e-05]
    dmean2: [6.81067322148e-05, 6.09703056398e-05, 5.95891142439e-05, 6.18819467491e-05, 6.25243555987e-05]
    dvar: [2.09167652088e-08, 2.14202202642e-08, 1.97374436794e-08, 2.26862422181e-08, 2.35595347675e-08]
    dvar2: [5.26376311427e-08, 5.48224221575e-08, 5.12790556684e-08, 5.80055612431e-08, 6.01089098495e-08]
    kurt: [39.5475769043, 39.793800354, 38.8822402954, 39.8342857361, 39.8589248657]
    max: [0.000729807885364, 0.000729802588467, 0.000732392538339, 0.000747838930693, 0.000757505418733]
    mean: [3.66564418073e-05, 2.74725516647e-05, 2.90927710012e-05, 2.81519151031e-05, 2.8432075851e-05]
    median: [1.91713988897e-05, 1.24501575556e-05, 1.26591230583e-05, 1.2789288121e-05, 1.293304922e-05]
    min: [9.5216655609e-06, 2.01374677999e-06, 2.4911116725e-06, 2.97624251289e-06, 3.11183521262e-06]
    skew: [6.42628908157, 6.45535564423, 6.35433197021, 6.4601392746, 6.46306180954]
    var: [1.09804156878e-08, 1.12406191022e-08, 1.13939977453e-08, 1.17974865432e-08, 1.21037384559e-08]
