
metadata:
    version:
        essentia: "2.1-beta3"

Flux:
    dmean: 4.93786365041e-06
    dmean2: 7.26640791981e-06
    dvar: 3.22525617324e-10
    dvar2: 6.96819379975e-10
    kurt: 14.1692638397
    max: 9.57975134952e-05
    mean: 5.92677815803e-06
    median: 1.19601941151e-06
    min: 6.65379445763e-07
    skew: 3.8824441433
    var: 3.29440308366e-10

Rms:
    dmean: 1.32977754674e-06
    dmean2: 1.24248424527e-06
    dvar: 2.47154571115e-11
    dvar2: 1.82642616309e-11
    kurt: 19.703912735
    max: 7.73659994593e-05
    mean: 7.59017493692e-05
    median: 7.72829371272e-05
    min: 4.46867925348e-05
    skew: -4.51160621643
    var: 3.30306372531e-11

RollOff:
    dmean: 1.00154435635
    dmean2: 1.025390625
    dvar: 20.5633563995
    dvar2: 21.0285148621
    kurt: 17.0477027893
    max: 710.595703125
    mean: 690.041259766
    median: 689.0625
    min: 689.0625
    skew: 4.36437177658
    var: 20.118303299

SpecCent:
    dmean: 2.33429956436
    dmean2: 2.38026785851
    dvar: 22.8534145355
    dvar2: 10.8575553894
    kurt: 26.0239944458
    max: 987.92565918
    mean: 943.372497559
    median: 941.722595215
    min: 938.968261719
    skew: 5.07432794571
    var: 56.4080047607

Zcr:
    dmean: 0.000828942575026
    dmean2: 0.000871930795256
    dvar: 9.73118949332e-06
    dvar2: 9.2817008408e-06
    kurt: 17.4161739349
    max: 0.03125
    mean: 0.0300514921546
    median: 0.03076171875
    min: 0.01416015625
    skew: -4.37784147263
    var: 1.03653010228e-05

HarmonicAmpFreq:
    dmean: [0.00658044172451]
    dmean2: [0.0067371185869]
    dvar: [0.00181869277731]
    dvar2: [0.00186093954835]
    kurt: [39.1819343567]
    max: [678.680908203]
    mean: [678.674743652]
    median: [678.680908203]
    min: [678.397949219]
    skew: [-6.42350292206]
    var: [0.00177839165553]

HarmonicAmpMag:
    dmean: [1.43306021982e-06]
    dmean2: [1.46718070937e-06]
    dvar: [8.62537888335e-11]
    dvar2: [8.82573875094e-11]
    kurt: [39.0232582092]
    max: [6.16215911577e-05]
    mean: [1.40049075981e-06]
    median: [0]
    min: [0]
    skew: [6.40493965149]
    var: [8.43390912664e-11]

MfccCoeff:
    dmean: [0.0633175894618, 0.0657625421882, 0.00702614011243, 0.0554419234395, 0.0884516537189, 0.0744596943259, 0.0209063161165, 0.0437579490244, 0.0851719006896, 0.081328459084, 0.0342708863318, 0.0309962779284, 0.079793356359]
    dmean2: [0.0646420419216, 0.0671415776014, 0.00717526394874, 0.0566035695374, 0.0903026014566, 0.0760192871094, 0.0213437769562, 0.0446739196777, 0.0869529396296, 0.0830305218697, 0.0349882207811, 0.0316450931132, 0.0814634039998]
    dvar: [0.087891407311, 0.094787068665, 0.00108202476986, 0.0673747360706, 0.171479120851, 0.121524363756, 0.00957915373147, 0.0419673658907, 0.158994436264, 0.14496974647, 0.0257421918213, 0.0210577491671, 0.139549940825]
    dvar2: [0.0888127461076, 0.0957792624831, 0.00109331693966, 0.0680813118815, 0.17327798903, 0.122799351811, 0.00967924576253, 0.0424077026546, 0.160661369562, 0.146489515901, 0.0260120723397, 0.0212784018368, 0.141012981534]
    kurt: [24.2075843811, 24.210100174, 24.2113304138, 24.2097434998, 24.2097644806, 24.209936142, 24.2101783752, 24.2098331451, 24.2097949982, 24.2098369598, 24.2097930908, 24.2097892761, 24.2097606659]
    max: [-1136.64941406, 1.83878707886, 0.196411132812, 8.01086425781e-05, -6.103515625e-05, 2.28881835938e-05, -2.67028808594e-05, 1.22345733643, 2.3814125061, 2.27397918701, 0.958209991455, -3.0517578125e-05, -3.81469726562e-05]
    mean: [-1136.71264648, 1.77319443226, 0.189390704036, -1.49484491348, -2.3850107193, -2.0077085495, -0.563724517822, 1.17980587482, 2.29645085335, 2.19285225868, 0.92402613163, -0.835787713528, -2.15152716637]
    median: [-1136.65100098, 1.83718490601, 0.196228027344, -1.54880905151, -2.47109222412, -2.08016967773, -0.584072113037, 1.22238922119, 2.37933731079, 2.27199935913, 0.957378387451, -0.865951538086, -2.22917938232]
    min: [-1138.42004395, 1.14440917969e-05, -6.103515625e-05, -1.55015182495, -2.47323608398, -2.08197784424, -0.584575653076, -5.34057617188e-05, -4.57763671875e-05, -2.28881835938e-05, -2.67028808594e-05, -0.866706848145, -2.23111724854]
    skew: [-4.9781999588, -4.97851514816, -4.9786272049, 4.97848320007, 4.97848320007, 4.97849988937, 4.97852134705, -4.97849082947, -4.97848749161, -4.97848987579, -4.97848701477, 4.97848796844, 4.97848415375]
    var: [0.0870487913489, 0.0938810110092, 0.00107165251393, 0.0667288303375, 0.1698371768, 0.120360404253, 0.00948772858828, 0.0415656007826, 0.157472863793, 0.143582463264, 0.0254957396537, 0.0208561625332, 0.138214200735]

SpecContrastCoeff:
    dmean: [0.0319254212081, 0.024415332824, 0.0188873447478, 0.00808958429843, 0.00637547345832, 0.00547816464677]
    dmean2: [0.0528755523264, 0.0422044433653, 0.0294037908316, 0.0114228967577, 0.00907225813717, 0.00762864947319]
    dvar: [0.00194142945111, 0.000911869981792, 0.00135413638782, 0.00016885252262, 0.000123997175251, 0.000120077747852]
    dvar2: [0.00227776868269, 0.00141067267396, 0.0013360560406, 0.0001774286211, 0.000139632436913, 0.000128984174808]
    kurt: [17.0569877625, 14.3419589996, 16.7311096191, 10.9078550339, 13.3520736694, 21.3748035431]
    max: [-0.644554615021, -0.688441812992, -0.57819890976, -0.871712803841, -0.882326185703, -0.853888750076]
    mean: [-0.702969431877, -0.71965610981, -0.60405009985, -0.887349367142, -0.892339527607, -0.866901636124]
    median: [-0.695937514305, -0.714364409447, -0.595373690128, -0.885315239429, -0.890066802502, -0.865525662899]
    min: [-0.961363196373, -0.878141582012, -0.799595713615, -0.946980059147, -0.951916337013, -0.940308570862]
    skew: [-3.94865489006, -3.51918983459, -4.1965842247, -3.15205550194, -3.45852136612, -4.23464870453]
    var: [0.00237287743948, 0.000965842569713, 0.00152020715177, 0.000178306785529, 0.00014307013771, 0.000165752513567]

SpecPeakAmp:
    dmean: [5.52871711079e-07, 1.48742583406e-06, 5.76635237337e-08, 6.50119957868e-08, 5.29876800215e-08]
    dmean2: [1.00030740668e-06, 1.56073599555e-06, 8.1523431561e-08, 9.4505473669e-08, 7.52090869582e-08]
    dvar: [2.95943608161e-13, 8.55776838282e-11, 2.58510864082e-14, 3.50965289545e-14, 1.32921915797e-14]
    dvar2: [4.45311105698e-13, 8.71256469748e-11, 2.55323191111e-14, 3.60768340657e-14, 1.28322332076e-14]
    kurt: [10.8960599899, 39.015827179, 30.9305000305, 31.3601646423, 23.9848098755]
    max: [8.785911632e-06, 6.16215911577e-05, 1.13159308057e-06, 1.30814294153e-06, 8.13951544387e-07]
    mean: [8.27096209832e-06, 1.50265941556e-06, 1.09462824582e-07, 1.23543500763e-07, 1.17022388224e-07]
    median: [8.38207870402e-06, 8.39597902313e-08, 7.89649376998e-08, 8.69821548122e-08, 9.06287311864e-08]
    min: [5.65046684642e-06, 3.1264580258e-08, 2.92640756072e-08, 4.59939890618e-08, 5.19522203035e-08]
    skew: [-3.17324924469, 6.40405368805, 5.55120229721, 5.60268592834, 4.86101579666]
    var: [3.50751112183e-13, 8.40605987595e-11, 2.71442329741e-14, 3.62204806892e-14, 1.44208765345e-14]
