
metadata:
    version:
        essentia: "2.1-beta3"

Flux:
    dmean: 0.0356405600905
    dmean2: 0.047301325947
    dvar: 0.0135900257155
    dvar2: 0.0261428970844
    kurt: 9.39909362793
    max: 0.693424463272
    mean: 0.0466491058469
    median: 0.000803809962235
    min: 7.74806612753e-05
    skew: 3.26734018326
    var: 0.0229767113924

Rms:
    dmean: 0.0145045462996
    dmean2: 0.0110522769392
    dvar: 0.00255821552128
    dvar2: 0.00114111520816
    kurt: 20.9239749908
    max: 0.500377297401
    mean: 0.482267379761
    median: 0.499766737223
    min: 0.0924066752195
    skew: -4.54022121429
    var: 0.00477986643091

RollOff:
    dmean: 6.36208295822
    dmean2: 6.00926589966
    dvar: 1255.71704102
    dvar2: 1063.77819824
    kurt: 38.8727836609
    max: 1744.18945312
    mean: 1492.48937988
    median: 1485.79101562
    min: 1485.79101562
    skew: 6.35279750824
    var: 1459.50073242

SpecCent:
    dmean: 3.24411559105
    dmean2: 5.01455211639
    dvar: 3.8653550148
    dvar2: 8.88081359863
    kurt: 1.24101209641
    max: 1480.5958252
    mean: 1476.34667969
    median: 1476.62121582
    min: 1467.72143555
    skew: -0.729131221771
    var: 6.10212278366

Zcr:
    dmean: 0.00251908740029
    dmean2: 0.00213481113315
    dvar: 6.75801929901e-05
    dvar2: 4.58542745037e-05
    kurt: 17.8781471252
    max: 0.0673828125
    mean: 0.0641710087657
    median: 0.06689453125
    min: 0.001953125
    skew: -4.24132919312
    var: 0.000132576475153

HarmonicAmpFreq:
    dmean: [47.0882415771]
    dmean2: [96.0003051758]
    dvar: [5767.75244141]
    dvar2: [15287.5361328]
    kurt: [2.64944267273]
    max: [1480.24731445]
    mean: [1457.01574707]
    median: [1480.24035645]
    min: [1306.24462891]
    skew: [-2.15474843979]
    var: [3374.53808594]

HarmonicAmpMag:
    dmean: [0.406225204468]
    dmean2: [0.831201672554]
    dvar: [0.114135734737]
    dvar2: [0.144100889564]
    kurt: [-1.9980224371]
    max: [0.687493681908]
    mean: [0.351442217827]
    median: [0.687407255173]
    min: [0]
    skew: [-0.0444559380412]
    var: [0.118032410741]

MfccCoeff:
    dmean: [29.0485916138, 34.2345314026, 25.4042606354, 7.34353590012, 3.86912631989, 4.46205711365, 2.60129904747, 2.21569085121, 2.55070710182, 1.35043799877, 1.93435680866, 0.960947036743, 1.61550033092]
    dmean2: [44.5114974976, 56.5696525574, 43.1668319702, 13.136048317, 7.20675945282, 6.83930587769, 4.62122774124, 3.23132610321, 4.06561899185, 2.21571516991, 2.98212528229, 1.55960333347, 1.77380764484]
    dvar: [6359.37988281, 340.917694092, 169.423248291, 63.009677887, 11.2119760513, 40.9212341309, 4.56590127945, 26.7810916901, 17.7715778351, 2.96815896034, 27.5364093781, 1.9374756813, 18.4462146759]
    dvar2: [14695.0859375, 914.890808105, 398.46383667, 112.549568176, 30.9056167603, 66.94115448, 6.08097791672, 40.96692276, 26.8617248535, 4.5721487999, 38.2861442566, 3.71007561684, 17.2512226105]
    kurt: [25.6005935669, 0.0356967449188, -0.710186243057, 5.60832214355, 2.97370576859, 13.0580368042, 5.32393550873, 12.8617420197, 14.6059436798, 7.07689094543, 12.3157262802, 11.0881643295, 16.804058075]
    max: [-625.802368164, 149.134124756, -48.0716209412, -37.9007720947, 27.0849494934, 83.1035842896, 20.2435493469, -12.2817687988, -10.9512023926, 19.4267749786, 51.0461235046, 15.2194595337, -0.546745300293]
    mean: [-978.473083496, 79.0517654419, -90.5439834595, -72.4725418091, 23.6935958862, 63.6449661255, 17.2306461334, -44.2206993103, -40.7920646667, 15.5917425156, 47.2563819885, 13.8622150421, -35.2864456177]
    median: [-986.065002441, 85.7934951782, -87.3736419678, -75.0875320435, 25.0964241028, 64.2693939209, 18.579044342, -45.548034668, -42.0738143921, 15.9414539337, 48.9360466003, 14.2436447144, -36.9974327087]
    min: [-1011.09094238, 37.2830924988, -121.128646851, -91.3214797974, 9.93601989746, 23.2121734619, 6.04391860962, -55.6127700806, -46.2333450317, 7.47215461731, 15.1950263977, 5.58350944519, -37.6568260193]
    skew: [5.05017948151, -0.0379740297794, -0.198209762573, 2.01777553558, -1.7348947525, -3.02602505684, -2.1768283844, 3.48781299591, 3.83773565292, -2.45741963387, -3.68925118446, -3.3748497963, 4.14490032196]
    var: [3544.53222656, 584.568786621, 320.945343018, 85.7877960205, 13.885058403, 66.3888244629, 8.5383310318, 44.0502967834, 35.3332252502, 4.28087854385, 50.8991088867, 3.15980529785, 43.5457077026]

SpecContrastCoeff:
    dmean: [0.0214396752417, 0.0187688842416, 0.0185419842601, 0.0282708350569, 0.0195059999824, 0.014427841641]
    dmean2: [0.04009122774, 0.0340140499175, 0.0306992530823, 0.0279616639018, 0.0351235195994, 0.0273225884885]
    dvar: [0.000439982133685, 0.000221456444706, 0.000111481262138, 0.00605701096356, 0.000256906292634, 0.000286680267891]
    dvar2: [0.00105244736187, 0.000499463407323, 0.000277963787084, 0.00355947599746, 0.000527295167558, 0.000686289684381]
    kurt: [1.71311092377, -0.21941947937, 1.03297376633, 23.5084476471, 6.27982711792, 3.92237472534]
    max: [-0.921708405018, -0.939776718616, -0.878492951393, -0.140079125762, -0.831884741783, -0.88918107748]
    mean: [-0.977773964405, -0.97404807806, -0.931392908096, -0.189617663622, -0.914072692394, -0.944199442863]
    median: [-0.987090170383, -0.979885578156, -0.935402214527, -0.165033861995, -0.921525537968, -0.951746344566]
    min: [-0.994718909264, -0.987299561501, -0.949141323566, -0.823459565639, -0.928929150105, -0.952557206154]
    skew: [1.68182706833, 1.08103311062, 1.20891714096, -4.78247785568, 2.17164158821, 2.14213299751]
    var: [0.000344787054928, 0.000225453841267, 0.000307450827677, 0.0118148913607, 0.000345751992427, 0.000212358208955]

SpecPeakAmp:
    dmean: [0.000394753355067, 0.000420745258452, 0.0941771715879, 0.250350028276, 0.250025302172]
    dmean2: [0.000605096051004, 0.000672747555654, 0.192560046911, 0.512117803097, 0.511076450348]
    dvar: [2.10689904634e-06, 2.09172253562e-06, 0.0555570460856, 0.109102480114, 0.108986139297]
    dvar2: [5.38449694432e-06, 5.46218007003e-06, 0.160922572017, 0.265074670315, 0.287008672953]
    kurt: [39.6251754761, 39.1656036377, 10.0704755783, -0.585597753525, 0.249925136566]
    max: [0.00719185033813, 0.00719994306564, 0.687476158142, 0.687493681908, 0.687466681004]
    mean: [0.000272680394119, 0.000300980580505, 0.0461992695928, 0.168397560716, 0.13788177073]
    median: [0.000118847216072, 0.000123700170661, 0.000149390150909, 0.000450754974736, 0.000469324499136]
    min: [1.61174302775e-05, 2.54809256148e-05, 4.77093744848e-05, 5.82419779676e-05, 6.06986068306e-05]
    skew: [6.43615055084, 6.38267374039, 3.47417473793, 1.1892580986, 1.49994421005]
    var: [1.09313441499e-06, 1.09266954951e-06, 0.0293749626726, 0.0871667042375, 0.0755026862025]
