
metadata:
    version:
        essentia: "2.1-beta3"

Flux:
    dmean: 0.0189165771008
    dmean2: 0
    dvar: 0
    dvar2: 0
    kurt: -2
    max: 0.417495876551
    mean: 0.408037602901
    median: 0.408037602901
    min: 0.39857929945
    skew: -4.73621730634e-06
    var: 8.94592230907e-05

Rms:
    dmean: 0
    dmean2: 0
    dvar: 0
    dvar2: 0
    kurt: 0
    max: 0.143489390612
    mean: 0.143489390612
    median: 0.143489390612
    min: 0.143489390612
    skew: 0
    var: 0

RollOff:
    dmean: 559.86328125
    dmean2: 0
    dvar: 0
    dvar2: 0
    kurt: -2
    max: 2648.58398438
    mean: 2368.65234375
    median: 2368.65234375
    min: 2088.72070312
    skew: 0
    var: 78361.7265625

SpecCent:
    dmean: 58.0891113281
    dmean2: 0
    dvar: 0
    dvar2: 0
    kurt: -2
    max: 1944.8157959
    mean: 1915.77124023
    median: 1915.77124023
    min: 1886.72668457
    skew: 0
    var: 843.586242676

Zcr:
    dmean: 0
    dmean2: 0
    dvar: 0
    dvar2: 0
    kurt: 0
    max: 0.025390625
    mean: 0.025390625
    median: 0.025390625
    min: 0.025390625
    skew: 0
    var: 0

HarmonicAmpFreq:
    dmean: [132.104492188]
    dmean2: [0]
    dvar: [0]
    dvar2: [0]
    kurt: [-2]
    max: [1891.79052734]
    mean: [1825.73828125]
    median: [1825.73828125]
    min: [1759.68603516]
    skew: [0]
    var: [4362.89941406]

HarmonicAmpMag:
    dmean: [0.0899059250951]
    dmean2: [0]
    dvar: [0]
    dvar2: [0]
    kurt: [-2]
    max: [0.0899059250951]
    mean: [0.0449529625475]
    median: [0.0449529625475]
    min: [0]
    skew: [0]
    var: [0.00202076882124]

MfccCoeff:
    dmean: [403.413330078, 41.276386261, 48.0264511108, 21.8997497559, 51.1536102295, 39.7888641357, 22.448638916, 32.298538208, 3.71228790283, 20.047700882, 6.90824317932, 6.19636535645, 7.07103157043]
    dmean2: [0, 0, 0, 0, 0, 0, 0, 0, 0, 0, 0, 0, 0]
    dvar: [0, 0, 0, 0, 0, 0, 0, 0, 0, 0, 0, 0, 0]
    dvar2: [0, 0, 0, 0, 0, 0, 0, 0, 0, 0, 0, 0, 0]
    kurt: [-1.99999988079, -2, -2, -2, -2, -2, -1.99999988079, -2, -2, -2, -2, -1.99999988079, -2]
    max: [-572.623596191, 79.8754272461, -97.3941726685, -8.45685958862, 89.1301116943, 27.1609401703, -20.6780471802, 17.9472446442, 11.8714942932, 7.45395851135, 3.60520553589, 5.01277923584, -0.410684585571]
    mean: [-774.33026123, 59.2372360229, -121.407394409, -19.4067344666, 63.5533065796, 7.26650905609, -31.9023666382, 1.79797458649, 10.0153503418, -2.56989192963, 0.151083946228, 1.91459655762, -3.94620037079]
    median: [-774.33026123, 59.2372360229, -121.407394409, -19.4067344666, 63.5533065796, 7.26650905609, -31.9023666382, 1.79797458649, 10.0153503418, -2.56989192963, 0.151083946228, 1.91459655762, -3.94620037079]
    min: [-976.03692627, 38.5990409851, -145.420623779, -30.3566093445, 37.9765014648, -12.6279220581, -43.1266860962, -14.3512954712, 8.15920639038, -12.5937423706, -3.30303764343, -1.18358612061, -7.48171615601]
    skew: [0, -2.77731459164e-07, -4.58418242033e-07, 0, 0, 0, 0, 0, 0, 0, 0, 0, 0]
    var: [40685.578125, 425.934997559, 576.635009766, 119.899757385, 654.172973633, 395.788421631, 125.985343933, 260.79888916, 3.44527029991, 100.477577209, 11.9309558868, 9.59873580933, 12.4998722076]

SpecContrastCoeff:
    dmean: [0.00512933731079, 0.0113564133644, 0.0563947558403, 0.0106478333473, 0.197251677513, 0.0262427926064]
    dmean2: [0, 0, 0, 0, 0, 0]
    dvar: [0, 0, 0, 0, 0, 0]
    dvar2: [0, 0, 0, 0, 0, 0]
    kurt: [-2, -2, -2, -2, -2, -2]
    max: [-0.98754966259, -0.968555986881, -0.887324869633, -0.72344660759, -0.490023374557, -0.925706386566]
    mean: [-0.990114331245, -0.974234223366, -0.915522217751, -0.728770494461, -0.588649213314, -0.938827753067]
    median: [-0.990114331245, -0.974234223366, -0.915522217751, -0.728770494461, -0.588649213314, -0.938827753067]
    min: [-0.992678999901, -0.979912400246, -0.943719625473, -0.734094440937, -0.687275052071, -0.951949179173]
    skew: [0, 1.57185186254e-05, -3.16423393087e-06, -1.68098813447e-05, 0, -6.79365939504e-06]
    var: [6.57752525512e-06, 3.22420310113e-05, 0.000795092142653, 2.83440895146e-05, 0.00972705613822, 0.000172171043232]

SpecPeakAmp:
    dmean: [0.0898434743285, 0.0586472302675, 0.0421181358397, 0.0305923521519, 0.0223672315478]
    dmean2: [0, 0, 0, 0, 0]
    dvar: [0, 0, 0, 0, 0]
    dvar2: [0, 0, 0, 0, 0]
    kurt: [-1.99999988079, -2, -1.99999988079, -2, -2]
    max: [0.0899059250951, 0.0587156638503, 0.0421880148351, 0.0306639987975, 0.0224412195385]
    mean: [0.0449841879308, 0.0293920487165, 0.0211289469153, 0.0153678227216, 0.0112576037645]
    median: [0.0449841879308, 0.0293920487165, 0.0211289469153, 0.0153678227216, 0.0112576037645]
    min: [6.24529202469e-05, 6.84323895257e-05, 6.98791045579e-05, 7.16470676707e-05, 7.39881652407e-05]
    skew: [1.60527918069e-07, -1.08210358007e-07, 0, 0, 0]
    var: [0.00201796228066, 0.000859874475282, 0.000443484343123, 0.000233972998103, 0.000125073260278]
