
metadata:
    version:
        essentia: "2.1-beta3"

Flux:
    dmean: 7.05036018189e-06
    dmean2: 1.02823869383e-05
    dvar: 6.16484974181e-10
    dvar2: 1.3275501809e-09
    kurt: 13.8705177307
    max: 0.000133440509671
    mean: 8.63556124386e-06
    median: 2.07236462302e-06
    min: 9.04456214812e-07
    skew: 3.849132061
    var: 6.43419484359e-10

Rms:
    dmean: 1.80296660801e-06
    dmean2: 1.68039457549e-06
    dvar: 4.89153266503e-11
    dvar2: 3.69192627858e-11
    kurt: 19.523481369
    max: 0.000108282991278
    mean: 0.000106238847366
    median: 0.000108127489511
    min: 6.2866602093e-05
    skew: -4.49968385696
    var: 6.43463685113e-11

RollOff:
    dmean: 1.00154435635
    dmean2: 1.025390625
    dvar: 20.5633563995
    dvar2: 21.0285148621
    kurt: 17.0543556213
    max: 2993.11523438
    mean: 2972.55908203
    median: 2971.58203125
    min: 2971.58203125
    skew: 4.36551809311
    var: 20.1182918549

SpecCent:
    dmean: 4.59687280655
    dmean2: 7.42729854584
    dvar: 9.53643512726
    dvar2: 19.5643539429
    kurt: 12.8610811234
    max: 3036.81005859
    mean: 3009.88256836
    median: 3009.00390625
    min: 3003.20092773
    skew: 3.07427716255
    var: 28.1801738739

Zcr:
    dmean: 0.00350881181657
    dmean2: 0.00374348950572
    dvar: 0.000185370532563
    dvar2: 0.000167774793226
    kurt: 17.5170192719
    max: 0.13427734375
    mean: 0.130826085806
    median: 0.13427734375
    min: 0.0595703125
    skew: -4.38440990448
    var: 0.000205011718208

HarmonicAmpFreq:
    dmean: [0]
    dmean2: [0]
    dvar: [0]
    dvar2: [0]
    kurt: [-2]
    max: [2962.98706055]
    mean: [2962.98608398]
    median: [2962.98706055]
    min: [2962.98706055]
    skew: [1]
    var: [9.53674316406e-07]

HarmonicAmpMag:
    dmean: [0]
    dmean2: [0]
    dvar: [0]
    dvar2: [0]
    kurt: [nan]
    max: [0]
    mean: [0]
    median: [0]
    min: [0]
    skew: [nan]
    var: [0]

MfccCoeff:
    dmean: [0.0533021427691, 0.020456712693, 0.064263984561, 0.0553468205035, 0.0342180132866, 0.0739231556654, 0.00591295817867, 0.0707122460008, 0.0443017631769, 0.0466613769531, 0.0696333050728, 0.00885825976729, 0.0744435489178]
    dmean2: [0.0546875, 0.0209859218448, 0.0659241452813, 0.05677722767, 0.0351035706699, 0.075834363699, 0.00606573186815, 0.0725402832031, 0.0454473942518, 0.0478679127991, 0.0714325681329, 0.00908624567091, 0.0763673335314]
    dvar: [0.061265733093, 0.00902839004993, 0.0890830159187, 0.0660761594772, 0.0252564456314, 0.117875762284, 0.000754275999498, 0.10785856843, 0.0423359721899, 0.046966098249, 0.104592688382, 0.00169280846603, 0.119538731873]
    dvar2: [0.0618637241423, 0.00911746732891, 0.0899586156011, 0.0667269229889, 0.0255046170205, 0.119037218392, 0.000761717557907, 0.108919836581, 0.0427526757121, 0.0474282167852, 0.105621725321, 0.00170945818536, 0.120714299381]
    kurt: [23.5210494995, 23.5188751221, 23.5186367035, 23.5186290741, 23.5188331604, 23.518661499, 23.5195198059, 23.5187568665, 23.5187492371, 23.5186920166, 23.5187683105, 23.5187931061, 23.5187511444]
    max: [-1136.95300293, 1.14440917969e-05, -6.103515625e-05, 1.5235786438, 0.941848754883, 2.28881835938e-05, 0.162754058838, 1.94641876221, -4.57763671875e-05, -2.28881835938e-05, 1.91675186157, 0.24382019043, -3.81469726562e-05]
    mean: [-1137.00732422, -0.542286634445, -1.70351791382, 1.46715164185, 0.906965434551, -1.95946609974, 0.156719207764, 1.87433445454, -1.17436754704, -1.23689162731, 1.84576618671, 0.234790802002, -1.97331285477]
    median: [-1136.95544434, -0.562213897705, -1.76609802246, 1.52104568481, 0.940292358398, -2.03145599365, 0.162479400635, 1.94319534302, -1.21751022339, -1.28233337402, 1.91357803345, 0.24341583252, -2.04580688477]
    min: [-1138.42004395, -0.563129425049, -1.76902770996, 8.01086425781e-05, -6.103515625e-05, -2.03482818604, -2.67028808594e-05, -5.34057617188e-05, -1.21952819824, -1.2844619751, -2.67028808594e-05, -3.0517578125e-05, -2.04920196533]
    skew: [-4.91816520691, 4.91787719727, 4.91785240173, -4.91785478592, -4.91787242889, 4.91785812378, -4.9179315567, -4.91786527634, 4.91786623001, 4.91786003113, -4.91786670685, -4.91786813736, 4.91786432266]
    var: [0.0607152469456, 0.0089470827952, 0.088281661272, 0.0654803439975, 0.025029135868, 0.116813637316, 0.000747463607695, 0.106887213886, 0.0419547446072, 0.0465430468321, 0.103650763631, 0.00167757307645, 0.118462771177]

SpecContrastCoeff:
    dmean: [0.0176402963698, 0.00877433083951, 0.0148306777701, 0.0105689996853, 0.00965509843081, 0.00765195535496]
    dmean2: [0.0245175100863, 0.011878227815, 0.0201359447092, 0.0149562880397, 0.0142226200551, 0.0114658176899]
    dvar: [0.00129767134786, 0.000173885578988, 0.000222730988753, 0.000330663664499, 0.000465969787911, 0.000109701708425]
    dvar2: [0.00130826735403, 0.000182873540325, 0.000294305209536, 0.00032051699236, 0.000458206894109, 0.00012541252363]
    kurt: [9.60434341431, 15.4883823395, 6.63183021545, 12.8557224274, 16.4148178101, 11.4925060272]
    max: [-0.657289624214, -0.872982740402, -0.837620019913, -0.843048453331, -0.683203399181, -0.856600403786]
    mean: [-0.700457632542, -0.886926472187, -0.872892200947, -0.85909307003, -0.699195683002, -0.872494935989]
    median: [-0.702222585678, -0.882125735283, -0.87393540144, -0.856154620647, -0.694438874722, -0.872053623199]
    min: [-0.863413631916, -0.974923253059, -0.961235582829, -0.948184430599, -0.811083853245, -0.930447995663]
    skew: [-2.8665907383, -3.74105620384, -1.99028849602, -3.57244229317, -4.19319343567, -2.93509721756]
    var: [0.00156960682943, 0.000284009234747, 0.000427021295764, 0.000393939291826, 0.000526224204805, 0.000140446485602]

SpecPeakAmp:
    dmean: [2.42408191298e-07, 1.02014382719e-07, 2.75543612815e-07, 3.84330434144e-07, 2.94106115462e-07]
    dmean2: [2.7997944585e-07, 1.24431366544e-07, 4.78014328564e-07, 7.11301765932e-07, 5.42328848496e-07]
    dvar: [8.1891383865e-13, 7.88351859921e-14, 5.40273500851e-13, 7.46053067414e-13, 3.27807280018e-13]
    dvar2: [8.76621529273e-13, 7.73675760501e-14, 8.98536887256e-13, 1.84912155032e-12, 9.760032409e-13]
    kurt: [20.5785713196, 15.9741897583, 0.566243886948, -0.610935688019, 26.3933258057]
    max: [1.68850438058e-05, 1.7442329181e-06, 2.86813292405e-06, 2.88912383439e-06, 2.89340664494e-06]
    mean: [1.65750680026e-05, 2.69742514547e-07, 7.96636243194e-07, 2.21853883886e-06, 3.06198785438e-07]
    median: [1.67673188116e-05, 2.08503678323e-07, 3.18855910564e-07, 2.85749456452e-06, 2.35823890193e-07]
    min: [1.17291292554e-05, 4.10600726752e-08, 2.20565780751e-07, 1.47697605257e-07, 5.37471187556e-08]
    skew: [-4.65655517578, 4.06452178955, 1.57894444466, -1.16613435745, 4.92712831497]
    var: [7.8780227784e-13, 8.88517165116e-14, 9.62988586442e-13, 1.21947872807e-12, 1.86641162052e-13]
