
metadata:
    version:
        essentia: "2.1-beta3"

Flux:
    dmean: 0.00017580849817
    dmean2: 0.000232697188039
    dvar: 3.34835391413e-07
    dvar2: 6.61385286094e-07
    kurt: 9.57777404785
    max: 0.00335786957294
    mean: 0.000230681253015
    median: 8.29065811558e-06
    min: 7.47315380067e-06
    skew: 3.29428815842
    var: 5.41560496004e-07

Rms:
    dmean: 6.92167450325e-05
    dmean2: 5.16494947078e-05
    dvar: 6.08173706951e-08
    dvar2: 2.72496958331e-08
    kurt: 20.7956428528
    max: 0.00242474605329
    mean: 0.00233793468215
    median: 0.00242356816307
    min: 0.000443421653472
    skew: -4.52795267105
    var: 1.13297573989e-07

RollOff:
    dmean: 7.83025550842
    dmean2: 7.51158237457
    dvar: 2025.24182129
    dvar2: 1787.50793457
    kurt: 39.2825889587
    max: 3294.58007812
    mean: 2979.71533203
    median: 2971.58203125
    min: 2971.58203125
    skew: 6.3982667923
    var: 2272.82763672

SpecCent:
    dmean: 8.11078453064
    dmean2: 10.8617429733
    dvar: 764.663024902
    dvar2: 673.158935547
    kurt: 39.1474571228
    max: 3139.67651367
    mean: 2941.49121094
    median: 2936.96533203
    min: 2933.37792969
    skew: 6.3805565834
    var: 901.903015137

Zcr:
    dmean: 0.00481622852385
    dmean2: 0.00383811770007
    dvar: 0.000269170210231
    dvar2: 0.000182746109203
    kurt: 17.9711742401
    max: 0.13427734375
    mean: 0.128352865577
    median: 0.13427734375
    min: 0.00439453125
    skew: -4.25122594833
    var: 0.000524664879777

HarmonicAmpFreq:
    dmean: [0.205854937434]
    dmean2: [0.210642263293]
    dvar: [1.82217872143]
    dvar2: [1.86354708672]
    kurt: [40.0343017578]
    max: [2973.01293945]
    mean: [2964.15600586]
    median: [2963.95532227]
    min: [2963.95532227]
    skew: [6.48383235931]
    var: [1.78260719776]

HarmonicAmpMag:
    dmean: [8.46013463729e-08]
    dmean2: [8.65688178919e-08]
    dvar: [3.07767673109e-13]
    dvar2: [3.14754732694e-13]
    kurt: [40.022731781]
    max: [3.72245926883e-06]
    mean: [8.27213142429e-08]
    median: [0]
    min: [0]
    skew: [6.48249387741]
    var: [3.01083919081e-13]

MfccCoeff:
    dmean: [0.793787181377, 0.310062766075, 0.933186471462, 0.805518090725, 0.451939672232, 0.990738809109, 0.156136602163, 0.832948684692, 0.527193427086, 0.45208132267, 0.692085444927, 0.0976881533861, 0.610393762589]
    dmean2: [0.931504368782, 0.357695102692, 1.09739112854, 0.925061941147, 0.543935000896, 1.12904763222, 0.137076094747, 0.944375514984, 0.540369272232, 0.527276158333, 0.701363682747, 0.154678344727, 0.60822892189]
    dvar: [13.4569034576, 2.0945353508, 18.5747566223, 14.2460746765, 4.26687097549, 21.8589420319, 0.426931351423, 15.6702566147, 7.23943519592, 4.51509904861, 12.2399835587, 0.16976390779, 9.12875556946]
    dvar2: [19.5911083221, 2.91775226593, 27.16381073, 19.5824508667, 6.60146331787, 29.3555603027, 0.287568032742, 20.6540107727, 7.42363595963, 6.34273719788, 12.1520357132, 0.325468838215, 8.61271381378]
    kurt: [28.424697876, 29.1753883362, 28.4350738525, 29.5518302917, 27.4365081787, 30.2243728638, 27.1801891327, 31.0232810974, 31.5501594543, 31.1145629883, 32.2417030334, 12.2673845291, 32.977897644]
    max: [-1114.81811523, 1.14440917969e-05, -6.103515625e-05, 24.3289222717, 13.2711181641, 2.28881835938e-05, 4.83909988403, 25.6224460602, -4.57763671875e-05, -2.28881835938e-05, 22.8606376648, 0.288314819336, -3.81469726562e-05]
    mean: [-1120.20349121, -7.44147729874, -21.3387641907, 19.6291713715, 9.74748134613, -24.7963085175, 4.6636800766, 21.3642978668, -16.6430473328, -11.0288333893, 22.1132316589, -2.05341100693, -19.6876754761]
    median: [-1119.76794434, -7.62913894653, -21.8445625305, 20.1288337708, 9.95755004883, -25.4362297058, 4.83761978149, 21.9169406891, -17.1560134888, -11.2881469727, 22.793346405, -2.19329071045, -20.2937583923]
    min: [-1138.42004395, -9.32020950317, -27.7361717224, 8.01086425781e-05, -6.103515625e-05, -30.1863517761, -2.67028808594e-05, -5.34057617188e-05, -17.189743042, -13.8000946045, -2.67028808594e-05, -2.19630432129, -20.4345207214]
    skew: [-5.07528972626, 5.23860025406, 5.06557703018, -5.29694080353, -4.79198932648, 5.39461803436, -5.18441581726, -5.49367427826, 5.63896036148, 5.41836023331, -5.70248794556, 3.70551156998, 5.76807546616]
    var: [8.89756298065, 1.46553730965, 12.206867218, 10.1324472427, 2.59712958336, 15.9905481339, 0.597246825695, 11.7182703018, 7.064868927, 3.1173183918, 12.3347415924, 0.272114038467, 9.66526222229]

SpecContrastCoeff:
    dmean: [0.0293562728912, 0.0208042897284, 0.0164482127875, 0.0108397360891, 0.0156418774277, 0.00420774938539]
    dmean2: [0.0514543019235, 0.0373510606587, 0.0291939675808, 0.019460843876, 0.0206173639745, 0.00715880887583]
    dvar: [0.000977271352895, 0.00035921036033, 0.000135057707666, 4.5550546929e-05, 0.00131488614716, 1.47365326484e-05]
    dvar2: [0.0015950393863, 0.0010199395474, 0.00039769691648, 0.000152257343871, 0.00134745566174, 4.37381095253e-05]
    kurt: [9.57406425476, 0.632489204407, 1.11481809616, -0.132071971893, 17.7230529785, 2.81089639664]
    max: [-0.701651990414, -0.876027286053, -0.905505239964, -0.917468488216, -0.533694863319, -0.91299033165]
    mean: [-0.761007070541, -0.919454455376, -0.929642796516, -0.934202253819, -0.565966010094, -0.922410428524]
    median: [-0.752458930016, -0.916927874088, -0.928542196751, -0.935218751431, -0.552675545216, -0.921852827072]
    min: [-0.970887422562, -0.977479577065, -0.974029779434, -0.956720292568, -0.866749942303, -0.942230820656]
    skew: [-3.05221939087, -0.339715212584, -0.767490148544, -0.180116072297, -4.27897882462, -1.10102164745]
    var: [0.00227573490702, 0.000359140423825, 0.000176908739377, 6.49536159472e-05, 0.00325945741497, 2.963679799e-05]

SpecPeakAmp:
    dmean: [1.06908817088e-06, 4.32721236621e-07, 4.38845830786e-07, 3.83789114267e-07, 3.85103220424e-07]
    dmean2: [1.37963479574e-06, 7.1667506063e-07, 7.27431995529e-07, 6.19668014679e-07, 6.77617947531e-07]
    dvar: [3.43417568688e-12, 5.12583302626e-13, 4.99728513778e-13, 4.9721912785e-13, 4.07885991692e-13]
    dvar2: [1.62068806726e-12, 1.27788816855e-12, 1.29978775139e-12, 1.28632911614e-12, 9.78672546649e-13]
    kurt: [27.8795261383, 19.0189628601, 20.8889732361, 26.3489074707, 15.1940364838]
    max: [1.79927519639e-05, 3.80939491151e-06, 4.09520407629e-06, 4.38675760961e-06, 4.61159288534e-06]
    mean: [1.6203521227e-05, 7.01664873759e-07, 7.46569014609e-07, 9.8240184343e-07, 8.41800670059e-07]
    median: [1.66742247529e-05, 6.17963905825e-07, 6.25700636192e-07, 9.34197657898e-07, 6.88526938575e-07]
    min: [1.64699471839e-07, 1.65108801298e-07, 2.32379520071e-07, 3.34322834306e-07, 2.30936862522e-07]
    skew: [-5.13641548157, 4.12838554382, 4.21530056, 4.7888250351, 3.88429236412]
    var: [6.92799637103e-12, 3.15382431542e-13, 3.45040890391e-13, 3.19471581351e-13, 5.75917189372e-13]
