
metadata:
    version:
        essentia: "2.1-beta3"

Flux:
    dmean: 0.00395987648517
    dmean2: 0.00522645423189
    dvar: 0.000167889651493
    dvar2: 0.000330645125359
    kurt: 9.58212566376
    max: 0.0752697363496
    mean: 0.00506083387882
    median: 7.73035280872e-05
    min: 1.82369494723e-05
    skew: 3.29447436333
    var: 0.000272541976301

Rms:
    dmean: 0.00154710223433
    dmean2: 0.00115636072587
    dvar: 3.04661625705e-05
    dvar2: 1.36794233185e-05
    kurt: 20.8130168915
    max: 0.0542729012668
    mean: 0.0523330681026
    median: 0.0542465299368
    min: 0.00995133817196
    skew: -4.52990341187
    var: 5.66774760955e-05

RollOff:
    dmean: 7.83025550842
    dmean2: 7.51158237457
    dvar: 2025.24182129
    dvar2: 1787.50793457
    kurt: 39.2825889587
    max: 3294.58007812
    mean: 2979.71533203
    median: 2971.58203125
    min: 2971.58203125
    skew: 6.3982667923
    var: 2272.82763672

SpecCent:
    dmean: 8.98288822174
    dmean2: 11.8613853455
    dvar: 1155.76416016
    dvar2: 1068.96679688
    kurt: 39.5299072266
    max: 3179.19702148
    mean: 2942.16625977
    median: 2936.93481445
    min: 2933.3371582
    skew: 6.42458534241
    var: 1284.28649902

Zcr:
    dmean: 0.00481622852385
    dmean2: 0.00379269616678
    dvar: 0.000270546530373
    dvar2: 0.000181362745934
    kurt: 17.7395057678
    max: 0.13427734375
    mean: 0.12832030654
    median: 0.13427734375
    min: 0.00439453125
    skew: -4.22883892059
    var: 0.000528543139808

HarmonicAmpFreq:
    dmean: [0.31354868412]
    dmean2: [0.320840537548]
    dvar: [4.22744941711]
    dvar2: [4.32342290878]
    kurt: [40.0344009399]
    max: [2977.75195312]
    mean: [2964.26147461]
    median: [2963.95581055]
    min: [2963.95581055]
    skew: [6.48384428024]
    var: [4.13564348221]

HarmonicAmpMag:
    dmean: [1.91588537746e-06]
    dmean2: [1.96044106815e-06]
    dvar: [1.57836535508e-10]
    dvar2: [1.61419808076e-10]
    kurt: [40.0227279663]
    max: [8.42989611556e-05]
    mean: [1.87331022516e-06]
    median: [0]
    min: [0]
    skew: [6.48249387741]
    var: [1.54408805186e-10]

MfccCoeff:
    dmean: [10.2828674316, 1.35882556438, 2.62329316139, 1.13864278793, 0.538555562496, 1.24264192581, 0.243398144841, 1.11697566509, 0.863959372044, 0.6343973279, 1.19651043415, 0.061675157398, 1.13791120052]
    dmean2: [15.3442707062, 1.90258717537, 3.49575304985, 1.2594512701, 0.359410762787, 0.737262189388, 0.249345287681, 0.807802438736, 0.747431278229, 0.712751090527, 1.3261654377, 0.0624097771943, 1.34770798683]
    dvar: [2234.44384766, 40.1537017822, 165.985549927, 42.3183631897, 5.61579704285, 28.1440429688, 0.854196369648, 22.3034648895, 11.685344696, 8.26298427582, 24.837064743, 0.0883579030633, 22.717634201]
    dvar2: [5518.68701172, 88.3503570557, 323.358947754, 51.3725967407, 2.21037793159, 12.7499742508, 0.863610744476, 14.9531822205, 9.61537742615, 9.40427970886, 28.144443512, 0.0751534998417, 28.0083007812]
    kurt: [37.3807907104, 22.189874649, 20.6754817963, 38.8809661865, 30.2450065613, 27.0602760315, 13.4076213837, 23.5884284973, 20.662733078, 20.0827293396, 18.6855831146, 33.6349411011, 17.8104743958]
    max: [-886.970153809, -2.4842414856, -7.64776611328, 50.1662635803, 27.5506324768, -8.51650238037, 7.47439956665, 52.7619171143, -4.88941955566, -4.62819671631, 49.7909812927, 3.22157287598, -6.69989395142]
    mean: [-1090.38671875, -17.580499649, -52.27293396, 45.3941612244, 25.2373104095, -57.4416999817, 7.13520765305, 50.9283370972, -34.4782409668, -29.1300067902, 47.8942337036, 1.10165977478, -44.4933395386]
    median: [-1094.15441895, -17.441242218, -52.4762840271, 46.2381019592, 25.8659095764, -59.1601982117, 7.47311782837, 52.5624389648, -35.7363510132, -30.1315994263, 49.7242546082, 1.06924438477, -46.2389030457]
    min: [-1132.00634766, -39.4200439453, -87.5131530762, 6.60643386841, 3.89947509766, -59.3245811462, 0.825397491455, 7.69382667542, -35.736869812, -30.3386459351, 7.00421524048, 0.574607849121, -46.378200531]
    skew: [6.12210893631, -2.49158835411, 1.64390516281, -6.34100341797, -5.50191068649, 5.22159385681, -3.80743026733, -4.91410017014, 4.58982086182, 4.61955213547, -4.42600536346, 5.60476827621, 4.33592605591]
    var: [971.539001465, 15.7007513046, 71.9016952515, 34.659828186, 11.8623533249, 66.2775802612, 1.66975355148, 56.3086357117, 28.3924541473, 20.5937576294, 59.2178382874, 0.110960789025, 52.6064109802]

SpecContrastCoeff:
    dmean: [0.0604752898216, 0.0114528452978, 0.0114464787766, 0.0153525676578, 0.0245185866952, 0.0188233926892]
    dmean2: [0.117933675647, 0.0223539657891, 0.0214437507093, 0.0287493653595, 0.0329956747591, 0.0353005193174]
    dvar: [0.00180798477959, 0.000102721714939, 7.04468038748e-05, 7.58467795094e-05, 0.00225349096581, 0.000170516999788]
    dvar2: [0.0043599428609, 0.000240484194364, 0.000182122908882, 0.00020022688841, 0.00204734434374, 0.000474337866763]
    kurt: [0.17954158783, 0.785279512405, 0.885553836823, 1.70818996429, 18.9506206512, -0.660400152206]
    max: [-0.798181176186, -0.959322929382, -0.952309250832, -0.912131786346, -0.362214058638, -0.903034090996]
    mean: [-0.917209684849, -0.985876917839, -0.983322918415, -0.954053997993, -0.425453901291, -0.932107686996]
    median: [-0.934653699398, -0.990072190762, -0.987005114555, -0.957000255585, -0.410293966532, -0.938657104969]
    min: [-0.989254295826, -0.996146798134, -0.992787361145, -0.966973900795, -0.831451416016, -0.945529103279]
    skew: [1.01429212093, 1.3498262167, 1.2333060503, 1.29722392559, -4.35298585892, 0.879879117012]
    var: [0.00183622294571, 9.45392457652e-05, 9.10784219741e-05, 0.000160673327628, 0.00557858822867, 0.000181062554475]

SpecPeakAmp:
    dmean: [1.3162562027e-05, 9.47807893681e-06, 9.28830377234e-06, 9.25136282603e-06, 7.90471494838e-06]
    dmean2: [2.14397787204e-05, 1.61251264217e-05, 1.58703878697e-05, 1.5898653146e-05, 1.45903741213e-05]
    dvar: [4.12381240267e-10, 4.81485018522e-10, 4.51097409426e-10, 4.40698699755e-10, 2.90149376747e-10]
    dvar2: [1.03731312429e-09, 1.2499711266e-09, 1.18001652893e-09, 1.16446019494e-09, 7.17978343445e-10]
    kurt: [27.4423561096, 36.3349113464, 36.4213523865, 35.7593574524, 19.0283737183]
    max: [0.000114781461889, 0.000112933288619, 0.00011120999261, 0.00011400670337, 0.000117668423627]
    mean: [1.9518785848e-05, 9.00711529539e-06, 8.91287709237e-06, 9.27320070332e-06, 1.0889260011e-05]
    median: [1.62889427884e-05, 7.0974456321e-06, 7.16812701285e-06, 7.23659877622e-06, 7.4690128713e-06]
    min: [2.97111228065e-06, 9.17376610232e-07, 1.00002432646e-06, 1.22813673897e-06, 1.18239904623e-06]
    skew: [4.92445898056, 6.04896211624, 6.05729866028, 5.98258304596, 4.44791603088]
    var: [2.45457904002e-10, 2.56759058459e-10, 2.48496750954e-10, 2.62697946729e-10, 4.00641742004e-10]
