
metadata:
    version:
        essentia: "2.1-beta3"

Flux:
    dmean: 0.0355187691748
    dmean2: 0.0468573123217
    dvar: 0.0136086205021
    dvar2: 0.0261876117438
    kurt: 9.41185569763
    max: 0.693978846073
    mean: 0.0465860962868
    median: 0.000702678924426
    min: 0.000131662454805
    skew: 3.26878523827
    var: 0.0229781065136

Rms:
    dmean: 0.0141983088106
    dmean2: 0.0106385918334
    dvar: 0.00258181546815
    dvar2: 0.00116623367649
    kurt: 21.0518417358
    max: 0.500035464764
    mean: 0.482259780169
    median: 0.499802112579
    min: 0.0912990123034
    skew: -4.55307626724
    var: 0.00479075452313

RollOff:
    dmean: 6.36208295822
    dmean2: 6.00926589966
    dvar: 1487.55651855
    dvar2: 1279.44262695
    kurt: 39.5181617737
    max: 3251.51367188
    mean: 2978.27954102
    median: 2971.58203125
    min: 2971.58203125
    skew: 6.42560863495
    var: 1706.79614258

SpecCent:
    dmean: 7.3945479393
    dmean2: 10.5445642471
    dvar: 578.57635498
    dvar2: 536.958557129
    kurt: 39.3300476074
    max: 3106.02954102
    mean: 2940.30444336
    median: 2936.41748047
    min: 2933.31762695
    skew: 6.4003739357
    var: 629.295166016

Zcr:
    dmean: 0.00479403417557
    dmean2: 0.0037472746335
    dvar: 0.000270748831099
    dvar2: 0.000181660885573
    kurt: 17.7377872467
    max: 0.13427734375
    mean: 0.128331169486
    median: 0.13427734375
    min: 0.00439453125
    skew: -4.22867870331
    var: 0.000528667296749

HarmonicAmpFreq:
    dmean: [0.0169067382812]
    dmean2: [0.0172999184579]
    dvar: [0.0122910253704]
    dvar2: [0.0125700626522]
    kurt: [40.3393974304]
    max: [2964.70019531]
    mean: [2963.97143555]
    median: [2963.95629883]
    min: [2963.95629883]
    skew: [6.5190615654]
    var: [0.0120260464028]

HarmonicAmpMag:
    dmean: [1.75530494744e-05]
    dmean2: [1.79612598004e-05]
    dvar: [1.32487096849e-08]
    dvar2: [1.3549487754e-08]
    kurt: [40.0227355957]
    max: [0.000772334169596]
    mean: [1.71629817487e-05]
    median: [0]
    min: [0]
    skew: [6.48249435425]
    var: [1.29609878385e-08]

MfccCoeff:
    dmean: [43.0932159424, 37.6108055115, 4.82104921341, 10.2993860245, 4.79393291473, 6.16909790039, 2.94928050041, 2.34351730347, 2.2335870266, 2.03374648094, 2.40975093842, 0.537134945393, 1.67532730103]
    dmean2: [71.3790969849, 70.3088684082, 7.92243862152, 18.7724018097, 8.65856170654, 10.5823354721, 5.60290431976, 3.3436191082, 2.48134899139, 2.74203777313, 4.12578344345, 0.817559599876, 2.32156538963]
    dvar: [6860.125, 379.100494385, 22.8383617401, 35.2286872864, 22.8848648071, 56.2807617188, 3.22928380966, 40.1105918884, 20.9422054291, 15.5755977631, 36.3844909668, 0.412196338177, 28.3858833313]
    dvar2: [15868.7353516, 1255.18554688, 23.2762889862, 89.0151672363, 40.5714759827, 88.7161407471, 8.57799911499, 60.5721511841, 21.4844913483, 15.8218040466, 60.0388031006, 0.620685398579, 39.2640762329]
    kurt: [25.7339878082, -1.34901356697, 14.9410457611, 3.89083242416, 5.60349750519, 11.2302064896, 0.305135965347, 12.751663208, 16.9317550659, 16.3236541748, 11.6691551208, 7.36462211609, 13.6405715942]
    max: [-615.577392578, 21.9480438232, -65.5686798096, 87.7765808105, 48.0390510559, -26.5298881531, 12.0338172913, 69.0574493408, -2.74085235596, -0.463104248047, 57.2649497986, 4.02492523193, -9.70785903931]
    mean: [-988.634033203, -12.1406869888, -109.57774353, 74.9778518677, 37.7299308777, -75.4808502197, 9.62275028229, 58.4106216431, -38.5883522034, -30.97174263, 50.8554039001, 1.11248064041, -45.3628311157]
    median: [-993.706848145, -4.77095413208, -110.348083496, 76.0088195801, 38.468082428, -77.5061798096, 9.78403091431, 60.0762062073, -39.8755111694, -32.5232772827, 52.8980674744, 1.11251068115, -47.1656761169]
    min: [-1043.27770996, -48.9806900024, -116.869888306, 39.4896430969, 15.4038391113, -86.8273620605, 2.97945022583, 20.3373279572, -46.0898971558, -34.4894638062, 18.7175636292, -0.634910583496, -49.285610199]
    skew: [4.92456579208, -0.386034309864, 3.7508699894, -1.49754297733, -2.11548638344, 3.38130640984, -0.919460058212, -3.64036107063, 4.07025337219, 4.05057239532, -3.60026907921, 1.39394319057, 3.84556889534]
    var: [3913.08325195, 544.943603516, 74.5403289795, 83.3737487793, 35.9846153259, 115.338386536, 4.80129814148, 66.41796875, 45.7583007812, 34.0409622192, 56.7919578552, 0.425204843283, 55.5336380005]

SpecContrastCoeff:
    dmean: [0.0210482943803, 0.0114274444059, 0.0133280456066, 0.0185173079371, 0.028686972335, 0.0218653399497]
    dmean2: [0.0394631065428, 0.0212305095047, 0.0250669214875, 0.0358874201775, 0.0336458198726, 0.0423088856041]
    dvar: [0.000359899393516, 0.000188958278159, 0.000111754219688, 0.000116694136523, 0.00394437042996, 0.000255683844443]
    dvar2: [0.000983705627732, 0.000356058095349, 0.000224792500376, 0.000286233815132, 0.00309752719477, 0.00059013889404]
    kurt: [5.3893327713, 9.31040668488, 3.45619440079, -0.554394721985, 20.4333820343, -0.6633644104]
    max: [-0.902294337749, -0.929201304913, -0.939699053764, -0.910766482353, -0.209216296673, -0.879805922508]
    mean: [-0.975102543831, -0.989940285683, -0.983229398727, -0.944646120071, -0.276967853308, -0.918359279633]
    median: [-0.981626152992, -0.995371043682, -0.988796591759, -0.947961986065, -0.257251620293, -0.926426112652]
    min: [-0.996272623539, -0.997290253639, -0.991949498653, -0.959047973156, -0.784413397312, -0.933992564678]
    skew: [2.08344364166, 2.94144392014, 1.8369833231, 0.731830060482, -4.46184158325, 0.895806074142]
    var: [0.000291214528261, 0.000168998740264, 0.0001245875319, 0.000172401298187, 0.00816091522574, 0.000290539144771]

SpecPeakAmp:
    dmean: [0.000162460608408, 0.000161231248057, 0.00016021488409, 0.000158640963491, 0.00014516232477]
    dmean2: [0.000261859764578, 0.000257952691754, 0.000256621482549, 0.000254578684689, 0.000240499139181]
    dvar: [2.71064635626e-07, 2.70305946515e-07, 2.66179540631e-07, 2.6161157507e-07, 2.11130384287e-07]
    dvar2: [6.87562419444e-07, 6.8790768637e-07, 6.78649882957e-07, 6.70484496368e-07, 5.56259465156e-07]
    kurt: [38.509803772, 38.5575027466, 38.5310592651, 38.4254226685, 33.0888519287]
    max: [0.00261178892106, 0.00260397884995, 0.0025977184996, 0.00261124107055, 0.00263025821187]
    mean: [0.000128008672618, 0.000119203388749, 0.000119877811812, 0.000122137265862, 0.000136560745887]
    median: [7.77754030423e-05, 6.504994235e-05, 6.51782102068e-05, 6.51199588901e-05, 6.55699695926e-05]
    min: [1.06888664959e-05, 6.0930192376e-06, 8.00385350885e-06, 1.1189590623e-05, 1.35025111376e-05]
    skew: [6.31125354767, 6.31700658798, 6.31394815445, 6.30150318146, 5.75384235382]
    var: [1.42747666132e-07, 1.42779811085e-07, 1.42029307426e-07, 1.43505900496e-07, 1.54645348971e-07]
