
metadata:
    version:
        essentia: "2.1-beta3"

Flux:
    dmean: 0.0185219049454
    dmean2: 0
    dvar: 0
    dvar2: 0
    kurt: -2
    max: 0.422510415316
    mean: 0.413249462843
    median: 0.413249462843
    min: 0.40398851037
    skew: 0
    var: 8.57652412378e-05

Rms:
    dmean: 0
    dmean2: 0
    dvar: 0
    dvar2: 0
    kurt: 0
    max: 0.144964545965
    mean: 0.144964545965
    median: 0.144964545965
    min: 0.144964545965
    skew: 0
    var: 0

RollOff:
    dmean: 947.4609375
    dmean2: 0
    dvar: 0
    dvar2: 0
    kurt: -2
    max: 2799.31640625
    mean: 2325.5859375
    median: 2325.5859375
    min: 1851.85546875
    skew: 0
    var: 224420.5625

SpecCent:
    dmean: 95.6354980469
    dmean2: 0
    dvar: 0
    dvar2: 0
    kurt: -2
    max: 2402.37719727
    mean: 2354.55957031
    median: 2354.55957031
    min: 2306.74169922
    skew: -7.68123663875e-06
    var: 2286.53710938

Zcr:
    dmean: 0
    dmean2: 0
    dvar: 0
    dvar2: 0
    kurt: 0
    max: 0.017578125
    mean: 0.017578125
    median: 0.017578125
    min: 0.017578125
    skew: 0
    var: 0

HarmonicAmpFreq:
    dmean: [97.8793945312]
    dmean2: [0]
    dvar: [0]
    dvar2: [0]
    kurt: [-2]
    max: [2499.72729492]
    mean: [2450.78759766]
    median: [2450.78759766]
    min: [2401.84790039]
    skew: [0]
    var: [2395.09399414]

HarmonicAmpMag:
    dmean: [0.00142874277662]
    dmean2: [0]
    dvar: [0]
    dvar2: [0]
    kurt: [-1.99999988079]
    max: [0.00142874277662]
    mean: [0.000714371388312]
    median: [0.000714371388312]
    min: [0]
    skew: [0]
    var: [5.10326458425e-07]

MfccCoeff:
    dmean: [302.506652832, 139.5753479, 27.0466156006, 58.3881416321, 15.5019626617, 7.4521522522, 9.23237037659, 14.9130058289, 4.87560653687, 1.36966514587, 5.67067337036, 4.09461975098, 0.43688583374]
    dmean2: [0, 0, 0, 0, 0, 0, 0, 0, 0, 0, 0, 0, 0]
    dvar: [0, 0, 0, 0, 0, 0, 0, 0, 0, 0, 0, 0, 0]
    dvar2: [0, 0, 0, 0, 0, 0, 0, 0, 0, 0, 0, 0, 0]
    kurt: [-1.99999988079, -2, -1.99999988079, -2, -2, -2, -2, -2, -2, -2, -2, -2, -2]
    max: [-554.850280762, 170.242980957, -102.630752563, -8.76872634888, 22.5110263824, -10.2606086731, -10.6488170624, 13.8195533752, 2.45608139038, -5.87985420227, 2.76515197754, 4.94681549072, -3.6721534729]
    mean: [-706.103637695, 100.455307007, -116.154060364, -37.9627990723, 14.7600450516, -13.9866847992, -15.2650022507, 6.36305046082, 0.0182781219482, -6.56468677521, -0.0701847076416, 2.89950561523, -3.89059638977]
    median: [-706.103637695, 100.455307007, -116.154060364, -37.9627990723, 14.7600450516, -13.9866847992, -15.2650022507, 6.36305046082, 0.0182781219482, -6.56468677521, -0.0701847076416, 2.89950561523, -3.89059638977]
    min: [-857.356933594, 30.667640686, -129.677368164, -67.156867981, 7.0090637207, -17.7127609253, -19.881187439, -1.09345245361, -2.41952514648, -7.24951934814, -2.90552139282, 0.852195739746, -4.10903930664]
    skew: [6.14107136698e-07, 1.37912991249e-07, 0, 1.96239341221e-07, 0, 0, 0, 0, 0, 0, 0, 0, 0]
    var: [22877.5683594, 4870.31884766, 182.879852295, 852.293762207, 60.0777130127, 13.8836431503, 21.3091659546, 55.5994338989, 5.94288492203, 0.468995660543, 8.03913402557, 4.19147777557, 0.0477173067629]

SpecContrastCoeff:
    dmean: [0.100761532784, 0.0764456391335, 0.114073991776, 0.0905110239983, 0.15447473526, 0.0416401028633]
    dmean2: [0, 0, 0, 0, 0, 0]
    dvar: [0, 0, 0, 0, 0, 0]
    dvar2: [0, 0, 0, 0, 0, 0]
    kurt: [-2, -2, -1.99999988079, -1.99999988079, -2, -2]
    max: [-0.82644957304, -0.809709072113, -0.866645157337, -0.833085119724, -0.550251841545, -0.893672287464]
    mean: [-0.876830339432, -0.847931861877, -0.923682153225, -0.878340601921, -0.627489209175, -0.914492368698]
    median: [-0.876830339432, -0.847931861877, -0.923682153225, -0.878340601921, -0.627489209175, -0.914492368698]
    min: [-0.927211105824, -0.886154711246, -0.980719149113, -0.923596143723, -0.704726576805, -0.935312390327]
    skew: [0, -2.31270564655e-06, 0, -1.962527449e-06, 0, 4.2829569793e-06]
    var: [0.00253822165541, 0.00146098388359, 0.0032532189507, 0.00204806122929, 0.00596561096609, 0.000433474546298]

SpecPeakAmp:
    dmean: [0.00183071824722, 0.00151692703366, 0.000893520656973, 0.00248835189268, 0.00488182948902]
    dmean2: [0, 0, 0, 0, 0]
    dvar: [0, 0, 0, 0, 0]
    dvar2: [0, 0, 0, 0, 0]
    kurt: [-2, -1.99999988079, -1.99999988079, -1.99999988079, -1.99999988079]
    max: [0.00401481054723, 0.00406467868015, 0.0040169316344, 0.00391709478572, 0.00501128938049]
    mean: [0.00309945130721, 0.00330621516332, 0.00357017130591, 0.00267291883938, 0.00257037463598]
    median: [0.00309945130721, 0.00330621516332, 0.00357017130591, 0.00267291883938, 0.00257037463598]
    min: [0.00218409230001, 0.00254775164649, 0.00312341097742, 0.00142874277662, 0.000129459876916]
    skew: [3.61889249234e-07, 0, 0, -1.72936253762e-07, 0]
    var: [8.37882339511e-07, 5.75266881242e-07, 1.99594794026e-07, 1.54797385221e-06, 5.95806477577e-06]
