
metadata:
    version:
        essentia: "2.1-beta3"

Flux:
    dmean: 6.39637755739e-06
    dmean2: 9.49779132497e-06
    dvar: 5.30817001465e-10
    dvar2: 1.13366316334e-09
    kurt: 13.6301383972
    max: 0.000123344201711
    mean: 7.59610747991e-06
    median: 1.43087822835e-06
    min: 7.08841923824e-07
    skew: 3.82508325577
    var: 5.60952673201e-10

Rms:
    dmean: 2.61430727733e-06
    dmean2: 3.08994367515e-06
    dvar: 4.0286177172e-11
    dvar2: 2.76853453357e-11
    kurt: 18.7497711182
    max: 0.000102235710074
    mean: 9.94893780444e-05
    median: 0.000101400233689
    min: 5.915375732e-05
    skew: -4.38928031921
    var: 5.68605162954e-11

RollOff:
    dmean: 1.00154435635
    dmean2: 1.025390625
    dvar: 20.5633563995
    dvar2: 21.0285148621
    kurt: 17.0476436615
    max: 193.798828125
    mean: 173.244400024
    median: 172.265625
    min: 172.265625
    skew: 4.36436223984
    var: 20.118303299

SpecCent:
    dmean: 8.18345165253
    dmean2: 12.9264850616
    dvar: 19.9627342224
    dvar2: 41.2734451294
    kurt: 2.21880292892
    max: 436.420318604
    mean: 410.422851562
    median: 408.721435547
    min: 401.937469482
    skew: 1.42805349827
    var: 56.1241188049

Zcr:
    dmean: 0.000408793595852
    dmean2: 0.000674293143675
    dvar: 5.09331357534e-07
    dvar2: 4.7629674782e-07
    kurt: 15.5336322784
    max: 0.0078125
    mean: 0.00730202393606
    median: 0.00732421875
    min: 0.00341796875
    skew: -3.92628455162
    var: 6.06391552083e-07

HarmonicAmpFreq:
    dmean: [0.113698206842]
    dmean2: [0.123239792883]
    dvar: [0.184754282236]
    dvar2: [0.177015826106]
    kurt: [16.9859619141]
    max: [165.999557495]
    mean: [165.881759644]
    median: [165.979431152]
    min: [163.871154785]
    skew: [-4.35341024399]
    var: [0.192546948791]

HarmonicAmpMag:
    dmean: [3.64809170605e-06]
    dmean2: [3.73204306925e-06]
    dvar: [2.73793709926e-10]
    dvar2: [2.70138633685e-10]
    kurt: [23.2868804932]
    max: [0.000136804083013]
    mean: [0.000133179753902]
    median: [0.000136715418193]
    min: [3.79287157557e-05]
    skew: [-4.89653205872]
    var: [2.77801504023e-10]

MfccCoeff:
    dmean: [0.122322969139, 0.168972983956, 0.157160565257, 0.138141006231, 0.112889841199, 0.0826788619161, 0.0490300394595, 0.0139889381826, 0.0224290005863, 0.0561642311513, 0.086672231555, 0.112562134862, 0.132769033313]
    dmean2: [0.126194551587, 0.174285158515, 0.162062138319, 0.142385572195, 0.116265431046, 0.0850383192301, 0.0502987802029, 0.0142696928233, 0.0235637482256, 0.0583628714085, 0.089802518487, 0.116451263428, 0.137187227607]
    dvar: [0.364736348391, 0.696488559246, 0.603647053242, 0.468068897724, 0.314562082291, 0.170746669173, 0.061812851578, 0.00576157355681, 0.0102810123935, 0.0716168507934, 0.175782218575, 0.301566362381, 0.424821764231]
    dvar2: [0.371869206429, 0.710033118725, 0.615191042423, 0.476723849773, 0.320039927959, 0.173374816775, 0.0624673813581, 0.00566392159089, 0.0107392724603, 0.0737367123365, 0.180262714624, 0.308570384979, 0.433971583843]
    kurt: [29.9401168823, 29.9640159607, 30.0507698059, 30.2139625549, 30.4960289001, 31.0104598999, 32.17786026, 37.1622085571, 22.702960968, 27.1370735168, 28.3058929443, 28.9342727661, 29.3970718384]
    max: [-1134.60778809, 5.26954269409, 4.9098815918, 4.33058547974, 3.55979919434, 2.63578033447, 1.60329055786, 0.514015197754, -4.57763671875e-05, -0.00302124023438, -0.00590896606445, -0.00856018066406, -0.0108947753906]
    mean: [-1134.72973633, 5.10095500946, 4.75319480896, 4.19301557541, 3.44760417938, 2.55393505096, 1.55515599251, 0.499397963285, -0.563366115093, -1.58381915092, -2.51583957672, -3.31871318817, -3.95916748047]
    median: [-1134.61206055, 5.26356124878, 4.90449523926, 4.32614517212, 3.55663299561, 2.63403320312, 1.60300064087, 0.512943267822, -0.583930969238, -1.63694000244, -2.59854507446, -3.42667007446, -4.08667755127]
    min: [-1138.40917969, 0.0150871276855, 0.0141296386719, 0.0128364562988, 0.0107879638672, 0.00855255126953, 0.0058479309082, 0.00293731689453, -0.593162536621, -1.64483642578, -2.60426712036, -3.43166351318, -4.09216308594]
    skew: [-5.49552679062, -5.49760913849, -5.50565624237, -5.52081680298, -5.54709625244, -5.59523057938, -5.70558595657, -6.20062255859, 4.84588050842, 5.23908948898, 5.3451218605, 5.40261030197, 5.44518089294]
    var: [0.358212888241, 0.684105813503, 0.593096792698, 0.460161685944, 0.30956402421, 0.168354347348, 0.0612213388085, 0.00586403114721, 0.00988676771522, 0.0697202011943, 0.171726450324, 0.295179456472, 0.416439414024]

SpecContrastCoeff:
    dmean: [0.0215289108455, 0.01299482584, 0.0216702818871, 0.0156320035458, 0.00906134489924, 0.00609217118472]
    dmean2: [0.0266840066761, 0.0218810811639, 0.035315155983, 0.0270851291716, 0.0121625037864, 0.00867042783648]
    dvar: [0.00250121462159, 0.000157773218234, 0.000432783010183, 0.000274357676972, 0.000294627738185, 6.17653713562e-05]
    dvar2: [0.00231344788335, 0.000298556784401, 0.000765055592638, 0.000483162351884, 0.000231904821703, 7.39422612241e-05]
    kurt: [15.0819911957, 6.02217006683, 8.07778072357, 4.64590740204, 14.703037262, 10.7073984146]
    max: [-0.537738621235, -0.884829342365, -0.817885398865, -0.842232108116, -0.820871949196, -0.859148561954]
    mean: [-0.568109333515, -0.915683507919, -0.850772619247, -0.883382439613, -0.836219549179, -0.879826009274]
    median: [-0.554658293724, -0.913002729416, -0.853788852692, -0.880923628807, -0.832679033279, -0.880198359489]
    min: [-0.847844839096, -0.973186671734, -0.955931067467, -0.961321771145, -0.935696184635, -0.928816437721]
    skew: [-3.97689437866, -1.61524534225, -2.17847943306, -1.65561282635, -3.86343884468, -2.62816548347]
    var: [0.00322970910929, 0.000178062531631, 0.000531284429599, 0.000393602240365, 0.000419765798142, 0.000106964303995]

SpecPeakAmp:
    dmean: [1.74336025793e-06, 7.52473788452e-05, 6.99858792359e-05, 1.29217355038e-07, 1.52449104007e-07]
    dmean2: [1.79986056992e-06, 0.000148443999933, 0.00014320758055, 1.72876823967e-07, 2.05784473906e-07]
    dvar: [9.65342528136e-11, 4.49431736271e-09, 4.65017224727e-09, 6.6331549899e-14, 6.02130311215e-14]
    dvar2: [9.93374688063e-11, 1.13904476962e-08, 1.14937934725e-08, 5.91291745384e-14, 6.04681642214e-14]
    kurt: [38.6613960266, -1.13500642776, -0.666735887527, 15.49766922, 14.397693634]
    max: [8.18546031951e-05, 0.000136803879286, 0.000136804083013, 1.63663059993e-06, 1.75080549525e-06]
    mean: [1.81381037692e-05, 9.72607449512e-05, 3.43605242961e-05, 2.41784675836e-07, 3.02846018485e-07]
    median: [1.67471516761e-05, 0.000136663787998, 1.65878404346e-07, 1.68477725992e-07, 2.21938705636e-07]
    min: [1.25379501696e-05, 2.15158834749e-07, 7.77776349992e-08, 1.08259946785e-07, 1.14865756018e-07]
    skew: [6.359562397, -0.918359518051, 1.15461111069, 4.04106903076, 3.72465443611]
    var: [9.48256195787e-11, 3.7279104248e-09, 3.49442919045e-09, 8.12870685476e-14, 8.28517620179e-14]
