
metadata:
    version:
        essentia: "2.1-beta3"

Flux:
    dmean: 0.000164796379977
    dmean2: 0.000217487089685
    dvar: 2.84677980744e-07
    dvar2: 5.59810473533e-07
    kurt: 9.65139293671
    max: 0.00311974948272
    mean: 0.000215868989471
    median: 1.11040053525e-05
    min: 6.02638147029e-06
    skew: 3.30272459984
    var: 4.6216712235e-07

Rms:
    dmean: 8.17041218397e-05
    dmean2: 7.86184245953e-05
    dvar: 4.83245763405e-08
    dvar2: 1.98845757637e-08
    kurt: 20.6929035187
    max: 0.00225805095397
    mean: 0.00215968908742
    median: 0.00223544286564
    min: 0.000420088937972
    skew: -4.50861167908
    var: 9.56278469744e-08

RollOff:
    dmean: 6.85147380829
    dmean2: 6.51003837585
    dvar: 1491.62805176
    dvar2: 1283.95654297
    kurt: 39.0398483276
    max: 452.197265625
    mean: 179.443359375
    median: 172.265625
    min: 172.265625
    skew: 6.37126064301
    var: 1710.4597168

SpecCent:
    dmean: 3.17798233032
    dmean2: 5.51428794861
    dvar: 2.26499009132
    dvar2: 7.09673213959
    kurt: -1.43175113201
    max: 170.476959229
    mean: 167.316452026
    median: 167.498336792
    min: 164.119598389
    skew: -0.0155142145231
    var: 4.1566400528

Zcr:
    dmean: 0.000510475831106
    dmean2: 0.000692678033374
    dvar: 7.47275009871e-07
    dvar2: 3.90702041386e-07
    kurt: 17.6756095886
    max: 0.0078125
    mean: 0.00713975680992
    median: 0.00732421875
    min: 0
    skew: -4.13818645477
    var: 1.74086756033e-06

HarmonicAmpFreq:
    dmean: [0.129370942712]
    dmean2: [0.203448623419]
    dvar: [0.211624965072]
    dvar2: [0.552355587482]
    kurt: [25.7310657501]
    max: [165.996749878]
    mean: [165.878448486]
    median: [165.976364136]
    min: [163.329269409]
    skew: [-5.01409101486]
    var: [0.182818874717]

HarmonicAmpMag:
    dmean: [0.000121052515169]
    dmean2: [9.44221828831e-05]
    dvar: [2.02405814775e-07]
    dvar2: [1.39782343922e-07]
    kurt: [15.6842193604]
    max: [0.00306304707192]
    mean: [0.00291573442519]
    median: [0.00306165241636]
    min: [0]
    skew: [-4.0695605278]
    var: [3.310370289e-07]

MfccCoeff:
    dmean: [1.488453269, 2.03439879417, 1.83253550529, 1.52755212784, 1.16051876545, 0.778011500835, 0.424144387245, 0.136533915997, 0.116382598877, 0.298813730478, 0.457449525595, 0.584707796574, 0.675119638443]
    dmean2: [1.91789782047, 2.61622691154, 2.34249949455, 1.93227124214, 1.44526124001, 0.948633432388, 0.505013406277, 0.162009298801, 0.108938880265, 0.260837823153, 0.359914243221, 0.412258416414, 0.427454292774]
    dvar: [46.7681503296, 87.569152832, 71.5840988159, 50.4486427307, 29.8250293732, 13.9466733932, 4.43158531189, 0.509556055069, 0.197169318795, 1.53874361515, 3.31581521034, 5.05391550064, 6.60933256149]
    dvar2: [85.826461792, 159.829605103, 128.459960938, 87.8302459717, 49.5411300659, 21.6337280273, 6.26126098633, 0.659569621086, 0.140932530165, 0.973956823349, 1.65126955509, 2.37432718277, 3.70818996429]
    kurt: [21.99559021, 22.2833271027, 23.204498291, 24.9075489044, 27.5372047424, 31.0608901978, 35.1250305176, 37.7582321167, 20.5967731476, 28.9653911591, 27.9493656158, 25.5047206879, 23.1444778442]
    max: [-1095.35180664, 59.0239028931, 53.6111183167, 45.3454170227, 35.2198677063, 24.377746582, 13.9265327454, 4.77586364746, -4.57763671875e-05, -2.28881835938e-05, -2.67028808594e-05, -3.0517578125e-05, -3.81469726562e-05]
    mean: [-1112.16821289, 36.2635726929, 33.7293891907, 29.6774559021, 24.3508415222, 18.064912796, 11.1829900742, 4.09219551086, -2.82307744026, -9.20496177673, -14.7433605194, -19.1922931671, -22.3819141388]
    median: [-1111.8347168, 36.7344779968, 34.1951942444, 30.1259651184, 24.7593574524, 18.4002990723, 11.4052314758, 4.16024780273, -2.94471740723, -9.53831481934, -15.2924098969, -19.9403839111, -23.2929496765]
    min: [-1138.42004395, 1.14440917969e-05, -6.103515625e-05, 8.01086425781e-05, -6.103515625e-05, 2.28881835938e-05, -2.67028808594e-05, -5.34057617188e-05, -2.95225524902, -9.54499816895, -15.2980861664, -19.9449005127, -23.2957725525]
    skew: [-2.85233902931, -2.96212863922, -3.28547167778, -3.79998445511, -4.45587205887, -5.16669368744, -5.823969841, -6.18807983398, 4.61654806137, 5.34331130981, 5.22707700729, 4.99578285217, 4.78478050232]
    var: [22.2220211029, 41.9227752686, 35.0891647339, 25.8114585876, 16.315870285, 8.39933490753, 3.02494168282, 0.39119759202, 0.26258546114, 2.24836993217, 5.85975265503, 10.4115543365, 14.9685659409]

SpecContrastCoeff:
    dmean: [0.0274872798473, 0.0125294625759, 0.0230783298612, 0.0173502694815, 0.00834556762129, 0.00753375096247]
    dmean2: [0.0299305729568, 0.0222947467119, 0.0428692772985, 0.0297282859683, 0.0139370365068, 0.0126302503049]
    dvar: [0.00459319166839, 0.000272579229204, 0.000285148242256, 0.000126035651192, 4.63236137875e-05, 6.85224003973e-05]
    dvar2: [0.00493572605774, 0.000573197612539, 0.000630482914858, 0.000410846900195, 9.02388637769e-05, 0.000122340628877]
    kurt: [14.2906150818, 6.96949386597, -0.0211274623871, 0.793801546097, 6.84755039215, 14.8200397491]
    max: [-0.396115154028, -0.87941712141, -0.911374628544, -0.899295210838, -0.910085141659, -0.905210137367]
    mean: [-0.442673504353, -0.952645003796, -0.952464640141, -0.934831976891, -0.930691421032, -0.922949314117]
    median: [-0.411716580391, -0.961825251579, -0.960106790066, -0.932852864265, -0.93027484417, -0.922851085663]
    min: [-0.986957550049, -0.965021729469, -0.98574256897, -0.97296756506, -0.970607936382, -0.972024083138]
    skew: [-3.84364390373, 2.79404568672, 0.892225921154, -0.157572805882, -1.58246803284, -2.84667515755]
    var: [0.0118046756834, 0.000422567594796, 0.000295088597341, 0.000181937386515, 8.06680254755e-05, 8.68877104949e-05]

SpecPeakAmp:
    dmean: [8.45454560476e-05, 0.00150842627045, 0.00139226729516, 1.494248977e-06, 1.2700586467e-06]
    dmean2: [0.000128130850499, 0.00303487456404, 0.00284793809988, 2.32833463087e-06, 2.10702251024e-06]
    dvar: [1.39568285817e-07, 2.2880326469e-06, 2.31760532188e-06, 2.24364602418e-12, 1.32736692731e-12]
    dvar2: [3.57912426807e-07, 3.35947811436e-06, 3.65191817764e-06, 3.75764480295e-12, 2.95574415637e-12]
    kurt: [40.00573349, -1.98480987549, -1.94997799397, 13.3156547546, 5.41244316101]
    max: [0.0018081254093, 0.00306266499683, 0.00306304707192, 1.08381364043e-05, 6.78604283166e-06]
    mean: [5.64990004932e-05, 0.00151632761117, 0.00136300246231, 2.58354043581e-06, 2.32898673858e-06]
    median: [1.66948866536e-05, 0.000846339389682, 5.63594721825e-06, 2.21082063945e-06, 2.09943777918e-06]
    min: [4.2872384256e-06, 7.23368771105e-07, 4.160861522e-07, 2.90767019351e-07, 2.26564722539e-07]
    skew: [6.48047924042, 0.0281616784632, 0.223583519459, 3.28532004356, 1.85744130611]
    var: [6.97455035947e-08, 2.29329157264e-06, 2.30961427405e-06, 2.66749513103e-12, 1.21735759494e-12]
