
metadata:
    version:
        essentia: "2.1-beta3"

Flux:
    dmean: 0.00370555720292
    dmean2: 0.00507340114564
    dvar: 0.000142176024383
    dvar2: 0.000284349400317
    kurt: 9.33385562897
    max: 0.0683652535081
    mean: 0.00478239078075
    median: 0.000221137030167
    min: 1.69592767634e-05
    skew: 3.26597547531
    var: 0.000230256380746

Rms:
    dmean: 0.0019055333687
    dmean2: 0.00185641716234
    dvar: 2.79481337202e-05
    dvar2: 1.22388564705e-05
    kurt: 21.8647480011
    max: 0.0505562722683
    mean: 0.0482909157872
    median: 0.050056386739
    min: 0.00669470056891
    skew: -4.62699365616
    var: 5.30536890437e-05

RollOff:
    dmean: 14.6817293167
    dmean2: 14.5223932266
    dvar: 8067.4375
    dvar2: 7671.64013672
    kurt: 39.8231620789
    max: 796.728515625
    mean: 187.099609375
    median: 172.265625
    min: 172.265625
    skew: 6.45935869217
    var: 8466.203125

SpecCent:
    dmean: 15.9901857376
    dmean2: 17.5497341156
    dvar: 6136.60009766
    dvar2: 5186.58984375
    kurt: 39.4900817871
    max: 735.950439453
    mean: 178.551803589
    median: 164.89163208
    min: 162.115020752
    skew: 6.42210674286
    var: 7105.37841797

Zcr:
    dmean: 0.00053267047042
    dmean2: 0.000749454949982
    dvar: 7.4579673992e-07
    dvar2: 3.5872400872e-07
    kurt: 16.1914691925
    max: 0.0078125
    mean: 0.00716145848855
    median: 0.00732421875
    min: 0.00048828125
    skew: -3.99085092545
    var: 1.6106506564e-06

HarmonicAmpFreq:
    dmean: [0.0939511358738]
    dmean2: [0.153058066964]
    dvar: [0.108558796346]
    dvar2: [0.283797174692]
    kurt: [22.6216278076]
    max: [166.000595093]
    mean: [165.898681641]
    median: [165.976669312]
    min: [163.97303772]
    skew: [-4.75030469894]
    var: [0.112839899957]

HarmonicAmpMag:
    dmean: [0.00271322601475]
    dmean2: [0.00208843452856]
    dvar: [0.000100888770248]
    dvar2: [7.07599319867e-05]
    kurt: [15.3784866333]
    max: [0.0685846507549]
    mean: [0.0652523562312]
    median: [0.0685506761074]
    min: [0]
    skew: [-4.03418970108]
    var: [0.000167508274899]

MfccCoeff:
    dmean: [14.1158332825, 10.130818367, 3.76071310043, 2.67028856277, 5.03693675995, 6.53814744949, 6.91071033478, 6.08247423172, 4.68774032593, 3.31754827499, 1.9901714325, 1.2129714489, 2.01683139801]
    dmean2: [20.9669876099, 14.5809440613, 4.86523866653, 3.38157057762, 7.25802946091, 10.1169528961, 11.0720071793, 10.4427118301, 8.42193603516, 5.79030609131, 3.05367946625, 1.3942810297, 2.54621815681]
    dvar: [2136.07666016, 644.018676758, 49.0840415955, 38.8875389099, 21.8931808472, 16.6135463715, 11.3923091888, 9.27084255219, 5.89639759064, 4.40128803253, 8.31056118011, 16.2976512909, 21.6240882874]
    dvar2: [5155.52050781, 1348.30700684, 22.2588024139, 20.7605800629, 19.6070613861, 29.2146987915, 36.5981826782, 29.905960083, 16.438117981, 9.05767726898, 9.39599609375, 17.0693073273, 20.9766330719]
    kurt: [33.5477371216, 15.5806217194, 24.5394916534, 29.4235229492, 17.7270202637, 10.3998394012, 3.43433189392, -0.802173852921, -1.46305036545, 5.80366325378, 16.8278942108, 16.7114257812, 15.193655014]
    max: [-879.762756348, 167.067367554, 92.1494750977, 73.752456665, 58.174030304, 40.8963012695, 27.5599899292, 13.7993183136, 0.283744812012, -1.74759674072, -0.310222625732, 0.729461669922, 1.13611602783]
    mean: [-1076.77844238, 80.4505081177, 71.3009796143, 61.0777549744, 48.3005599976, 34.7331199646, 20.9336967468, 7.84080600739, -4.23743009567, -14.8683605194, -23.9238796234, -31.1646213531, -36.5056114197]
    median: [-1080.78234863, 79.3523330688, 72.882598877, 62.719619751, 50.2880592346, 36.189666748, 21.639881134, 7.1222782135, -4.59056091309, -15.8427276611, -25.2452602386, -32.6534996033, -38.4133110046]
    min: [-1129.26037598, 11.9846305847, 9.32250976562, 5.62874221802, 1.78076171875, -1.38306427002, -3.29551315308, -3.79119110107, -8.24533081055, -18.3382263184, -26.5181179047, -33.3263206482, -39.4371147156]
    skew: [5.61512517929, 1.50333809853, -4.44389533997, -5.28040409088, -4.00478124619, -2.80731153488, -1.48790299892, -0.186913669109, 0.19970934093, 2.10751986504, 4.09871578217, 4.16911315918, 3.97270298004]
    var: [959.651733398, 308.38293457, 110.454200745, 80.9579238892, 73.8652420044, 55.1693153381, 37.9762649536, 19.2291240692, 9.02404594421, 9.90128898621, 20.301027298, 37.7677459717, 55.1718864441]

SpecContrastCoeff:
    dmean: [0.037927094847, 0.0124847237021, 0.00667446060106, 0.00485513405874, 0.00651471875608, 0.0103024607524]
    dmean2: [0.0448228158057, 0.022160243243, 0.0115988943726, 0.00814449694008, 0.0116513688117, 0.0196731965989]
    dvar: [0.00752184400335, 0.000569668016396, 6.55322292005e-05, 6.43807870802e-05, 0.000104839957203, 0.000143960409332]
    dvar2: [0.00654064584523, 0.00129158713389, 0.000104933715193, 0.00011834637553, 0.000260392320342, 0.0003316893999]
    kurt: [16.8424987793, 9.13927078247, 13.3071804047, 15.4748287201, 6.4349565506, 2.09688520432]
    max: [-0.19577524066, -0.848856449127, -0.910307645798, -0.917441606522, -0.92368632555, -0.925347864628]
    mean: [-0.254766702652, -0.945263564587, -0.960869073868, -0.963604390621, -0.960116147995, -0.957263708115]
    median: [-0.223479062319, -0.953237771988, -0.965362668037, -0.966705143452, -0.963609457016, -0.962457299232]
    min: [-0.987130343914, -0.972734570503, -0.965720295906, -0.967445611954, -0.964905321598, -0.96362644434]
    skew: [-4.11588287354, 3.17942380905, 3.35567069054, 3.77111315727, 2.72290682793, 1.88776981831]
    var: [0.0191886797547, 0.000546015857253, 9.61757905316e-05, 7.6316006016e-05, 8.71092415764e-05, 0.000111782166641]

SpecPeakAmp:
    dmean: [0.00485919462517, 0.0253404695541, 0.0218408331275, 3.2422321965e-05, 1.58378043125e-05]
    dmean2: [0.00747033348307, 0.0514025576413, 0.0446685813367, 5.21202819073e-05, 2.27948185056e-05]
    dvar: [0.000251030025538, 0.00107023306191, 0.0010176000651, 1.6389791746e-09, 6.48762321642e-10]
    dvar2: [0.000647560576908, 0.00243950868025, 0.00259297667071, 2.01983230141e-09, 8.40963354509e-10]
    kurt: [23.2106304169, -0.49786067009, 1.61264133453, 18.5347328186, 16.9639968872]
    max: [0.0675305053592, 0.0685846507549, 0.0685815438628, 0.00028534323792, 0.000166017183801]
    mean: [0.00245066406205, 0.0522319860756, 0.0107243908569, 3.53058858309e-05, 2.30701225519e-05]
    median: [7.68754180172e-05, 0.0685375034809, 5.48957104911e-05, 2.02445207833e-05, 1.85396002053e-05]
    min: [1.85769331438e-05, 1.73792705027e-05, 1.11407689474e-05, 6.29370015304e-06, 5.67894130654e-06]
    skew: [4.89813899994, -1.21466577053, 1.9006613493, 3.96613526344, 4.08475160599]
    var: [0.000129416206619, 0.000830218836199, 0.000616576173343, 2.0247779009e-09, 7.4281858442e-10]
