
metadata:
    version:
        essentia: "2.1-beta3"

Flux:
    dmean: 0.000124339654576
    dmean2: 0.000166149562574
    dvar: 1.67213272562e-07
    dvar2: 3.31943965648e-07
    kurt: 9.51241111755
    max: 0.00236369296908
    mean: 0.000163571326993
    median: 6.66891810397e-06
    min: 4.20978449256e-06
    skew: 3.28674030304
    var: 2.70044864692e-07

Rms:
    dmean: 4.9021167797e-05
    dmean2: 3.66225904145e-05
    dvar: 3.06765883806e-08
    dvar2: 1.37862556926e-08
    kurt: 20.8357467651
    max: 0.00171406462323
    mean: 0.00165255367756
    median: 0.00171331432648
    min: 0.000306978705339
    skew: -4.53206920624
    var: 5.70888509799e-08

RollOff:
    dmean: 5.38330078125
    dmean2: 5.0077214241
    dvar: 845.686950684
    dvar2: 686.615844727
    kurt: 38.3793106079
    max: 904.39453125
    mean: 694.8046875
    median: 689.0625
    min: 689.0625
    skew: 6.29871559143
    var: 1018.03265381

SpecCent:
    dmean: 4.89670753479
    dmean2: 4.82348060608
    dvar: 756.538146973
    dvar2: 639.133117676
    kurt: 39.4010162354
    max: 880.231994629
    mean: 683.865905762
    median: 678.99786377
    min: 677.443359375
    skew: 6.41246175766
    var: 882.765197754

Zcr:
    dmean: 0.00102095166221
    dmean2: 0.000749454949982
    dvar: 1.36420721901e-05
    dvar2: 8.89744114829e-06
    kurt: 18.471824646
    max: 0.03125
    mean: 0.0294921882451
    median: 0.03076171875
    min: 0.00146484375
    skew: -4.29969596863
    var: 2.63892325165e-05

HarmonicAmpFreq:
    dmean: [1.7431473732]
    dmean2: [1.77849626541]
    dvar: [129.882522583]
    dvar2: [132.056655884]
    kurt: [40.0211982727]
    max: [678.836853027]
    mean: [677.12713623]
    median: [678.836853027]
    min: [602.138366699]
    skew: [-6.48231554031]
    var: [127.804893494]

HarmonicAmpMag:
    dmean: [6.18617996224e-05]
    dmean2: [9.49799577938e-05]
    dvar: [8.03645932024e-08]
    dvar2: [2.06431920446e-07]
    kurt: [40.0224380493]
    max: [0.00136221875437]
    mean: [3.03274919133e-05]
    median: [0]
    min: [0]
    skew: [6.48245954514]
    var: [4.03168272101e-08]

MfccCoeff:
    dmean: [1.58651733398, 1.78222930431, 0.658703863621, 0.519465386868, 1.16149234772, 1.05706357956, 0.435380488634, 0.325803786516, 0.741423606873, 0.767041265965, 0.416620075703, 0.129112422466, 0.564417481422]
    dmean2: [2.11308526993, 2.39629983902, 0.959618151188, 0.537137031555, 1.34924697876, 1.23755145073, 0.522898197174, 0.301666647196, 0.695566833019, 0.665678203106, 0.314441055059, 0.140708744526, 0.433753341436]
    dvar: [49.6640586853, 62.3798561096, 8.55370807648, 7.47004365921, 30.7780036926, 25.0187358856, 3.93434357643, 2.26360940933, 12.155008316, 11.1986846924, 2.62564754486, 0.503630697727, 5.0651717186]
    dvar2: [100.426193237, 129.0181427, 20.7059726715, 7.64680814743, 43.1971168518, 36.0774765015, 6.18714284897, 1.67318582535, 9.63196182251, 7.18622970581, 1.28660666943, 0.531693041325, 2.42135024071]
    kurt: [18.0284309387, 18.2053451538, 34.3103523254, 35.0693702698, 31.4223251343, 30.2568206787, 25.6961555481, 34.8253860474, 33.9198112488, 31.4511756897, 25.9066371918, 39.3900566101, 28.6707439423]
    max: [-1095.67980957, 47.4250297546, 15.5944519043, 8.01086425781e-05, -6.103515625e-05, 2.28881835938e-05, -2.67028808594e-05, 11.5913486481, 25.6986656189, 26.2188358307, 13.7290916443, -3.0517578125e-05, -3.81469726562e-05]
    mean: [-1116.64575195, 22.9295387268, 3.4764893055, -17.3807220459, -28.8767032623, -25.3570041656, -9.12152004242, 11.0416116714, 24.6974143982, 25.2635574341, 13.2138319016, -4.58568000793, -18.8257045746]
    median: [-1116.49597168, 23.0328788757, 3.30133056641, -17.8739738464, -29.554775238, -25.9456596375, -9.32383728027, 11.3802280426, 25.4714851379, 26.1226444244, 13.7281608582, -4.690284729, -19.5047340393]
    min: [-1138.42004395, 1.14440917969e-05, -6.103515625e-05, -18.0641593933, -36.1327476501, -32.4609336853, -12.688079834, -5.34057617188e-05, -4.57763671875e-05, -2.28881835938e-05, -2.67028808594e-05, -4.91718292236, -19.7145347595]
    skew: [-0.29708969593, 0.408474981785, 5.65446281433, 5.97148084641, 5.44783782959, 5.27877759933, 4.53642129898, -5.92469263077, -5.84100961685, -5.58213424683, -5.02543926239, 6.40884447098, 5.30402755737]
    var: [21.0438079834, 25.8539505005, 3.59608769417, 7.30921506882, 21.2684707642, 16.7103061676, 2.3535888195, 2.95737743378, 14.98848629, 16.253868103, 4.88813447952, 0.481474548578, 9.44124794006]

SpecContrastCoeff:
    dmean: [0.0487276352942, 0.0313157774508, 0.0307177528739, 0.0151381846517, 0.00949514191598, 0.00565187912434]
    dmean2: [0.0910435467958, 0.0494839437306, 0.0448658615351, 0.0295520015061, 0.0177215952426, 0.00911339186132]
    dvar: [0.000905729306396, 0.00097254809225, 0.00274548609741, 9.4271141279e-05, 5.27894371771e-05, 2.57435149251e-05]
    dvar2: [0.00338746444322, 0.00075438641943, 0.00263572018594, 0.000345610722434, 0.000156810885528, 5.22581140103e-05]
    kurt: [2.10231256485, 20.0062942505, 18.7680683136, -0.624708652496, 0.402309179306, 6.84258747101]
    max: [-0.785825252533, -0.617255270481, -0.465919822454, -0.919396817684, -0.915286660194, -0.920688092709]
    mean: [-0.857618272305, -0.660803675652, -0.504062116146, -0.943563818932, -0.932939887047, -0.931731939316]
    median: [-0.863547801971, -0.652907431126, -0.486729174852, -0.943771898746, -0.931127429008, -0.931272268295]
    min: [-0.985805213451, -0.983137428761, -0.941730678082, -0.958199203014, -0.956649303436, -0.962618470192]
    skew: [-0.477701842785, -4.35556554794, -4.31079149246, 0.590550780296, -0.501843988895, -2.26193284988]
    var: [0.00128667789977, 0.00335937202908, 0.0064336345531, 0.000104524660856, 7.64840879128e-05, 6.46616754238e-05]

SpecPeakAmp:
    dmean: [3.27033126268e-06, 6.25247921562e-05, 1.47974321862e-06, 1.39896553719e-06, 1.27484531731e-06]
    dmean2: [4.74256330563e-06, 9.6184638096e-05, 2.47847810897e-06, 2.31933972827e-06, 2.09975587495e-06]
    dvar: [9.03917149464e-11, 8.03215272072e-08, 1.61561215795e-11, 1.26825225669e-11, 1.10631781514e-11]
    dvar2: [2.32271674117e-10, 2.06122379609e-07, 3.98891857045e-11, 3.11275588638e-11, 2.71074256791e-11]
    kurt: [36.7391433716, 40.0222587585, 38.3995552063, 36.3727378845, 37.18724823]
    max: [5.1523984439e-05, 0.00136221875437, 2.06766071642e-05, 1.84582640941e-05, 1.74747528945e-05]
    mean: [9.17101624509e-06, 3.13752861985e-05, 1.54131407726e-06, 1.61347725225e-06, 1.77721608452e-06]
    median: [8.32331261336e-06, 1.23744177927e-06, 1.20460697417e-06, 1.23518475448e-06, 1.4635087382e-06]
    min: [2.5184219794e-06, 2.76834100532e-07, 2.54703223845e-07, 1.78494218517e-07, 1.37723205285e-07]
    skew: [6.07396602631, 6.4824385643, 6.28896331787, 6.062458992, 6.14161872864]
    var: [4.24327586956e-11, 4.0253496536e-08, 8.48375536489e-12, 6.74247550153e-12, 5.79519938981e-12]
