
metadata:
    version:
        essentia: "2.1-beta3"

Flux:
    dmean: 0.0332076027989
    dmean2: 0.0461391918361
    dvar: 0.0115106962621
    dvar2: 0.0227169450372
    kurt: 9.05122852325
    max: 0.625418901443
    mean: 0.0440432652831
    median: 0.00210311473347
    min: 0.000103172962554
    skew: 3.22746443748
    var: 0.0193630475551

Rms:
    dmean: 0.0179475527257
    dmean2: 0.0178424865007
    dvar: 0.00251349783503
    dvar2: 0.00113167788368
    kurt: 22.4560165405
    max: 0.465793639421
    mean: 0.444792181253
    median: 0.461161673069
    min: 0.052077729255
    skew: -4.68814659119
    var: 0.00466316659003

RollOff:
    dmean: 25.9377212524
    dmean2: 26.0401535034
    dvar: 26758.0546875
    dvar2: 26301.5488281
    kurt: 39.9606132507
    max: 1291.9921875
    mean: 198.10546875
    median: 172.265625
    min: 172.265625
    skew: 6.47522592545
    var: 27214.8554688

SpecCent:
    dmean: 34.7262039185
    dmean2: 35.0059432983
    dvar: 35604.8476562
    dvar2: 29695.0664062
    kurt: 39.3837394714
    max: 1550.6541748
    mean: 198.514816284
    median: 165.146392822
    min: 162.111190796
    skew: 6.41075325012
    var: 41864.328125

Zcr:
    dmean: 0.000499378540553
    dmean2: 0.000715388800018
    dvar: 5.47155764252e-07
    dvar2: 2.58920749729e-07
    kurt: 17.3773536682
    max: 0.0078125
    mean: 0.00719401054084
    median: 0.00732421875
    min: 0.0009765625
    skew: -4.07796525955
    var: 1.32878597014e-06

HarmonicAmpFreq:
    dmean: [0.0441710725427]
    dmean2: [0.0552236884832]
    dvar: [0.0188631284982]
    dvar2: [0.0135104088113]
    kurt: [36.2475090027]
    max: [165.994903564]
    mean: [165.94708252]
    median: [165.976623535]
    min: [164.915145874]
    skew: [-6.05830335617]
    var: [0.0253434740007]

HarmonicAmpMag:
    dmean: [0.0247841756791]
    dmean2: [0.0189906340092]
    dvar: [0.00838090293109]
    dvar2: [0.00585747882724]
    kurt: [15.489824295]
    max: [0.631867647171]
    mean: [0.601366400719]
    median: [0.631584703922]
    min: [0]
    skew: [-4.04125642776]
    var: [0.0140673136339]

MfccCoeff:
    dmean: [63.9446678162, 15.0694694519, 29.8069992065, 14.2319087982, 8.72381591797, 7.41331529617, 4.11531925201, 4.16406059265, 2.43589520454, 2.56581473351, 1.85209643841, 1.9499168396, 2.05502200127]
    dmean2: [104.339454651, 26.7892990112, 51.0995063782, 24.9936180115, 14.3364372253, 11.5721168518, 5.90454244614, 6.99139690399, 4.38027048111, 4.33070373535, 2.44533753395, 2.36206126213, 2.49678730965]
    dvar: [6766.99023438, 150.661178589, 234.709289551, 140.106506348, 40.9605293274, 20.8283004761, 11.127696991, 5.97801494598, 1.9119746685, 3.54707121849, 9.92858695984, 17.9801921844, 22.8355064392]
    dvar2: [14934.7949219, 261.62991333, 702.044311523, 284.139831543, 50.7902488708, 35.4890632629, 16.361415863, 13.0133047104, 5.02864122391, 6.12703418732, 8.19110107422, 12.9866218567, 20.35779953]
    kurt: [17.8342933655, 7.51527881622, 0.450808286667, 6.28503131866, 10.167509079, 13.5896148682, 14.642988205, 7.19308948517, -0.839239358902, 8.95463943481, 18.322599411, 16.7942581177, 14.56690979]
    max: [-580.503234863, 185.30581665, 120.39050293, 90.0156097412, 60.4401741028, 38.9316711426, 25.3072433472, 11.7808551788, -0.944351196289, -1.15068054199, 2.98849868774, 4.85043334961, 2.18873596191]
    mean: [-967.442626953, 166.351577759, 87.302482605, 61.8897361755, 45.9597587585, 30.7560768127, 18.7956962585, 6.51216697693, -4.29784536362, -14.6489486694, -23.6467933655, -30.9679584503, -36.5399780273]
    median: [-971.726013184, 173.742553711, 82.9094848633, 58.1660308838, 48.7348518372, 30.7963562012, 20.0101203918, 7.27178382874, -4.97023010254, -14.837890625, -24.8063259125, -32.5206413269, -38.4879112244]
    min: [-1030.81115723, 99.2035293579, 16.3985290527, -2.35300827026, -5.38130187988, -12.9632644653, -12.2608413696, -11.1985397339, -7.69024658203, -17.7301254272, -25.9083805084, -33.7920799255, -40.0902366638]
    skew: [3.87595796585, -2.37840986252, -0.42552664876, -1.27759051323, -2.7808868885, -3.16975283623, -3.47070646286, -2.00351715088, 0.404853850603, 2.63281583786, 4.24574518204, 4.12097263336, 3.88621807098]
    var: [5021.34423828, 214.010162354, 521.218444824, 219.438995361, 115.648132324, 71.4010162354, 35.4422187805, 15.0371875763, 2.91681408882, 8.56432056427, 24.0291061401, 45.993522644, 59.1247901917]

SpecContrastCoeff:
    dmean: [0.0337113142014, 0.0163670778275, 0.00845310091972, 0.00478371558711, 0.00411304831505, 0.00448221666738]
    dmean2: [0.0300466548651, 0.0284078698605, 0.0149104306474, 0.00774539075792, 0.00640985183418, 0.00703037623316]
    dvar: [0.00904561206698, 0.00110552436672, 0.000115197013656, 5.76262245886e-05, 3.58052566298e-05, 6.61669982946e-05]
    dvar2: [0.0040030698292, 0.00276514631696, 0.000274115067441, 0.000107910833322, 6.5950647695e-05, 0.000160737195984]
    kurt: [22.5688934326, 10.1803379059, 6.71340751648, 13.3778362274, 12.3800001144, 11.4636697769]
    max: [-0.0325269624591, -0.815455019474, -0.897313833237, -0.905088305473, -0.914116978645, -0.916383564472]
    mean: [-0.0858927071095, -0.931575357914, -0.950656235218, -0.955574274063, -0.95458483696, -0.95585244894]
    median: [-0.0529083646834, -0.940457642078, -0.956519663334, -0.958891510963, -0.956457018852, -0.957781255245]
    min: [-0.918717384338, -0.977984309196, -0.956958532333, -0.960301578045, -0.959439396858, -0.961032152176]
    skew: [-4.6912021637, 3.17471313477, 2.60829782486, 3.51142477989, 3.5191848278, 3.51128292084]
    var: [0.0208602622151, 0.000767519406509, 0.000156149282702, 9.79519754765e-05, 6.84363476466e-05, 7.89173063822e-05]

SpecPeakAmp:
    dmean: [0.0446447841823, 0.205178827047, 0.201268181205, 0.000444991805125, 0.00027158978628]
    dmean2: [0.0686776041985, 0.415457248688, 0.411354243755, 0.000669921224471, 0.000383912556572]
    dvar: [0.0212312601507, 0.0852651521564, 0.0862660109997, 7.86326722846e-07, 6.32715057236e-07]
    dvar2: [0.0548107586801, 0.20376701653, 0.219861745834, 1.23879351577e-06, 1.30338810322e-06]
    kurt: [23.3616161346, -0.489522457123, 1.6124587059, 17.3195266724, 17.233789444]
    max: [0.62291687727, 0.631867647171, 0.631863176823, 0.00482138292864, 0.00338234403171]
    mean: [0.0225238483399, 0.481509327888, 0.0989296287298, 0.000353662326233, 0.000223162482143]
    median: [0.000690676330123, 0.631467223167, 0.000509936944582, 7.69635589677e-05, 6.92216926836e-05]
    min: [0.000102070349385, 0.000184204152902, 0.000118995252706, 1.46125739775e-05, 1.3242897694e-05]
    skew: [4.91095876694, -1.21728563309, 1.90056967735, 4.18918704987, 4.36630773544]
    var: [0.0109642371535, 0.0702891349792, 0.0523145534098, 7.32310240892e-07, 4.55608585526e-07]
