
metadata:
    version:
        essentia: "2.1-beta3"

Flux:
    dmean: 0.0259680449963
    dmean2: 0
    dvar: 0
    dvar2: 0
    kurt: -1.99999988079
    max: 0.37483844161
    mean: 0.361854434013
    median: 0.361854434013
    min: 0.348870396614
    skew: -3.47982359017e-06
    var: 0.000168584840139

Rms:
    dmean: 0
    dmean2: 0
    dvar: 0
    dvar2: 0
    kurt: 0
    max: 0.129373699427
    mean: 0.129373699427
    median: 0.129373699427
    min: 0.129373699427
    skew: 0
    var: 0

RollOff:
    dmean: 21.533203125
    dmean2: 0
    dvar: 0
    dvar2: 0
    kurt: -2
    max: 322.998046875
    mean: 312.231445312
    median: 312.231445312
    min: 301.46484375
    skew: 0
    var: 115.919708252

SpecCent:
    dmean: 549.677612305
    dmean2: 0
    dvar: 0
    dvar2: 0
    kurt: -2
    max: 772.931884766
    mean: 498.093078613
    median: 498.093078613
    min: 223.254257202
    skew: 0
    var: 75536.3671875

Zcr:
    dmean: 0
    dmean2: 0
    dvar: 0
    dvar2: 0
    kurt: 0
    max: 0.0029296875
    mean: 0.0029296875
    median: 0.0029296875
    min: 0.0029296875
    skew: 0
    var: 0

HarmonicAmpFreq:
    dmean: [19.0737304688]
    dmean2: [0]
    dvar: [0]
    dvar2: [0]
    kurt: [-2]
    max: [251.268798828]
    mean: [241.731933594]
    median: [241.731933594]
    min: [232.195068359]
    skew: [0]
    var: [90.9517974854]

HarmonicAmpMag:
    dmean: [0.139394134283]
    dmean2: [0]
    dvar: [0]
    dvar2: [0]
    kurt: [-2]
    max: [0.15188883245]
    mean: [0.0821917653084]
    median: [0.0821917653084]
    min: [0.0124946963042]
    skew: [0]
    var: [0.00485768122599]

MfccCoeff:
    dmean: [423.523925781, 25.2197113037, 49.1138381958, 4.34400367737, 2.20166397095, 13.6786689758, 19.2605857849, 19.9494628906, 16.1093921661, 13.3430747986, 6.36323547363, 2.4488735199, 1.13182449341]
    dmean2: [0, 0, 0, 0, 0, 0, 0, 0, 0, 0, 0, 0, 0]
    dvar: [0, 0, 0, 0, 0, 0, 0, 0, 0, 0, 0, 0, 0]
    dvar2: [0, 0, 0, 0, 0, 0, 0, 0, 0, 0, 0, 0, 0]
    kurt: [-2, -1.99999988079, -2, -2.00000023842, -2, -2, -2, -2, -2, -2, -1.99999988079, -2, -2]
    max: [-565.952880859, 162.553314209, 76.1529541016, 26.9576911926, 7.41421508789, 1.88473129272, -5.90298843384, -7.82998657227, -11.6082363129, -11.8874168396, -13.0128383636, -11.8232517242, -10.0310249329]
    mean: [-777.71484375, 149.943450928, 51.5960350037, 24.7856903076, 6.31338310242, -4.95460319519, -15.5332813263, -17.8047180176, -19.6629333496, -18.5589542389, -16.1944561005, -13.0476884842, -10.5969371796]
    median: [-777.71484375, 149.943450928, 51.5960350037, 24.7856903076, 6.31338310242, -4.95460319519, -15.5332813263, -17.8047180176, -19.6629333496, -18.5589542389, -16.1944561005, -13.0476884842, -10.5969371796]
    min: [-989.476806641, 137.333602905, 27.0391139984, 22.6136875153, 5.21255111694, -11.7939376831, -25.1635742188, -27.7794494629, -27.717628479, -25.2304916382, -19.3760738373, -14.2721252441, -11.1628494263]
    skew: [0, 1.82642145319e-06, -6.59444623352e-08, -1.30300929868e-06, 0, 0, 0, 0, 3.50391729853e-07, 0, 0, 0, 0]
    var: [44843.1289062, 159.008453369, 603.042358398, 4.71759223938, 1.21183109283, 46.7764968872, 92.7425384521, 99.4952697754, 64.8781280518, 44.5094108582, 10.1226911545, 1.4992454052, 0.32025668025]

SpecContrastCoeff:
    dmean: [0.100029110909, 0.148553133011, 0.0223063230515, 0.0158098936081, 0.0272614359856, 0.0254411101341]
    dmean2: [0, 0, 0, 0, 0, 0]
    dvar: [0, 0, 0, 0, 0, 0]
    dvar2: [0, 0, 0, 0, 0, 0]
    kurt: [-2, -2, -2, -2, -1.99999988079, -2]
    max: [-0.473421096802, -0.655733585358, -0.896324753761, -0.928632795811, -0.927947700024, -0.933492839336]
    mean: [-0.523435652256, -0.730010151863, -0.907477915287, -0.936537742615, -0.941578388214, -0.946213364601]
    median: [-0.523435652256, -0.730010151863, -0.907477915287, -0.936537742615, -0.941578388214, -0.946213364601]
    min: [-0.57345020771, -0.804286718369, -0.918631076813, -0.944442689419, -0.955209136009, -0.958933949471]
    skew: [0, 0, 0, 0, -6.55400663163e-06, -7.01448334439e-06]
    var: [0.00250145583414, 0.00551700824872, 0.000124393016449, 6.24881868134e-05, 0.000185796467122, 0.000161812524311]
