
metadata:
    version:
        essentia: "2.1-beta3"

Flux:
    dmean: 6.83906318955e-06
    dmean2: 1.01674177131e-05
    dvar: 5.35804012269e-10
    dvar2: 1.16081488866e-09
    kurt: 14.1744289398
    max: 0.000125811217004
    mean: 8.00825091574e-06
    median: 1.92966126633e-06
    min: 6.93912681982e-07
    skew: 3.87787938118
    var: 5.62452084907e-10

Rms:
    dmean: 2.16435842049e-06
    dmean2: 2.41974203163e-06
    dvar: 4.16754269983e-11
    dvar2: 3.02219430037e-11
    kurt: 20.2080554962
    max: 0.000102127785794
    mean: 9.95005320874e-05
    median: 0.000101168174297
    min: 5.81272106501e-05
    skew: -4.54989767075
    var: 5.68709419835e-11

RollOff:
    dmean: 0.500772178173
    dmean2: 0.5126953125
    dvar: 10.5324554443
    dvar2: 10.7771167755
    kurt: 39.023349762
    max: 366.064453125
    mean: 345.020629883
    median: 344.53125
    min: 344.53125
    skew: 6.40495061874
    var: 10.2986516953

SpecCent:
    dmean: 8.24232769012
    dmean2: 11.5768432617
    dvar: 144.364501953
    dvar2: 135.155273438
    kurt: 13.6613121033
    max: 660.078857422
    mean: 591.034973145
    median: 588.724365234
    min: 579.850769043
    skew: 3.7288146019
    var: 218.724319458

Zcr:
    dmean: 0.000635901174974
    dmean2: 0.000906808010768
    dvar: 2.23486745199e-06
    dvar2: 1.95924917534e-06
    kurt: 16.3991851807
    max: 0.01513671875
    mean: 0.0145929511636
    median: 0.01513671875
    min: 0.0068359375
    skew: -4.2163643837
    var: 2.59243074652e-06

HarmonicAmpFreq:
    dmean: [0.224950030446]
    dmean2: [0.40983363986]
    dvar: [0.171035394073]
    dvar2: [0.382975071669]
    kurt: [7.18462371826]
    max: [330.375823975]
    mean: [328.860931396]
    median: [328.734649658]
    min: [328.714324951]
    skew: [2.82108569145]
    var: [0.123977445066]

HarmonicAmpMag:
    dmean: [2.92327531497e-05]
    dmean2: [5.60548032809e-05]
    dvar: [2.95029578545e-09]
    dvar2: [7.92288101792e-09]
    kurt: [3.77691698074]
    max: [0.000137387702125]
    mean: [0.000121194731037]
    median: [0.000137259921758]
    min: [0]
    skew: [-2.35805821419]
    var: [1.75651104772e-09]

MfccCoeff:
    dmean: [0.140474542975, 0.183087721467, 0.138940855861, 0.073356449604, 0.00343038863502, 0.078126065433, 0.139838635921, 0.178679361939, 0.188922256231, 0.16957642138, 0.124450325966, 0.0614576116204, 0.00994642358273]
    dmean2: [0.145388647914, 0.189496725798, 0.143856957555, 0.0760476216674, 0.00364358094521, 0.0806710347533, 0.144545421004, 0.184793382883, 0.195517763495, 0.175656631589, 0.129122599959, 0.0640442222357, 0.0105643495917]
    dvar: [0.472032189369, 0.801385462284, 0.460168302059, 0.127026557922, 0.000367706466932, 0.149050965905, 0.472837239504, 0.767854273319, 0.853915035725, 0.683118522167, 0.363326817751, 0.085343554616, 0.00309706735425]
    dvar2: [0.478123813868, 0.811722099781, 0.466080307961, 0.128641471267, 0.000373044284061, 0.151019737124, 0.479011267424, 0.77782958746, 0.864937126637, 0.69186091423, 0.36790317297, 0.0863716006279, 0.00314221391454]
    kurt: [29.7135467529, 29.6910629272, 29.5987815857, 29.2825202942, 38.3703994751, 30.3719482422, 30.053653717, 29.8822479248, 29.7147102356, 29.4874610901, 29.0767250061, 27.8244056702, 38.3717308044]
    max: [-1134.09155273, 5.63889694214, 4.26986694336, 2.23790359497, -6.103515625e-05, 2.28881835938e-05, -2.67028808594e-05, -5.34057617188e-05, -4.57763671875e-05, -2.28881835938e-05, -2.67028808594e-05, -3.0517578125e-05, 0.371520996094]
    mean: [-1134.23071289, 5.45753526688, 4.13219928741, 2.16514801979, -0.124662920833, -2.36724996567, -4.20512485504, -5.35094928741, -5.63473844528, -5.02987337112, -3.65496730804, -1.75095176697, 0.361567229033]
    median: [-1134.09594727, 5.63306808472, 4.26533508301, 2.23534011841, -0.127807617188, -2.44241333008, -4.33933639526, -5.52236938477, -5.81587982178, -5.19226074219, -3.77392196655, -1.80926513672, 0.370700836182]
    min: [-1138.42004395, 1.14440917969e-05, -6.103515625e-05, 8.01086425781e-05, -0.12809753418, -2.44449615479, -4.34351730347, -5.52786254883, -5.82188415527, -5.19794464111, -3.77843856812, -1.8120803833, -3.81469726562e-05]
    skew: [-5.47432994843, -5.47229671478, -5.46376228333, -5.43458890915, 6.33084917068, 5.53549909592, 5.50589609146, 5.48999071121, 5.47447872162, 5.45348262787, 5.41566085815, 5.30131387711, -6.33099603653]
    var: [0.466211229563, 0.791512668133, 0.454517185688, 0.125479996204, 0.000363903091056, 0.147179156542, 0.46694996953, 0.758338868618, 0.843385338783, 0.674752831459, 0.358934342861, 0.0843550488353, 0.0030647800304]

SpecContrastCoeff:
    dmean: [0.0233924444765, 0.0235381126404, 0.0148626593873, 0.013223846443, 0.0234896950424, 0.0150908790529]
    dmean2: [0.0324765518308, 0.033890068531, 0.0240863785148, 0.0196395982057, 0.0410618558526, 0.0244896374643]
    dvar: [0.0010035331361, 0.00200191792101, 0.000144696386997, 0.000185793178389, 0.000315666227834, 0.000228642704315]
    dvar2: [0.000646958942525, 0.00200990634039, 0.000353145325789, 0.000221520749619, 0.000619996339083, 0.000292078155326]
    kurt: [12.3766307831, 18.1118621826, 3.77143335342, 9.7132806778, 5.25953006744, 8.54561710358]
    max: [-0.639162957668, -0.5187292099, -0.886547446251, -0.852928638458, -0.844677567482, -0.827271103859]
    mean: [-0.683606266975, -0.558553516865, -0.908769607544, -0.882851004601, -0.872115194798, -0.858764708042]
    median: [-0.675816893578, -0.55096411705, -0.905027806759, -0.880492329597, -0.873190045357, -0.858658015728]
    min: [-0.867457270622, -0.816006541252, -0.960142493248, -0.965193152428, -0.96297544241, -0.939086735249]
    skew: [-3.48336005211, -4.25797319412, -1.49691438675, -2.80426454544, -1.73867189884, -2.45930671692]
    var: [0.00178740103729, 0.0023645889014, 0.000179920825758, 0.000330914510414, 0.000465299002826, 0.000356423086487]

SpecPeakAmp:
    dmean: [2.77232032886e-07, 2.04531943382e-06, 3.2735260902e-05, 6.38240962871e-05, 3.20320214087e-05]
    dmean2: [3.77823056397e-07, 2.15826707972e-06, 6.29317510175e-05, 0.000127294159029, 6.54362083878e-05]
    dvar: [4.90293569633e-13, 1.50576343061e-10, 3.3088674023e-09, 4.64445282233e-09, 3.338535004e-09]
    dvar2: [5.30795134408e-13, 1.53646539935e-10, 7.21522708247e-09, 9.27701737652e-09, 9.12014197496e-09]
    kurt: [29.0824317932, 38.964515686, 1.37754154205, -1.86298382282, 3.92742776871]
    max: [1.69953109435e-05, 8.18642074591e-05, 0.000137363444082, 0.000137367926072, 0.000137387702125]
    mean: [1.66124500538e-05, 2.19275011659e-06, 2.28929166042e-05, 8.12347352621e-05, 1.59305673151e-05]
    median: [1.67307807715e-05, 2.98247641695e-07, 1.6108657519e-07, 0.000137227791129, 3.31986996116e-07]
    min: [1.21711673273e-05, 9.34825266086e-08, 8.79987567259e-08, 6.8036378309e-08, 1.00813792869e-07]
    skew: [-5.35401296616, 6.39800643921, 1.8249065876, -0.369832754135, 2.43451189995]
    var: [5.28204758578e-13, 1.47720613519e-10, 2.50418041858e-09, 4.52240112025e-09, 1.88955895375e-09]
