
metadata:
    version:
        essentia: "2.1-beta3"

Flux:
    dmean: 0.000164279626915
    dmean2: 0.000214948217035
    dvar: 2.84961402031e-07
    dvar2: 5.5760409623e-07
    kurt: 9.71080780029
    max: 0.00312966736965
    mean: 0.000215723615838
    median: 1.12556281238e-05
    min: 7.50598701416e-06
    skew: 3.30961513519
    var: 4.62769577325e-07

Rms:
    dmean: 7.3070084909e-05
    dmean2: 6.30771828583e-05
    dvar: 5.10467081938e-08
    dvar2: 2.24412399774e-08
    kurt: 20.9090461731
    max: 0.00224959431216
    mean: 0.00215961574577
    median: 0.00223703542724
    min: 0.000407478335546
    skew: -4.5376791954
    var: 9.65926147956e-08

RollOff:
    dmean: 3.42573690414
    dmean2: 3.50540518761
    dvar: 504.633972168
    dvar2: 516.090332031
    kurt: 40.022731781
    max: 495.263671875
    mean: 347.880859375
    median: 344.53125
    min: 344.53125
    skew: 6.48249435425
    var: 493.674835205

SpecCent:
    dmean: 7.291264534
    dmean2: 9.22500514984
    dvar: 590.312927246
    dvar2: 478.927246094
    kurt: 38.9662628174
    max: 510.19241333
    mean: 335.155700684
    median: 330.851806641
    min: 327.679473877
    skew: 6.35957765579
    var: 705.038208008

Zcr:
    dmean: 0.000765713804867
    dmean2: 0.000874364108313
    dvar: 2.89784497909e-06
    dvar2: 1.50323569414e-06
    kurt: 17.724275589
    max: 0.01513671875
    mean: 0.0143120661378
    median: 0.01513671875
    min: 0.00048828125
    skew: -4.2027425766
    var: 6.55727535559e-06

HarmonicAmpFreq:
    dmean: [0.155234590173]
    dmean2: [0.26488122344]
    dvar: [0.132411837578]
    dvar2: [0.319603532553]
    kurt: [6.79161930084]
    max: [329.830078125]
    mean: [328.821990967]
    median: [328.733581543]
    min: [328.595458984]
    skew: [2.92439770699]
    var: [0.087447039783]

HarmonicAmpMag:
    dmean: [0.000400627526687]
    dmean2: [0.000666136853397]
    dvar: [9.18346756862e-07]
    dvar2: [2.3442867132e-06]
    kurt: [6.08993530273]
    max: [0.00307530490682]
    mean: [0.00279127759859]
    median: [0.00307438196614]
    min: [0]
    skew: [-2.7848880291]
    var: [6.94971902249e-07]

MfccCoeff:
    dmean: [1.95817422867, 2.55075216293, 1.95860862732, 1.15955841541, 0.390223413706, 0.416907906532, 0.697081744671, 0.855368673801, 0.869220137596, 0.741830646992, 0.511807382107, 0.21276769042, 0.132960572839]
    dmean2: [2.67334270477, 3.48399186134, 2.68460178375, 1.61947739124, 0.621100127697, 0.351994723082, 0.669138252735, 0.78045386076, 0.716579556465, 0.538089692593, 0.324257463217, 0.196791708469, 0.109588094056]
    dvar: [78.4173126221, 133.039855957, 78.3443222046, 27.3409309387, 3.01674246788, 3.24848103523, 11.9464197159, 16.3363132477, 14.1972475052, 8.95775699615, 3.83451771736, 0.624706208706, 0.246270611882]
    dvar2: [165.766174316, 281.611816406, 167.301834106, 60.9011497498, 8.01608848572, 1.80610156059, 9.9512052536, 11.8893547058, 7.78416919708, 3.98279380798, 1.99056494236, 0.548451185226, 0.117186494172]
    kurt: [19.4549369812, 19.4998054504, 19.863527298, 23.0160331726, 36.1672897339, 33.4451789856, 36.5970993042, 35.3957557678, 32.4498329163, 28.3701400757, 24.0321044922, 18.4137706757, 30.0540313721]
    max: [-1085.60180664, 68.7447280884, 52.491733551, 30.1844673157, 7.26629638672, 2.28881835938e-05, -2.67028808594e-05, -5.34057617188e-05, -4.57763671875e-05, -2.28881835938e-05, -2.67028808594e-05, -3.0517578125e-05, 4.87238311768]
    mean: [-1114.04882812, 31.5979785919, 23.5167255402, 11.686217308, -1.78052914143, -14.5316543579, -24.4222431183, -29.8977165222, -30.247505188, -25.6857185364, -17.2575416565, -6.60168647766, 4.37671232224]
    median: [-1114.05126953, 31.5900382996, 23.4831542969, 11.5791358948, -2.0319519043, -14.9952163696, -25.1278305054, -30.80834198, -31.2523593903, -26.6209793091, -17.9476985931, -6.90910339355, 4.51335144043]
    min: [-1138.42004395, 1.14440917969e-05, -6.103515625e-05, 8.01086425781e-05, -2.19723510742, -15.2882156372, -25.47290802, -31.1157608032, -31.4414463043, -26.6408309937, -17.9500331879, -6.91398620605, -3.81469726562e-05]
    skew: [1.06022286415, 1.10849785805, 1.42366099358, 2.9689013958, 6.07807826996, 5.7829580307, 6.11162519455, 5.9828338623, 5.67967414856, 5.28213834763, 4.87427520752, 4.33941173553, -5.46866226196]
    var: [31.5835456848, 53.5357818604, 31.3474617004, 10.7689857483, 1.95099532604, 5.22152519226, 14.1346464157, 21.5159854889, 22.9472675323, 17.6834049225, 8.72412967682, 1.50639426708, 0.500252306461]

SpecContrastCoeff:
    dmean: [0.034279782325, 0.0318958982825, 0.0157933868468, 0.0178488027304, 0.0140542443842, 0.00793230906129]
    dmean2: [0.0556873008609, 0.0392635986209, 0.0279107317328, 0.0324157103896, 0.0234877001494, 0.0130330743268]
    dvar: [0.000733866356313, 0.00347441295162, 0.000137719660415, 0.000173767970409, 9.86555314739e-05, 9.60443212534e-05]
    dvar2: [0.00156121747568, 0.00244905380532, 0.000306116970023, 0.000458102760604, 0.000329848437104, 0.000291563366773]
    kurt: [10.146068573, 20.0536365509, 0.856087207794, 0.143072843552, 1.18834257126, 11.2407636642]
    max: [-0.716423630714, -0.400007069111, -0.905710935593, -0.899406909943, -0.903969347477, -0.900443613529]
    mean: [-0.795562684536, -0.445033103228, -0.949367582798, -0.938040614128, -0.927994728088, -0.917792439461]
    median: [-0.797811925411, -0.427124559879, -0.953261017799, -0.941935896873, -0.927777171135, -0.916354179382]
    min: [-0.992604911327, -0.962537527084, -0.965644180775, -0.958777248859, -0.961911797523, -0.962010204792]
    skew: [-2.44660305977, -4.42911863327, 1.09134507179, 0.821070790291, -0.294335871935, -2.56563615799]
    var: [0.00169164699037, 0.00861777551472, 0.000182046016562, 0.000172510306584, 0.000110774642962, 7.97899701865e-05]

SpecPeakAmp:
    dmean: [9.17142278922e-06, 8.42337249196e-05, 2.69165593636e-06, 0.00137763412204, 0.00139844010118]
    dmean2: [1.44454952533e-05, 0.000129263906274, 3.83967289963e-06, 0.00276452070102, 0.00286032631993]
    dvar: [7.6496214918e-10, 1.4445068075e-07, 3.26913045245e-11, 2.28229237109e-06, 2.33494142776e-06]
    dvar2: [1.88925874944e-09, 3.70797067717e-07, 5.786007784e-11, 5.18671640748e-06, 4.99245561514e-06]
    kurt: [38.3803939819, 40.0198326111, 18.0444450378, -1.15121662617, -1.83325982094]
    max: [0.000147309299791, 0.00182770018, 3.14525532303e-05, 0.00307511375286, 0.00307530490682]
    mean: [1.93699852389e-05, 4.294559767e-05, 3.59808882422e-06, 0.000907940091565, 0.00184679566883]
    median: [1.67045327544e-05, 2.38021470977e-06, 2.70189025287e-06, 2.92296749649e-06, 0.0030740944203]
    min: [4.19813659391e-06, 5.15291674219e-07, 2.8758503845e-07, 2.0189828831e-07, 1.56141524599e-07]
    skew: [6.28113985062, 6.48215198517, 4.35410499573, 0.909855186939, -0.408282339573]
    var: [3.79363901404e-10, 7.23967303884e-08, 2.8781461589e-11, 1.91555227502e-06, 2.26145789384e-06]
