
metadata:
    version:
        essentia: "2.1-beta3"

Flux:
    dmean: 0.00368609675206
    dmean2: 0.00500541785732
    dvar: 0.000142439283081
    dvar2: 0.000283985718852
    kurt: 9.40836143494
    max: 0.0686857402325
    mean: 0.00475010508671
    median: 0.000174350760062
    min: 1.45166686707e-05
    skew: 3.27453136444
    var: 0.000230920239119

Rms:
    dmean: 0.00163620640524
    dmean2: 0.00138839660212
    dvar: 2.5025818104e-05
    dvar2: 1.04422570075e-05
    kurt: 20.7573680878
    max: 0.0503589771688
    mean: 0.0483411215246
    median: 0.050084374845
    min: 0.00910452008247
    skew: -4.51904535294
    var: 4.8590311053e-05

RollOff:
    dmean: 5.87269163132
    dmean2: 5.5084939003
    dvar: 1251.16650391
    dvar2: 1058.76257324
    kurt: 39.4301986694
    max: 602.9296875
    mean: 350.751953125
    median: 344.53125
    min: 344.53125
    skew: 6.4159412384
    var: 1455.37902832

SpecCent:
    dmean: 12.6903448105
    dmean2: 13.9739341736
    dvar: 3021.32788086
    dvar2: 2383.57910156
    kurt: 38.9331436157
    max: 745.390380859
    mean: 339.997802734
    median: 330.172424316
    min: 326.365539551
    skew: 6.36080789566
    var: 3783.40527344

Zcr:
    dmean: 0.00077681109542
    dmean2: 0.000942496350035
    dvar: 3.05953994939e-06
    dvar2: 1.90064224626e-06
    kurt: 18.427116394
    max: 0.01513671875
    mean: 0.0143446177244
    median: 0.01513671875
    min: 0.0009765625
    skew: -4.2719669342
    var: 6.00061275691e-06

HarmonicAmpFreq:
    dmean: [0.0504011660814]
    dmean2: [0.0464740134776]
    dvar: [0.0265010278672]
    dvar2: [0.015667449683]
    kurt: [17.25349617]
    max: [329.827606201]
    mean: [328.783050537]
    median: [328.732940674]
    min: [328.724609375]
    skew: [4.27049303055]
    var: [0.0413250252604]

HarmonicAmpMag:
    dmean: [0.00271420762874]
    dmean2: [0.00208317977376]
    dvar: [0.000102072561276]
    dvar2: [7.11916509317e-05]
    kurt: [15.4407062531]
    max: [0.0688530355692]
    mean: [0.0655263587832]
    median: [0.0688357278705]
    min: [0]
    skew: [-4.04201984406]
    var: [0.000168713682797]

MfccCoeff:
    dmean: [14.5633125305, 9.60940933228, 5.7832736969, 6.52576255798, 7.40269899368, 7.36919736862, 6.5557050705, 4.82630300522, 2.69245195389, 2.32590723038, 2.39378857613, 1.49634599686, 1.02329218388]
    dmean2: [21.5873413086, 13.9621286392, 8.43324661255, 11.2060899734, 12.3980398178, 12.1313381195, 10.1419229507, 7.09408092499, 3.39643549919, 2.98496556282, 3.23593115807, 2.4744515419, 1.68221127987]
    dvar: [2831.58276367, 579.381286621, 13.1099700928, 10.541680336, 11.4608297348, 18.5193920135, 29.2630329132, 45.8471717834, 46.8670196533, 29.3752880096, 8.94613170624, 1.32064652443, 5.74259519577]
    dvar2: [7084.27783203, 1334.69873047, 19.5314311981, 27.8106632233, 35.6571464539, 44.4619369507, 45.5191993713, 59.0183143616, 52.6081428528, 30.7098331451, 8.60190010071, 3.11400365829, 10.1793222427]
    kurt: [35.6072502136, 16.3551883698, 8.50744533539, -0.624248504639, -1.41595995426, 6.36742019653, 13.8979587555, 15.9769439697, 17.4418811798, 17.7191734314, 18.5439605713, 7.89987754822, 8.5900182724]
    max: [-844.975524902, 162.476470947, 77.2434082031, 34.7642402649, 4.48051452637, -1.22278594971, -4.19785690308, -4.46781921387, -2.87519836426, -0.645652770996, 1.119556427, 1.81674957275, 16.7835998535]
    mean: [-1077.33728027, 73.9636993408, 52.288936615, 24.968755722, -5.07624959946, -31.6310768127, -50.5832290649, -58.990688324, -56.4418334961, -44.282333374, -25.6801166534, -4.50351428986, 15.2251415253]
    median: [-1082.5982666, 72.2024307251, 53.0340309143, 25.694568634, -4.69352722168, -31.3709983826, -52.0615310669, -61.3854904175, -58.8224258423, -46.2843933105, -26.5188655853, -4.29773712158, 16.3024597168]
    min: [-1119.28942871, 25.0073356628, 19.4536743164, 11.9516334534, -11.957775116, -39.0412559509, -57.1686019897, -64.4658203125, -62.4741744995, -50.0210571289, -30.9414577484, -9.78238677979, 1.45120239258]
    skew: [5.95247030258, 3.05317831039, -1.04677939415, -0.320389062166, -0.0880009531975, 1.99345123768, 3.48260235786, 3.99421310425, 4.22864294052, 4.25360870361, 4.18971967697, 0.629002213478, -3.1618874073]
    var: [1296.34973145, 285.451049805, 56.1277351379, 23.1234436035, 24.0165500641, 48.7314109802, 83.3202285767, 111.812042236, 102.873153687, 67.7162399292, 24.1787166595, 2.21868348122, 12.5301351547]

SpecContrastCoeff:
    dmean: [0.0468505620956, 0.0374887548387, 0.0129995485768, 0.00783803407103, 0.00664044125006, 0.0142411822453]
    dmean2: [0.078490793705, 0.0409848839045, 0.0219473950565, 0.0141151258722, 0.0120454346761, 0.0269785840064]
    dvar: [0.00114664516877, 0.00590413529426, 0.00014618759451, 6.75300543662e-05, 8.07738906587e-05, 0.0002106847096]
    dvar2: [0.00167446548585, 0.00254172342829, 0.000395553797716, 0.000161149728228, 0.000199996036827, 0.000524829374626]
    kurt: [8.95861053467, 22.1304168701, 6.29970836639, 6.36914825439, 5.89671993256, 2.01054286957]
    max: [-0.693123877048, -0.215335220098, -0.890781581402, -0.91922211647, -0.925697803497, -0.914995074272]
    mean: [-0.778054058552, -0.267848908901, -0.948973655701, -0.959278762341, -0.959126770496, -0.954124391079]
    median: [-0.791477501392, -0.2448233217, -0.955700755119, -0.964147865772, -0.962941050529, -0.960592269897]
    min: [-0.999117016792, -0.967561006546, -0.958740472794, -0.964714109898, -0.963731527328, -0.96341919899]
    skew: [-1.97368359566, -4.64480924606, 2.44614052773, 2.3826341629, 2.53950929642, 1.77720224857]
    var: [0.00217082933523, 0.0149047663435, 0.000213893625187, 8.31562065287e-05, 7.33997221687e-05, 0.000166159312357]

SpecPeakAmp:
    dmean: [0.000151928135892, 0.0080798799172, 0.0187826585025, 0.0120609793812, 4.44468460046e-05]
    dmean2: [0.000237080719671, 0.0155990831554, 0.0383848138154, 0.0235284175724, 5.88379298279e-05]
    dvar: [3.03901913412e-07, 0.000436118600192, 0.000935918826144, 0.000658433011267, 1.55563242288e-08]
    dvar2: [7.84381484209e-07, 0.00125938327983, 0.00226459628902, 0.0018503285246, 2.35173995833e-08]
    kurt: [39.4827423096, 12.5860815048, 0.250266075134, 5.98400211334, 23.929479599]
    max: [0.0027337607462, 0.0688262656331, 0.0688530355692, 0.0688506439328, 0.000757852511015]
    mean: [0.000115914386697, 0.00399316009134, 0.055107396096, 0.00656326161698, 4.69675906061e-05]
    median: [5.75237027078e-05, 5.54437610845e-05, 0.0688334107399, 4.87764118589e-05, 2.00908925763e-05]
    min: [1.44467630889e-05, 1.65836390806e-05, 1.02129124571e-05, 7.47011199564e-06, 5.92280684941e-06]
    skew: [6.41997623444, 3.75571465492, -1.50005626678, 2.80261993408, 4.92161464691]
    var: [1.56740625812e-07, 0.000229580269661, 0.000754149747081, 0.000382869533496, 1.50286663114e-08]
