
metadata:
    version:
        essentia: "2.1-beta3"

Flux:
    dmean: 0.0333667248487
    dmean2: 0.044706992805
    dvar: 0.0115948291495
    dvar2: 0.0223974883556
    kurt: 9.37042236328
    max: 0.639153242111
    mean: 0.0436691716313
    median: 0.001531282207
    min: 9.11253300728e-05
    skew: 3.26423811913
    var: 0.019559841603

Rms:
    dmean: 0.0150737408549
    dmean2: 0.0130749689415
    dvar: 0.00216033286415
    dvar2: 0.000941801466979
    kurt: 20.9206390381
    max: 0.463970541954
    mean: 0.445534646511
    median: 0.461422473192
    min: 0.0848423168063
    skew: -4.53986501694
    var: 0.004093200434

RollOff:
    dmean: 17.6180744171
    dmean2: 17.5270252228
    dvar: 12609.3808594
    dvar2: 12168.9990234
    kurt: 39.956401825
    max: 1119.7265625
    mean: 362.236328125
    median: 344.53125
    min: 344.53125
    skew: 6.47478199005
    var: 13050.7851562

SpecCent:
    dmean: 24.1495304108
    dmean2: 24.1138114929
    dvar: 14563.1181641
    dvar2: 11037.484375
    kurt: 38.7285919189
    max: 1251.46228027
    mean: 352.918823242
    median: 330.253601074
    min: 326.619934082
    skew: 6.34015083313
    var: 18632.9394531

Zcr:
    dmean: 0.000765713804867
    dmean2: 0.000919785583392
    dvar: 2.89784497909e-06
    dvar2: 1.89858008071e-06
    kurt: 18.4381961823
    max: 0.01513671875
    mean: 0.0143446177244
    median: 0.01513671875
    min: 0.0009765625
    skew: -4.27020215988
    var: 5.99001668888e-06

HarmonicAmpFreq:
    dmean: [0.065318711102]
    dmean2: [0.105380743742]
    dvar: [0.0601473450661]
    dvar2: [0.142559409142]
    kurt: [16.8804321289]
    max: [330.289733887]
    mean: [328.804779053]
    median: [328.732543945]
    min: [328.724487305]
    skew: [4.19664907455]
    var: [0.0819477364421]

HarmonicAmpMag:
    dmean: [0.0247901976109]
    dmean2: [0.0191269461066]
    dvar: [0.0085183987394]
    dvar2: [0.00585786113515]
    kurt: [15.7618598938]
    max: [0.634370744228]
    mean: [0.604076385498]
    median: [0.63420933485]
    min: [0]
    skew: [-4.07323455811]
    var: [0.0140797831118]

MfccCoeff:
    dmean: [46.2665634155, 8.44072341919, 33.6679878235, 14.3504152298, 7.15890026093, 6.75888824463, 5.20183372498, 5.82721233368, 3.7854180336, 3.68914961815, 2.53512787819, 1.85479879379, 2.20507049561]
    dmean2: [73.0011444092, 14.3654670715, 56.2415809631, 24.7101249695, 13.037478447, 12.276137352, 8.01893901825, 9.31442642212, 5.40870666504, 5.40297412872, 3.76470923424, 3.13591241837, 3.89060807228]
    dvar: [6938.94873047, 44.2183303833, 293.252105713, 63.5760040283, 32.637096405, 35.8184814453, 25.1990413666, 37.7906341553, 38.4414787292, 26.3605670929, 12.0247678757, 3.77920055389, 7.35804891586]
    dvar2: [16980.8515625, 68.3621368408, 831.756347656, 163.555236816, 89.7830429077, 67.3699874878, 35.1802825928, 48.6723518372, 39.5480728149, 22.9682674408, 9.28527450562, 8.40365314484, 11.8719921112]
    kurt: [27.0794563293, 9.30769252777, -0.870432376862, -0.563388824463, -0.37627696991, 1.1351981163, 10.4648666382, 10.6177721024, 15.0426483154, 15.5442352295, 19.8814964294, 4.62385988235, 8.158452034]
    max: [-563.419311523, 190.548583984, 105.535400391, 41.9587287903, -5.8448638916, -18.3115081787, -16.671913147, -15.3459014893, -7.99453735352, -2.31600952148, 2.18316268921, 1.89741516113, 17.1826858521]
    mean: [-966.278930664, 163.266952515, 66.4399871826, 19.965593338, -12.4989519119, -38.5271377563, -53.3431549072, -59.8639984131, -56.1498756409, -44.0425453186, -25.8533153534, -5.0329785347, 14.2215833664]
    median: [-971.286987305, 164.508880615, 63.8554420471, 17.9006996155, -10.4912414551, -38.8579216003, -54.1795272827, -61.0164108276, -58.0473403931, -45.3394393921, -26.5743923187, -4.61779785156, 15.7114486694]
    min: [-1009.94372559, 110.039451599, 8.96524047852, -2.11213302612, -25.1045951843, -50.0533409119, -62.7471237183, -69.844039917, -63.3826217651, -50.842918396, -30.6718196869, -9.88400268555, -1.95765686035]
    skew: [5.02895832062, -2.1534101963, -0.0608115009964, 0.406668782234, -0.913039684296, 0.754550635815, 3.00612521172, 3.1601831913, 3.85810852051, 3.86613225937, 4.2203001976, 0.319928437471, -2.92248606682]
    var: [4437.98925781, 133.140487671, 646.411743164, 120.832496643, 30.1071052551, 45.1347923279, 60.4008178711, 91.4972457886, 87.7493133545, 63.9727706909, 24.939163208, 3.12082338333, 16.9429092407]

SpecContrastCoeff:
    dmean: [0.0691062733531, 0.0342038832605, 0.0136920846999, 0.00799734052271, 0.00559984939173, 0.0080246925354]
    dmean2: [0.123350024223, 0.0332223847508, 0.0221317652613, 0.0140529535711, 0.00928657874465, 0.0143342167139]
    dvar: [0.0044045955874, 0.0104011325166, 0.000143301964272, 9.3031580036e-05, 7.62871932238e-05, 0.000178716552909]
    dvar2: [0.00951302889735, 0.0043009063229, 0.000226167030632, 0.000170987084857, 0.000161092204507, 0.000462551397504]
    kurt: [2.80503463745, 27.7387828827, 5.98287773132, 9.08911132812, 11.4004621506, 7.37849998474]
    max: [-0.500579714775, -0.0541306771338, -0.861004650593, -0.893801808357, -0.900547504425, -0.904383599758]
    mean: [-0.716860771179, -0.0985769405961, -0.936063110828, -0.949897587299, -0.951869130135, -0.951482892036]
    median: [-0.741644322872, -0.0689526721835, -0.944456934929, -0.955856323242, -0.955452382565, -0.956306934357]
    min: [-0.829746484756, -0.980119049549, -0.947810053825, -0.956160187721, -0.956726551056, -0.957629024982]
    skew: [1.48910474777, -5.20794153214, 2.39555573463, 2.81327581406, 3.30157351494, 2.88698673248]
    var: [0.00336533715017, 0.0210405420512, 0.000329245318426, 0.000141300057294, 0.00010994279728, 0.00015127597726]

SpecPeakAmp:
    dmean: [0.0171397496015, 0.402804344893, 0.374988555908, 0.00458010705188, 0.000450453168014]
    dmean2: [0.0263058636338, 0.809516191483, 0.767043888569, 0.00495495367795, 0.000603200460318]
    dvar: [0.00595222739503, 0.0925193354487, 0.0967807546258, 0.000741696567275, 2.10552911994e-06]
    dvar2: [0.0152899585664, 0.136245191097, 0.15934355557, 0.000754869543016, 3.15539000439e-06]
    kurt: [40.0129585266, -1.98202908039, -1.98207235336, 39.9743347168, 25.1574687958]
    max: [0.37124440074, 0.634370744228, 0.634370267391, 0.183661490679, 0.00844645500183]
    mean: [0.00876221526414, 0.296224415302, 0.296536922455, 0.00443527195603, 0.000373501650756]
    median: [0.000481887313072, 0.0052048698999, 0.00508525362238, 0.00030730094295, 7.46087753214e-05]
    min: [0.000105594706838, 0.000232828067965, 0.00016534687893, 1.71496139956e-05, 1.6413971025e-05]
    skew: [6.48134422302, 0.13365508616, 0.13356345892, 6.47684288025, 5.05103206635]
    var: [0.0029865517281, 0.0997013375163, 0.0997956693172, 0.000730457424652, 1.88404078472e-06]
