
metadata:
    version:
        essentia: "2.1-beta3"

Flux:
    dmean: 0.0194311439991
    dmean2: 0
    dvar: 0
    dvar2: 0
    kurt: -2
    max: 0.398569226265
    mean: 0.388853669167
    median: 0.388853669167
    min: 0.379138082266
    skew: -4.58676822745e-06
    var: 9.4392336905e-05

Rms:
    dmean: 0
    dmean2: 0
    dvar: 0
    dvar2: 0
    kurt: 0
    max: 0.136197194457
    mean: 0.136197194457
    median: 0.136197194457
    min: 0.136197194457
    skew: 0
    var: 0

RollOff:
    dmean: 129.19921875
    dmean2: 0
    dvar: 0
    dvar2: 0
    kurt: -1.99999988079
    max: 602.9296875
    mean: 538.330078125
    median: 538.330078125
    min: 473.73046875
    skew: 0
    var: 4173.109375

SpecCent:
    dmean: 97.6709899902
    dmean2: 0
    dvar: 0
    dvar2: 0
    kurt: -2
    max: 500.454284668
    mean: 451.618774414
    median: 451.618774414
    min: 402.783294678
    skew: 9.39098811159e-07
    var: 2384.90551758

Zcr:
    dmean: 0
    dmean2: 0
    dvar: 0
    dvar2: 0
    kurt: 0
    max: 0.005859375
    mean: 0.005859375
    median: 0.005859375
    min: 0.005859375
    skew: 0
    var: 0

HarmonicAmpFreq:
    dmean: [77.0040588379]
    dmean2: [0]
    dvar: [0]
    dvar2: [0]
    kurt: [-1.99999988079]
    max: [508.909179688]
    mean: [470.407165527]
    median: [470.407165527]
    min: [431.90512085]
    skew: [-1.16347780477e-06]
    var: [1482.40625]

HarmonicAmpMag:
    dmean: [0.123576469719]
    dmean2: [0]
    dvar: [0]
    dvar2: [0]
    kurt: [-2]
    max: [0.133915185928]
    mean: [0.0721269473433]
    median: [0.0721269473433]
    min: [0.0103387152776]
    skew: [1.85064891411e-07]
    var: [0.00381778599694]

MfccCoeff:
    dmean: [365.797668457, 16.61668396, 22.2335281372, 41.6484909058, 51.8034210205, 38.3175544739, 8.38293457031, 8.72162628174, 17.8413238525, 16.9566555023, 12.4751014709, 3.40459251404, 3.03700256348]
    dmean2: [0, 0, 0, 0, 0, 0, 0, 0, 0, 0, 0, 0, 0]
    dvar: [0, 0, 0, 0, 0, 0, 0, 0, 0, 0, 0, 0, 0]
    dvar2: [0, 0, 0, 0, 0, 0, 0, 0, 0, 0, 0, 0, 0]
    kurt: [-2, -2, -1.99999988079, -2, -2, -2, -1.99999988079, -2, -2, -2, -2, -2, -2]
    max: [-628.589111328, 178.749465942, 66.6699523926, 19.7046947479, -10.9209156036, -19.5676498413, -25.4627151489, -11.2704696655, 4.25651168823, 13.2044620514, 15.1565055847, 10.960723877, 7.83967590332]
    mean: [-811.487915039, 170.441131592, 55.553188324, -1.11955165863, -36.8226242065, -38.7264251709, -29.6541824341, -15.6312828064, -4.66415023804, 4.72613430023, 8.91895484924, 9.25842761993, 6.32117462158]
    median: [-811.487915039, 170.441131592, 55.553188324, -1.11955165863, -36.8226242065, -38.7264251709, -29.6541824341, -15.6312828064, -4.66415023804, 4.72613430023, 8.91895484924, 9.25842761993, 6.32117462158]
    min: [-994.386779785, 162.132781982, 44.4364242554, -21.9437980652, -62.7243347168, -57.8852043152, -33.8456497192, -19.9920959473, -13.5848121643, -3.75219345093, 2.68140411377, 7.55613136292, 4.80267333984]
    skew: [-4.90329966851e-07, -2.76700711765e-06, 0, 0, -1.12394417329e-07, -2.43015904289e-07, 0, 0, 0, 0, 0, 0, 0]
    var: [33451.984375, 69.0285491943, 123.582443237, 433.649200439, 670.89855957, 367.058746338, 17.568397522, 19.0166912079, 79.5782089233, 71.8820419312, 38.9070396423, 2.8978126049, 2.30584621429]

SpecContrastCoeff:
    dmean: [0.0675296783447, 0.23084884882, 0.157902181149, 0.0374836921692, 0.00323480367661, 0.0181911587715]
    dmean2: [0, 0, 0, 0, 0, 0]
    dvar: [0, 0, 0, 0, 0, 0]
    dvar2: [0, 0, 0, 0, 0, 0]
    kurt: [-1.99999988079, -2, -2, -2, -2, -1.99999988079]
    max: [-0.833572506905, -0.543788075447, -0.719185233116, -0.884836614132, -0.932409524918, -0.94027197361]
    mean: [-0.867337346077, -0.659212470055, -0.798136353493, -0.903578460217, -0.934026956558, -0.949367523193]
    median: [-0.867337346077, -0.659212470055, -0.798136353493, -0.903578460217, -0.934026956558, -0.949367523193]
    min: [-0.901102185249, -0.774636924267, -0.877087414265, -0.922320306301, -0.935644328594, -0.958463132381]
    skew: [0, -7.94888535438e-07, 1.18278467198e-06, 0, 5.526050154e-05, -9.8204745882e-06]
    var: [0.00114006432705, 0.0133227985352, 0.00623327493668, 0.000351256807335, 2.61598870566e-06, 8.27295589261e-05]

SpecPeakAmp:
    dmean: [0.13356000185, 0.0328581444919, 0.013355853036, 0.00818157568574, 0.00328690418974]
    dmean2: [0, 0, 0, 0, 0]
    dvar: [0, 0, 0, 0, 0]
    dvar2: [0, 0, 0, 0, 0]
    kurt: [-1.99999988079, -2, -2, -2, -1.99999988079]
    max: [0.133915185928, 0.0333274565637, 0.0139056257904, 0.0090628862381, 0.0103387152776]
    mean: [0.0671351850033, 0.0168983843178, 0.00722769927233, 0.00497209839523, 0.00869526341558]
    median: [0.0671351850033, 0.0168983843178, 0.00722769927233, 0.00497209839523, 0.00869526341558]
    min: [0.000355184340151, 0.000469311926281, 0.000549772579689, 0.000881310726982, 0.00705181108788]
    skew: [0, 0, 0, 0, -4.00183438387e-07]
    var: [0.00445956829935, 0.00026991442428, 4.45947043772e-05, 1.67345460795e-05, 2.70093460131e-06]
