
metadata:
    version:
        essentia: "2.1-beta3"

Flux:
    dmean: 7.15809028407e-06
    dmean2: 1.07814048533e-05
    dvar: 5.47834722031e-10
    dvar2: 1.1788993115e-09
    kurt: 13.8526439667
    max: 0.000125492893858
    mean: 8.42316603666e-06
    median: 2.40395638684e-06
    min: 6.6175914526e-07
    skew: 3.8480424881
    var: 5.68169289394e-10

Rms:
    dmean: 1.86787940493e-06
    dmean2: 1.87065722912e-06
    dvar: 4.19798536211e-11
    dvar2: 3.00335728509e-11
    kurt: 19.3527240753
    max: 0.000101488491055
    mean: 9.9487719126e-05
    median: 0.000101313307823
    min: 5.88618713664e-05
    skew: -4.47998714447
    var: 5.67676218532e-11

RollOff:
    dmean: 1.00154435635
    dmean2: 1.025390625
    dvar: 20.5633563995
    dvar2: 21.0285148621
    kurt: 17.0477027893
    max: 689.0625
    mean: 668.508056641
    median: 667.529296875
    min: 667.529296875
    skew: 4.36437177658
    var: 20.118303299

SpecCent:
    dmean: 4.84516525269
    dmean2: 6.7533121109
    dvar: 28.6286811829
    dvar2: 23.0818977356
    kurt: 17.690662384
    max: 936.007629395
    mean: 887.95703125
    median: 885.766235352
    min: 881.747253418
    skew: 4.02160835266
    var: 78.4822921753

Zcr:
    dmean: 0.000908430258278
    dmean2: 0.00113932287786
    dvar: 9.27704695641e-06
    dvar2: 9.23777224671e-06
    kurt: 17.2299919128
    max: 0.0302734375
    mean: 0.0292191933841
    median: 0.02978515625
    min: 0.01416015625
    skew: -4.35959386826
    var: 9.53612834564e-06

HarmonicAmpFreq:
    dmean: [0.0324437357485]
    dmean2: [0.0332162044942]
    dvar: [0.0217569172382]
    dvar2: [0.0222492869943]
    kurt: [17.7354030609]
    max: [660.040649414]
    mean: [659.312927246]
    median: [659.28112793]
    min: [659.28112793]
    skew: [4.42116737366]
    var: [0.0212858077139]

HarmonicAmpMag:
    dmean: [2.69538395514e-06]
    dmean2: [2.75955972029e-06]
    dvar: [1.70524872001e-10]
    dvar2: [1.74407863152e-10]
    kurt: [26.5704669952]
    max: [7.94959269115e-05]
    mean: [2.63412516688e-06]
    median: [0]
    min: [0]
    skew: [5.18830394745]
    var: [1.6681063475e-10]

MfccCoeff:
    dmean: [0.119733944535, 0.127870067954, 0.0240130759776, 0.0909615457058, 0.160556167364, 0.1511297822, 0.0683249533176, 0.0463006645441, 0.135911539197, 0.15753723681, 0.102260857821, 0.00594879873097, 0.100131720304]
    dmean2: [0.123090468347, 0.131459549069, 0.0247323177755, 0.0934353768826, 0.165012538433, 0.155406400561, 0.0703688114882, 0.0474806278944, 0.139589309692, 0.161958783865, 0.105292908847, 0.00657617487013, 0.102679662406]
    dvar: [0.323431044817, 0.368086159229, 0.0125681106001, 0.188926339149, 0.583458542824, 0.512485921383, 0.101934723556, 0.0513740181923, 0.422840118408, 0.558819413185, 0.229297742248, 0.000610800518189, 0.235210865736]
    dvar2: [0.327208787203, 0.372334331274, 0.0126935737208, 0.191238373518, 0.59035128355, 0.518320441246, 0.102958202362, 0.0521224290133, 0.428066313267, 0.565278112888, 0.231648176908, 0.000638796715066, 0.238409996033]
    kurt: [26.373418808, 26.2903842926, 24.950006485, 26.8621196747, 26.5106773376, 26.1602077484, 25.0316524506, 28.8400211334, 26.9649982452, 26.3021469116, 25.2077465057, 23.8410720825, 27.9764442444]
    max: [-1134.9440918, 3.70502853394, 0.675201416016, 8.01086425781e-05, -6.103515625e-05, 2.28881835938e-05, -2.67028808594e-05, 1.41549682617, 3.99628067017, 4.56562042236, 2.89235305786, -3.0517578125e-05, -3.81469726562e-05]
    mean: [-1135.06262207, 3.57860469818, 0.651436567307, -2.57878637314, -4.51587772369, -4.21679115295, -1.85725605488, 1.36992311478, 3.8619954586, 4.4098649025, 2.79115772247, -0.141044273973, -2.90863800049]
    median: [-1134.94714355, 3.70179367065, 0.674453735352, -2.66662216187, -4.67066955566, -4.36228942871, -1.92275619507, 1.41493988037, 3.99328613281, 4.56161880493, 2.88924407959, -0.14236831665, -3.00572967529]
    min: [-1138.42004395, 1.14440917969e-05, -6.103515625e-05, -2.66868209839, -4.67459106445, -4.36623382568, -1.92487716675, -5.34057617188e-05, -4.57763671875e-05, -2.28881835938e-05, -2.67028808594e-05, -0.224868774414, -3.0073928833]
    skew: [-5.17031669617, -5.16312456131, -5.04384279251, 5.21442222595, 5.18285322189, 5.15147733688, 5.05107116699, -5.39397573471, -5.22367334366, -5.16417455673, -5.06667327881, 3.31113052368, 5.31516027451]
    var: [0.319636464119, 0.363805860281, 0.0124383755028, 0.186620414257, 0.576543450356, 0.506596803665, 0.100879736245, 0.0506491996348, 0.417634963989, 0.552316188812, 0.226884111762, 0.000613686919678, 0.232086569071]

SpecContrastCoeff:
    dmean: [0.0311875287443, 0.0240099932998, 0.0202402193099, 0.0146828722209, 0.0177905056626, 0.0139619205147]
    dmean2: [0.0486165955663, 0.0346019417048, 0.0301195885986, 0.0231452807784, 0.029450263828, 0.021116361022]
    dvar: [0.00166656333022, 0.00151795637794, 0.00140004896093, 0.000300686253468, 0.000269811222097, 0.000195496657398]
    dvar2: [0.00153269595467, 0.00113631342538, 0.00164388027042, 0.000381281686714, 0.000434301473433, 0.00026319117751]
    kurt: [15.6801300049, 16.2777385712, 17.1280574799, 11.9888629913, 8.03474235535, 8.44984340668]
    max: [-0.610129535198, -0.581049144268, -0.595940887928, -0.847763001919, -0.847240030766, -0.834279239178]
    mean: [-0.672714471817, -0.610585331917, -0.623237550259, -0.867063939571, -0.871189892292, -0.855681657791]
    median: [-0.667599141598, -0.60207927227, -0.615736663342, -0.86453717947, -0.866224765778, -0.850007891655]
    min: [-0.9232878685, -0.840668559074, -0.821118116379, -0.95760935545, -0.954809844494, -0.928565502167]
    skew: [-3.81887197495, -4.08886861801, -4.198969841, -3.2412250042, -2.48982810974, -2.82690405846]
    var: [0.00238919164985, 0.00209042336792, 0.00148689257912, 0.000357789540431, 0.000342435931088, 0.000331545888912]

SpecPeakAmp:
    dmean: [2.94097475262e-07, 1.522629276e-07, 1.99395958589e-06, 2.69282423915e-07, 1.05555966456e-06]
    dmean2: [3.55733533297e-07, 2.29368566806e-07, 2.12826080315e-06, 4.59770319594e-07, 1.22090602872e-06]
    dvar: [8.85039762831e-13, 1.3743124477e-13, 1.42724901342e-10, 7.13890548781e-14, 2.95788879501e-11]
    dvar2: [9.11566828965e-13, 1.33271757345e-13, 1.45673792473e-10, 1.18996636546e-13, 2.99769480072e-11]
    kurt: [16.9498634338, 36.6774673462, 38.9840202332, 6.21440982819, 38.8656768799]
    max: [1.68746209965e-05, 3.41498889611e-06, 7.94959269115e-05, 1.96003770725e-06, 3.64055849786e-05]
    mean: [1.65616384038e-05, 8.58021337535e-07, 1.98462021217e-06, 3.95196849468e-07, 1.08646668195e-06]
    median: [1.67676953424e-05, 8.16018882688e-07, 8.82936177504e-08, 3.91897685859e-07, 1.33178104988e-07]
    min: [1.2166246961e-05, 6.53670610973e-07, 3.14015622394e-08, 4.73434838e-08, 6.9735548891e-08]
    skew: [-4.34029054642, 6.11964893341, 6.40026521683, 1.95507788658, 6.38618516922]
    var: [8.74032400275e-13, 1.56491464752e-13, 1.39786349163e-10, 1.26159458856e-13, 2.90648460161e-11]
