
metadata:
    version:
        essentia: "2.1-beta3"

Flux:
    dmean: 0.000163743781741
    dmean2: 0.000217392866034
    dvar: 2.85083871177e-07
    dvar2: 5.63909793527e-07
    kurt: 9.56495285034
    max: 0.00309771485627
    mean: 0.000214577521547
    median: 1.00753004517e-05
    min: 5.65449317946e-06
    skew: 3.29288315773
    var: 4.61239210381e-07

Rms:
    dmean: 6.76643758197e-05
    dmean2: 5.43717906112e-05
    dvar: 5.17812956957e-08
    dvar2: 2.28262546642e-08
    kurt: 20.8439483643
    max: 0.00224289903417
    mean: 0.00215929211117
    median: 0.00223773438483
    min: 0.000404415128287
    skew: -4.53279876709
    var: 9.70957074742e-08

RollOff:
    dmean: 4.40451860428
    dmean2: 4.00617742538
    dvar: 518.046081543
    dvar2: 393.713195801
    kurt: 37.4943885803
    max: 839.794921875
    mean: 672.314453125
    median: 667.529296875
    min: 667.529296875
    skew: 6.2031416893
    var: 657.164550781

SpecCent:
    dmean: 2.88905477524
    dmean2: 4.97366285324
    dvar: 3.61471009254
    dvar2: 7.74138212204
    kurt: 9.27550411224
    max: 671.91619873
    mean: 660.316589355
    median: 660.170593262
    min: 657.631286621
    skew: 2.33999466896
    var: 5.8292222023

Zcr:
    dmean: 0.00120960583445
    dmean2: 0.00113553775009
    dvar: 1.33025514515e-05
    dvar2: 9.0900775831e-06
    kurt: 17.9914798737
    max: 0.0302734375
    mean: 0.0286241322756
    median: 0.02978515625
    min: 0.0009765625
    skew: -4.24877786636
    var: 2.60701563093e-05

HarmonicAmpFreq:
    dmean: [2.47274231911]
    dmean2: [2.5284268856]
    dvar: [262.534545898]
    dvar2: [268.107879639]
    kurt: [40.0226478577]
    max: [659.693359375]
    mean: [657.273803711]
    median: [659.693359375]
    min: [550.892700195]
    skew: [-6.4824848175]
    var: [257.203399658]

HarmonicAmpMag:
    dmean: [8.15338280518e-05]
    dmean2: [0.000125185237266]
    dvar: [1.39603201887e-07]
    dvar2: [3.5860330172e-07]
    kurt: [40.022403717]
    max: [0.00179547711741]
    mean: [3.99765121983e-05]
    median: [0]
    min: [0]
    skew: [6.48245573044]
    var: [7.00407696286e-08]

MfccCoeff:
    dmean: [2.07033753395, 2.39626860619, 1.09184765816, 0.388503342867, 1.12212467194, 1.12344479561, 0.534956216812, 0.187151178718, 0.591275572777, 0.760667979717, 0.568966448307, 0.21452331543, 0.393320351839]
    dmean2: [2.89641046524, 3.37331986427, 1.60697793961, 0.351888954639, 1.3495401144, 1.35302293301, 0.62556552887, 0.199326664209, 0.577084839344, 0.647039055824, 0.403618752956, 0.309459596872, 0.302275449038]
    dvar: [87.7326126099, 116.767814636, 23.7161979675, 3.99959921837, 30.4243335724, 29.0421257019, 6.15274477005, 1.14717853069, 10.3354415894, 11.5540685654, 4.67203330994, 0.656850755215, 3.25456237793]
    dvar2: [195.831802368, 264.143066406, 58.1977157593, 3.00492620468, 46.8525123596, 45.2053337097, 8.95331192017, 1.28144097328, 9.44164466858, 7.08563661575, 2.38927698135, 1.3822619915, 1.55461120605]
    kurt: [23.2781105042, 24.7582874298, 36.2804794312, 37.4423980713, 31.1194801331, 29.5632781982, 28.0320606232, 38.9271774292, 37.9150848389, 32.8915557861, 23.7831325531, 14.6996898651, 33.5856819153]
    max: [-1084.41369629, 61.6749038696, 25.5007667542, 8.01086425781e-05, -6.103515625e-05, 2.28881835938e-05, -2.67028808594e-05, 7.56464576721, 22.5775413513, 27.1525363922, 18.6684532166, 1.57862091064, -3.81469726562e-05]
    mean: [-1117.66210938, 22.3521003723, 4.77756547928, -14.7755823135, -26.8389759064, -25.7330703735, -12.2862138748, 6.71270418167, 21.9723052979, 26.2827854156, 17.9411277771, 1.38453638554, -15.174747467]
    median: [-1117.86853027, 22.0535697937, 4.4411315918, -15.1988945007, -27.3585166931, -26.2477989197, -12.5849304199, 6.84153175354, 22.5768547058, 27.1516361237, 18.6677970886, 1.57842254639, -15.6549110413]
    min: [-1138.42004395, 1.14440917969e-05, -6.103515625e-05, -15.1993522644, -36.0211143494, -35.0014915466, -15.9484939575, -5.34057617188e-05, -4.57763671875e-05, -2.28881835938e-05, -2.67028808594e-05, -2.28805541992, -15.6554145813]
    skew: [3.04290246964, 3.53147053719, 5.96571826935, 6.19758653641, 5.19527816772, 4.9885058403, 5.03437995911, -6.34339952469, -6.25251674652, -5.72397184372, -4.82057285309, -3.99495267868, 5.81246089935]
    var: [34.5052375793, 45.9812278748, 10.2292766571, 5.11824703217, 18.5139942169, 17.4573173523, 4.07605934143, 1.03755235672, 11.2530126572, 17.2139358521, 9.42001724243, 0.588974952698, 5.68681287766]

SpecContrastCoeff:
    dmean: [0.0477270968258, 0.0335137099028, 0.0303718335927, 0.0157902333885, 0.014865571633, 0.0088952742517]
    dmean2: [0.0866742581129, 0.0468180142343, 0.0432300083339, 0.0286564044654, 0.0275022871792, 0.0159821994603]
    dvar: [0.00116598268505, 0.00252309953794, 0.00224615680054, 0.000117919196782, 9.76666851784e-05, 4.96556167491e-05]
    dvar2: [0.00239985715598, 0.00169823947363, 0.0021437141113, 0.000378896977054, 0.000270723568974, 9.07955181901e-05]
    kurt: [2.69398784637, 18.2378253937, 18.1900691986, -0.163742542267, 0.229983568192, 6.08854866028]
    max: [-0.755317270756, -0.477939128876, -0.486567795277, -0.906320154667, -0.897309362888, -0.901248276234]
    mean: [-0.828264892101, -0.523235440254, -0.528830230236, -0.940799534321, -0.927728414536, -0.91638469696]
    median: [-0.833988726139, -0.508652329445, -0.514204323292, -0.942457556725, -0.928308367729, -0.916125118732]
    min: [-0.97860699892, -0.987842023373, -0.92789798975, -0.959571301937, -0.945502698421, -0.954856514931]
    skew: [-1.00347185135, -4.2470741272, -4.23154115677, 0.573980033398, 0.737728536129, -2.06691908836]
    var: [0.00176732079126, 0.00739112310112, 0.00543303415179, 0.000139983050758, 0.000105952225567, 9.28874651436e-05]

SpecPeakAmp:
    dmean: [4.67514200864e-06, 8.23383306852e-05, 1.54171800659e-06, 1.42412022797e-06, 1.36468770506e-06]
    dmean2: [7.12278688297e-06, 0.000126504732179, 2.50275320468e-06, 2.26515817303e-06, 2.18960326492e-06]
    dvar: [1.62949861937e-10, 1.39551104894e-07, 1.32087639437e-11, 1.14048883185e-11, 9.38863396749e-12]
    dvar2: [3.87508775068e-10, 3.58209490514e-07, 3.27603916217e-11, 2.79364534977e-11, 2.2849505274e-11]
    kurt: [33.7601356506, 40.0221557617, 35.8276939392, 34.2647514343, 33.6386032104]
    max: [7.3370145401e-05, 0.00179547711741, 1.90252285392e-05, 1.77655565494e-05, 1.64334269357e-05]
    mean: [1.76061003003e-05, 4.1242568841e-05, 1.72988495706e-06, 1.86841998584e-06, 2.13433008867e-06]
    median: [1.67392445292e-05, 1.41843281654e-06, 1.39128837873e-06, 1.61487048445e-06, 1.8560741637e-06]
    min: [3.46595152223e-06, 4.38220325805e-07, 2.20034493736e-07, 1.35649912636e-07, 9.22645355672e-08]
    skew: [5.63383865356, 6.48242664337, 5.99418497086, 5.82300615311, 5.72215795517]
    var: [7.66257265972e-11, 6.99399791415e-08, 7.15789753858e-12, 6.17533064615e-12, 5.03810665062e-12]
