
metadata:
    version:
        essentia: "2.1-beta3"

Flux:
    dmean: 0.00369359413162
    dmean2: 0.00485760299489
    dvar: 0.000142959004734
    dvar2: 0.000280665204627
    kurt: 9.6426897049
    max: 0.0697957128286
    mean: 0.00472911959514
    median: 0.000143469311297
    min: 1.36184271469e-05
    skew: 3.3015525341
    var: 0.000232469727052

Rms:
    dmean: 0.00150901998859
    dmean2: 0.00121237128042
    dvar: 2.5829194783e-05
    dvar2: 1.15119973998e-05
    kurt: 20.8501567841
    max: 0.0502184219658
    mean: 0.0483516119421
    median: 0.0501051582396
    min: 0.00919326581061
    skew: -4.53334093094
    var: 4.83332878503e-05

RollOff:
    dmean: 9.78781986237
    dmean2: 9.51467132568
    dvar: 3339.63745117
    dvar2: 3047.39038086
    kurt: 39.559173584
    max: 1076.66015625
    mean: 677.578125
    median: 667.529296875
    min: 667.529296875
    skew: 6.42932271957
    var: 3639.36376953

SpecCent:
    dmean: 17.5126476288
    dmean2: 18.6452236176
    dvar: 8010.65283203
    dvar2: 6628.00048828
    kurt: 39.3715286255
    max: 1317.65734863
    mean: 675.236633301
    median: 659.434814453
    min: 657.086486816
    skew: 6.40929555893
    var: 9451.54785156

Zcr:
    dmean: 0.00120960583445
    dmean2: 0.00112418236677
    dvar: 1.29774352899e-05
    dvar2: 8.12325379229e-06
    kurt: 17.9914798737
    max: 0.0302734375
    mean: 0.0286241322756
    median: 0.02978515625
    min: 0.0009765625
    skew: -4.24877786636
    var: 2.60701563093e-05

HarmonicAmpFreq:
    dmean: [1.7004005909]
    dmean2: [2.08585095406]
    dvar: [78.8602828979]
    dvar2: [80.7643661499]
    kurt: [39.8588600159]
    max: [720.272766113]
    mean: [661.78704834]
    median: [660.659057617]
    min: [659.692932129]
    skew: [6.46294498444]
    var: [77.8892211914]

HarmonicAmpMag:
    dmean: [0.0248279888183]
    dmean2: [0.0485792942345]
    dvar: [0.00102705066092]
    dvar2: [0.00308068399318]
    kurt: [-0.315034389496]
    max: [0.0682757124305]
    mean: [0.0524835214019]
    median: [0.0682622939348]
    min: [0]
    skew: [-1.28167545795]
    var: [0.000803249829914]

MfccCoeff:
    dmean: [16.482837677, 8.45138263702, 5.16251516342, 4.19396781921, 2.6652162075, 2.54239821434, 3.96573615074, 4.31508779526, 3.89397072792, 2.08613801003, 2.21431899071, 1.84324681759, 2.05056929588]
    dmean2: [25.3734054565, 13.4655160904, 9.16966152191, 6.88910675049, 3.44919323921, 3.49736618996, 6.53348684311, 7.87960767746, 6.49239826202, 2.81705856323, 3.26471662521, 3.4238576889, 3.02614355087]
    dvar: [3577.35449219, 304.866638184, 19.5193138123, 13.9814968109, 24.7443065643, 15.5114831924, 4.23209571838, 5.98455667496, 21.3408355713, 31.6786174774, 12.4829034805, 1.09658193588, 13.7063837051]
    dvar2: [9006.53222656, 707.99798584, 48.4435653687, 16.4163303375, 11.6036968231, 7.27560472488, 12.3963470459, 16.0397930145, 31.8849506378, 37.5614852905, 12.5908355713, 2.82795333862, 15.9532241821]
    kurt: [37.8538703918, 17.6371097565, 15.9377880096, 11.8955011368, 22.5920639038, 19.6307487488, 8.76953601837, 2.02134466171, 15.6294956207, 17.187959671, 15.6707363129, 0.664947271347, 14.6482524872]
    max: [-818.195556641, 117.447799683, 14.9272155762, -11.20545578, -17.3428153992, -13.7837295532, -4.31441879272, 20.8868961334, 49.0087928772, 55.4507522583, 35.3812828064, 1.60655212402, -1.2600402832]
    mean: [-1085.02099609, 52.1012496948, 9.50032997131, -33.7731781006, -58.7832794189, -53.6347427368, -23.0155544281, 16.5623378754, 44.9960517883, 49.4627342224, 29.7248325348, -2.54927277565, -30.8222732544]
    median: [-1091.68395996, 49.8609428406, 9.30493164062, -34.8771743774, -59.9421081543, -55.0633201599, -24.0679550171, 16.0540866852, 46.4956092834, 51.4474258423, 31.2932243347, -2.19206237793, -32.0264701843]
    min: [-1122.93249512, 16.1687431335, -17.6715278625, -49.2001724243, -77.9728088379, -64.394317627, -28.9259109497, 4.51991271973, 7.99298477173, 5.83707618713, 1.41050338745, -4.64466094971, -33.629863739]
    skew: [6.2180724144, 3.06962037086, -3.33122897148, 1.72499191761, 3.82360720634, 4.18576145172, 2.42806982994, -1.03754878044, -3.95353364944, -4.21331930161, -3.9549779892, 0.280328720808, 3.88524055481]
    var: [1660.85522461, 148.027359009, 25.4927711487, 21.7952480316, 51.9226455688, 51.9337387085, 15.7733640671, 11.6601600647, 53.5436782837, 69.7157669067, 30.4403591156, 1.68708229065, 34.7819061279]

SpecContrastCoeff:
    dmean: [0.0254771765321, 0.0386771708727, 0.0344850979745, 0.0122195621952, 0.009213286452, 0.0103146908805]
    dmean2: [0.0487367399037, 0.0505271665752, 0.0444823354483, 0.0220502037555, 0.016848674044, 0.0195674169809]
    dvar: [0.000506146927364, 0.0041643162258, 0.00364039605483, 7.2495880886e-05, 0.000100052537164, 0.000136713104439]
    dvar2: [0.00119725067634, 0.00301330094226, 0.00226838560775, 0.00017201207811, 0.0001953986648, 0.000311878829962]
    kurt: [0.632497549057, 22.2806301117, 19.941696167, 1.7139954567, 7.84411716461, 2.81498289108]
    max: [-0.88449639082, -0.316647350788, -0.334775298834, -0.908169329166, -0.906289339066, -0.921460747719]
    mean: [-0.946990191936, -0.366141170263, -0.37753534317, -0.944965600967, -0.954512476921, -0.956533908844]
    median: [-0.958915352821, -0.348902642727, -0.357600241899, -0.949403524399, -0.959327340126, -0.962043762207]
    min: [-0.969160556793, -0.944468200207, -0.9293435812, -0.95416033268, -0.960508286953, -0.963032841682]
    skew: [1.35536134243, -4.64788866043, -4.44293355942, 1.37210631371, 2.6687104702, 2.00388002396]
    var: [0.000571160227992, 0.0101631060243, 0.00990534387529, 0.000105504361272, 0.000112045476271, 0.000115201786684]

SpecPeakAmp:
    dmean: [4.49673498224e-05, 0.00185939192306, 0.0124332895502, 0.0341153256595, 0.03102684021]
    dmean2: [7.42733172956e-05, 0.00285624968819, 0.0254282206297, 0.0697914585471, 0.0634813606739]
    dvar: [1.39141063116e-08, 7.15255955583e-05, 0.000691725173965, 0.00116227625404, 0.00115290482063]
    dvar2: [3.70240975656e-08, 0.000183736672625, 0.00195131497458, 0.0018369796453, 0.00203156936914]
    kurt: [37.8655395508, 40.0224723816, 6.34746932983, -1.74579632282, -1.1322119236]
    max: [0.000633623625617, 0.0406310558319, 0.0682730898261, 0.0682757124305, 0.0682753622532]
    mean: [4.84011761728e-05, 0.000933462230023, 0.00611141463742, 0.0258223433048, 0.0197601914406]
    median: [3.71244459529e-05, 3.32050331053e-05, 4.07847037422e-05, 5.6524964748e-05, 5.57377315999e-05]
    min: [9.77320178208e-06, 6.9997627179e-06, 1.51499216372e-05, 1.1599683603e-05, 9.33527826419e-06]
    skew: [6.22692346573, 6.48246479034, 2.88918781281, 0.504181146622, 0.931548058987]
    var: [7.98701904614e-09, 3.58159923053e-05, 0.000376948999474, 0.00109366478864, 0.000955871422775]
