
metadata:
    version:
        essentia: "2.1-beta3"

Flux:
    dmean: 0.00278590316884
    dmean2: 0.003705146024
    dvar: 8.40561770019e-05
    dvar2: 0.000166649275343
    kurt: 9.52054405212
    max: 0.0529685616493
    mean: 0.00363117596135
    median: 0.000133061563247
    min: 1.84268883459e-05
    skew: 3.28756546974
    var: 0.000135643393151

Rms:
    dmean: 0.00109487341251
    dmean2: 0.00081838935148
    dvar: 1.51865451699e-05
    dvar2: 6.80962375554e-06
    kurt: 20.6671104431
    max: 0.0383750461042
    mean: 0.0370029062033
    median: 0.0383597351611
    min: 0.00707462336868
    skew: -4.51533222198
    var: 2.83713743556e-05

RollOff:
    dmean: 9.29842853546
    dmean2: 9.01389884949
    dvar: 2980.14233398
    dvar2: 2700.82275391
    kurt: 39.5065956116
    max: 1076.66015625
    mean: 698.6328125
    median: 689.0625
    min: 689.0625
    skew: 6.42339038849
    var: 3267.50439453

SpecCent:
    dmean: 14.3361091614
    dmean2: 13.4858016968
    dvar: 6896.46582031
    dvar2: 5622.26220703
    kurt: 39.2168579102
    max: 1294.09692383
    mean: 693.58416748
    median: 678.527404785
    min: 676.937683105
    skew: 6.39267110825
    var: 8273.81152344

Zcr:
    dmean: 0.00104314635973
    dmean2: 0.000760810333304
    dvar: 1.42356529977e-05
    dvar2: 9.49573768594e-06
    kurt: 18.1136188507
    max: 0.03125
    mean: 0.0294596347958
    median: 0.03076171875
    min: 0.0009765625
    skew: -4.26487779617
    var: 2.75717866316e-05

HarmonicAmpFreq:
    dmean: [1.21136474609]
    dmean2: [1.27838850021]
    dvar: [57.794921875]
    dvar2: [58.4210700989]
    kurt: [40.0135154724]
    max: [730.373901367]
    mean: [680.180664062]
    median: [679.059020996]
    min: [678.837646484]
    skew: [6.48139953613]
    var: [57.2643508911]

HarmonicAmpMag:
    dmean: [0.00932667870075]
    dmean2: [0.0174139291048]
    dvar: [0.000362267746823]
    dvar2: [0.000932071532588]
    kurt: [2.33074903488]
    max: [0.0512840673327]
    mean: [0.0439828000963]
    median: [0.0512775592506]
    min: [0]
    skew: [-2.05900907516]
    var: [0.000306757574435]

MfccCoeff:
    dmean: [13.7536287308, 6.35567617416, 3.27511048317, 2.06058359146, 1.69921350479, 3.30054855347, 3.72939443588, 3.84198927879, 3.26597738266, 1.75384449959, 2.64837360382, 2.6451048851, 3.00248026848]
    dmean2: [20.8333110809, 9.67010879517, 5.7157869339, 3.17481827736, 1.7448374033, 4.97020864487, 7.01073741913, 7.1930642128, 5.42562675476, 2.1424665451, 4.6003985405, 5.17648267746, 4.89254951477]
    dvar: [2961.24707031, 322.732635498, 27.4682788849, 20.6478004456, 38.6428794861, 21.5749645233, 3.57842159271, 6.72903776169, 32.3242645264, 37.2938270569, 8.32307720184, 2.58312821388, 22.3985767365]
    dvar2: [7325.09863281, 688.329040527, 64.4383850098, 18.070936203, 18.0405197144, 13.4815216064, 9.90350246429, 13.1246623993, 37.151599884, 43.7168388367, 9.95649051666, 5.22777366638, 23.9036216736]
    kurt: [36.7056922913, 15.7748775482, 20.5514297485, 36.8329620361, 33.0490760803, 23.9170017242, 11.3899784088, 11.7736568451, 16.9992275238, 16.8762226105, 13.6872158051, 7.79011249542, 14.122631073]
    max: [-847.63079834, 114.272262573, 23.0234375, -7.24039840698, -10.5882415771, -7.93685150146, -1.62157821655, 29.0265140533, 56.3814201355, 55.6364212036, 27.3978385925, -1.62585449219, -2.24969482422]
    mean: [-1083.84033203, 52.928604126, 6.48074388504, -39.7991294861, -64.2914352417, -54.625579834, -17.8204936981, 25.7388839722, 53.0121078491, 51.2902450562, 23.7615795135, -13.1231784821, -39.7176856995]
    median: [-1089.28979492, 51.3190422058, 6.5673828125, -40.7049636841, -65.7069702148, -55.9914970398, -18.0210037231, 26.6482639313, 55.5971641541, 53.3664779663, 25.0531730652, -13.3304519653, -41.5309104919]
    min: [-1129.71435547, 8.90082931519, -21.413684845, -43.2392959595, -70.6793212891, -61.0413475037, -21.3200912476, 4.22113800049, 6.46482467651, 4.75155639648, 1.16662216187, -15.5316467285, -42.8396263123]
    skew: [6.05708217621, 2.09121441841, -3.00772070885, 6.1047577858, 5.75342273712, 4.86047029495, 2.73076796532, -3.2379784584, -4.20462560654, -4.19666004181, -3.68448901176, 2.55356550217, 3.84911084175]
    var: [1320.95007324, 148.598983765, 25.3595085144, 25.0415821075, 71.8059158325, 64.4501190186, 10.5045433044, 20.2630462646, 81.5219421387, 80.5783615112, 20.7860050201, 7.54015684128, 58.1579093933]

SpecContrastCoeff:
    dmean: [0.0319389253855, 0.0420611649752, 0.0376321226358, 0.0141549231485, 0.0112499026582, 0.0112949814647]
    dmean2: [0.0601165145636, 0.0703221559525, 0.0525816865265, 0.0280606634915, 0.0201736949384, 0.0204080548137]
    dvar: [0.000440446543507, 0.001617767266, 0.00427072681487, 8.84663822944e-05, 0.000105324208562, 0.000129805179313]
    dvar2: [0.00174343690742, 0.0013374669943, 0.0030417193193, 0.000289447401883, 0.00031136200414, 0.000408732914366]
    kurt: [0.428876876831, 22.2796287537, 20.4970664978, 0.449647665024, 3.74418497086, 4.26049661636]
    max: [-0.888071238995, -0.503261744976, -0.298731327057, -0.910099923611, -0.909578204155, -0.907317757607]
    mean: [-0.956237435341, -0.551445245743, -0.346110969782, -0.94359511137, -0.953339397907, -0.956160724163]
    median: [-0.963471829891, -0.543699920177, -0.324754536152, -0.94929254055, -0.959461271763, -0.962647795677]
    min: [-0.97821867466, -0.941849172115, -0.935997545719, -0.953757762909, -0.960878133774, -0.963841736317]
    skew: [1.19433522224, -4.49735546112, -4.5007982254, 1.16863024235, 2.02820110321, 2.09268069267]
    var: [0.000547909061424, 0.0045858733356, 0.0111316870898, 0.000138839954161, 0.000138996940223, 0.000148205377627]

SpecPeakAmp:
    dmean: [3.41180857504e-05, 2.95548597933e-05, 0.0279557779431, 0.0186546165496, 0.0116801019758]
    dmean2: [5.88711191085e-05, 4.59638613393e-05, 0.055531475693, 0.0381615944207, 0.0238854829222]
    dvar: [6.09030204046e-09, 7.66142616015e-09, 0.000622012652457, 0.000606468471233, 0.000460557261249]
    dvar2: [1.56107571314e-08, 1.95265652536e-08, 0.00132506864611, 0.00147360749543, 0.00126201380044]
    kurt: [36.2664909363, 38.0186386108, -1.94194746017, 0.249948978424, 4.12477064133]
    max: [0.000432495871792, 0.000457967282273, 0.0512840673327, 0.0512830764055, 0.0512796826661]
    mean: [3.52716524503e-05, 4.35944457422e-05, 0.0280453786254, 0.0102993119508, 0.0057308236137]
    median: [2.6707068173e-05, 3.38997269864e-05, 0.0512744858861, 4.68284706585e-05, 2.36130799749e-05]
    min: [4.99588350067e-06, 1.20950662676e-05, 1.12111083581e-05, 8.37901916384e-06, 6.73775002724e-06]
    skew: [6.04293870926, 6.24357652664, -0.191392600536, 1.49996268749, 2.47479319572]
    var: [3.7542098319e-09, 3.9968091059e-09, 0.000636689772364, 0.000419795891503, 0.000259310181718]
