
metadata:
    version:
        essentia: "2.1-beta3"

Flux:
    dmean: 0.0330595672131
    dmean2: 0.0442414730787
    dvar: 0.0115637890995
    dvar2: 0.0224010869861
    kurt: 9.30384063721
    max: 0.636403918266
    mean: 0.0434819757938
    median: 0.00129515468143
    min: 8.36722392705e-05
    skew: 3.25647211075
    var: 0.0195245668292

Rms:
    dmean: 0.0138600505888
    dmean2: 0.0110961776227
    dvar: 0.0021739450749
    dvar2: 0.000949347100686
    kurt: 21.0012187958
    max: 0.462683141232
    mean: 0.445501595736
    median: 0.461673676968
    min: 0.0838635936379
    skew: -4.54644870758
    var: 0.00410298071802

RollOff:
    dmean: 6.36208295822
    dmean2: 6.00926589966
    dvar: 1255.71704102
    dvar2: 1063.77819824
    kurt: 38.872215271
    max: 925.927734375
    mean: 674.228515625
    median: 667.529296875
    min: 667.529296875
    skew: 6.35273075104
    var: 1459.50073242

SpecCent:
    dmean: 8.93055820465
    dmean2: 10.5381374359
    dvar: 1442.91308594
    dvar2: 1204.70422363
    kurt: 39.2392578125
    max: 941.328796387
    mean: 666.240478516
    median: 659.596374512
    min: 657.080688477
    skew: 6.39379405975
    var: 1735.7557373

Zcr:
    dmean: 0.00120960583445
    dmean2: 0.00114689313341
    dvar: 1.29774352899e-05
    dvar2: 9.03643649508e-06
    kurt: 18.3407802582
    max: 0.0302734375
    mean: 0.0286675356328
    median: 0.02978515625
    min: 0.00146484375
    skew: -4.28224372864
    var: 2.49504755629e-05

HarmonicAmpFreq:
    dmean: [1.12453258038]
    dmean2: [1.38451576233]
    dvar: [31.6058235168]
    dvar2: [30.9852924347]
    kurt: [39.6791114807]
    max: [660.672058105]
    mean: [659.637145996]
    median: [660.658508301]
    min: [622.062255859]
    skew: [-6.44220733643]
    var: [32.2170524597]

HarmonicAmpMag:
    dmean: [0.171580582857]
    dmean2: [0.330432057381]
    dvar: [0.0740755870938]
    dvar2: [0.205462560058]
    kurt: [0.660567998886]
    max: [0.62905049324]
    mean: [0.511366069317]
    median: [0.628929257393]
    min: [0]
    skew: [-1.61291742325]
    var: [0.0579917654395]

MfccCoeff:
    dmean: [34.5952529907, 21.5223312378, 38.3693504333, 7.21113634109, 8.36391830444, 5.9782743454, 2.55755829811, 2.39932584763, 2.94834923744, 3.49255394936, 2.19092321396, 1.27185833454, 1.57084465027]
    dmean2: [55.9683303833, 38.4438018799, 71.5310592651, 13.4365406036, 12.811832428, 10.4016742706, 4.36414194107, 3.62651658058, 4.29530858994, 4.89691877365, 2.81970453262, 2.10373210907, 2.25186681747]
    dvar: [7097.95898438, 165.212020874, 388.322845459, 34.9730377197, 51.3255119324, 33.4065704346, 4.63149404526, 6.17293405533, 25.1458911896, 35.2883033752, 17.8974895477, 2.38868999481, 11.8422145844]
    dvar2: [17952.2792969, 406.529602051, 1193.25378418, 58.7146682739, 95.2961044312, 62.3072662354, 8.42357158661, 9.39982891083, 22.383184433, 33.4825439453, 16.2117328644, 5.92492961884, 16.7638053894]
    kurt: [30.4045753479, 0.906254291534, -1.25316464901, 3.23699045181, 6.81162071228, 8.19355392456, 1.93811750412, 14.0063800812, 17.7555294037, 18.0934886932, 18.8992061615, 4.22645902634, 12.4270067215]
    max: [-594.430114746, 196.136520386, 45.5653419495, -25.3233985901, -28.709438324, -23.737739563, -12.3111724854, 19.3672885895, 48.1693534851, 53.3975753784, 32.5563926697, -0.306587219238, -5.8325881958]
    mean: [-965.356872559, 144.563873291, 10.3193044662, -51.5588607788, -70.6869125366, -57.3042526245, -22.0057163239, 16.4494533539, 43.5179100037, 46.9753456116, 27.791431427, -3.28112530708, -30.2872772217]
    median: [-971.563964844, 149.817260742, 9.73180770874, -51.0274429321, -71.1473999023, -58.4525566101, -21.7944869995, 17.3248157501, 45.6537666321, 49.2348632812, 29.2438392639, -3.09489440918, -31.5652580261]
    min: [-1016.59094238, 113.206642151, -28.9475212097, -66.6014175415, -90.1465454102, -69.381072998, -29.3387985229, -1.81157684326, 1.17965698242, -1.54077148438, -5.82451438904, -8.41872406006, -34.0181541443]
    skew: [5.43622636795, 0.0829241871834, -0.0113684879616, 1.09011733532, 1.93146359921, 2.54000115395, 0.423709720373, -3.40080165863, -4.19295549393, -4.20433950424, -4.27393102646, -1.42189025879, 3.6443977356]
    var: [3563.12231445, 254.026199341, 553.376281738, 58.8021697998, 94.6716766357, 62.5125923157, 9.99754810333, 12.3319635391, 62.291809082, 80.3276290894, 37.3896636963, 1.79713332653, 27.7583389282]

SpecContrastCoeff:
    dmean: [0.0427406951785, 0.0405620522797, 0.0376024991274, 0.0143684474751, 0.00937597360462, 0.00597259961069]
    dmean2: [0.0798247084022, 0.0476278923452, 0.0441023409367, 0.02660074085, 0.0170112513006, 0.00964741129428]
    dvar: [0.00162016274408, 0.00774895353243, 0.00654057087377, 0.000113422305731, 0.000115718277812, 0.000120658514788]
    dvar2: [0.00357519602403, 0.00319707323797, 0.00389230903238, 0.00022258592071, 0.000221521055209, 0.000238949840423]
    kurt: [2.01944971085, 23.902387619, 23.4366016388, 0.568225860596, 3.02455615997, 6.00580883026]
    max: [-0.841757893562, -0.145606085658, -0.157821133733, -0.890278100967, -0.900639176369, -0.907541394234]
    mean: [-0.95843142271, -0.196961417794, -0.207575544715, -0.930569291115, -0.944505572319, -0.952347993851]
    median: [-0.976759910583, -0.171466484666, -0.182402148843, -0.937781751156, -0.95111566782, -0.956476271152]
    min: [-0.985245525837, -0.965857863426, -0.896579921246, -0.94258928299, -0.951578974724, -0.958345115185]
    skew: [1.76402664185, -4.81299638748, -4.7704410553, 1.27786242962, 1.97529602051, 2.62331914902]
    var: [0.00143688521348, 0.0172376204282, 0.0139947906137, 0.000210626341868, 0.000153071858222, 0.000123581776279]

SpecPeakAmp:
    dmean: [0.000697026902344, 0.0168463252485, 0.314375847578, 0.28598973155, 0.200366556644]
    dmean2: [0.00109103007708, 0.0258339662105, 0.642876267433, 0.585071384907, 0.409815371037]
    dvar: [5.67658844375e-06, 0.00586407026276, 0.0985713899136, 0.0977521017194, 0.0855670794845]
    dvar2: [1.44824289237e-05, 0.0150501923636, 0.155772507191, 0.227399468422, 0.217943102121]
    kurt: [38.3486862183, 40.0210571289, -1.63577163219, -0.585584402084, 0.249950408936]
    max: [0.0120834661648, 0.36812093854, 0.629049062729, 0.62905049324, 0.629035413265]
    mean: [0.000548929325305, 0.00854706857353, 0.224031701684, 0.154232770205, 0.126236230135]
    median: [0.000266231916612, 0.000348156958353, 0.000493042578455, 0.000527248426806, 0.00046627788106]
    min: [2.19992944039e-05, 0.000149842671817, 9.04965490918e-05, 6.59386569168e-05, 5.23149537912e-05]
    skew: [6.29546260834, 6.48229646683, 0.603489041328, 1.18927407265, 1.49996364117]
    var: [3.08457697429e-06, 0.00293854274787, 0.0904727801681, 0.0729126855731, 0.063179217279]
