
metadata:
    version:
        essentia: "2.1-beta3"

Flux:
    dmean: 0.0184889733791
    dmean2: 0
    dvar: 0
    dvar2: 0
    kurt: -1.99999988079
    max: 0.38980075717
    mean: 0.380556285381
    median: 0.380556285381
    min: 0.371311783791
    skew: -4.82066116092e-06
    var: 8.54605314089e-05

Rms:
    dmean: 0
    dmean2: 0
    dvar: 0
    dvar2: 0
    kurt: 0
    max: 0.133771032095
    mean: 0.133771032095
    median: 0.133771032095
    min: 0.133771032095
    skew: 0
    var: 0

RollOff:
    dmean: 236.865234375
    dmean2: 0
    dvar: 0
    dvar2: 0
    kurt: -2
    max: 1184.32617188
    mean: 1065.89355469
    median: 1065.89355469
    min: 947.4609375
    skew: 0
    var: 14026.2851562

SpecCent:
    dmean: 288.504455566
    dmean2: 0
    dvar: 0
    dvar2: 0
    kurt: -2
    max: 1124.26220703
    mean: 980.010009766
    median: 980.010009766
    min: 835.757751465
    skew: -6.24645508651e-07
    var: 20808.7070312

Zcr:
    dmean: 0
    dmean2: 0
    dvar: 0
    dvar2: 0
    kurt: 0
    max: 0.01171875
    mean: 0.01171875
    median: 0.01171875
    min: 0.01171875
    skew: 0
    var: 0

HarmonicAmpFreq:
    dmean: [27.341796875]
    dmean2: [0]
    dvar: [0]
    dvar2: [0]
    kurt: [-2]
    max: [859.850769043]
    mean: [846.179870605]
    median: [846.179870605]
    min: [832.508972168]
    skew: [0]
    var: [186.893463135]

HarmonicAmpMag:
    dmean: [0.113780997694]
    dmean2: [0]
    dvar: [0]
    dvar2: [0]
    kurt: [-2]
    max: [0.113780997694]
    mean: [0.0568904988468]
    median: [0.0568904988468]
    min: [0]
    skew: [0]
    var: [0.00323652895167]

MfccCoeff:
    dmean: [416.130065918, 9.9310836792, 20.3159332275, 62.7620315552, 5.38137054443, 35.2563858032, 39.4113082886, 8.13558769226, 17.4883460999, 17.0808162689, 1.71151638031, 10.3096961975, 7.14472961426]
    dmean2: [0, 0, 0, 0, 0, 0, 0, 0, 0, 0, 0, 0, 0]
    dvar: [0, 0, 0, 0, 0, 0, 0, 0, 0, 0, 0, 0, 0]
    dvar2: [0, 0, 0, 0, 0, 0, 0, 0, 0, 0, 0, 0, 0]
    kurt: [-2, -1.99999988079, -2, -2, -2, -1.99999988079, -2, -2, -2, -1.99999988079, -2, -1.99999988079, -2]
    max: [-573.048034668, 111.849128723, -38.0940971375, -54.8739624023, -57.6653823853, 7.48482513428, 36.9297409058, 21.4636478424, 9.27164840698, -0.547822952271, -7.79726982117, 0.942367553711, 1.88507080078]
    mean: [-781.113037109, 106.883590698, -48.2520637512, -86.2549743652, -60.3560676575, -10.143368721, 17.2240867615, 17.39585495, 0.527475357056, -9.08823108673, -8.65302848816, -4.21248054504, -1.68729400635]
    median: [-781.113037109, 106.883590698, -48.2520637512, -86.2549743652, -60.3560676575, -10.143368721, 17.2240867615, 17.39585495, 0.527475357056, -9.08823108673, -8.65302848816, -4.21248054504, -1.68729400635]
    min: [-989.178100586, 101.918045044, -58.410030365, -117.635993958, -63.0467529297, -27.7715625763, -2.48156547546, 13.3280601501, -8.21669769287, -17.6286392212, -9.50878620148, -9.3673286438, -5.25965881348]
    skew: [-3.88571294252e-07, -2.27448458645e-06, 0, -3.4760958556e-07, 0, 0, 1.276225845e-07, -6.80087055116e-07, 0, 0, 1.66442782756e-06, 0, 0]
    var: [43291.0585938, 24.6566047668, 103.184288025, 984.768127441, 7.23978710175, 310.753173828, 388.312774658, 16.5469474792, 76.4605636597, 72.9385681152, 0.732322096825, 26.5724582672, 12.7617902756]

SpecContrastCoeff:
    dmean: [0.098150074482, 0.135788500309, 0.149603307247, 0.245376944542, 0.0234890580177, 0.0261283516884]
    dmean2: [0, 0, 0, 0, 0, 0]
    dvar: [0, 0, 0, 0, 0, 0]
    dvar2: [0, 0, 0, 0, 0, 0]
    kurt: [-1.99999988079, -2.00000023842, -2, -2, -2, -2]
    max: [-0.79470038414, -0.712516188622, -0.666050314903, -0.643119812012, -0.920791864395, -0.931774675846]
    mean: [-0.843775391579, -0.780410408974, -0.740851998329, -0.765808284283, -0.932536363602, -0.944838881493]
    median: [-0.843775391579, -0.780410408974, -0.740851998329, -0.765808284283, -0.932536363602, -0.944838881493]
    min: [-0.892850458622, -0.848304688931, -0.81565362215, -0.888496756554, -0.944280922413, -0.957903027534]
    skew: [-1.81606037586e-06, -1.30190460368e-06, 1.21689924981e-06, 0, -7.57926545703e-06, 6.83233110976e-06]
    var: [0.00240835919976, 0.00460962951183, 0.0055952873081, 0.0150524610654, 0.000137933966471, 0.000170672690729]

SpecPeakAmp:
    dmean: [0.113748796284, 0.0549740456045, 0.0278710778803, 0.0156479086727, 0.0111515903845]
    dmean2: [0, 0, 0, 0, 0]
    dvar: [0, 0, 0, 0, 0]
    dvar2: [0, 0, 0, 0, 0]
    kurt: [-1.99999988079, -2, -2, -2, -2]
    max: [0.113780997694, 0.0550321377814, 0.0279508437961, 0.0157577246428, 0.0113013191149]
    mean: [0.0569065995514, 0.0275451149791, 0.014015304856, 0.00793377030641, 0.00572552392259]
    median: [0.0569065995514, 0.0275451149791, 0.014015304856, 0.00793377030641, 0.00572552392259]
    min: [3.22049490933e-05, 5.80908090342e-05, 7.97664251877e-05, 0.000109816755867, 0.000149728803081]
    skew: [1.18648159741e-07, -8.75884822449e-08, 1.26025994973e-07, 1.78029750941e-07, 0]
    var: [0.00323469704017, 0.000755536486395, 0.00019419923774, 6.12142539467e-05, 3.10894902213e-05]
