
metadata:
    version:
        essentia: "2.1-beta3"

Flux:
    dmean: 7.56783992983e-06
    dmean2: 1.15024449769e-05
    dvar: 5.09047415331e-10
    dvar2: 1.09669795467e-09
    kurt: 13.8228130341
    max: 0.000124643003801
    mean: 9.16467070056e-06
    median: 3.60603689842e-06
    min: 6.03823195888e-07
    skew: 3.83802556992
    var: 5.5135079835e-10

Rms:
    dmean: 1.75682976078e-06
    dmean2: 1.68627536823e-06
    dvar: 4.2648332782e-11
    dvar2: 3.20630987038e-11
    kurt: 19.5979404449
    max: 0.0001015013695
    mean: 9.94984948193e-05
    median: 0.000101251571323
    min: 5.88483526371e-05
    skew: -4.50547790527
    var: 5.63350061045e-11

RollOff:
    dmean: 0.500772178173
    dmean2: 0.5126953125
    dvar: 10.5324554443
    dvar2: 10.7771167755
    kurt: 39.023349762
    max: 1356.59179688
    mean: 1335.54797363
    median: 1335.05859375
    min: 1335.05859375
    skew: 6.40495061874
    var: 10.2986516953

SpecCent:
    dmean: 5.50757694244
    dmean2: 7.28749322891
    dvar: 42.7349662781
    dvar2: 46.179599762
    kurt: 13.3201961517
    max: 1481.93579102
    mean: 1436.59912109
    median: 1434.9675293
    min: 1428.62133789
    skew: 3.51293182373
    var: 82.9277648926

Zcr:
    dmean: 0.00163517438341
    dmean2: 0.00186011905316
    dvar: 3.6182882468e-05
    dvar2: 3.31769260811e-05
    kurt: 17.2607707977
    max: 0.06005859375
    mean: 0.0583829022944
    median: 0.0595703125
    min: 0.02783203125
    skew: -4.36741733551
    var: 3.92783513234e-05

HarmonicAmpFreq:
    dmean: [0.0216121226549]
    dmean2: [0.0221266970038]
    dvar: [0.0196175221354]
    dvar2: [0.0200732201338]
    kurt: [39.0686798096]
    max: [1320.07702637]
    mean: [1320.05615234]
    median: [1320.07702637]
    min: [1319.14770508]
    skew: [-6.41025686264]
    var: [0.0191821046174]

HarmonicAmpMag:
    dmean: [1.87902469406e-06]
    dmean2: [1.92376342056e-06]
    dvar: [1.48290810187e-10]
    dvar2: [1.51735485288e-10]
    kurt: [39.0232467651]
    max: [8.07980613899e-05]
    mean: [1.83631959771e-06]
    median: [0]
    min: [0]
    skew: [6.40493917465]
    var: [1.44998998919e-10]

MfccCoeff:
    dmean: [0.0936250910163, 0.0513362437487, 0.0922525078058, 0.12234994024, 0.00313337449916, 0.118520334363, 0.0942570865154, 0.0438897758722, 0.12591996789, 0.0537879429758, 0.0812282115221, 0.114210262895, 0.00907738227397]
    dmean2: [0.0963076651096, 0.0527968630195, 0.0948853269219, 0.125837773085, 0.00328536261804, 0.12190464884, 0.0969300046563, 0.0451627448201, 0.129511326551, 0.05531238392, 0.0835627615452, 0.117451801896, 0.00950404535979]
    dvar: [0.183938995004, 0.0555265434086, 0.177995547652, 0.314789891243, 0.000311743060593, 0.293737202883, 0.188306540251, 0.0392691046, 0.332738518715, 0.0629357844591, 0.136042222381, 0.275929063559, 0.00262517970987]
    dvar2: [0.185856506228, 0.0561127252877, 0.17981697619, 0.318082988262, 0.000319002341712, 0.296743452549, 0.190338015556, 0.0396299287677, 0.336191684008, 0.0636783540249, 0.137356609106, 0.278884202242, 0.0026854830794]
    kurt: [21.7348365784, 21.9898700714, 21.5061779022, 21.863155365, 37.9020767212, 21.4958019257, 22.38621521, 19.7821769714, 21.726688385, 24.0466709137, 20.5487442017, 22.2531833649, 37.9012527466]
    max: [-1135.94714355, 1.3643913269, -6.103515625e-05, 8.01086425781e-05, -6.103515625e-05, 3.11319732666, 2.52771377563, -5.34057617188e-05, -4.57763671875e-05, -2.28881835938e-05, 2.08266067505, 3.05371856689, 0.339149475098]
    mean: [-1136.0402832, 1.31325292587, -2.33194947243, -3.1201479435, -0.11384408921, 2.99505758286, 2.4338555336, -1.05712628365, -3.20057272911, -1.44082248211, 2.0016014576, 2.93997955322, 0.330160498619]
    median: [-1135.94970703, 1.36306381226, -2.42139434814, -3.23882675171, -0.116828918457, 3.10997009277, 2.52534866333, -1.09954071045, -3.32269287109, -1.49306869507, 2.08024215698, 3.05082702637, 0.338809967041]
    min: [-1138.42004395, 1.14440917969e-05, -2.42390441895, -3.2420463562, -0.116943359375, 2.28881835938e-05, -2.67028808594e-05, -1.10095977783, -3.32604980469, -1.49426269531, -2.67028808594e-05, -3.0517578125e-05, -3.81469726562e-05]
    skew: [-4.76343345642, -4.78489398956, 4.74310827255, 4.77393913269, 6.2798075676, -4.74221277237, -4.81923770905, 4.59526729584, 4.76214075089, 4.96421766281, -4.66079521179, -4.80770206451, -6.2797203064]
    var: [0.182161182165, 0.0549838878214, 0.176302418113, 0.311733573675, 0.00030519469874, 0.29094350338, 0.186427488923, 0.0389313586056, 0.329532086849, 0.0622522942722, 0.134816631675, 0.273192375898, 0.00257025845349]

SpecContrastCoeff:
    dmean: [0.0239416062832, 0.0299530420452, 0.0201914589852, 0.0132608497515, 0.0108703523874, 0.0164680443704]
    dmean2: [0.0373292416334, 0.0473488047719, 0.0347963683307, 0.0158490445465, 0.0177066233009, 0.0267801992595]
    dvar: [0.00131457333919, 0.000585586414672, 0.000160921743372, 0.00115271937102, 0.000212258208194, 0.000275805505225]
    dvar2: [0.00143986777402, 0.00123190658633, 0.00054759462364, 0.00110698270146, 0.00027020307607, 0.000365303159924]
    kurt: [13.7744407654, 3.17846155167, 0.146170854568, 18.489692688, 13.4109706879, 10.8559894562]
    max: [-0.614743232727, -0.809683561325, -0.898649275303, -0.588120520115, -0.849710524082, -0.828396737576]
    mean: [-0.652705907822, -0.852129220963, -0.93659132719, -0.608581483364, -0.869519293308, -0.856154799461]
    median: [-0.645813167095, -0.848951101303, -0.939136862755, -0.599489450455, -0.8657797575, -0.850976586342]
    min: [-0.850966155529, -0.95489358902, -0.959071040154, -0.810921132565, -0.953620314598, -0.952704310417]
    skew: [-3.69201850891, -1.60149490833, 0.738088190556, -4.3367767334, -3.30079650879, -2.90948081017]
    var: [0.00172871653922, 0.000890779134352, 0.000213284380152, 0.00143570709042, 0.000269523909083, 0.000401377561502]

SpecPeakAmp:
    dmean: [1.99775868737e-07, 5.95671224346e-07, 6.24483789124e-07, 1.9363183128e-06, 7.39931991234e-08]
    dmean2: [2.39691274828e-07, 1.08479491701e-06, 1.10993801172e-06, 2.0238428533e-06, 8.40881213549e-08]
    dvar: [5.38724718047e-13, 9.54146904173e-14, 9.40980488516e-14, 1.47907699977e-10, 7.22607873061e-14]
    dvar2: [5.39324552899e-13, 3.09084734803e-13, 3.66529669029e-13, 1.51401557957e-10, 6.99186463392e-14]
    kurt: [20.4249649048, -1.56886005402, -1.54647481441, 39.0182151794, 29.3964767456]
    max: [1.68522783497e-05, 1.09291329409e-06, 1.115618943e-06, 8.07980613899e-05, 1.77455058292e-06]
    mean: [1.66030004038e-05, 5.08726373027e-07, 4.65772700409e-07, 1.91440267372e-06, 1.06017296275e-07]
    median: [1.67593752849e-05, 4.26620431426e-07, 4.66593462534e-07, 5.94716880187e-08, 5.08305717517e-08]
    min: [1.2573685126e-05, 4.47151968785e-08, 2.59738737185e-08, 2.07551629217e-08, 1.82476149746e-08]
    skew: [-4.64156627655, 0.23587359488, 0.314878314734, 6.40433740616, 5.42792224884]
    var: [5.4790894044e-13, 1.65884545141e-13, 1.69364563064e-13, 1.44721068462e-10, 7.42986333807e-14]
