
metadata:
    version:
        essentia: "2.1-beta3"

Flux:
    dmean: 0.000163637087098
    dmean2: 0.000215870735701
    dvar: 2.85003551426e-07
    dvar2: 5.60433761621e-07
    kurt: 9.62234592438
    max: 0.00311206537299
    mean: 0.000213296996662
    median: 8.51388904266e-06
    min: 5.08029097546e-06
    skew: 3.29926109314
    var: 4.62666832846e-07

Rms:
    dmean: 6.56592237647e-05
    dmean2: 4.99735615449e-05
    dvar: 5.19186187375e-08
    dvar2: 2.3394097326e-08
    kurt: 20.8379516602
    max: 0.00224158843048
    mean: 0.00215951586142
    median: 0.00223817792721
    min: 0.000409573985962
    skew: -4.53276729584
    var: 9.65764144212e-08

RollOff:
    dmean: 7.34086465836
    dmean2: 7.01081037521
    dvar: 2022.12854004
    dvar2: 1783.99743652
    kurt: 39.6422538757
    max: 1658.05664062
    mean: 1342.71472168
    median: 1335.05859375
    min: 1335.05859375
    skew: 6.4393286705
    var: 2270.07983398

SpecCent:
    dmean: 11.4731664658
    dmean2: 12.7283763885
    dvar: 2572.03100586
    dvar2: 2271.74121094
    kurt: 39.5832023621
    max: 1681.49414062
    mean: 1326.21166992
    median: 1318.0222168
    min: 1314.14929199
    skew: 6.43149709702
    var: 2883.54736328

Zcr:
    dmean: 0.00220836303197
    dmean2: 0.00185092655011
    dvar: 5.19046916452e-05
    dvar2: 3.37174860761e-05
    kurt: 17.8642520905
    max: 0.06005859375
    mean: 0.0572482645512
    median: 0.0595703125
    min: 0.00244140625
    skew: -4.23962116241
    var: 0.000102924299426

HarmonicAmpFreq:
    dmean: [0.515982866287]
    dmean2: [0.542923331261]
    dvar: [10.804017067]
    dvar2: [11.7017507553]
    kurt: [39.9489593506]
    max: [1340.95080566]
    mean: [1319.99377441]
    median: [1319.5324707]
    min: [1318.89001465]
    skew: [6.47355508804]
    var: [9.99035263062]

HarmonicAmpMag:
    dmean: [8.24437447591e-05]
    dmean2: [0.000126582293888]
    dvar: [1.42736524822e-07]
    dvar2: [3.66651903505e-07]
    kurt: [40.022403717]
    max: [0.00181551347487]
    mean: [4.04225756938e-05]
    median: [0]
    min: [0]
    skew: [6.48245668411]
    var: [7.16127175338e-08]

MfccCoeff:
    dmean: [1.25781524181, 0.710656583309, 1.13898003101, 1.50611031055, 0.127533659339, 1.14188849926, 0.885675430298, 0.29467895627, 0.790039241314, 0.309540659189, 0.525643587112, 0.683760583401, 0.00779151916504]
    dmean2: [1.63713884354, 0.931757748127, 1.45610964298, 1.93053400517, 0.194403365254, 1.37723505497, 1.07262682915, 0.282801955938, 0.817896842957, 0.323353260756, 0.439415693283, 0.547931432724, 0.0074212718755]
    dvar: [31.486700058, 10.0100040436, 26.1522216797, 45.6622467041, 0.341531425714, 27.9338855743, 16.754693985, 2.04316306114, 16.8839435577, 2.57162952423, 4.96745014191, 7.92447185516, 0.00216177338734]
    dvar2: [60.6234664917, 19.6175022125, 48.1445770264, 84.6141586304, 0.869573652744, 44.0511207581, 26.7109355927, 1.76789045334, 17.7345981598, 2.76067876816, 2.90078949928, 4.17274475098, 0.001842754893]
    kurt: [18.4966926575, 18.0835971832, 20.0852489471, 19.8368721008, 39.8687553406, 26.8543434143, 26.5039558411, 33.1296272278, 33.6999206543, 33.9085235596, 30.1980247498, 29.1422576904, 39.4695625305]
    max: [-1103.82617188, 19.3911247253, -6.103515625e-05, 8.01086425781e-05, -6.103515625e-05, 33.964263916, 26.2767715454, -5.34057617188e-05, -4.57763671875e-05, -2.28881835938e-05, 17.8594474792, 23.3158893585, 0.338882446289]
    mean: [-1119.09777832, 10.4901371002, -19.1665000916, -25.0414829254, -0.17524753511, 24.4770202637, 18.7424144745, -9.68943119049, -25.5475063324, -9.88055324554, 17.2508049011, 22.5016403198, 0.330622524023]
    median: [-1118.87109375, 10.5987358093, -19.4472999573, -25.3982620239, -0.116806030273, 24.9953918457, 19.131855011, -9.9953994751, -26.2932357788, -10.1645050049, 17.8587608337, 23.3151569366, 0.338745117188]
    min: [-1138.42004395, 1.14440917969e-05, -31.9378318787, -42.1323928833, -2.86343383789, 2.28881835938e-05, -2.67028808594e-05, -9.9958114624, -26.6910629272, -10.4429550171, -2.67028808594e-05, -3.0517578125e-05, -3.81469726562e-05]
    skew: [-1.58598041534, -1.13921356201, 2.56960964203, 2.44082951546, -6.46370220184, -4.64694213867, -4.56023263931, 5.77479457855, 5.83977890015, 5.85838365555, -5.45368051529, -5.34588098526, -6.42025661469]
    var: [14.1855888367, 4.41135454178, 12.5025634766, 21.6335067749, 0.164531126618, 16.575920105, 9.79229640961, 2.33491683006, 16.1028862, 2.40120983124, 7.72716283798, 13.3732290268, 0.0025010695681]

SpecContrastCoeff:
    dmean: [0.0420052297413, 0.0260209217668, 0.014071945101, 0.0211158599705, 0.0101192537695, 0.0086402092129]
    dmean2: [0.0653606206179, 0.0446938239038, 0.0229228716344, 0.025234349072, 0.0174420755357, 0.0130132408813]
    dvar: [0.00123330391943, 0.000267356372206, 0.000161738600582, 0.00197768234648, 6.76125710015e-05, 7.09349405952e-05]
    dvar2: [0.00229013920762, 0.000756165594794, 0.000454793829704, 0.00200009485707, 0.000190412814845, 0.000204985815799]
    kurt: [5.62509918213, -0.980583429337, 3.53432178497, 18.4680995941, -0.563777923584, 9.39461803436]
    max: [-0.705165684223, -0.906668543816, -0.874940633774, -0.467659294605, -0.909862339497, -0.89790636301]
    mean: [-0.773178160191, -0.949681401253, -0.939992964268, -0.49763917923, -0.928245186806, -0.911266863346]
    median: [-0.770985305309, -0.955563187599, -0.945028066635, -0.480503261089, -0.928645610809, -0.910622358322]
    min: [-0.973968625069, -0.975958049297, -0.959276378155, -0.876804053783, -0.942486047745, -0.959353923798]
    skew: [-2.14170002937, 0.46366071701, 1.87236666679, -4.33409690857, 0.343620449305, -2.45510292053]
    var: [0.0026501964312, 0.000376825628337, 0.00031085635419, 0.00498169939965, 6.33106537862e-05, 0.000102019876067]

SpecPeakAmp:
    dmean: [1.46317222516e-06, 1.17907040931e-06, 1.32668537844e-06, 1.64102482358e-06, 8.2795319031e-05]
    dmean2: [2.18910008698e-06, 1.82248561487e-06, 2.03110107577e-06, 2.53622647506e-06, 0.000127050734591]
    dvar: [1.05647018911e-11, 1.65101578242e-11, 2.04602619569e-11, 3.19205252508e-11, 1.42864365671e-07]
    dvar2: [1.57351423558e-11, 4.29669876068e-11, 5.20105451762e-11, 8.13484696272e-11, 3.66820330555e-07]
    kurt: [24.4868850708, 37.6930236816, 39.2107124329, 39.3613967896, 40.0226325989]
    max: [2.2490230549e-05, 2.19169742195e-05, 2.30808473134e-05, 2.82163746306e-05, 0.00181551347487]
    mean: [1.64406483236e-05, 1.22403241676e-06, 1.26903910314e-06, 1.4288868897e-06, 4.10057000408e-05]
    median: [1.68382011907e-05, 6.98013820966e-07, 7.76051763296e-07, 8.25219956369e-07, 6.75329999922e-07]
    min: [7.24496942439e-07, 3.02946062902e-07, 1.86643404732e-07, 2.92195778684e-07, 2.64544013362e-07]
    skew: [-4.38452625275, 6.22158193588, 6.38734674454, 6.40504837036, 6.48248291016]
    var: [7.12892592181e-12, 1.00074202397e-11, 1.09162765632e-11, 1.64353721605e-11, 7.15654877581e-08]
