
metadata:
    version:
        essentia: "2.1-beta3"

Flux:
    dmean: 0.00366632291116
    dmean2: 0.00484225153923
    dvar: 0.000143083801959
    dvar2: 0.000280902837403
    kurt: 9.60693454742
    max: 0.0696704015136
    mean: 0.00468041980639
    median: 7.94552397565e-05
    min: 2.17555461859e-05
    skew: 3.29725337029
    var: 0.000232810300076

Rms:
    dmean: 0.0014665502822
    dmean2: 0.00111667544115
    dvar: 2.60595861619e-05
    dvar2: 1.17139561553e-05
    kurt: 20.8841648102
    max: 0.0501862466335
    mean: 0.0483488179743
    median: 0.0501123480499
    min: 0.00910099595785
    skew: -4.53680181503
    var: 4.85102391394e-05

RollOff:
    dmean: 5.38330078125
    dmean2: 5.5084939003
    dvar: 1246.13684082
    dvar2: 1274.42700195
    kurt: 40.0227241516
    max: 1571.92382812
    mean: 1340.32226562
    median: 1335.05859375
    min: 1335.05859375
    skew: 6.48249340057
    var: 1219.07470703

SpecCent:
    dmean: 6.54440879822
    dmean2: 7.94253587723
    dvar: 437.643676758
    dvar2: 371.682800293
    kurt: 38.8518981934
    max: 1468.57666016
    mean: 1320.83215332
    median: 1317.51086426
    min: 1313.94091797
    skew: 6.34415531158
    var: 503.003814697

Zcr:
    dmean: 0.00223055761307
    dmean2: 0.00186228193343
    dvar: 5.30741053808e-05
    dvar2: 3.48673711414e-05
    kurt: 17.687707901
    max: 0.06005859375
    mean: 0.0572265610099
    median: 0.0595703125
    min: 0.001953125
    skew: -4.22246789932
    var: 0.00010531321459

HarmonicAmpFreq:
    dmean: [0.504871726036]
    dmean2: [0.496936887503]
    dvar: [10.1387290955]
    dvar2: [9.56415176392]
    kurt: [39.8971633911]
    max: [1319.53137207]
    mean: [1319.01879883]
    median: [1319.53137207]
    min: [1297.3170166]
    skew: [-6.46798992157]
    var: [10.7194671631]

HarmonicAmpMag:
    dmean: [0.00184543232899]
    dmean2: [0.00283342110924]
    dvar: [7.1518094046e-05]
    dvar2: [0.000183709766134]
    kurt: [40.0224227905]
    max: [0.0406380929053]
    mean: [0.000904783548322]
    median: [0]
    min: [0]
    skew: [6.48245716095]
    var: [3.58804900316e-05]

MfccCoeff:
    dmean: [12.4783935547, 5.39936971664, 2.1944372654, 1.51674091816, 0.621005654335, 1.1365634203, 1.28132259846, 1.06503975391, 1.25647509098, 1.21155178547, 1.50159072876, 1.50413274765, 0.941482543945]
    dmean2: [18.4702663422, 7.89337301254, 2.74802088737, 1.47842144966, 0.849432826042, 0.96394854784, 1.46416509151, 1.26307499409, 1.30674552917, 1.80665910244, 1.83912849426, 1.82593309879, 1.44729435444]
    dvar: [2989.99975586, 519.667358398, 79.2875671387, 29.208360672, 0.316295266151, 16.5381317139, 8.25296974182, 2.86084508896, 20.4815063477, 3.23590373993, 11.7178182602, 22.6286640167, 0.251211613417]
    dvar2: [7516.40039062, 1296.75634766, 159.847854614, 26.5020275116, 0.380185961723, 7.20265102386, 6.76169729233, 1.70939230919, 20.2315330505, 5.39276599884, 11.0790615082, 27.3107204437, 0.57564252615]
    kurt: [38.5623550415, 37.45677948, 14.2711696625, 22.2882022858, 9.53729534149, 26.6614398956, 18.3672637939, 20.4365253448, 21.243522644, 15.5773506165, 17.7533168793, 17.2967033386, -0.0743820667267]
    max: [-851.491699219, 123.022872925, -9.98030090332, -14.117565155, 0.162933349609, 56.6361083984, 44.5804367065, -1.55885314941, -9.12451171875, -5.28158569336, 34.2927513123, 46.6897201538, 3.00916290283]
    mean: [-1095.49108887, 22.6052036285, -37.6120147705, -48.4294929504, -0.523733019829, 46.8755645752, 35.8698120117, -18.2423439026, -48.4347000122, -18.8132820129, 32.3306808472, 42.2256202698, 0.711747765541]
    median: [-1101.05480957, 20.2513237, -37.1566734314, -48.4816665649, -0.29426574707, 47.6376647949, 36.3818130493, -19.0026931763, -49.8438491821, -19.180305481, 33.7650413513, 43.8858718872, 0.56608581543]
    min: [-1127.30432129, 6.49271774292, -63.7109260559, -68.5678482056, -4.64122009277, 10.9470214844, 10.0488929749, -19.5526504517, -55.129234314, -23.0881271362, 2.9868888855, 5.57945251465, -0.269897460938]
    skew: [6.30249834061, 6.16537046432, 0.0349317491055, 3.1147646904, -2.91232895851, -4.87181520462, -3.94643044472, 4.50625658035, 4.66537761688, 3.87403917313, -4.27858114243, -4.24137353897, 0.539331436157]
    var: [1376.8536377, 236.415710449, 37.3987083435, 36.9863967896, 0.801851212978, 35.6704673767, 22.7358226776, 9.02108955383, 49.9124984741, 7.37807893753, 30.8963184357, 49.3048973083, 0.560516893864]

SpecContrastCoeff:
    dmean: [0.0449897646904, 0.0158091634512, 0.0151627892628, 0.0267924387008, 0.0122261112556, 0.0122970519587]
    dmean2: [0.0745804607868, 0.0272216815501, 0.0260201282799, 0.029132347554, 0.0194822140038, 0.0217286832631]
    dvar: [0.00105992914177, 0.000141800948768, 0.000305879366351, 0.00329645373859, 7.97003231128e-05, 0.00014216855925]
    dvar2: [0.00325572653674, 0.000294119672617, 0.000591781514231, 0.0027137931902, 0.000161697433214, 0.000318834092468]
    kurt: [1.21424865723, -0.339299440384, 6.6795129776, 20.5534496307, 2.45878744125, 1.2743229866]
    max: [-0.837395071983, -0.941354036331, -0.832937300205, -0.293729901314, -0.887734293938, -0.913236737251]
    mean: [-0.939389050007, -0.974316895008, -0.930466711521, -0.341904550791, -0.937196433544, -0.951583266258]
    median: [-0.947757005692, -0.980658113956, -0.937936902046, -0.323689490557, -0.942790269852, -0.958859980106]
    min: [-0.995590984821, -0.986929178238, -0.948790073395, -0.828728914261, -0.948500394821, -0.960922956467]
    skew: [1.24898409843, 0.978523254395, 2.63430953026, -4.50357532501, 1.56252241135, 1.55394399166]
    var: [0.00122746720444, 0.00017535877123, 0.000654230127111, 0.00755979167297, 0.000177300054929, 0.000160289069754]

SpecPeakAmp:
    dmean: [4.22952580266e-05, 0.00185098161455, 3.43745487044e-05, 2.67150571744e-05, 2.5783874662e-05]
    dmean2: [6.8385474151e-05, 0.00284190708771, 5.26824878762e-05, 4.08035557484e-05, 3.94120143028e-05]
    dvar: [2.11238404546e-08, 7.14685156709e-05, 1.68568430325e-08, 9.15787801148e-09, 8.39249736373e-09]
    dvar2: [5.43840776857e-08, 0.000183563635801, 4.32089031221e-08, 2.34038477487e-08, 2.14241939744e-08]
    kurt: [39.6257667542, 40.0224380493, 39.8118515015, 39.6691856384, 39.6198730469]
    max: [0.000728960498236, 0.0406380929053, 0.000645466265269, 0.000477786787087, 0.000456810579635]
    mean: [3.64176921721e-05, 0.000914753647521, 2.50101093116e-05, 2.14536521526e-05, 2.11787755688e-05]
    median: [1.88719350263e-05, 1.1631090274e-05, 1.16232968139e-05, 1.1449394151e-05, 1.18732605188e-05]
    min: [9.75690090854e-06, 1.45286537645e-06, 2.22209132517e-06, 3.22585287904e-06, 3.49136780642e-06]
    skew: [6.43548202515, 6.48245954514, 6.45745563507, 6.44050550461, 6.43468046188]
    var: [1.09510729374e-08, 3.58624783985e-05, 8.77078321082e-09, 4.75232742048e-09, 4.33344204964e-09]
