
metadata:
    version:
        essentia: "2.1-beta3"

Flux:
    dmean: 0.0328547731042
    dmean2: 0.0436594970524
    dvar: 0.0115930642933
    dvar2: 0.0223032571375
    kurt: 9.38544464111
    max: 0.640202641487
    mean: 0.0430468358099
    median: 0.000669940432999
    min: 1.81244286068e-05
    skew: 3.2656583786
    var: 0.019605057314

Rms:
    dmean: 0.0134394168854
    dmean2: 0.0102039054036
    dvar: 0.00219961325638
    dvar2: 0.000986460014246
    kurt: 21.0857772827
    max: 0.462385326624
    mean: 0.445526093245
    median: 0.461692839861
    min: 0.0834530815482
    skew: -4.55563020706
    var: 0.00410425383598

RollOff:
    dmean: 4.40451860428
    dmean2: 4.50694942474
    dvar: 834.190795898
    dvar2: 853.128967285
    kurt: 40.022731781
    max: 1528.85742188
    mean: 1339.36523438
    median: 1335.05859375
    min: 1335.05859375
    skew: 6.48249387741
    var: 816.074768066

SpecCent:
    dmean: 3.25817584991
    dmean2: 4.68776988983
    dvar: 2.33705735207
    dvar2: 5.69776153564
    kurt: -1.19629561901
    max: 1323.25
    mean: 1317.43994141
    median: 1317.26049805
    min: 1313.14221191
    skew: 0.109688863158
    var: 6.73435926437

Zcr:
    dmean: 0.00220836303197
    dmean2: 0.00185092655011
    dvar: 5.19046916452e-05
    dvar2: 3.36731282005e-05
    kurt: 17.8642520905
    max: 0.06005859375
    mean: 0.0572482645512
    median: 0.0595703125
    min: 0.00244140625
    skew: -4.23962116241
    var: 0.000102924299426

HarmonicAmpFreq:
    dmean: [1.17225790024]
    dmean2: [1.19951963425]
    dvar: [59.0901107788]
    dvar2: [60.4315910339]
    kurt: [40.0238647461]
    max: [1319.53088379]
    mean: [1318.38500977]
    median: [1319.53088379]
    min: [1267.95153809]
    skew: [-6.48262548447]
    var: [57.8068504333]

HarmonicAmpMag:
    dmean: [1.59338105732e-05]
    dmean2: [1.63043641805e-05]
    dvar: [1.09171107709e-08]
    dvar2: [1.11649560708e-08]
    kurt: [40.0227241516]
    max: [0.000701087643392]
    mean: [1.55797260959e-05]
    median: [0]
    min: [0]
    skew: [6.48249292374]
    var: [1.06800248645e-08]

MfccCoeff:
    dmean: [27.1563129425, 28.2004394531, 25.4657421112, 6.11458730698, 4.33280181885, 5.31728076935, 2.77137899399, 2.10011124611, 2.91798615456, 1.44745516777, 2.00840592384, 2.09014797211, 0.386460989714]
    dmean2: [41.7515907288, 44.8781318665, 38.1760673523, 10.9048280716, 8.26221179962, 7.97843170166, 4.10806179047, 3.68854832649, 5.07221460342, 2.37445163727, 2.07118463516, 2.73252511024, 0.602187633514]
    dvar: [6046.90771484, 315.193664551, 161.945175171, 52.7805900574, 4.49435997009, 37.6865997314, 22.0261745453, 7.28020143509, 25.1213607788, 5.85052776337, 21.6345462799, 25.1561088562, 0.118230693042]
    dvar2: [14347.1748047, 776.549621582, 431.784881592, 107.11076355, 18.1203079224, 66.4379577637, 28.5086193085, 14.4524183273, 42.1895370483, 14.7719907761, 17.4920349121, 21.4471626282, 0.333600729704]
    kurt: [26.2555618286, 2.25149488449, -0.793562889099, 11.6341028214, 0.424826622009, 8.64711093903, 13.6627426147, 9.88318443298, 11.8671569824, 19.1120929718, 18.828163147, 16.9724731445, 4.54781389236]
    max: [-644.827392578, 171.713226318, -26.800655365, -42.1675682068, 3.81454467773, 76.7782058716, 52.5210647583, -7.54505157471, -21.97681427, -7.59972763062, 35.9927787781, 45.135635376, 2.36420440674]
    mean: [-989.745117188, 86.2025680542, -74.6210327148, -84.3513412476, -0.0375778637826, 59.2088775635, 41.0950622559, -20.963924408, -51.385269165, -18.9953918457, 32.8096885681, 42.2117004395, 0.215876564384]
    median: [-997.603942871, 91.2990493774, -73.3640899658, -86.1222610474, 0.324127197266, 59.0485687256, 41.9174575806, -21.2936553955, -52.9341659546, -19.2923202515, 34.4127922058, 44.1679382324, 0.217758178711]
    min: [-1022.04388428, 49.3356132507, -106.030456543, -101.930671692, -9.52257919312, 25.698348999, 8.66319656372, -26.5700073242, -59.7564163208, -20.7412185669, -5.66032600403, 1.76142883301, -0.547637939453]
    skew: [5.11824178696, 0.630453407764, -0.0564116947353, 3.12417221069, -0.800223052502, -2.34466600418, -3.49491405487, 2.76378583908, 3.51386904716, 4.03553056717, -4.32367753983, -4.16562795639, 1.63501858711]
    var: [3343.81079102, 531.72845459, 374.899261475, 81.5980377197, 9.76572704315, 55.992980957, 42.5029449463, 8.24234676361, 43.1900215149, 4.18142175674, 49.4474945068, 58.8104782104, 0.274299949408]

SpecContrastCoeff:
    dmean: [0.0243513863534, 0.0184843577445, 0.0184029471129, 0.0290958937258, 0.0170421879739, 0.0126667283475]
    dmean2: [0.042309962213, 0.0308528337628, 0.0297040715814, 0.02902142331, 0.0304806232452, 0.0245782379061]
    dvar: [0.000688824860845, 0.000227260912652, 0.000382189900847, 0.0054914210923, 0.000230068253586, 0.000281873828499]
    dvar2: [0.00138581113424, 0.000426412094384, 0.000719803152606, 0.00331297353841, 0.000489194469992, 0.000654853880405]
    kurt: [3.08379554749, 0.403530836105, 5.0057477951, 23.0044841766, 5.64409160614, 5.69452953339]
    max: [-0.879043221474, -0.913691818714, -0.812331676483, -0.12640312314, -0.843582689762, -0.874028384686]
    mean: [-0.971720278263, -0.967733085155, -0.913063049316, -0.179516792297, -0.922736048698, -0.945222377777]
    median: [-0.984191715717, -0.975691080093, -0.923089385033, -0.157279893756, -0.930848956108, -0.953833281994]
    min: [-0.993199706078, -0.983497560024, -0.935182988644, -0.775392532349, -0.937110424042, -0.954395711422]
    skew: [1.91930449009, 1.18282878399, 2.39093208313, -4.72493171692, 2.24823474884, 2.46287298203]
    var: [0.00065158092184, 0.00032002539956, 0.000886076595634, 0.0105542782694, 0.000378068332793, 0.000314268952934]

SpecPeakAmp:
    dmean: [0.000387821375625, 0.000377112417482, 0.000388336833566, 0.000396459479816, 0.000401063560275]
    dmean2: [0.000594033685047, 0.000582777662203, 0.000593661912717, 0.00060464174021, 0.000614917778876]
    dvar: [2.27820805776e-06, 2.15781824409e-06, 2.35508787227e-06, 2.49135223385e-06, 2.57867850451e-06]
    dvar2: [5.8769237512e-06, 5.63515459362e-06, 6.06000503467e-06, 6.3996976678e-06, 6.61777858113e-06]
    kurt: [39.8466644287, 39.3235054016, 39.8972663879, 39.9083938599, 39.8963088989]
    max: [0.00749752810225, 0.00751402182505, 0.0075436681509, 0.00772469118237, 0.00784245226532]
    mean: [0.000271223892923, 0.000274328456726, 0.000267296127276, 0.00027858040994, 0.000297276943456]
    median: [0.000114602546091, 0.000105527680716, 0.000111896122689, 0.0001151791148, 0.000123683465063]
    min: [1.29540476337e-05, 1.57697886607e-05, 2.52214122156e-05, 3.62224673154e-05, 3.77179057978e-05]
    skew: [6.46163368225, 6.40294408798, 6.46761989594, 6.46895074844, 6.4675526619]
    var: [1.1892460634e-06, 1.20102117762e-06, 1.20507013435e-06, 1.2617840639e-06, 1.2957641502e-06]
