
metadata:
    version:
        essentia: "2.1-beta3"

Flux:
    dmean: 0.0176275074482
    dmean2: 0
    dvar: 0
    dvar2: 0
    kurt: -2
    max: 0.387376904488
    mean: 0.378563165665
    median: 0.378563165665
    min: 0.369749397039
    skew: -5.06439164383e-06
    var: 7.76822562329e-05

Rms:
    dmean: 0
    dmean2: 0
    dvar: 0
    dvar2: 0
    kurt: 0
    max: 0.133058041334
    mean: 0.133058041334
    median: 0.133058041334
    min: 0.133058041334
    skew: 0
    var: 0

RollOff:
    dmean: 473.73046875
    dmean2: 0
    dvar: 0
    dvar2: 0
    kurt: -2
    max: 2347.11914062
    mean: 2110.25390625
    median: 2110.25390625
    min: 1873.38867188
    skew: 0
    var: 56105.140625

SpecCent:
    dmean: 140.668945312
    dmean2: 0
    dvar: 0
    dvar2: 0
    kurt: -2
    max: 1821.03271484
    mean: 1750.69824219
    median: 1750.69824219
    min: 1680.36376953
    skew: 0
    var: 4946.93798828

Zcr:
    dmean: 0
    dmean2: 0
    dvar: 0
    dvar2: 0
    kurt: 0
    max: 0.0224609375
    mean: 0.0224609375
    median: 0.0224609375
    min: 0.0224609375
    skew: 0
    var: 0

HarmonicAmpFreq:
    dmean: [112.645996094]
    dmean2: [0]
    dvar: [0]
    dvar2: [0]
    kurt: [-2]
    max: [1693.69616699]
    mean: [1637.37316895]
    median: [1637.37316895]
    min: [1581.0501709]
    skew: [0]
    var: [3172.2800293]

HarmonicAmpMag:
    dmean: [0.0883455872536]
    dmean2: [0]
    dvar: [0]
    dvar2: [0]
    kurt: [-2]
    max: [0.0883455872536]
    mean: [0.0441727936268]
    median: [0.0441727936268]
    min: [0]
    skew: [0]
    var: [0.00195123569574]

MfccCoeff:
    dmean: [408.672607422, 19.7693328857, 47.4870529175, 8.3009185791, 65.7043762207, 14.2535705566, 35.5114212036, 17.9892501831, 23.7587051392, 11.7421875, 7.49837112427, 8.85499763489, 2.08170509338]
    dmean2: [0, 0, 0, 0, 0, 0, 0, 0, 0, 0, 0, 0, 0]
    dvar: [0, 0, 0, 0, 0, 0, 0, 0, 0, 0, 0, 0, 0]
    dvar2: [0, 0, 0, 0, 0, 0, 0, 0, 0, 0, 0, 0, 0]
    kurt: [-1.99999988079, -2, -2, -2, -2, -2, -1.99999988079, -2, -2, -2, -2, -1.99999988079, -2]
    max: [-589.865112305, 48.0532188416, -106.906211853, -46.0364151001, 81.4228363037, 33.8392181396, -5.72428131104, -1.85279083252, 20.0564460754, 9.20505523682, 2.25326347351, 6.62924957275, 0.853378295898]
    mean: [-794.201416016, 38.1685523987, -130.649734497, -50.1868743896, 48.5706481934, 26.7124328613, -23.4799919128, -10.8474159241, 8.17709350586, 3.33396148682, -1.49592208862, 2.20175075531, -0.187474250793]
    median: [-794.201416016, 38.1685523987, -130.649734497, -50.1868743896, 48.5706481934, 26.7124328613, -23.4799919128, -10.8474159241, 8.17709350586, 3.33396148682, -1.49592208862, 2.20175075531, -0.187474250793]
    min: [-998.537719727, 28.2838859558, -154.393264771, -54.3373336792, 15.7184638977, 19.585647583, -41.2357025146, -19.8420410156, -3.70225906372, -2.53713226318, -5.24510765076, -2.22574806213, -1.22832679749]
    skew: [0, 0, -5.10695940648e-07, 0, 1.652564805e-07, 0, 0, 0, 0, 0, 0, 0, 0]
    var: [41753.3242188, 97.7066268921, 563.755065918, 17.2263126373, 1079.26611328, 50.7910690308, 315.265258789, 80.9032821655, 141.119018555, 34.4697418213, 14.0563926697, 19.6027450562, 1.08337402344]

SpecContrastCoeff:
    dmean: [0.00756460428238, 0.0298714637756, 0.0941195487976, 0.0166714191437, 0.267621815205, 0.0269417762756]
    dmean2: [0, 0, 0, 0, 0, 0]
    dvar: [0, 0, 0, 0, 0, 0]
    dvar2: [0, 0, 0, 0, 0, 0]
    kurt: [-2, -2, -2, -2, -1.99999988079, -2]
    max: [-0.947096467018, -0.911570429802, -0.807745277882, -0.746812999249, -0.563718736172, -0.927634835243]
    mean: [-0.950878739357, -0.92650616169, -0.85480505228, -0.75514870882, -0.697529673576, -0.941105723381]
    median: [-0.950878739357, -0.92650616169, -0.85480505228, -0.75514870882, -0.697529673576, -0.941105723381]
    min: [-0.954661071301, -0.941441893578, -0.901864826679, -0.763484418392, -0.831340551376, -0.954576611519]
    skew: [-2.3637092454e-05, 0, 0, 0, 6.80242351336e-07, 0]
    var: [1.43058096e-05, 0.000223076087423, 0.00221462245099, 6.94840564393e-05, 0.0179053582251, 0.000181464827619]

SpecPeakAmp:
    dmean: [0.0883254781365, 0.0563341639936, 0.0394942164421, 0.0280420873314, 0.0197083558887]
    dmean2: [0, 0, 0, 0, 0]
    dvar: [0, 0, 0, 0, 0]
    dvar2: [0, 0, 0, 0, 0]
    kurt: [-2, -1.99999988079, -2, -1.99999988079, -1.99999988079]
    max: [0.0883455872536, 0.0563621595502, 0.0395253300667, 0.0280778352171, 0.0197502151132]
    mean: [0.0441828481853, 0.0281950775534, 0.0197782218456, 0.0140567915514, 0.0098960371688]
    median: [0.0441828481853, 0.0281950775534, 0.0197782218456, 0.0140567915514, 0.0098960371688]
    min: [2.01075308723e-05, 2.79961732303e-05, 3.11137337121e-05, 3.57476674253e-05, 4.1858831537e-05]
    skew: [0, 0, 0, 0, 0]
    var: [0.00195034756325, 0.000793384504505, 0.000389948283555, 0.000196589666302, 9.71048211795e-05]
