
metadata:
    version:
        essentia: "2.1-beta3"

Flux:
    dmean: 7.18690444046e-06
    dmean2: 1.10612782009e-05
    dvar: 5.34105426553e-10
    dvar2: 1.15807174961e-09
    kurt: 13.8939571381
    max: 0.00012506825442
    mean: 8.66137543198e-06
    median: 2.70455575446e-06
    min: 1.03576053334e-06
    skew: 3.85121321678
    var: 5.59232382624e-10

Rms:
    dmean: 1.67389998751e-06
    dmean2: 1.53681776283e-06
    dvar: 4.29463999085e-11
    dvar2: 3.23435687954e-11
    kurt: 19.5755767822
    max: 0.000101334349893
    mean: 9.94994552457e-05
    median: 0.000101276556961
    min: 5.88667026022e-05
    skew: -4.50475549698
    var: 5.63627824968e-11

RollOff:
    dmean: 1.00154435635
    dmean2: 1.025390625
    dvar: 20.5633563995
    dvar2: 21.0285148621
    kurt: 17.0419883728
    max: 2670.1171875
    mean: 2649.56420898
    median: 2648.58398438
    min: 2648.58398438
    skew: 4.36339569092
    var: 20.118303299

SpecCent:
    dmean: 2.16707158089
    dmean2: 2.80664634705
    dvar: 9.60958576202
    dvar2: 5.02095031738
    kurt: 27.3761119843
    max: 2669.40307617
    mean: 2641.1484375
    median: 2640.54345703
    min: 2637.76342773
    skew: 5.07815694809
    var: 21.934431076

Zcr:
    dmean: 0.00288426596671
    dmean2: 0.0029064361006
    dvar: 0.000146863807458
    dvar2: 0.000137226365041
    kurt: 17.3846530914
    max: 0.1201171875
    mean: 0.116765804589
    median: 0.11962890625
    min: 0.05517578125
    skew: -4.3806271553
    var: 0.000157200163812

HarmonicAmpFreq:
    dmean: [0]
    dmean2: [0]
    dvar: [0]
    dvar2: [0]
    kurt: [-2]
    max: [2641.35449219]
    mean: [2641.35351562]
    median: [2641.35449219]
    min: [2641.35449219]
    skew: [1]
    var: [9.53674316406e-07]

HarmonicAmpMag:
    dmean: [0]
    dmean2: [0]
    dvar: [0]
    dvar2: [0]
    kurt: [nan]
    max: [0]
    mean: [0]
    median: [0]
    min: [0]
    skew: [nan]
    var: [0]

MfccCoeff:
    dmean: [0.0433775447309, 0.011966438964, 0.0566867552698, 0.034084584564, 0.0433878339827, 0.0510175824165, 0.0234807915986, 0.0601795986295, 0, 0.0601783581078, 0.0234809704125, 0.0510177612305, 0.0433860607445]
    dmean2: [0.0443812794983, 0.0122419083491, 0.0579950250685, 0.034867785871, 0.0443889088929, 0.0521934144199, 0.0240227840841, 0.061569031328, 0, 0.0615683048964, 0.0240236911923, 0.0521954111755, 0.0443885438144]
    dvar: [0.0386800095439, 0.00294430111535, 0.0660350844264, 0.0238795559853, 0.0386837981641, 0.0534869246185, 0.0113300597295, 0.0744216144085, 0, 0.0744217708707, 0.011329847388, 0.0534866005182, 0.0386833101511]
    dvar2: [0.0390763841569, 0.00297420145944, 0.0667086914182, 0.0241234637797, 0.0390784330666, 0.0540328249335, 0.0114457039163, 0.0751817375422, 0, 0.0751821994781, 0.0114452969283, 0.054033074528, 0.0390787348151]
    kurt: [19.6803817749, 19.6446971893, 19.6439666748, 19.644285202, 19.6439094543, 19.6439990997, 19.644285202, 19.6439819336, nan, 19.6440734863, 19.6440753937, 19.6441116333, 19.6440010071]
    max: [-1137.33203125, 1.14440917969e-05, -6.103515625e-05, 0.854969024658, 1.08804321289, 2.28881835938e-05, -2.67028808594e-05, 1.50916290283, -4.57763671875e-05, -2.28881835938e-05, 0.588840484619, 1.27942657471, -3.81469726562e-05]
    mean: [-1137.37451172, -0.288348466158, -1.36564254761, 0.821270704269, 1.04512989521, -1.22897827625, -0.565678358078, 1.44964706898, -4.57763671875e-05, -1.44972538948, 0.565619528294, 1.22897100449, -1.04521334171]
    median: [-1137.3326416, -0.299976348877, -1.42076873779, 0.854419708252, 1.0873260498, -1.27858734131, -0.588512420654, 1.50816726685, -4.57763671875e-05, -1.50824356079, 0.588451385498, 1.27858352661, -1.08740234375]
    min: [-1138.42004395, -0.300189971924, -1.42170715332, 8.01086425781e-05, -6.103515625e-05, -1.27942657471, -0.588893890381, -5.34057617188e-05, -4.57763671875e-05, -1.50923919678, -2.67028808594e-05, -3.0517578125e-05, -1.08811950684]
    skew: [-4.58935785294, 4.58358097076, 4.58351802826, -4.58354616165, -4.58351373672, 4.58352231979, 4.58354663849, -4.58351993561, nan, 4.583527565, -4.58352851868, -4.5835313797, 4.58352327347]
    var: [0.038320299238, 0.00291709066369, 0.0654231756926, 0.0236579533666, 0.0383256040514, 0.0529908053577, 0.0112250307575, 0.0737314522266, 0, 0.0737313181162, 0.011224931106, 0.0529905334115, 0.0383242741227]

SpecContrastCoeff:
    dmean: [0.0173493083566, 0.0272512659431, 0.0128688048571, 0.00918596424162, 0.0137948896736, 0.0129656912759]
    dmean2: [0.0225533656776, 0.0434370711446, 0.0168650466949, 0.0156541671604, 0.0189195685089, 0.0204326286912]
    dvar: [0.00147310679313, 0.000553942401893, 0.000643175037112, 9.58596356213e-05, 0.000485983619001, 5.1496863307e-05]
    dvar2: [0.00133933220059, 0.000898065743968, 0.000563018489629, 0.000127980165416, 0.000523506081663, 0.000131212786073]
    kurt: [15.5420131683, 7.89751434326, 14.4585762024, 12.4941492081, 14.2624416351, 2.36618375778]
    max: [-0.620654821396, -0.81706404686, -0.814410686493, -0.886008381844, -0.659277379513, -0.853629946709]
    mean: [-0.655354380608, -0.850977659225, -0.839126527309, -0.903110563755, -0.678181290627, -0.876566529274]
    median: [-0.647737324238, -0.843081712723, -0.832352161407, -0.901676774025, -0.672617554665, -0.876033842564]
    min: [-0.853836357594, -0.982031524181, -0.973142147064, -0.959618210793, -0.7939453125, -0.917887687683]
    skew: [-4.06930398941, -2.50485086441, -3.89181661606, -2.99380421638, -3.85569906235, -1.0413132906]
    var: [0.00179877877235, 0.000877952785231, 0.00082950736396, 0.000125985316117, 0.000663718616124, 0.000136915346957]

SpecPeakAmp:
    dmean: [6.14148348177e-07, 9.78835856813e-08, 1.40888559486e-07, 4.50117568107e-07, 3.85557655136e-07]
    dmean2: [9.74616568783e-07, 1.40084168265e-07, 2.46971211482e-07, 8.62632930421e-07, 6.72620103614e-07]
    dvar: [6.67056525034e-13, 4.20332375134e-14, 8.43763874416e-14, 1.35113559338e-13, 9.70021250281e-14]
    dvar2: [6.82639274968e-13, 4.02609532085e-14, 1.9990630787e-13, 3.76040913902e-13, 2.54228116423e-13]
    kurt: [14.2486133575, 19.15666008, 4.54254865646, -0.345703363419, -1.75059735775]
    max: [1.72472009581e-05, 1.35909272103e-06, 1.08453093617e-06, 1.32967477384e-06, 9.61092609941e-07]
    mean: [1.65961773746e-05, 1.68282227264e-07, 1.76162345156e-07, 3.29731221882e-07, 4.51707279581e-07]
    median: [1.6751808289e-05, 1.18310772734e-07, 8.55949622292e-08, 1.12576273636e-07, 3.72122201497e-07]
    min: [1.2330264326e-05, 6.5430370455e-08, 4.78922288494e-08, 3.54121638679e-08, 2.81243330846e-08]
    skew: [-3.74979281425, 4.43040704727, 2.51123261452, 1.06585359573, 0.135158315301]
    var: [7.75318828236e-13, 4.91569540064e-14, 7.14469987079e-14, 1.29018120514e-13, 1.3770581897e-13]
