
metadata:
    version:
        essentia: "2.1-beta3"

Flux:
    dmean: 0.000162787880981
    dmean2: 0.000216158019612
    dvar: 2.85680727075e-07
    dvar2: 5.64906201816e-07
    kurt: 9.56189727783
    max: 0.00309896166436
    mean: 0.000212969171116
    median: 7.86750479165e-06
    min: 6.28700809102e-06
    skew: 3.29245114326
    var: 4.61936309648e-07

Rms:
    dmean: 6.33372474113e-05
    dmean2: 4.66376986878e-05
    dvar: 5.20070315702e-08
    dvar2: 2.33300507801e-08
    kurt: 20.8478565216
    max: 0.00223898165859
    mean: 0.00215937220491
    median: 0.00223861238919
    min: 0.000406781211495
    skew: -4.53256464005
    var: 9.68076250274e-08

RollOff:
    dmean: 6.85147380829
    dmean2: 6.51003837585
    dvar: 1491.62805176
    dvar2: 1283.95654297
    kurt: 39.0390968323
    max: 2928.515625
    mean: 2655.76293945
    median: 2648.58398438
    min: 2648.58398438
    skew: 6.37117147446
    var: 1710.4597168

SpecCent:
    dmean: 3.03199362755
    dmean2: 3.41678786278
    dvar: 174.310577393
    dvar2: 129.639602661
    kurt: 38.5898475647
    max: 2724.23046875
    mean: 2625.61987305
    median: 2623.19116211
    min: 2619.58154297
    skew: 6.32317876816
    var: 224.78968811

Zcr:
    dmean: 0.00405051512644
    dmean2: 0.00291833211668
    dvar: 0.000216674568946
    dvar2: 0.000146616235725
    kurt: 17.8820877075
    max: 0.11962890625
    mean: 0.114463977516
    median: 0.11962890625
    min: 0.00390625
    skew: -4.24289512634
    var: 0.000418647046899

HarmonicAmpFreq:
    dmean: [0.192205250263]
    dmean2: [0.196675151587]
    dvar: [1.58854281902]
    dvar2: [1.62460684776]
    kurt: [39.9961166382]
    max: [2641.34692383]
    mean: [2641.15771484]
    median: [2641.34692383]
    min: [2632.88989258]
    skew: [-6.47941493988]
    var: [1.55404651165]

HarmonicAmpMag:
    dmean: [7.67404770841e-08]
    dmean2: [7.8525140168e-08]
    dvar: [2.53231355156e-13]
    dvar2: [2.5898031007e-13]
    kurt: [40.0227241516]
    max: [3.37658093486e-06]
    mean: [7.50351318857e-08]
    median: [0]
    min: [0]
    skew: [6.48249340057]
    var: [2.47731929371e-13]

MfccCoeff:
    dmean: [0.798645019531, 0.186820283532, 1.04752016068, 0.520764410496, 0.822638273239, 0.747274935246, 0.510806262493, 0.829620540142, 0.209929645061, 0.77052462101, 0.0868488624692, 0.677043318748, 0.261043727398]
    dmean2: [0.951515376568, 0.225243851542, 1.24057471752, 0.622073531151, 0.954755842686, 0.874857366085, 0.566564440727, 0.937946259975, 0.202107012272, 0.821991860867, 0.124748051167, 0.657023847103, 0.284175246954]
    dvar: [13.5806484222, 0.735915005207, 23.5299758911, 5.78155946732, 14.8811578751, 12.2135896683, 6.10243368149, 15.8040380478, 0.997086286545, 14.9021577835, 0.164106115699, 10.8214950562, 1.70938909054]
    dvar2: [20.777677536, 1.1625572443, 35.4101753235, 8.90449428558, 21.1823940277, 17.7971134186, 7.67422914505, 20.9240531921, 0.870038211346, 16.9032001495, 0.378230303526, 9.65840148926, 2.04193925858]
    kurt: [27.1173725128, 26.1587524414, 27.6350250244, 27.0667934418, 29.134563446, 28.7763652802, 31.2191810608, 30.8827209473, 31.3626098633, 32.482635498, 27.4588851929, 32.3832092285, 33.3169746399]
    max: [-1114.75012207, 1.14440917969e-05, -6.103515625e-05, 15.4467353821, 24.9020118713, 2.28881835938e-05, -2.67028808594e-05, 25.767496109, 6.87092208862, -2.28881835938e-05, 2.27633285522, 22.5705051422, -3.81469726562e-05]
    mean: [-1120.92346191, -3.94493317604, -23.4035263062, 11.3560752869, 19.5613422394, -17.3992004395, -13.7248306274, 21.3802547455, 6.65330266953, -22.8942050934, 0.754406988621, 21.8738422394, -7.59178924561]
    median: [-1120.52807617, -4.02989578247, -23.9439506531, 11.6094245911, 20.0416412354, -17.8137588501, -14.0983963013, 21.9359836578, 6.87062454224, -23.5512008667, 0.736598968506, 22.5698719025, -7.79803848267]
    min: [-1138.42004395, -5.49583816528, -31.2006187439, 8.01086425781e-05, -6.103515625e-05, -22.5551376343, -15.986000061, -5.34057617188e-05, -4.57763671875e-05, -24.9968795776, -2.67028808594e-05, -3.0517578125e-05, -8.53335952759]
    skew: [-4.7941493988, 4.5665640831, 4.90165758133, -4.7647767067, -5.19234228134, 5.10507917404, 5.55118894577, -5.4729309082, -5.60927915573, 5.7154583931, 4.20668029785, -5.70743560791, 5.77906751633]
    var: [8.4138250351, 0.436362415552, 14.9031734467, 3.54865956306, 10.1327466965, 8.06709671021, 4.82333469391, 11.761759758, 1.13174152374, 13.1678886414, 0.064425110817, 12.0375986099, 1.42932236195]

SpecContrastCoeff:
    dmean: [0.0431724227965, 0.0221459269524, 0.0184969827533, 0.0133678913116, 0.0215911585838, 0.00574529031292]
    dmean2: [0.0799099206924, 0.0389247499406, 0.0288682729006, 0.0241386387497, 0.0338327400386, 0.0110451243818]
    dvar: [0.00140570988879, 0.000285696150968, 0.000221492126002, 6.78250216879e-05, 0.00128684309311, 2.65715425485e-05]
    dvar2: [0.00281832879409, 0.000710125837941, 0.000636337907054, 0.000201311675482, 0.00149026769213, 7.01219614712e-05]
    kurt: [9.1663942337, 1.66129493713, 1.5287322998, 0.557705879211, 18.5732765198, 4.3318605423]
    max: [-0.702732861042, -0.890914201736, -0.894063293934, -0.908516824245, -0.5154312253, -0.911428868771]
    mean: [-0.753387510777, -0.934403300285, -0.939324676991, -0.938103735447, -0.554609775543, -0.924525856972]
    median: [-0.744081020355, -0.935386240482, -0.93866199255, -0.939499497414, -0.543077588081, -0.924014151096]
    min: [-0.984727263451, -0.994774401188, -0.98731315136, -0.955057919025, -0.854263722897, -0.944508671761]
    skew: [-2.83876299858, -0.258425891399, -0.304349660873, 0.74297118187, -4.32706260681, -1.39992582798]
    var: [0.0025833605323, 0.000344946078258, 0.000261167006101, 9.79825927061e-05, 0.00310394796543, 3.29097638314e-05]

SpecPeakAmp:
    dmean: [1.06586901438e-06, 7.7184716929e-07, 7.99439703769e-07, 6.86953683271e-07, 7.83722157394e-07]
    dmean2: [1.45805017837e-06, 1.24108009913e-06, 1.30016167077e-06, 1.14670331186e-06, 1.23505094507e-06]
    dvar: [4.33446204276e-12, 5.63216790914e-12, 5.73444330215e-12, 4.88415037581e-12, 6.43340372294e-12]
    dvar2: [2.83813467519e-12, 1.39690715592e-11, 1.45195999321e-11, 1.27583100334e-11, 1.64639118311e-11]
    kurt: [29.9042510986, 38.9464530945, 39.0011177063, 34.8147697449, 39.1958007812]
    max: [1.78541522473e-05, 1.24453017634e-05, 1.24588204926e-05, 1.26452514451e-05, 1.30773178171e-05]
    mean: [1.62505330081e-05, 9.81215066531e-07, 7.34357058718e-07, 8.18862474716e-07, 8.05093293366e-07]
    median: [1.66995578184e-05, 7.46334364976e-07, 5.10042411861e-07, 5.22710649875e-07, 5.01094802985e-07]
    min: [4.4602319349e-07, 3.15520054528e-07, 1.74901018113e-07, 1.66694121617e-07, 1.7251640827e-07]
    skew: [-5.35732936859, 6.35451221466, 6.36239814758, 5.92802810669, 6.38510942459]
    var: [6.50821107076e-12, 3.02509167889e-12, 3.16198608095e-12, 3.39436074734e-12, 3.45632680462e-12]
