
metadata:
    version:
        essentia: "2.1-beta3"

Flux:
    dmean: 0.00364212109707
    dmean2: 0.00480291433632
    dvar: 0.000143487122841
    dvar2: 0.000283102388494
    kurt: 9.58312702179
    max: 0.0695359632373
    mean: 0.00468245940283
    median: 8.242745389e-05
    min: 1.93571886484e-05
    skew: 3.29465222359
    var: 0.000232522783335

Rms:
    dmean: 0.0014157887781
    dmean2: 0.00104261434171
    dvar: 2.59873759205e-05
    dvar2: 1.16842875286e-05
    kurt: 20.8083133698
    max: 0.0501287393272
    mean: 0.0483497418463
    median: 0.0501199699938
    min: 0.00920918677002
    skew: -4.52900505066
    var: 4.83405201521e-05

RollOff:
    dmean: 7.83025550842
    dmean2: 7.51158237457
    dvar: 2025.24182129
    dvar2: 1787.50793457
    kurt: 39.2810211182
    max: 2971.58203125
    mean: 2656.72021484
    median: 2648.58398438
    min: 2648.58398438
    skew: 6.39808225632
    var: 2272.82763672

SpecCent:
    dmean: 6.61348104477
    dmean2: 6.9545044899
    dvar: 1319.51721191
    dvar2: 1171.89892578
    kurt: 39.6530380249
    max: 2883.8371582
    mean: 2629.16308594
    median: 2623.08789062
    min: 2619.20874023
    skew: 6.44030475616
    var: 1480.44519043

Zcr:
    dmean: 0.00400612549856
    dmean2: 0.00282748905011
    dvar: 0.000217010514461
    dvar2: 0.000147071652464
    kurt: 17.8788928986
    max: 0.11962890625
    mean: 0.114485673606
    median: 0.11962890625
    min: 0.00390625
    skew: -4.24265527725
    var: 0.000418860086938

HarmonicAmpFreq:
    dmean: [0.425598144531]
    dmean2: [0.435495764017]
    dvar: [7.78875255585]
    dvar2: [7.96557617188]
    kurt: [40.0307731628]
    max: [2660.07104492]
    mean: [2641.76000977]
    median: [2641.34472656]
    min: [2641.34472656]
    skew: [6.48342466354]
    var: [7.61960601807]

HarmonicAmpMag:
    dmean: [1.77550327862e-06]
    dmean2: [1.81679411071e-06]
    dvar: [1.35553734903e-10]
    dvar2: [1.38631106594e-10]
    kurt: [40.0227203369]
    max: [7.81221460784e-05]
    mean: [1.73604769316e-06]
    median: [0]
    min: [0]
    skew: [6.48249292374]
    var: [1.32609909165e-10]

MfccCoeff:
    dmean: [10.4544591904, 1.3117980957, 3.50656986237, 1.10896158218, 1.03083848953, 0.949454307556, 0.928552389145, 1.05169713497, 0.846187829971, 1.06850969791, 0.686105549335, 1.15143346786, 0.974997699261]
    dmean2: [15.6314373016, 1.92393994331, 4.86086368561, 1.45444297791, 1.06051898003, 0.95293211937, 1.0375995636, 0.916076660156, 1.34476387501, 1.0326461792, 1.29456758499, 1.28077971935, 1.58343076706]
    dvar: [2227.72436523, 31.3459587097, 239.423736572, 19.4466991425, 15.8345890045, 10.5937519073, 5.95291423798, 14.1700687408, 1.81819653511, 17.8202438354, 0.253865718842, 18.4151630402, 1.65289318562]
    dvar2: [5559.15771484, 75.692855835, 517.715209961, 33.7448234558, 8.69488716125, 4.6208524704, 2.11390542984, 6.27583265305, 1.92062497139, 15.3672895432, 0.655618846416, 18.4160900116, 2.09978055954]
    kurt: [38.3688735962, 34.0104598999, 20.4162826538, 24.2466564178, 35.6564292908, 31.5458221436, 27.97498703, 27.4621486664, 16.2965183258, 21.9956531525, 9.32670783997, 19.82289505, 19.4992446899]
    max: [-890.91973877, -1.60344314575, -8.57952880859, 32.9527320862, 42.795917511, -6.64124298096, -4.15557479858, 46.2262649536, 14.249042511, -7.41819763184, 4.68455886841, 44.7164611816, -3.23846435547]
    mean: [-1098.21557617, -8.52617645264, -48.6121482849, 23.2185840607, 39.4319000244, -34.9525489807, -27.4790382385, 42.6504936218, 13.2264986038, -45.2805480957, 1.38969695568, 42.9710350037, -14.676735878]
    median: [-1102.39477539, -8.09868240356, -48.1868247986, 23.2975654602, 40.2723579407, -35.6445884705, -28.2384414673, 43.7221755981, 13.7627372742, -46.7196807861, 1.30582046509, 44.548866272, -15.0132713318]
    min: [-1131.89343262, -31.6272315979, -100.011421204, 4.52196121216, 6.76351928711, -39.8248252869, -28.5868148804, 7.63273048401, 1.27519226074, -48.307510376, 0.732883453369, 6.17493438721, -18.059223175]
    skew: [6.26553201675, -5.60292625427, -1.71755158901, -3.69144892693, -6.01273727417, 5.54992103577, 5.29889678955, -5.24785137177, -4.09282302856, 4.77931785583, 2.85620379448, -4.54509305954, 4.24956893921]
    var: [996.301452637, 13.1293134689, 95.1935577393, 10.3551797867, 25.6095371246, 20.4006080627, 14.7793493271, 33.6575508118, 5.46311378479, 45.4363670349, 0.561919867992, 45.9307441711, 4.34050178528]

SpecContrastCoeff:
    dmean: [0.0666136667132, 0.0145182618871, 0.0143771227449, 0.0182443689555, 0.0286538172513, 0.0178181827068]
    dmean2: [0.131999477744, 0.0276865120977, 0.0263111311942, 0.0355468355119, 0.0408881828189, 0.035199355334]
    dvar: [0.00290726567619, 0.000220289977733, 0.000148726539919, 0.000118075331557, 0.00206063478254, 0.00016928021796]
    dvar2: [0.0105469431728, 0.000725430378225, 0.000392125715734, 0.000390680215787, 0.00154432654381, 0.000634742784314]
    kurt: [1.96413707733, 3.94118404388, 8.67941665649, 1.35463809967, 18.8590698242, -0.0748684406281]
    max: [-0.767986059189, -0.919795095921, -0.903797805309, -0.887371599674, -0.369374871254, -0.90905302763]
    mean: [-0.917553186417, -0.982962906361, -0.979698002338, -0.935021877289, -0.41925239563, -0.939229846001]
    median: [-0.936027824879, -0.991177260876, -0.986512601376, -0.939108073711, -0.404624819756, -0.945798993111]
    min: [-0.987367212772, -0.996443331242, -0.991524815559, -0.950536608696, -0.823469340801, -0.949964940548]
    skew: [1.6064966917, 2.10995745659, 2.66329073906, 1.29961264133, -4.32232093811, 1.14324295521]
    var: [0.00252552749589, 0.000299918028759, 0.000263887486653, 0.000232696140301, 0.00550009543076, 0.000163665230502]

SpecPeakAmp:
    dmean: [1.1294900105e-05, 9.39030087466e-06, 9.37863660511e-06, 9.29177531361e-06, 8.00745601737e-06]
    dmean2: [1.8319567971e-05, 1.67903926922e-05, 1.6844333004e-05, 1.67915786733e-05, 1.5492845705e-05]
    dvar: [2.96424051971e-10, 3.41111139335e-10, 3.2148508855e-10, 3.24698601339e-10, 2.13417186701e-10]
    dvar2: [7.16029124881e-10, 8.94500085113e-10, 8.48433823197e-10, 8.69535110581e-10, 5.26671484202e-10]
    kurt: [23.2558250427, 35.6146087646, 35.4563331604, 35.3935852051, 18.2499732971]
    max: [9.814225632e-05, 9.66639054241e-05, 9.57729498623e-05, 9.98365940177e-05, 0.000103571655927]
    mean: [1.91999442904e-05, 8.77114416653e-06, 8.84880410013e-06, 9.12608447834e-06, 1.07294299596e-05]
    median: [1.69213890331e-05, 7.56545205149e-06, 7.82628558227e-06, 7.66518132878e-06, 7.7269069152e-06]
    min: [2.97440897157e-06, 6.67919323405e-07, 7.55643384309e-07, 9.90886519503e-07, 1.34913307193e-06]
    skew: [4.38260173798, 5.94710445404, 5.92685174942, 5.92293262482, 4.3640089035]
    var: [1.81687553891e-10, 1.85358756122e-10, 1.81671816479e-10, 1.98003002883e-10, 3.15170584075e-10]
