
metadata:
    version:
        essentia: "2.1-beta3"

Flux:
    dmean: 0.0028345498722
    dmean2: 0.00392375420779
    dvar: 8.32919176901e-05
    dvar2: 0.000167807549587
    kurt: 9.24418830872
    max: 0.0519730299711
    mean: 0.00366120669059
    median: 0.000173436012119
    min: 1.9377695935e-05
    skew: 3.25563788414
    var: 0.000134650996188

Rms:
    dmean: 0.00149045174476
    dmean2: 0.00147627713159
    dvar: 1.73728330992e-05
    dvar2: 7.76768411015e-06
    kurt: 22.2991218567
    max: 0.0386943556368
    mean: 0.0369413457811
    median: 0.0383230820298
    min: 0.00429379334673
    skew: -4.67211961746
    var: 3.23495842167e-05

RollOff:
    dmean: 26.4271125793
    dmean2: 26.5409240723
    dvar: 27817.8554688
    dvar2: 27364.3261719
    kurt: 39.9629325867
    max: 1313.52539062
    mean: 198.583984375
    median: 172.265625
    min: 172.265625
    skew: 6.47549533844
    var: 28271.8164062

SpecCent:
    dmean: 30.9861946106
    dmean2: 31.6465187073
    dvar: 28226.0234375
    dvar2: 23878.9492188
    kurt: 39.4696235657
    max: 1391.27075195
    mean: 194.391204834
    median: 165.212036133
    min: 162.113815308
    skew: 6.4201669693
    var: 32768.8515625

Zcr:
    dmean: 0.000477183959447
    dmean2: 0.000669967324939
    dvar: 5.57992962058e-07
    dvar2: 2.88578178242e-07
    kurt: 17.475561142
    max: 0.0078125
    mean: 0.00718315970153
    median: 0.00732421875
    min: 0.0009765625
    skew: -4.0913028717
    var: 1.32054481128e-06

HarmonicAmpFreq:
    dmean: [0.050163269043]
    dmean2: [0.0624712556601]
    dvar: [0.0150921586901]
    dvar2: [0.0150071447715]
    kurt: [16.2124881744]
    max: [165.99508667]
    mean: [165.927993774]
    median: [165.977264404]
    min: [164.918991089]
    skew: [-4.08726406097]
    var: [0.0379573889077]

HarmonicAmpMag:
    dmean: [0.00207788520493]
    dmean2: [0.00159464927856]
    dvar: [5.90802665101e-05]
    dvar2: [4.16438633692e-05]
    kurt: [15.2884521484]
    max: [0.0524900332093]
    mean: [0.0499350689352]
    median: [0.0524670854211]
    min: [0]
    skew: [-4.02409601212]
    var: [9.84360158327e-05]

MfccCoeff:
    dmean: [13.0517187119, 7.5435962677, 2.63073182106, 2.27303028107, 3.41952586174, 4.18380784988, 4.39174604416, 4.10846233368, 3.57282924652, 3.19876718521, 2.51061177254, 1.81890726089, 1.60923421383]
    dmean2: [19.1441783905, 10.3499240875, 2.66122961044, 2.46306347847, 4.72947311401, 6.19716930389, 7.12414836884, 6.86201667786, 6.32952451706, 5.37969684601, 3.85537195206, 2.47975826263, 1.77382469177]
    dvar: [2612.13110352, 634.112915039, 52.6607284546, 39.9362335205, 25.5147018433, 15.5423278809, 8.79173374176, 4.40640687943, 3.5320558548, 3.8408010006, 8.46724700928, 16.0704421997, 22.6283817291]
    dvar2: [6350.42578125, 1309.81005859, 22.8491764069, 20.1225147247, 20.8208637238, 13.830411911, 12.0782184601, 13.5936861038, 10.5425930023, 8.54037761688, 10.2833547592, 16.8495674133, 22.0508460999]
    kurt: [34.5223274231, 15.4879608154, 23.8072357178, 28.1361465454, 19.8436222076, 15.2606449127, 7.89316368103, 0.40837264061, -1.62252473831, 7.48494720459, 15.6503181458, 16.1011199951, 15.2033004761]
    max: [-865.245300293, 154.27784729, 87.9414672852, 69.809463501, 55.9509620667, 40.3033447266, 25.3841934204, 12.1920261383, -0.762832641602, -0.396423339844, 0.466007232666, 1.09923553467, 1.37182617188]
    mean: [-1081.48937988, 73.5205535889, 65.7222366333, 57.2993278503, 46.3309936523, 34.2161331177, 21.3187465668, 8.568151474, -3.58858513832, -14.5069684982, -23.8519172668, -31.2388210297, -36.5416946411]
    median: [-1086.30810547, 71.9775772095, 66.8166809082, 58.6900482178, 48.2290077209, 36.0445251465, 22.8595314026, 8.96273231506, -3.44541931152, -14.6548614502, -24.9111843109, -32.8738059998, -38.5201835632]
    min: [-1136.7253418, 2.09797286987, 1.28338623047, 0.174549102783, -0.933441162109, -1.75524139404, -2.09670639038, -1.90365600586, -6.88034057617, -17.4705657959, -26.3743801117, -33.5923728943, -38.9971122742]
    skew: [5.74171066284, 0.903581798077, -4.39911842346, -5.17713737488, -4.40826845169, -3.74028253555, -2.6293618679, -0.86841160059, -0.15128198266, 2.2864317894, 3.88701891899, 4.08143901825, 3.98514509201]
    var: [1140.48864746, 289.573486328, 121.514823914, 87.9569320679, 73.7741851807, 47.6140518188, 28.2550239563, 11.3081235886, 5.42960834503, 9.92949104309, 21.9647350311, 39.3693885803, 55.918762207]

SpecContrastCoeff:
    dmean: [0.0370988361537, 0.0120562426746, 0.00769160268828, 0.00477972067893, 0.00539544504136, 0.00965933594853]
    dmean2: [0.0511575751007, 0.0216202158481, 0.0132627459243, 0.00794801861048, 0.00928191281855, 0.0181733928621]
    dvar: [0.00610555009916, 0.000483329698909, 9.76738301688e-05, 6.27864792477e-05, 8.25963506941e-05, 0.000121199016576]
    dvar2: [0.00708154030144, 0.00110292877071, 0.00015926315973, 9.68761451077e-05, 0.000177400012035, 0.000262526416918]
    kurt: [13.0749664307, 9.23717212677, 13.5520896912, 18.8014831543, 11.9173135757, 4.0854716301]
    max: [-0.208146423101, -0.853822410107, -0.90234130621, -0.913808703423, -0.917139530182, -0.919268727303]
    mean: [-0.272578716278, -0.947232067585, -0.961148142815, -0.964227616787, -0.961323320866, -0.958660781384]
    median: [-0.245029315352, -0.954345047474, -0.966263115406, -0.967484414577, -0.964462459087, -0.963683366776]
    min: [-0.867240786552, -0.983592092991, -0.966554582119, -0.968110620975, -0.965429186821, -0.964867591858]
    skew: [-3.70887827873, 3.03563046455, 3.42600631714, 4.10024166107, 3.43855452538, 2.19540190697]
    var: [0.0150892920792, 0.000474064785521, 0.000129985855892, 8.21528228698e-05, 8.39543863549e-05, 0.000108018328319]

SpecPeakAmp:
    dmean: [0.00370257580653, 0.0170133244246, 0.0143387531862, 2.9532931876e-05, 1.71211813722e-05]
    dmean2: [0.00569535465911, 0.0344634875655, 0.029320018366, 4.72505744256e-05, 2.47661500907e-05]
    dvar: [0.000146143414895, 0.000588545342907, 0.000544869923033, 2.15104156709e-09, 1.5393673003e-09]
    dvar2: [0.000377148477128, 0.00140511465725, 0.00144416245166, 3.87453580331e-09, 3.30444538399e-09]
    kurt: [23.369638443, -0.108795166016, 2.65360450745, 14.6407909393, 18.1713466644]
    max: [0.0516920387745, 0.0524898171425, 0.0524900332093, 0.000246253301157, 0.000190178674529]
    mean: [0.00187122821808, 0.0411431714892, 0.00704603968188, 2.83681911242e-05, 1.95757038455e-05]
    median: [5.82586253586e-05, 0.0524583980441, 4.15648610215e-05, 1.48925082613e-05, 1.30186854221e-05]
    min: [8.07202286524e-06, 1.49585839608e-05, 9.67015785136e-06, 4.56582893094e-06, 4.31629541708e-06]
    skew: [4.91166973114, -1.36407911777, 2.15717601776, 3.82740974426, 4.39648008347]
    var: [7.5478994404e-05, 0.000452888954896, 0.000317693426041, 1.94192861791e-09, 1.08966358159e-09]
