
metadata:
    version:
        essentia: "2.1-beta3"

Flux:
    dmean: 0.0250238999724
    dmean2: 0.032732874155
    dvar: 0.00679912092164
    dvar2: 0.0130810849369
    kurt: 9.4605550766
    max: 0.492005258799
    mean: 0.0333477780223
    median: 0.00106396165211
    min: 4.17668998125e-05
    skew: 3.27449512482
    var: 0.0114725828171

Rms:
    dmean: 0.0100025078282
    dmean2: 0.00748382462189
    dvar: 0.00128033035435
    dvar2: 0.0005761795328
    kurt: 21.0023269653
    max: 0.353563994169
    mean: 0.341041117907
    median: 0.353423804045
    min: 0.0656628757715
    skew: -4.54774427414
    var: 0.00237980112433

RollOff:
    dmean: 9.78781986237
    dmean2: 9.51467132568
    dvar: 3339.63745117
    dvar2: 3047.39038086
    kurt: 39.559173584
    max: 1098.19335938
    mean: 699.111328125
    median: 689.0625
    min: 689.0625
    skew: 6.42932271957
    var: 3639.36376953

SpecCent:
    dmean: 14.6941890717
    dmean2: 13.9592905045
    dvar: 7490.64892578
    dvar2: 6282.97753906
    kurt: 39.3866729736
    max: 1312.93200684
    mean: 693.801635742
    median: 678.528259277
    min: 676.197875977
    skew: 6.41116666794
    var: 8777.0859375

Zcr:
    dmean: 0.00102095166221
    dmean2: 0.000715388800018
    dvar: 1.42706348925e-05
    dvar2: 9.85110546026e-06
    kurt: 17.455696106
    max: 0.03076171875
    mean: 0.0294487848878
    median: 0.03076171875
    min: 0.00146484375
    skew: -4.20227622986
    var: 2.72308116109e-05

HarmonicAmpFreq:
    dmean: [1.35602366924]
    dmean2: [1.39695847034]
    dvar: [76.8017501831]
    dvar2: [77.9878005981]
    kurt: [40.0193443298]
    max: [738.088623047]
    mean: [680.366210938]
    median: [679.060241699]
    min: [678.837158203]
    skew: [6.48209238052]
    var: [75.7274551392]

HarmonicAmpMag:
    dmean: [0.0215065926313]
    dmean2: [0.0286838561296]
    dvar: [0.00724966032431]
    dvar2: [0.0105985868722]
    kurt: [8.78517246246]
    max: [0.47249943018]
    mean: [0.43680781126]
    median: [0.472446233034]
    min: [0]
    skew: [-3.23985815048]
    var: [0.014376796782]

MfccCoeff:
    dmean: [30.3324584961, 19.1667499542, 36.9711914062, 9.74344158173, 4.16837263107, 6.85114479065, 3.05030965805, 2.27760577202, 2.5279378891, 2.73077178001, 1.93951976299, 0.98761767149, 1.9151943922]
    dmean2: [49.2632637024, 36.3920211792, 74.4255523682, 19.1400032043, 5.2923746109, 12.5731687546, 5.7520403862, 3.25900101662, 3.40435552597, 3.79181790352, 2.73522281647, 1.70343780518, 2.59885001183]
    dvar: [6742.32519531, 153.94859314, 467.593841553, 78.4531784058, 79.7895584106, 47.0988807678, 8.53326892853, 10.64016819, 34.0989303589, 30.2427082062, 8.35462856293, 4.03550958633, 26.9532222748]
    dvar2: [16442.875, 430.99319458, 1776.77160645, 270.344604492, 134.941650391, 96.1063537598, 28.6691703796, 18.8281059265, 35.5039367676, 26.0851707458, 10.7388057709, 8.83791065216, 32.0039520264]
    kurt: [34.1233024597, 3.3089761734, -1.30265903473, 1.63815879822, 8.26019763947, 7.93090629578, 2.01961612701, 11.6390304565, 15.3043823242, 15.5461883545, 16.326965332, 9.61925315857, 14.2818012238]
    max: [-603.894714355, 202.403991699, 42.7399940491, -36.2783279419, -32.1249046326, -25.0785331726, -8.65428161621, 32.6008834839, 57.8367881775, 53.2915267944, 24.7584953308, -3.23590087891, -1.30796813965]
    mean: [-973.372375488, 142.357635498, 8.98878479004, -61.4576835632, -79.2797164917, -61.3554573059, -17.5807056427, 26.5702533722, 52.4332733154, 49.7624359131, 22.0116271973, -13.6443071365, -39.1268081665]
    median: [-980.763549805, 146.588409424, 8.46487426758, -61.3951797485, -79.9713287354, -61.8112754822, -17.7036209106, 28.0210666656, 54.8098335266, 52.2481307983, 23.1257591248, -14.1761169434, -40.945690155]
    min: [-1025.10070801, 89.2456436157, -27.6964378357, -77.6818618774, -100.010986328, -75.1534118652, -23.4643325806, 1.89091491699, 5.57259750366, 3.85133361816, -2.22151565552, -16.216583252, -43.1661186218]
    skew: [5.81616783142, -2.96041853289e-05, -0.0221275594085, 0.6527967453, 2.38035035133, 2.44230294228, 0.717019319534, -3.26831698418, -3.97827386856, -4.00245761871, -3.95845937729, 3.17594313622, 3.87692785263]
    var: [3343.54785156, 286.287902832, 502.277893066, 70.2995910645, 110.53364563, 73.6456604004, 7.57318544388, 26.0430793762, 85.8532104492, 80.5275039673, 21.0242137909, 6.360206604, 58.3431472778]

SpecContrastCoeff:
    dmean: [0.0360043384135, 0.046754244715, 0.0366081334651, 0.0153811695054, 0.0100465202704, 0.00667012669146]
    dmean2: [0.0711490064859, 0.0740124434233, 0.0427394099534, 0.0302638709545, 0.017214378342, 0.0102635053918]
    dvar: [0.00149148399942, 0.00343811372295, 0.00706644915044, 0.000138426737976, 0.000116966461064, 0.000184453136171]
    dvar2: [0.0055365730077, 0.0024114032276, 0.00337907299399, 0.000440413015895, 0.000344804779161, 0.000359076570021]
    kurt: [3.69827795029, 24.7552509308, 24.0039367676, 1.46579647064, 7.09592628479, 9.69369983673]
    max: [-0.845882356167, -0.369499891996, -0.124276027083, -0.887469291687, -0.886836409569, -0.888694286346]
    mean: [-0.963000714779, -0.424277842045, -0.176484495401, -0.930905401707, -0.945083618164, -0.95232874155]
    median: [-0.97781419754, -0.413787990808, -0.149315983057, -0.937745988369, -0.951661705971, -0.957071185112]
    min: [-0.986331522465, -0.918022572994, -0.917729556561, -0.942507505417, -0.952262163162, -0.958082199097]
    skew: [2.06774234772, -4.77202558517, -4.83901023865, 1.5230050087, 2.57286858559, 3.18905186653]
    var: [0.00117003254127, 0.00694363471121, 0.016022708267, 0.000216504166019, 0.000171648949618, 0.000197695801035]
