
metadata:
    version:
        essentia: "2.1-beta3"

Flux:
    dmean: 0.0326760672033
    dmean2: 0.0430533178151
    dvar: 0.0116435969248
    dvar2: 0.0224362555891
    kurt: 9.40926074982
    max: 0.640930652618
    mean: 0.0431486107409
    median: 0.000822754227556
    min: 0.000145855548908
    skew: 3.26862049103
    var: 0.0196049790829

Rms:
    dmean: 0.0130253760144
    dmean2: 0.00964672490954
    dvar: 0.00221467018127
    dvar2: 0.00100357166957
    kurt: 21.055557251
    max: 0.461856424809
    mean: 0.445536464453
    median: 0.461776554585
    min: 0.0838633701205
    skew: -4.55368280411
    var: 0.00409969035536

RollOff:
    dmean: 6.36208295822
    dmean2: 6.00926589966
    dvar: 1255.71704102
    dvar2: 1063.77819824
    kurt: 38.8712425232
    max: 2906.98242188
    mean: 2655.28466797
    median: 2648.58398438
    min: 2648.58398438
    skew: 6.35261535645
    var: 1459.50073242

SpecCent:
    dmean: 2.66065001488
    dmean2: 3.42542362213
    dvar: 140.690734863
    dvar2: 145.315002441
    kurt: 39.6215591431
    max: 2702.40161133
    mean: 2624.86279297
    median: 2623.10888672
    min: 2620.70410156
    skew: 6.43568229675
    var: 137.284927368

Zcr:
    dmean: 0.00399502832443
    dmean2: 0.00280477828346
    dvar: 0.000215695952647
    dvar2: 0.000146944570588
    kurt: 17.8792991638
    max: 0.11962890625
    mean: 0.114485673606
    median: 0.11962890625
    min: 0.00390625
    skew: -4.2424197197
    var: 0.000418785930378

HarmonicAmpFreq:
    dmean: [0.300403952599]
    dmean2: [0.307390093803]
    dvar: [3.88042902946]
    dvar2: [3.96852350235]
    kurt: [40.0328216553]
    max: [2641.3425293]
    mean: [2641.04956055]
    median: [2641.3425293]
    min: [2628.12475586]
    skew: [-6.48366117477]
    var: [3.79615855217]

HarmonicAmpMag:
    dmean: [1.60293111549e-05]
    dmean2: [1.64020857483e-05]
    dvar: [1.10483684423e-08]
    dvar2: [1.12991918044e-08]
    kurt: [40.0227241516]
    max: [0.000705289654434]
    mean: [1.56731039169e-05]
    median: [0]
    min: [0]
    skew: [6.48249387741]
    var: [1.08084314832e-08]

MfccCoeff:
    dmean: [43.7909545898, 42.2928619385, 9.68587875366, 11.2521476746, 5.75586366653, 5.68448495865, 2.3818590641, 2.40233588219, 1.33247232437, 2.67525672913, 1.07821035385, 2.08356595039, 0.901242017746]
    dmean2: [75.1812744141, 84.6717376709, 18.0224666595, 22.0728931427, 10.7621622086, 10.8705568314, 4.05166149139, 3.0147459507, 1.740634799, 4.8096280098, 1.85503172874, 2.59447097778, 1.24480354786]
    dvar: [6674.85351562, 436.30178833, 29.3028945923, 34.6453399658, 28.6530342102, 19.6445045471, 8.09085464478, 28.1296443939, 5.08834552765, 27.3672904968, 2.32727646828, 26.5296382904, 2.39167356491]
    dvar2: [16092.1630859, 1730.43481445, 75.5510406494, 135.463348389, 44.3634033203, 35.1786384583, 11.3993015289, 37.0928192139, 2.95875167847, 45.8513755798, 2.4428255558, 25.1391468048, 3.25077962875]
    kurt: [26.1669311523, -1.22991275787, 11.034866333, 0.324929237366, 7.38413715363, 6.22977161407, 12.6638870239, 17.1824111938, 18.16173172, 11.2888202667, 25.1609668732, 17.0492324829, 15.696062088]
    max: [-621.41394043, 52.3542022705, -66.3379211426, 53.5566101074, 72.3339691162, -25.8355979919, -12.0780105591, 61.5696868896, 15.5202140808, -21.4834671021, 5.10840988159, 48.6656570435, -3.9605255127]
    mean: [-992.739257812, 7.52145528793, -109.723968506, 41.8994636536, 60.0605239868, -48.632686615, -32.1225624084, 49.8885917664, 13.1929063797, -48.9076538086, 1.72879397869, 43.9412002563, -14.9476222992]
    median: [-997.90411377, 11.6737327576, -108.967590332, 41.5567817688, 61.0258216858, -49.8171195984, -32.7826766968, 51.2491035461, 13.9640007019, -50.7409973145, 1.68040084839, 45.6669387817, -15.2742805481]
    min: [-1036.80310059, -32.0344924927, -120.158172607, 19.5001411438, 30.6665077209, -59.0873985291, -38.5299072266, 11.3622608185, -6.41354370117, -56.7564697266, -8.00390434265, 3.22217559814, -19.0198707581]
    skew: [4.98374128342, -0.323622882366, 2.57877612114, -0.44725689292, -2.5608663559, 2.29365444183, 3.40481543541, -3.97433614731, -4.05856561661, 3.47070837021, -4.43194723129, -4.17095994949, 3.63601207733]
    var: [3846.87573242, 602.285339355, 76.3722839355, 50.6201171875, 56.637386322, 35.9248657227, 17.043920517, 52.1390838623, 12.8103485107, 41.6936836243, 2.68170571327, 59.4996566772, 4.44181251526]

SpecContrastCoeff:
    dmean: [0.0254220645875, 0.0149384737015, 0.0156902186573, 0.0211428701878, 0.0329796932638, 0.0210137479007]
    dmean2: [0.0494852289557, 0.0280074346811, 0.0301585644484, 0.0419619418681, 0.0449342764914, 0.0425385832787]
    dvar: [0.000794262101408, 0.000234572435147, 0.000130840940983, 0.000127776671434, 0.00347687094472, 0.000249915086897]
    dvar2: [0.00243825372308, 0.000657852855511, 0.000405575905461, 0.000459232745925, 0.0021682982333, 0.000806337862741]
    kurt: [5.76335906982, 4.76210165024, 3.07520341873, -0.83136343956, 21.170091629, 0.368996858597]
    max: [-0.886286079884, -0.927156448364, -0.931357085705, -0.887455224991, -0.216107144952, -0.881614625454]
    mean: [-0.973652720451, -0.985714733601, -0.978827059269, -0.921230494976, -0.27180698514, -0.9264498353]
    median: [-0.983198344707, -0.992719233036, -0.983888208866, -0.924233496189, -0.255645245314, -0.935256242752]
    min: [-0.996719717979, -0.996201395988, -0.989164173603, -0.937898755074, -0.755587100983, -0.939958155155]
    skew: [2.45235681534, 2.20044183731, 1.67223823071, 0.536465525627, -4.5186829567, 1.2663257122]
    var: [0.000560296175536, 0.000212606042624, 0.000150266336277, 0.000206977143534, 0.0072561847046, 0.00028161710361]

SpecPeakAmp:
    dmean: [0.000210742175113, 0.0002083741565, 0.000205267468118, 0.000193317551748, 0.000206325159525]
    dmean2: [0.000344077154296, 0.0003402386792, 0.000335411488777, 0.000322898238664, 0.000336005265126]
    dvar: [4.99572195167e-07, 4.9575265848e-07, 4.85000214212e-07, 4.20683761604e-07, 5.00147223192e-07]
    dvar2: [1.28454200876e-06, 1.27416706164e-06, 1.25068470425e-06, 1.11049223506e-06, 1.28813144329e-06]
    kurt: [39.349811554, 39.3714408875, 39.3111724854, 36.699836731, 39.3765869141]
    max: [0.00352653721347, 0.0035199560225, 0.00351167586632, 0.00352640659548, 0.00354945659637]
    mean: [0.000153070301167, 0.000144775753142, 0.000146810052684, 0.000159427072504, 0.000148951206938]
    median: [7.93089711806e-05, 6.97938012308e-05, 6.96541974321e-05, 6.99226438883e-05, 7.05164857209e-05]
    min: [1.09114389488e-05, 1.0577271496e-05, 1.38786863317e-05, 1.32519862746e-05, 2.00498052436e-05]
    skew: [6.40439224243, 6.40700101852, 6.40003919601, 6.12198257446, 6.40766811371]
    var: [2.60692218035e-07, 2.60890288928e-07, 2.59482874299e-07, 2.68312049911e-07, 2.64803816208e-07]
