
metadata:
    version:
        essentia: "2.1-beta3"

Flux:
    dmean: 0.0173541009426
    dmean2: 0
    dvar: 0
    dvar2: 0
    kurt: -1.99999988079
    max: 0.389046281576
    mean: 0.380369246006
    median: 0.380369246006
    min: 0.371692180634
    skew: -5.1770311984e-06
    var: 7.52912019379e-05

Rms:
    dmean: 0
    dmean2: 0
    dvar: 0
    dvar2: 0
    kurt: 0
    max: 0.133544236422
    mean: 0.133544236422
    median: 0.133544236422
    min: 0.133544236422
    skew: 0
    var: 0

RollOff:
    dmean: 818.26171875
    dmean2: 0
    dvar: 0
    dvar2: 0
    kurt: -2
    max: 2476.31835938
    mean: 2067.1875
    median: 2067.1875
    min: 1658.05664062
    skew: 0
    var: 167388.0625

SpecCent:
    dmean: 6.861328125
    dmean2: 0
    dvar: 0
    dvar2: 0
    kurt: -2
    max: 2068.53881836
    mean: 2065.1081543
    median: 2065.1081543
    min: 2061.67749023
    skew: 0
    var: 11.7694559097

Zcr:
    dmean: 0
    dmean2: 0
    dvar: 0
    dvar2: 0
    kurt: 0
    max: 0.015625
    mean: 0.015625
    median: 0.015625
    min: 0.015625
    skew: 0
    var: 0

HarmonicAmpFreq:
    dmean: [0]
    dmean2: [0]
    dvar: [0]
    dvar2: [0]
    kurt: [nan]
    max: [2217.3515625]
    mean: [2217.3515625]
    median: [2217.3515625]
    min: [2217.3515625]
    skew: [nan]
    var: [0]

HarmonicAmpMag:
    dmean: [0]
    dmean2: [0]
    dvar: [0]
    dvar2: [0]
    kurt: [nan]
    max: [0]
    mean: [0]
    median: [0]
    min: [0]
    skew: [nan]
    var: [0]

MfccCoeff:
    dmean: [293.090209961, 82.7197265625, 57.2376708984, 77.075302124, 22.8354930878, 10.074426651, 8.76735687256, 13.4707145691, 5.90045928955, 3.40802383423, 0.3531665802, 5.70196723938, 2.12072181702]
    dmean2: [0, 0, 0, 0, 0, 0, 0, 0, 0, 0, 0, 0, 0]
    dvar: [0, 0, 0, 0, 0, 0, 0, 0, 0, 0, 0, 0, 0]
    dvar2: [0, 0, 0, 0, 0, 0, 0, 0, 0, 0, 0, 0, 0]
    kurt: [-2, -2, -2, -2, -2, -2, -2, -2, -2, -2, -1.99999988079, -2, -1.99999988079]
    max: [-584.053771973, 181.373931885, -79.6445922852, -7.16607284546, 25.7972240448, 4.1701374054, -16.6852035522, 9.19778060913, 7.5369644165, -3.52540206909, -4.30721664429, 5.64732551575, 0.885942459106]
    mean: [-730.598876953, 140.014068604, -108.263427734, -45.7037200928, 14.3794775009, -0.867075920105, -21.0688819885, 2.46242332458, 4.58673477173, -5.22941398621, -4.48379993439, 2.79634189606, -0.174418449402]
    median: [-730.598876953, 140.014068604, -108.263427734, -45.7037200928, 14.3794775009, -0.867075920105, -21.0688819885, 2.46242332458, 4.58673477173, -5.22941398621, -4.48379993439, 2.79634189606, -0.174418449402]
    min: [-877.143981934, 98.6542053223, -136.882263184, -84.2413711548, 2.96173095703, -5.90428924561, -25.4525604248, -4.27293395996, 1.63650512695, -6.93342590332, -4.66038322449, -0.0546417236328, -1.23477935791]
    skew: [0, 0, 0, -1.36500545977e-07, 0, 0, 0, 0, 0, 0, 0, 0, 0]
    var: [21475.46875, 1710.63830566, 819.037719727, 1485.15039062, 130.364929199, 25.3735179901, 19.2166366577, 45.3650360107, 8.70385456085, 2.90365672112, 0.0311816576868, 8.1281080246, 1.12436521053]

SpecContrastCoeff:
    dmean: [0.121425271034, 0.0859217643738, 0.145334720612, 0.0677407383919, 0.179563760757, 0.0542317032814]
    dmean2: [0, 0, 0, 0, 0, 0]
    dvar: [0, 0, 0, 0, 0, 0]
    dvar2: [0, 0, 0, 0, 0, 0]
    kurt: [-2, -2, -2, -2, -2, -1.99999988079]
    max: [-0.831669509411, -0.799710035324, -0.842100203037, -0.826797842979, -0.539950966835, -0.84455627203]
    mean: [-0.892382144928, -0.842670917511, -0.914767563343, -0.860668182373, -0.629732847214, -0.871672153473]
    median: [-0.892382144928, -0.842670917511, -0.914767563343, -0.860668182373, -0.629732847214, -0.871672153473]
    min: [-0.953094780445, -0.885631799698, -0.987434923649, -0.894538581371, -0.719514727592, -0.898787975311]
    skew: [0, 0, 0, -2.62155117525e-06, 0, 3.28445207742e-06]
    var: [0.0036860241089, 0.00184563745279, 0.00528054544702, 0.00114720198326, 0.00806078594178, 0.000735269393772]

SpecPeakAmp:
    dmean: [0.00369525817223, 0.000668376218528, 0.00117028993554, 0.00193481054157, 0.00341416057199]
    dmean2: [0, 0, 0, 0, 0]
    dvar: [0, 0, 0, 0, 0]
    dvar2: [0, 0, 0, 0, 0]
    kurt: [-2, -2, -2, -2, -2]
    max: [0.00403246842325, 0.00441490625963, 0.00507548311725, 0.00598158268258, 0.00733420392498]
    mean: [0.00218483922072, 0.00408071838319, 0.0044903382659, 0.00501417741179, 0.00562712363899]
    median: [0.00218483922072, 0.00408071838319, 0.0044903382659, 0.00501417741179, 0.00562712363899]
    min: [0.000337210192811, 0.0037465300411, 0.00390519318171, 0.00404677214101, 0.00392004335299]
    skew: [1.76021558218e-07, -2.09155746234e-06, -5.88774184962e-07, 0, 0]
    var: [3.41373333868e-06, 1.11681693227e-07, 3.42394628206e-07, 9.35872947139e-07, 2.91412311526e-06]
