
metadata:
    version:
        essentia: "2.1-beta3"

Flux:
    dmean: 6.24121639703e-06
    dmean2: 9.04104308574e-06
    dvar: 5.06965469604e-10
    dvar2: 1.11746767395e-09
    kurt: 14.1369628906
    max: 0.000123852092656
    mean: 9.34585477808e-06
    median: 3.70208636014e-06
    min: 4.89785122681e-07
    skew: 3.86617946625
    var: 5.30072818972e-10

Rms:
    dmean: 1.89785396287e-06
    dmean2: 1.62951960192e-06
    dvar: 4.08065456425e-11
    dvar2: 2.9941906593e-11
    kurt: 19.4225730896
    max: 0.000101962905319
    mean: 9.95025548036e-05
    median: 0.000101237536001
    min: 5.87468421145e-05
    skew: -4.47171115875
    var: 5.67541708074e-11

RollOff:
    dmean: 1.00154435635
    dmean2: 1.025390625
    dvar: 20.5633563995
    dvar2: 21.0285148621
    kurt: 17.0476436615
    max: 193.798828125
    mean: 173.244400024
    median: 172.265625
    min: 172.265625
    skew: 4.36436223984
    var: 20.118303299

SpecCent:
    dmean: 3.38151168823
    dmean2: 2.34438443184
    dvar: 11.8671712875
    dvar2: 4.91928100586
    kurt: 11.8749990463
    max: 452.183349609
    mean: 416.01776123
    median: 415.450683594
    min: 408.673248291
    skew: 2.93264913559
    var: 52.462562561

Zcr:
    dmean: 0.000306595204165
    dmean2: 0.000418526789872
    dvar: 6.76701290558e-07
    dvar2: 5.85504380979e-07
    kurt: 15.062702179
    max: 0.0078125
    mean: 0.00750177539885
    median: 0.0078125
    min: 0.00341796875
    skew: -3.98916435242
    var: 7.48752938762e-07

HarmonicAmpFreq:
    dmean: [0.100717946887]
    dmean2: [0.115853443742]
    dvar: [0.143794685602]
    dvar2: [0.138125270605]
    kurt: [17.237285614]
    max: [170.303192139]
    mean: [170.204528809]
    median: [170.289840698]
    min: [168.349472046]
    skew: [-4.37672376633]
    var: [0.148383051157]

HarmonicAmpMag:
    dmean: [3.81471227229e-06]
    dmean2: [3.90525929106e-06]
    dvar: [2.97790930803e-10]
    dvar2: [2.91246721185e-10]
    kurt: [23.0375213623]
    max: [0.000140830175951]
    mean: [0.000137006863952]
    median: [0.000140714662848]
    min: [3.76823954866e-05]
    skew: [-4.87420797348]
    var: [3.04242908644e-10]

MfccCoeff:
    dmean: [0.137385874987, 0.189439639449, 0.175195738673, 0.152336657047, 0.122118569911, 0.0862082540989, 0.0465751476586, 0.00827895756811, 0.0354891046882, 0.0734671652317, 0.106956481934, 0.134296864271, 0.154280558228]
    dmean2: [0.144534155726, 0.199235469103, 0.184108912945, 0.159841626883, 0.127778917551, 0.0897125974298, 0.0477411188185, 0.00949060358107, 0.0388545095921, 0.0788837596774, 0.113975159824, 0.142457321286, 0.163055419922]
    dvar: [0.440205544233, 0.838042318821, 0.719260215759, 0.54745388031, 0.356096506119, 0.181732460856, 0.0565364211798, 0.00184127222747, 0.0243699904531, 0.115117147565, 0.252173930407, 0.405637204647, 0.544029831886]
    dvar2: [0.445728391409, 0.848551809788, 0.728247344494, 0.554235398769, 0.360443085432, 0.183884009719, 0.0571445114911, 0.00179559423123, 0.024732824415, 0.116703204811, 0.255544900894, 0.410948216915, 0.551026642323]
    kurt: [30.0297584534, 30.053981781, 30.1382369995, 30.2988090515, 30.5838661194, 31.12940979, 32.5022010803, 38.839302063, 24.9978637695, 27.6994762421, 28.590681076, 29.1144981384, 29.5234603882]
    max: [-1134.22973633, 5.78290939331, 5.36108398438, 4.68349075317, 3.78588867188, 2.71640777588, 1.53100967407, 0.303359985352, -4.57763671875e-05, -2.28881835938e-05, -2.67028808594e-05, -3.0517578125e-05, -3.81469726562e-05]
    mean: [-1134.36486816, 5.59642457962, 5.18857860565, 4.53343772888, 3.66553139687, 2.63133454323, 1.48489868641, 0.285852789879, -0.904624581337, -2.02716565132, -3.02752232552, -3.85940480232, -4.48695087433]
    median: [-1134.23535156, 5.77509689331, 5.35397338867, 4.67749404907, 3.78137207031, 2.71363067627, 1.53026199341, 0.292175292969, -0.936428070068, -2.09473800659, -3.12685012817, -3.98484420776, -4.63166809082]
    min: [-1138.42004395, 1.14440917969e-05, -6.103515625e-05, 8.01086425781e-05, -6.103515625e-05, 2.28881835938e-05, -2.67028808594e-05, -5.34057617188e-05, -0.939353942871, -2.09912872314, -3.13247299194, -3.99133300781, -4.63864135742]
    skew: [-5.50378274918, -5.50592470169, -5.51374912262, -5.52868175507, -5.55526828766, -5.60638856888, -5.73656845093, -6.38255500793, 5.04783296585, 5.28994131088, 5.37109327316, 5.41912269592, 5.45680141449]
    var: [0.434429675341, 0.82705616951, 0.709890782833, 0.540418326855, 0.351627975702, 0.179562851787, 0.055958904326, 0.00190517224837, 0.0239503141493, 0.113349802792, 0.248503923416, 0.399934262037, 0.536600589752]

SpecContrastCoeff:
    dmean: [0.0244867242873, 0.0149142686278, 0.0283279251307, 0.0186590272933, 0.019994949922, 0.0117800151929]
    dmean2: [0.0288372728974, 0.0239188335836, 0.0509076528251, 0.0323569476604, 0.0355762206018, 0.0204824935645]
    dvar: [0.00394066330045, 0.00015247851843, 0.00055336888181, 0.000118001742521, 0.000210358863114, 0.000143068551552]
    dvar2: [0.00393811846152, 0.000370418623788, 0.000838137289975, 0.000292710261419, 0.000434308720287, 0.000255923951045]
    kurt: [13.3841552734, 1.76761436462, 10.0363941193, 3.9617524147, 8.43443489075, 8.67324352264]
    max: [-0.489225625992, -0.860721588135, -0.782453179359, -0.82934743166, -0.791096329689, -0.836963534355]
    mean: [-0.526333630085, -0.894252419472, -0.828440129757, -0.856281876564, -0.820521593094, -0.863450050354]
    median: [-0.509980916977, -0.894172072411, -0.828678369522, -0.853885412216, -0.818540096283, -0.861009418964]
    min: [-0.86491560936, -0.952283203602, -0.968220889568, -0.916288793087, -0.91796028614, -0.929114282131]
    skew: [-3.80246710777, -0.677157402039, -2.74668645859, -1.65999495983, -2.43433308601, -2.42166495323]
    var: [0.00529174786061, 0.000270641729003, 0.000901560240891, 0.000293024699204, 0.000455173314549, 0.000209320700378]

SpecPeakAmp:
    dmean: [3.29913774522e-07, 2.34049402934e-05, 1.97440458578e-05, 6.89893866479e-08, 1.37091745955e-07]
    dmean2: [3.66241380334e-07, 4.40187213826e-05, 4.03164449381e-05, 9.49105825043e-08, 2.20837137022e-07]
    dvar: [1.74425762462e-12, 2.52473997264e-09, 2.37016140048e-09, 3.23564281922e-14, 3.36520125188e-14]
    dvar2: [1.84761429246e-12, 5.35388133827e-09, 4.97839769409e-09, 3.97792150782e-14, 6.80502881692e-14]
    kurt: [21.3628234863, -1.75965595245, -1.67855012417, 19.459602356, 5.47917461395]
    max: [2.40899935307e-05, 0.000140801508678, 0.000140830175951, 1.11676001779e-06, 1.02469516605e-06]
    mean: [1.68186452356e-05, 8.58646235429e-05, 5.13069317094e-05, 1.18567847096e-07, 1.63898306482e-07]
    median: [1.67790185515e-05, 0.000140677424497, 9.33187607188e-08, 7.49159170255e-08, 8.16827281369e-08]
    min: [1.1719936083e-05, 6.61219274889e-08, 2.82188032941e-08, 3.60263427979e-08, 3.73645256957e-08]
    skew: [2.37126612663, -0.447019606829, 0.566864550114, 4.37142324448, 2.42295789719]
    var: [1.79952797455e-12, 4.50005854802e-09, 4.57008741961e-09, 3.27521382682e-14, 4.3419389991e-14]
