
metadata:
    version:
        essentia: "2.1-beta3"

Flux:
    dmean: 0.0001640899427
    dmean2: 0.000208072175155
    dvar: 2.86917952508e-07
    dvar2: 5.53198503894e-07
    kurt: 9.9548997879
    max: 0.00317482068203
    mean: 0.000213017556234
    median: 8.25616643851e-06
    min: 3.80221877094e-06
    skew: 3.33783173561
    var: 4.66647747999e-07

Rms:
    dmean: 6.72906826367e-05
    dmean2: 4.90179882036e-05
    dvar: 4.67412526461e-08
    dvar2: 2.09281107999e-08
    kurt: 19.5425930023
    max: 0.00225404812954
    mean: 0.0021616613958
    median: 0.00223688362166
    min: 0.000512165075634
    skew: -4.405418396
    var: 8.92010660891e-08

RollOff:
    dmean: 5.38330078125
    dmean2: 5.0077214241
    dvar: 845.686950684
    dvar2: 686.615844727
    kurt: 38.3793106079
    max: 387.59765625
    mean: 178.0078125
    median: 172.265625
    min: 172.265625
    skew: 6.29871559143
    var: 1018.03265381

SpecCent:
    dmean: 10.5840120316
    dmean2: 8.82336711884
    dvar: 2674.14428711
    dvar2: 1763.67773438
    kurt: 37.4492912292
    max: 587.380615234
    mean: 183.107772827
    median: 172.313613892
    min: 169.600723267
    skew: 6.20623540878
    var: 3831.85620117

Zcr:
    dmean: 0.0003662109375
    dmean2: 0.000408793595852
    dvar: 8.79168510437e-07
    dvar2: 5.75866749841e-07
    kurt: 17.1081447601
    max: 0.0078125
    mean: 0.00737847201526
    median: 0.0078125
    min: 0.00048828125
    skew: -4.09966039658
    var: 1.65538995134e-06

HarmonicAmpFreq:
    dmean: [0.0305248610675]
    dmean2: [0.0549969337881]
    dvar: [0.0154698034748]
    dvar2: [0.038139950484]
    kurt: [19.5872268677]
    max: [170.31350708]
    mean: [170.258255005]
    median: [170.289596558]
    min: [169.47883606]
    skew: [-4.57490253448]
    var: [0.0213649086654]

HarmonicAmpMag:
    dmean: [0.000124497993966]
    dmean2: [9.6887590189e-05]
    dvar: [2.1624040869e-07]
    dvar2: [1.47967512021e-07]
    kurt: [15.6886520386]
    max: [0.00315267243423]
    mean: [0.00300081213936]
    median: [0.00315164821222]
    min: [0]
    skew: [-4.07308912277]
    var: [3.52020293803e-07]

MfccCoeff:
    dmean: [1.83483052254, 2.42648243904, 1.9730578661, 1.36727797985, 0.768139064312, 0.436651587486, 0.249271735549, 0.125603422523, 0.156179949641, 0.331807047129, 0.484882235527, 0.607565939426, 0.694016993046]
    dmean2: [2.48506474495, 3.26751565933, 2.60554671288, 1.73030304909, 0.882819890976, 0.389657139778, 0.179507240653, 0.208931148052, 0.152934581041, 0.235026687384, 0.308890640736, 0.3779964149, 0.453037977219]
    dvar: [70.8525390625, 124.527542114, 83.9431915283, 42.5646934509, 15.829875946, 4.27575540543, 0.998466908932, 0.294938415289, 0.49246442318, 1.5803745985, 3.38040447235, 5.3764591217, 7.06563282013]
    dvar2: [145.853363037, 252.789932251, 162.221084595, 73.3440475464, 20.745470047, 2.76825022697, 0.618331730366, 0.736597001553, 0.436153113842, 0.727191448212, 1.82368588448, 3.13769435883, 4.30890226364]
    kurt: [19.1200771332, 19.1372680664, 20.3819694519, 26.4506664276, 36.7955169678, 36.409362793, 24.3280982971, 19.5150413513, 28.2071533203, 25.242937088, 23.4210453033, 22.8789787292, 22.5242156982]
    max: [-1087.4786377, 67.9726028442, 56.9220314026, 41.8802680969, 26.454410553, 16.8196716309, 9.8159828186, 3.01955413818, -4.57763671875e-05, -2.28881835938e-05, -2.67028808594e-05, -3.0517578125e-05, -3.81469726562e-05]
    mean: [-1113.17138672, 34.7899780273, 32.1131134033, 27.8865184784, 22.4182662964, 16.0712528229, 9.22329807281, 2.24501633644, -4.51085233688, -10.7134246826, -16.0620574951, -20.3021774292, -23.2467308044]
    median: [-1113.10778809, 34.9288749695, 32.3757972717, 28.2882881165, 22.9053497314, 16.5399475098, 9.55809402466, 2.35529327393, -4.66888427734, -11.1367034912, -16.7143001556, -21.1325302124, -24.2029533386]
    min: [-1138.42004395, 1.14440917969e-05, -6.103515625e-05, 8.01086425781e-05, -6.103515625e-05, 2.28881835938e-05, -2.67028808594e-05, -1.13748168945, -4.67724609375, -11.1434173584, -16.7193202972, -21.1360092163, -24.2047691345]
    skew: [0.117169737816, -0.337181061506, -1.76668453217, -4.07853078842, -6.08065414429, -6.09040641785, -4.98220062256, -4.4565038681, 5.32367420197, 4.9672293663, 4.81050205231, 4.76595211029, 4.73524475098]
    var: [29.0889644623, 51.8461303711, 37.0273208618, 22.0304031372, 11.8833770752, 6.13543987274, 2.51297330856, 0.393255919218, 0.550414025784, 3.25997257233, 7.65672969818, 12.4170331955, 16.4407176971]

SpecContrastCoeff:
    dmean: [0.0280804354697, 0.0156969279051, 0.0119859864935, 0.0116605013609, 0.00703433854505, 0.00667793909088]
    dmean2: [0.0307551790029, 0.0273001007736, 0.0203631017357, 0.018791211769, 0.0114571601152, 0.0110199926421]
    dvar: [0.0054652299732, 0.000161012270837, 6.51706432109e-05, 0.000119148404337, 0.000102937308839, 6.54113973724e-05]
    dvar2: [0.00567125855014, 0.000351037277142, 0.000161246629432, 0.000290760886855, 0.000268713425612, 0.000148624312715]
    kurt: [12.9264087677, 2.12486791611, -0.73915719986, 3.18382549286, 12.6951608658, 8.86285209656]
    max: [-0.337340027094, -0.881745040417, -0.916899621487, -0.90417855978, -0.911757588387, -0.902546405792]
    mean: [-0.3979806602, -0.942428529263, -0.94322347641, -0.924812376499, -0.919704675674, -0.915694653988]
    median: [-0.36826261878, -0.946595191956, -0.944468796253, -0.924108743668, -0.918024480343, -0.914207994938]
    min: [-0.983411371708, -0.967514157295, -0.961615145206, -0.966213226318, -0.962569713593, -0.963019311428]
    skew: [-3.65892863274, 1.40364325047, 0.230902671814, -1.31348717213, -3.41042900085, -2.50529885292]
    var: [0.0143524743617, 0.000319208746077, 0.000124623780721, 0.000134700720082, 7.92523132986e-05, 0.000101514888229]

SpecPeakAmp:
    dmean: [8.57622144395e-05, 0.00155352347065, 0.00143446319271, 1.8923327616e-06, 1.69637166891e-06]
    dmean2: [0.000131092339871, 0.00312404986471, 0.00293395901099, 2.63515789811e-06, 2.44039097197e-06]
    dvar: [1.51602506548e-07, 2.42429791797e-06, 2.45451383307e-06, 4.1987933963e-11, 3.65658614498e-11]
    dvar2: [3.89059636063e-07, 6.33339823253e-06, 6.63323044137e-06, 1.02431389759e-10, 9.24003304426e-11]
    kurt: [40.0122947693, -1.92833769321, -1.74577772617, 26.5163288116, 32.7820625305]
    max: [0.00188054295722, 0.00315249781124, 0.00315267243423, 3.08759153995e-05, 2.94731034955e-05]
    mean: [5.82324282732e-05, 0.00176978984382, 0.00119273539167, 2.01195916816e-06, 1.90960668078e-06]
    median: [1.6715759557e-05, 0.0031508973334, 1.33044704853e-06, 1.03310674149e-06, 1.23856284517e-06]
    min: [5.96256177232e-06, 9.10484232008e-07, 4.83978681132e-07, 4.42560718739e-07, 3.44979127931e-07]
    skew: [6.48126029968, -0.239355549216, 0.504125714302, 5.16962099075, 5.73904371262]
    var: [7.54822480076e-08, 2.39366636379e-06, 2.32995876104e-06, 2.33367838942e-11, 1.89947849116e-11]
