
metadata:
    version:
        essentia: "2.1-beta3"

Flux:
    dmean: 0.00366194639355
    dmean2: 0.00472802482545
    dvar: 0.000143332785228
    dvar2: 0.00027824670542
    kurt: 9.77269458771
    max: 0.0704340785742
    mean: 0.00465393578634
    median: 4.1304698243e-05
    min: 8.92807838682e-06
    skew: 3.31627607346
    var: 0.000234005390666

Rms:
    dmean: 0.00154178508092
    dmean2: 0.00112999009434
    dvar: 2.47210955422e-05
    dvar2: 1.12624366011e-05
    kurt: 20.1913299561
    max: 0.050464425236
    mean: 0.0483793988824
    median: 0.0500716753304
    min: 0.0105283111334
    skew: -4.47042036057
    var: 4.60694900539e-05

RollOff:
    dmean: 7.34086465836
    dmean2: 7.01081037521
    dvar: 1748.13659668
    dvar2: 1525.20007324
    kurt: 39.1735305786
    max: 473.73046875
    mean: 179.921875
    median: 172.265625
    min: 172.265625
    skew: 6.38610363007
    var: 1981.56872559

SpecCent:
    dmean: 20.1027965546
    dmean2: 16.5987701416
    dvar: 10543.1074219
    dvar2: 6559.01953125
    kurt: 37.1181793213
    max: 1002.51470947
    mean: 191.820327759
    median: 169.904571533
    min: 167.328414917
    skew: 6.17395019531
    var: 15474.2304688

Zcr:
    dmean: 0.00034401632729
    dmean2: 0.00036337209167
    dvar: 8.19071090064e-07
    dvar2: 5.22225718669e-07
    kurt: 18.4964981079
    max: 0.0078125
    mean: 0.00736762164161
    median: 0.0078125
    min: 0
    skew: -4.24188518524
    var: 1.81009750122e-06

HarmonicAmpFreq:
    dmean: [0.0603696666658]
    dmean2: [0.0804744958878]
    dvar: [0.0631262585521]
    dvar2: [0.138197183609]
    kurt: [19.5561351776]
    max: [171.165176392]
    mean: [170.288818359]
    median: [170.289810181]
    min: [169.710128784]
    skew: [2.35534000397]
    var: [0.0264256615192]

HarmonicAmpMag:
    dmean: [0.00278115994297]
    dmean2: [0.0021403869614]
    dvar: [0.000108029154944]
    dvar2: [7.4221403338e-05]
    kurt: [15.5963535309]
    max: [0.0705771446228]
    mean: [0.0671779811382]
    median: [0.0705623105168]
    min: [0]
    skew: [-4.06187868118]
    var: [0.000176860688953]

MfccCoeff:
    dmean: [14.1148233414, 5.1844162941, 1.52186858654, 1.28904545307, 1.31959319115, 1.14459836483, 0.880188703537, 0.561778247356, 0.315018832684, 0.553207576275, 0.875251591206, 1.19435811043, 1.47757232189]
    dmean2: [20.7380847931, 6.82503223419, 2.00342512131, 1.85439109802, 2.40580773354, 1.80254983902, 1.43472003937, 0.789951086044, 0.460150301456, 0.586095690727, 0.862251639366, 1.20181429386, 1.41360044479]
    dvar: [3779.22729492, 412.471069336, 29.8853626251, 22.8394184113, 31.3241100311, 20.91106987, 14.6015968323, 4.32521915436, 0.853306829929, 2.8058719635, 9.47740840912, 18.7014389038, 27.0550918579]
    dvar2: [9517.51171875, 924.231750488, 40.8901748657, 33.1762237549, 64.4778671265, 36.4626235962, 25.5984420776, 6.23628282547, 1.64611494541, 3.28228235245, 8.90962505341, 18.2081623077, 25.8046360016]
    kurt: [38.0039291382, 15.9220752716, 10.690155983, 14.8520965576, 16.2528476715, 14.5313682556, 11.9490852356, 9.33710193634, 12.6670131683, 20.3937358856, 18.5820827484, 16.444185257, 15.2324542999]
    max: [-806.350524902, 145.063339233, 91.37109375, 71.8696746826, 56.6046943665, 39.5174255371, 22.7503089905, 9.06208992004, -3.66436767578, -3.28121185303, -1.92489242554, -0.324882507324, 0.929046630859]
    mean: [-1080.83764648, 72.5045700073, 65.0330963135, 56.9938735962, 46.3115882874, 34.2658500671, 21.1637783051, 7.94572257996, -4.88476419449, -16.593044281, -26.7331848145, -34.7964019775, -40.5369262695]
    median: [-1087.48901367, 70.390296936, 65.5727844238, 57.8574371338, 47.6879463196, 35.6473999023, 22.4157142639, 8.73002052307, -4.66708374023, -17.0728912354, -27.8684902191, -36.5537528992, -42.778377533]
    min: [-1115.51074219, 30.8303337097, 26.4351234436, 20.0663490295, 12.3715934753, 6.18585968018, 0.228092193604, -2.57815933228, -10.0315933228, -20.5391311646, -28.9493770599, -36.5576438904, -42.7806053162]
    skew: [6.24233007431, 2.9327981472, -1.97921943665, -3.50643563271, -4.13925600052, -3.96121740341, -3.67988204956, -3.33113598824, -3.65955853462, 4.37652587891, 4.35011339188, 4.12832546234, 3.9740281105]
    var: [1754.25854492, 195.007339478, 77.3050231934, 55.2961273193, 54.6071739197, 36.7205963135, 23.9722633362, 8.05191612244, 1.19778084755, 5.7475104332, 21.090385437, 44.0539207458, 66.2714385986]

SpecContrastCoeff:
    dmean: [0.0339937806129, 0.00891888421029, 0.00832277629524, 0.00881417933851, 0.00856503471732, 0.00985622964799]
    dmean2: [0.0253944117576, 0.0152408452705, 0.0132635002956, 0.0148207964376, 0.0138688059524, 0.0119708413258]
    dvar: [0.00754864793271, 0.000488015561132, 0.000217148088268, 0.000230592122534, 0.000103679631138, 7.71735358285e-05]
    dvar2: [0.00407231552526, 0.00110761332326, 0.000555781414732, 0.000605946406722, 0.000240866662352, 0.000189023441635]
    kurt: [18.0124092102, 10.7004175186, 16.3580932617, 12.7966518402, 0.848974943161, -0.381407737732]
    max: [-0.149323359132, -0.826784491539, -0.895678579807, -0.899878561497, -0.928726494312, -0.920504927635]
    mean: [-0.209853470325, -0.946787178516, -0.962896049023, -0.962863862514, -0.957835137844, -0.947856068611]
    median: [-0.174099043012, -0.956647276878, -0.967420578003, -0.968202590942, -0.963255405426, -0.954048812389]
    min: [-0.980688452721, -0.958053171635, -0.98462921381, -0.969606459141, -0.965535342693, -0.961146771908]
    skew: [-4.20556735992, 3.39328289032, 3.56214094162, 3.4243311882, 1.46824753284, 0.96020758152]
    var: [0.0201412290335, 0.000751034240238, 0.000155079382239, 0.000157776928972, 0.000106398169009, 0.000147350816405]

SpecPeakAmp:
    dmean: [0.00461024418473, 0.00321624125354, 3.37508099619e-05, 2.83775261778e-05, 2.70858163276e-05]
    dmean2: [0.00729275168851, 0.00652792165056, 4.70623381261e-05, 4.1516708734e-05, 4.00081517e-05]
    dvar: [0.000223405702855, 0.000213860170334, 1.5302401124e-08, 1.16738059219e-08, 1.13943432467e-08]
    dvar2: [0.000590821844526, 0.0004149445449, 3.90024652575e-08, 2.95013542484e-08, 2.90779418322e-08]
    kurt: [20.0280914307, 6.34811306, 36.1213111877, 37.5540428162, 38.517868042]
    max: [0.0692301914096, 0.0705771446228, 0.000615025113802, 0.000537895888556, 0.000526199874002]
    mean: [0.00292111444287, 0.0643130689859, 3.73806215066e-05, 2.57887877524e-05, 2.27787641052e-05]
    median: [3.67089523934e-05, 0.0705623105168, 2.26471984206e-05, 1.24005591715e-05, 1.0155842574e-05]
    min: [9.73559508566e-06, 2.38839293161e-05, 1.08314370664e-05, 3.59723662768e-06, 3.1718518585e-06]
    skew: [4.51100158691, -2.88928174973, 6.0645031929, 6.2148976326, 6.31634616852]
    var: [0.000144540594192, 0.000400509859901, 7.95758570149e-09, 6.14042239278e-09, 5.86369797162e-09]
