
metadata:
    version:
        essentia: "2.1-beta3"

Flux:
    dmean: 0.0324292182922
    dmean2: 0.0439156070352
    dvar: 0.0115569178015
    dvar2: 0.0225200504065
    kurt: 9.17332839966
    max: 0.631595313549
    mean: 0.0428086593747
    median: 0.000373418530216
    min: 2.37395051954e-05
    skew: 3.24098610878
    var: 0.0195093434304

Rms:
    dmean: 0.0147051075473
    dmean2: 0.0108766639605
    dvar: 0.00237038894556
    dvar2: 0.00108370359521
    kurt: 22.001531601
    max: 0.46495372057
    mean: 0.445169746876
    median: 0.461234211922
    min: 0.0672297924757
    skew: -4.64248275757
    var: 0.00436516618356

RollOff:
    dmean: 15.1711206436
    dmean2: 15.0231647491
    dvar: 8653.50097656
    dvar2: 8249.921875
    kurt: 39.8362236023
    max: 818.26171875
    mean: 187.578125
    median: 172.265625
    min: 172.265625
    skew: 6.46085786819
    var: 9059.71191406

SpecCent:
    dmean: 30.588886261
    dmean2: 27.0706157684
    dvar: 28755.1679688
    dvar2: 21459.6425781
    kurt: 38.6372451782
    max: 1466.17431641
    mean: 202.144927979
    median: 169.654266357
    min: 167.027252197
    skew: 6.33072710037
    var: 36914.6132812

Zcr:
    dmean: 0.00034401632729
    dmean2: 0.000352016708348
    dvar: 7.43210705423e-07
    dvar2: 3.91733919969e-07
    kurt: 14.5943622589
    max: 0.0078125
    mean: 0.00737847201526
    median: 0.0078125
    min: 0.0009765625
    skew: -3.85564613342
    var: 1.59181172421e-06

HarmonicAmpFreq:
    dmean: [0.0870406404138]
    dmean2: [0.114857517183]
    dvar: [0.107416957617]
    dvar2: [0.226411089301]
    kurt: [15.8320789337]
    max: [171.44430542]
    mean: [170.281967163]
    median: [170.289733887]
    min: [169.390884399]
    skew: [1.16873204708]
    var: [0.0549740046263]

HarmonicAmpMag:
    dmean: [0.0253925248981]
    dmean2: [0.0191237684339]
    dvar: [0.00891367532313]
    dvar2: [0.00620622001588]
    kurt: [15.38539505]
    max: [0.650258779526]
    mean: [0.618820548058]
    median: [0.650115311146]
    min: [0]
    skew: [-4.03142642975]
    var: [0.0149925546721]

MfccCoeff:
    dmean: [30.3588485718, 9.13319206238, 5.49827241898, 9.01085948944, 6.97392845154, 4.11868333817, 2.81604743004, 2.16764473915, 1.85444831848, 1.82114183903, 1.9775390625, 2.06597042084, 2.1466653347]
    dmean2: [38.578212738, 7.47532844543, 7.03141021729, 7.83040952682, 7.89119291306, 5.29637050629, 3.59348130226, 2.65351009369, 2.58706665039, 2.55490088463, 2.23688530922, 2.13793301582, 2.35985732079]
    dvar: [8330.55859375, 62.2340316772, 81.1123504639, 33.3144760132, 36.3643798828, 21.6968517303, 6.99803304672, 2.49392461777, 1.66501617432, 5.41436767578, 13.8496522903, 24.9883842468, 32.4341926575]
    dvar2: [21853.5703125, 30.2727184296, 124.249137878, 33.531288147, 47.6246948242, 27.3241100311, 8.16525745392, 2.72907090187, 5.19417524338, 6.47006845474, 12.5538101196, 21.635471344, 31.6264533997]
    kurt: [34.6427764893, 5.84546279907, 12.8496179581, 3.03624105453, 3.49514055252, 9.82816696167, 6.92875099182, 0.578870296478, 0.706782341003, 16.2930545807, 17.1591320038, 15.8806972504, 13.6461791992]
    max: [-561.325073242, 212.530853271, 121.933776855, 90.0142364502, 69.0972290039, 47.3307800293, 26.7579116821, 10.1286792755, -3.17152404785, 0.0921478271484, 1.90272903442, 4.03007507324, 2.17725372314]
    mean: [-1015.30383301, 141.207931519, 101.118110657, 69.4032592773, 49.8421401978, 35.4080734253, 20.341550827, 5.86557769775, -6.62809801102, -17.8920230865, -28.1186981201, -36.1967697144, -42.050907135]
    median: [-1022.86450195, 144.020172119, 105.129638672, 68.6237945557, 47.4875679016, 35.6857299805, 22.5960578918, 6.98524665833, -6.84957122803, -18.5031814575, -29.0236568451, -37.9723625183, -44.4676475525]
    min: [-1051.14501953, 115.650245667, 23.0110168457, 7.93681716919, 3.64756774902, -4.60652160645, -3.60401535034, -5.16606140137, -12.463684082, -21.3716812134, -31.8850307465, -39.7816581726, -45.5227012634]
    skew: [5.85133457184, 1.6246150732, -3.49716496468, -1.23051226139, -1.20908498764, -2.64254808426, -2.47020053864, -0.997871637344, -0.240893229842, 3.76146459579, 4.0568318367, 4.00830602646, 3.77874469757]
    var: [5009.16845703, 271.432495117, 284.064544678, 260.939880371, 159.63053894, 74.4103851318, 34.0968055725, 13.0841779709, 3.34246730804, 11.3568143845, 31.4803123474, 59.8436355591, 79.9088516235]

SpecContrastCoeff:
    dmean: [0.0338114723563, 0.0130918864161, 0.00668938178569, 0.00474380236119, 0.00483464775607, 0.0101134832948]
    dmean2: [0.0274585671723, 0.0214183200151, 0.0102122249082, 0.00820661429316, 0.00816874019802, 0.0175802670419]
    dvar: [0.0126248886809, 0.00118898367509, 9.53606868279e-05, 6.19852580712e-05, 7.8446646512e-05, 0.000306167377857]
    dvar2: [0.00558560341597, 0.00269085471518, 0.000212253158679, 0.000139577008667, 0.000181213545147, 0.000733217457309]
    kurt: [25.8711776733, 10.0915327072, 5.68448352814, 6.03919124603, 7.96468257904, 6.57167339325]
    max: [-0.0209831539541, -0.787515640259, -0.913800477982, -0.92855322361, -0.924811005592, -0.897347509861]
    mean: [-0.068957336247, -0.934151530266, -0.954913675785, -0.959352016449, -0.957056701183, -0.951932668686]
    median: [-0.0333930253983, -0.946162462234, -0.960247755051, -0.962284862995, -0.959377288818, -0.958005070686]
    min: [-0.997616648674, -0.954723954201, -0.960609793663, -0.963414728642, -0.961631834507, -0.959423422813]
    skew: [-5.01465654373, 3.41368746758, 2.4315803051, 2.63208222389, 2.98519206047, 2.74007940292]
    var: [0.0241507682949, 0.00133514055051, 0.000111933521111, 6.23843807261e-05, 6.34726675344e-05, 0.000223624141654]
