
metadata:
    version:
        essentia: "2.1-beta3"

Flux:
    dmean: 0.0241897106171
    dmean2: 0
    dvar: 0
    dvar2: 0
    kurt: -2
    max: 0.363734900951
    mean: 0.351640045643
    median: 0.351640045643
    min: 0.339545190334
    skew: 0
    var: 0.000146285528899

Rms:
    dmean: 0
    dmean2: 0
    dvar: 0
    dvar2: 0
    kurt: 0
    max: 0.125784248114
    mean: 0.125784248114
    median: 0.125784248114
    min: 0.125784248114
    skew: 0
    var: 0

RollOff:
    dmean: 43.06640625
    dmean2: 0
    dvar: 0
    dvar2: 0
    kurt: -2
    max: 322.998046875
    mean: 301.46484375
    median: 301.46484375
    min: 279.931640625
    skew: 0
    var: 463.678833008

SpecCent:
    dmean: 235.117614746
    dmean2: 0
    dvar: 0
    dvar2: 0
    kurt: -2
    max: 471.105926514
    mean: 353.547119141
    median: 353.547119141
    min: 235.988311768
    skew: 0
    var: 13820.0732422

Zcr:
    dmean: 0
    dmean2: 0
    dvar: 0
    dvar2: 0
    kurt: 0
    max: 0.0029296875
    mean: 0.0029296875
    median: 0.0029296875
    min: 0.0029296875
    skew: 0
    var: 0

HarmonicAmpFreq:
    dmean: [27.2293701172]
    dmean2: [0]
    dvar: [0]
    dvar2: [0]
    kurt: [-2]
    max: [260.048095703]
    mean: [246.433410645]
    median: [246.433410645]
    min: [232.818725586]
    skew: [0]
    var: [185.359649658]

HarmonicAmpMag:
    dmean: [0.126310899854]
    dmean2: [0]
    dvar: [0]
    dvar2: [0]
    kurt: [-2]
    max: [0.138501182199]
    mean: [0.0753457322717]
    median: [0.0753457322717]
    min: [0.0121902851388]
    skew: [0]
    var: [0.00398861104622]

MfccCoeff:
    dmean: [389.053527832, 2.16345214844, 53.4047393799, 0.942008972168, 15.0525341034, 25.6062583923, 24.3037338257, 25.510175705, 19.7525253296, 13.4200572968, 6.16847229004, 2.85360717773, 0.395885467529]
    dmean2: [0, 0, 0, 0, 0, 0, 0, 0, 0, 0, 0, 0, 0]
    dvar: [0, 0, 0, 0, 0, 0, 0, 0, 0, 0, 0, 0, 0]
    dvar2: [0, 0, 0, 0, 0, 0, 0, 0, 0, 0, 0, 0, 0]
    kurt: [-1.99999988079, -1.99999988079, -2, -2, -2, -2, -1.99999988079, -1.99999988079, -2, -1.99999988079, -2, -2, -2]
    max: [-618.131713867, 158.529998779, 96.2075195312, 35.9580574036, 14.6070842743, 8.75342178345, -1.01692199707, -4.39957618713, -9.11318969727, -9.88198280334, -11.1246242523, -9.80635070801, -8.47624588013]
    mean: [-812.658447266, 157.448272705, 69.5051498413, 35.4870529175, 7.0808172226, -4.04970741272, -13.1687889099, -17.1546630859, -18.9894523621, -16.592010498, -14.2088603973, -11.2331542969, -8.67418861389]
    median: [-812.658447266, 157.448272705, 69.5051498413, 35.4870529175, 7.0808172226, -4.04970741272, -13.1687889099, -17.1546630859, -18.9894523621, -16.592010498, -14.2088603973, -11.2331542969, -8.67418861389]
    min: [-1007.1852417, 156.366546631, 42.8027801514, 35.0160484314, -0.445449829102, -16.8528366089, -25.3206558228, -29.9097518921, -28.8657150269, -23.3020401001, -17.2930965424, -12.6599578857, -8.87213134766]
    skew: [-4.75477520467e-07, 0, 0, 0, 0, 0, 0, -1.76474102886e-07, 0, -4.54558175988e-07, 0, 0, 0]
    var: [37840.6601562, 1.17013132572, 713.016540527, 0.2218452245, 56.644695282, 163.920120239, 147.667861938, 162.692260742, 97.5405654907, 45.0244827271, 9.51251220703, 2.03576850891, 0.0391813255847]

SpecContrastCoeff:
    dmean: [0.0820124149323, 0.107038974762, 0.0626412034035, 0.0143056511879, 0.01887768507, 0.0213989019394]
    dmean2: [0, 0, 0, 0, 0, 0]
    dvar: [0, 0, 0, 0, 0, 0]
    dvar2: [0, 0, 0, 0, 0, 0]
    kurt: [-2, -1.99999988079, -2, -2, -1.99999988079, -1.99999988079]
    max: [-0.597612559795, -0.642204642296, -0.858079373837, -0.919619679451, -0.933986008167, -0.938862085342]
    mean: [-0.638618767262, -0.695724129677, -0.889400005341, -0.926772475243, -0.9434248209, -0.949561536312]
    median: [-0.638618767262, -0.695724129677, -0.889400005341, -0.926772475243, -0.9434248209, -0.949561536312]
    min: [-0.679624974728, -0.749243617058, -0.92072057724, -0.933925330639, -0.952863693237, -0.960260987282]
    skew: [0, 0, 2.8417186968e-06, -1.25038322949e-05, -9.49730383581e-06, 0]
    var: [0.00168150907848, 0.00286433543079, 0.000980980112217, 5.11629150424e-05, 8.90917435754e-05, 0.000114478250907]
