
metadata:
    version:
        essentia: "2.1-beta3"

Flux:
    dmean: 6.3979478e-06
    dmean2: 9.28851386561e-06
    dvar: 5.23861620749e-10
    dvar2: 1.14711773413e-09
    kurt: 13.8410949707
    max: 0.000124867947306
    mean: 1.05093095044e-05
    median: 5.26958410774e-06
    min: 7.498439345e-07
    skew: 3.83381509781
    var: 5.39409683586e-10

Rms:
    dmean: 2.02687647288e-06
    dmean2: 1.98924590222e-06
    dvar: 4.16488128707e-11
    dvar2: 2.98575782154e-11
    kurt: 19.6779060364
    max: 0.000101795521914
    mean: 9.94857109617e-05
    median: 0.000101279903902
    min: 5.83214932703e-05
    skew: -4.50236272812
    var: 5.74288394617e-11

RollOff:
    dmean: 1.00154435635
    dmean2: 1.025390625
    dvar: 20.5633563995
    dvar2: 21.0285148621
    kurt: 17.0475826263
    max: 366.064453125
    mean: 345.510040283
    median: 344.53125
    min: 344.53125
    skew: 4.36435222626
    var: 20.118303299

SpecCent:
    dmean: 6.8006477356
    dmean2: 8.29949188232
    dvar: 78.520942688
    dvar2: 36.3813896179
    kurt: 19.1246738434
    max: 672.901550293
    mean: 600.162536621
    median: 598.591064453
    min: 589.231689453
    skew: 4.10076713562
    var: 172.128067017

Zcr:
    dmean: 0.000567768875044
    dmean2: 0.000790550606325
    dvar: 2.29469856095e-06
    dvar2: 1.99763530873e-06
    kurt: 17.3988628387
    max: 0.015625
    mean: 0.0150257460773
    median: 0.01513671875
    min: 0.0068359375
    skew: -4.29678964615
    var: 2.58861632574e-06

HarmonicAmpFreq:
    dmean: [0.577613294125]
    dmean2: [1.08146226406]
    dvar: [0.263835549355]
    dvar2: [0.460226237774]
    kurt: [-1.47309267521]
    max: [341.258911133]
    mean: [339.943481445]
    median: [340.353271484]
    min: [339.330749512]
    skew: [0.0294185373932]
    var: [0.318864315748]

HarmonicAmpMag:
    dmean: [7.20417883713e-05]
    dmean2: [0.000143156881677]
    dvar: [4.60372184818e-09]
    dvar2: [7.69077956875e-09]
    kurt: [-1.93602216244]
    max: [0.000139143012348]
    mean: [7.52354899305e-05]
    median: [0.000137663359055]
    min: [0]
    skew: [-0.162446498871]
    var: [4.59305793399e-09]

MfccCoeff:
    dmean: [0.134759947658, 0.174933150411, 0.130585432053, 0.0650776699185, 0.0106328921393, 0.0837867185473, 0.142271175981, 0.176542952657, 0.18127335608, 0.156211137772, 0.10635393858, 0.044203825295, 0.0308566428721]
    dmean2: [0.141694575548, 0.183823361993, 0.136846631765, 0.0675048828125, 0.0125812347978, 0.0896297618747, 0.151003882289, 0.186525434256, 0.190620064735, 0.163137882948, 0.109628766775, 0.0472203195095, 0.0365091972053]
    dvar: [0.413776010275, 0.697901308537, 0.39064091444, 0.0985334739089, 0.00212609348819, 0.155480206013, 0.454123735428, 0.704512655735, 0.748531103134, 0.562038123608, 0.265220344067, 0.0409038104117, 0.0179066862911]
    dvar2: [0.41997718811, 0.708388447762, 0.396568715572, 0.100080400705, 0.0021432894282, 0.157676249743, 0.460721969604, 0.714911162853, 0.759756088257, 0.570661664009, 0.269449174404, 0.0413096509874, 0.0180517099798]
    kurt: [28.8350372314, 28.8227539062, 28.729763031, 28.3913383484, 33.0643463135, 29.4430389404, 29.1667480469, 29.0082359314, 28.8460788727, 28.6140537262, 28.1546535492, 26.332118988, 33.0642585754]
    max: [-1134.39697266, 5.22355270386, 3.90393066406, 1.95344924927, -6.103515625e-05, 2.28881835938e-05, -2.67028808594e-05, -5.34057617188e-05, -4.57763671875e-05, -2.28881835938e-05, -2.67028808594e-05, -3.0517578125e-05, 0.87313079834]
    mean: [-1134.52966309, 5.05166625977, 3.77554035187, 1.88930332661, -0.290810674429, -2.40015554428, -4.09004211426, -5.08571577072, -5.23304748535, -4.52310323715, -3.09164881706, -1.19336175919, 0.843745291233]
    median: [-1134.40234375, 5.21667098999, 3.8991394043, 1.95187759399, -0.299110412598, -2.47722625732, -4.22246932983, -5.25116729736, -5.40389251709, -4.67169570923, -3.1944732666, -1.23474121094, 0.867820739746]
    min: [-1138.42004395, 1.14440917969e-05, -6.103515625e-05, 8.01086425781e-05, -0.300933837891, -2.48206329346, -4.22944259644, -5.25891113281, -5.41111755371, -4.67684173584, -3.19649124146, -1.23640441895, -3.81469726562e-05]
    skew: [-5.39296627045, -5.39235639572, -5.38384485245, -5.35293531418, 5.78965091705, 5.44930887222, 5.42390346527, 5.40935325623, 5.39448690414, 5.37326574326, 5.33137702942, 5.16680431366, -5.78964328766]
    var: [0.408464431763, 0.688892960548, 0.385485351086, 0.0971342399716, 0.00212718499824, 0.153767481446, 0.448736160994, 0.69581413269, 0.738921523094, 0.554427683353, 0.261306881905, 0.040417291224, 0.017915520817]

SpecContrastCoeff:
    dmean: [0.0296843741089, 0.0218920800835, 0.0182447433472, 0.0167726241052, 0.0106102395803, 0.0163780413568]
    dmean2: [0.0395527780056, 0.0268135871738, 0.0337307937443, 0.0272345338017, 0.0154203092679, 0.0288397986442]
    dvar: [0.00174904661253, 0.0023677169811, 0.000201687784283, 0.000233139580814, 0.000265034526819, 0.000196425156901]
    dvar2: [0.00151255296078, 0.00234868749976, 0.0004615970538, 0.000329189439071, 0.000319067796227, 0.000307780952426]
    kurt: [12.8624477386, 16.0338153839, 1.32736968994, 9.71913719177, 12.9390220642, 7.96374416351]
    max: [-0.622890889645, -0.518452644348, -0.889101803303, -0.843865275383, -0.833900511265, -0.819847762585]
    mean: [-0.670778512955, -0.547796726227, -0.910212278366, -0.872623860836, -0.867492675781, -0.85207849741]
    median: [-0.666009664536, -0.538132071495, -0.907824873924, -0.869891166687, -0.865752577782, -0.849208474159]
    min: [-0.917357504368, -0.794825792313, -0.959898293018, -0.966692566872, -0.962494552135, -0.925028026104]
    skew: [-3.46504974365, -4.13939476013, -1.12408864498, -2.54694247246, -3.33043551445, -2.40362429619]
    var: [0.00265745189972, 0.00263268151321, 0.000238471286139, 0.000390818604501, 0.000380683806725, 0.000334867159836]

SpecPeakAmp:
    dmean: [1.63706303624e-07, 1.92109928321e-06, 1.2013124433e-05, 2.59414737229e-05, 5.82022585149e-05]
    dmean2: [1.87645554206e-07, 1.97452868633e-06, 2.21712325583e-05, 5.30296019861e-05, 0.000119000120321]
    dvar: [3.50694191568e-13, 1.43496339811e-10, 1.41598854864e-09, 2.91927038099e-09, 4.66931249221e-09]
    dvar2: [3.58889431845e-13, 1.46675921409e-10, 4.03288424877e-09, 8.2233562182e-09, 7.8368431744e-09]
    kurt: [36.0200271606, 38.9889030457, 15.6578826904, 6.0990447998, -1.78210508823]
    max: [1.73134412762e-05, 7.97037937446e-05, 0.000138984789373, 0.000139143012348, 0.00013911545102]
    mean: [1.66909048858e-05, 1.95658867597e-06, 7.24812753106e-06, 1.28265664898e-05, 5.38354870514e-05]
    median: [1.67494854395e-05, 1.18462786247e-07, 1.21962898447e-07, 1.352017307e-07, 2.21200707529e-07]
    min: [1.28352439788e-05, 4.69612579934e-08, 4.23262882521e-08, 6.20695104203e-08, 8.59338484815e-08]
    skew: [-6.02316045761, 6.4008731842, 4.1509885788, 2.84576821327, 0.466716438532]
    var: [3.58915506907e-13, 1.40630271317e-10, 8.41822056508e-10, 1.5939011222e-09, 4.55833593094e-09]
