
metadata:
    version:
        essentia: "2.1-beta3"

Flux:
    dmean: 0.000163346514455
    dmean2: 0.000212605984416
    dvar: 2.85343560336e-07
    dvar2: 5.5692839851e-07
    kurt: 9.73766803741
    max: 0.0031358669512
    mean: 0.000214001905988
    median: 8.96911933523e-06
    min: 5.89386081629e-06
    skew: 3.31255149841
    var: 4.63683392127e-07

Rms:
    dmean: 7.17645234545e-05
    dmean2: 5.82918037253e-05
    dvar: 5.14444522537e-08
    dvar2: 2.31837766762e-08
    kurt: 21.059173584
    max: 0.00224992656149
    mean: 0.00215967744589
    median: 0.00223697419278
    min: 0.000405371887609
    skew: -4.55266284943
    var: 9.64579385254e-08

RollOff:
    dmean: 5.38330078125
    dmean2: 5.0077214241
    dvar: 845.686950684
    dvar2: 686.615844727
    kurt: 38.3793106079
    max: 559.86328125
    mean: 350.2734375
    median: 344.53125
    min: 344.53125
    skew: 6.29871559143
    var: 1018.03265381

SpecCent:
    dmean: 10.057677269
    dmean2: 10.5941171646
    dvar: 1849.85046387
    dvar2: 1560.6965332
    kurt: 39.3418159485
    max: 654.244445801
    mean: 347.780212402
    median: 340.623504639
    min: 336.686462402
    skew: 6.40411996841
    var: 2151.66918945

Zcr:
    dmean: 0.000732421875
    dmean2: 0.000760810333304
    dvar: 3.3974647522e-06
    dvar2: 1.96614792003e-06
    kurt: 16.5276699066
    max: 0.015625
    mean: 0.0147026907653
    median: 0.01513671875
    min: 0.00048828125
    skew: -4.08704900742
    var: 7.23968378225e-06

HarmonicAmpFreq:
    dmean: [0.411315917969]
    dmean2: [0.817955553532]
    dvar: [0.236694201827]
    dvar2: [0.435777574778]
    kurt: [-1.87091898918]
    max: [340.410583496]
    mean: [339.981414795]
    median: [340.40032959]
    min: [339.296020508]
    skew: [-0.329645931721]
    var: [0.24276214838]

HarmonicAmpMag:
    dmean: [0.00125391560141]
    dmean2: [0.00240973406471]
    dvar: [2.17195179175e-06]
    dvar2: [4.24942481914e-06]
    kurt: [-1.80872654915]
    max: [0.00311271636747]
    mean: [0.00185606640298]
    median: [0.00311032216996]
    min: [0]
    skew: [-0.390306323767]
    var: [2.2314789021e-06]

MfccCoeff:
    dmean: [2.01014018059, 2.59336996078, 1.92621910572, 1.05049824715, 0.255922496319, 0.51119440794, 0.814768612385, 0.966099500656, 0.945120751858, 0.764788866043, 0.469656378031, 0.119100399315, 0.236071154475]
    dmean2: [2.70243525505, 3.4862742424, 2.59512758255, 1.44472873211, 0.429897576571, 0.460424035788, 0.7570540905, 0.830450713634, 0.730090498924, 0.528297424316, 0.294038772583, 0.102409720421, 0.18416364491]
    dvar: [80.4808578491, 133.928894043, 73.7440490723, 21.7307376862, 1.34004461765, 5.45497274399, 14.8008031845, 17.9048023224, 14.6580171585, 8.7380771637, 3.16353130341, 0.185758590698, 0.832039475441]
    dvar2: [165.871810913, 276.032196045, 152.872634888, 47.2327690125, 3.51823568344, 3.80182099342, 11.3975725174, 10.9957790375, 7.03311157227, 4.15280437469, 1.8715569973, 0.14784874022, 0.58362030983]
    kurt: [18.3351764679, 18.3276157379, 18.3986244202, 20.5300731659, 24.2567100525, 33.9452934265, 34.403301239, 32.3471298218, 28.9883441925, 25.4666347504, 22.4090538025, 17.0043964386, 22.6424484253]
    max: [-1084.39135742, 69.6935501099, 51.567111969, 27.281879425, 3.30418395996, 2.28881835938e-05, -2.67028808594e-05, -5.34057617188e-05, -4.57763671875e-05, -2.28881835938e-05, -2.67028808594e-05, -3.0517578125e-05, 8.62964630127]
    mean: [-1111.99987793, 34.0756416321, 24.848941803, 11.4636192322, -3.54103636742, -17.393032074, -27.6448631287, -32.632938385, -31.755235672, -25.521774292, -15.3872652054, -3.41478466988, 8.1531496048]
    median: [-1111.87695312, 34.2344474792, 24.9498329163, 11.4325294495, -3.79623413086, -17.946937561, -28.5077133179, -33.7220993042, -32.9014205933, -26.5114059448, -16.0254573822, -3.57962036133, 8.47640228271]
    min: [-1138.42004395, 1.14440917969e-05, -6.103515625e-05, 8.01086425781e-05, -3.86747741699, -18.0698318481, -28.6500778198, -33.8461074829, -32.9735794067, -26.5151443481, -16.027135849, -3.58232879639, -3.81469726562e-05]
    skew: [0.269211053848, 0.270625919104, 0.462372332811, 2.10156679153, 4.96905660629, 5.83429765701, 5.88664579391, 5.66900873184, 5.33348608017, 4.99851369858, 4.71220684052, 4.1659784317, -4.79092550278]
    var: [33.383014679, 55.5586280823, 30.4411449432, 8.69031620026, 1.38506007195, 7.42760276794, 18.6496963501, 26.7493495941, 26.7115478516, 18.4463405609, 7.20076560974, 0.414999037981, 2.03977560997]

SpecContrastCoeff:
    dmean: [0.0272236336023, 0.0306093860418, 0.00989133678377, 0.0165950022638, 0.0125276111066, 0.00907024834305]
    dmean2: [0.0416052080691, 0.0308038573712, 0.0164697244763, 0.0256168618798, 0.0180306956172, 0.0153657561168]
    dvar: [0.000692786765285, 0.00335662835278, 6.80828525219e-05, 0.000116608898679, 8.97253557923e-05, 6.89070948283e-05]
    dvar2: [0.00125552434474, 0.00181146292016, 0.000114348185889, 0.000272185832728, 0.000187127909157, 0.000170788349351]
    kurt: [9.71551513672, 19.9277496338, 5.5900554657, -0.986812591553, 2.56905555725, 10.78221035]
    max: [-0.772170484066, -0.384270817041, -0.899837195873, -0.911312520504, -0.889905273914, -0.897807836533]
    mean: [-0.824870884418, -0.432719677687, -0.94858443737, -0.938184797764, -0.916706740856, -0.915276944637]
    median: [-0.819861888885, -0.414205223322, -0.949796020985, -0.942647576332, -0.919781506062, -0.915410101414]
    min: [-0.997019290924, -0.971298575401, -0.966632425785, -0.959071993828, -0.963163971901, -0.964451551437]
    skew: [-2.45594930649, -4.42038345337, 1.6856482029, 0.456696152687, -0.694620251656, -2.5015437603]
    var: [0.00129561917856, 0.0093889972195, 0.000126848637592, 0.00018946659111, 0.000157075846801, 9.94516449282e-05]

SpecPeakAmp:
    dmean: [6.64771050651e-06, 8.41568034957e-05, 0.000140322532388, 0.000849396397825, 0.00157444772776]
    dmean2: [9.35170010052e-06, 0.000129025254864, 0.000215388659853, 0.00173695059493, 0.00320123857819]
    dvar: [6.51289633335e-10, 1.45911272398e-07, 4.03567526064e-07, 1.91430535779e-06, 2.37138101511e-06]
    dvar2: [1.65669999941e-09, 3.74822263893e-07, 1.03694208065e-06, 5.07388585902e-06, 3.83012320526e-06]
    kurt: [38.3773078918, 40.0213356018, 40.0177574158, 2.65365695953, -1.89625072479]
    max: [0.000133790395921, 0.001835404546, 0.00305801397189, 0.00311194942333, 0.00311271636747]
    mean: [1.91003455257e-05, 4.2639025196e-05, 7.04442791175e-05, 0.000417318573454, 0.00133368046954]
    median: [1.68981896422e-05, 1.92698780666e-06, 2.09441805055e-06, 2.01189777727e-06, 2.19214302888e-06]
    min: [3.85394332625e-06, 6.62237539473e-07, 4.08424483567e-07, 2.93256277928e-07, 2.34138127553e-07]
    skew: [6.2772974968, 6.48232889175, 6.48191165924, 2.15719842911, 0.298414349556]
    var: [3.04886504932e-10, 7.30468272536e-08, 2.02865578558e-07, 1.11609790565e-06, 2.3248674097e-06]
