
metadata:
    version:
        essentia: "2.1-beta3"

Flux:
    dmean: 0.00367635837756
    dmean2: 0.00490669021383
    dvar: 0.000142921475344
    dvar2: 0.000282020744635
    kurt: 9.53290367126
    max: 0.0693226605654
    mean: 0.0047052660957
    median: 0.000112015230116
    min: 1.10183291326e-05
    skew: 3.28879666328
    var: 0.000232307575061

Rms:
    dmean: 0.00160401687026
    dmean2: 0.00127942475956
    dvar: 2.51323053817e-05
    dvar2: 1.0693920558e-05
    kurt: 20.5652084351
    max: 0.0503730028868
    mean: 0.048348467797
    median: 0.0501016750932
    min: 0.00932330731302
    skew: -4.50183153152
    var: 4.83513031213e-05

RollOff:
    dmean: 17.1286849976
    dmean2: 17.0262527466
    dvar: 11203.7353516
    dvar2: 10773.6992188
    kurt: 39.8774795532
    max: 1076.66015625
    mean: 361.7578125
    median: 344.53125
    min: 344.53125
    skew: 6.46560382843
    var: 11635.2480469

SpecCent:
    dmean: 23.0496845245
    dmean2: 21.7639026642
    dvar: 13522.9755859
    dvar2: 10046.8476562
    kurt: 38.5728263855
    max: 1233.48327637
    mean: 361.850372314
    median: 339.668182373
    min: 335.959136963
    skew: 6.32364320755
    var: 17566.6914062

Zcr:
    dmean: 0.000732421875
    dmean2: 0.000806231808383
    dvar: 3.3974647522e-06
    dvar2: 2.40507415583e-06
    kurt: 18.483297348
    max: 0.015625
    mean: 0.0147352432832
    median: 0.01513671875
    min: 0.00048828125
    skew: -4.27588796616
    var: 6.79534286974e-06

HarmonicAmpFreq:
    dmean: [0.0550537109375]
    dmean2: [0.0626348480582]
    dvar: [0.0457608476281]
    dvar2: [0.0646518990397]
    kurt: [18.3008613586]
    max: [340.709655762]
    mean: [340.373748779]
    median: [340.406097412]
    min: [339.397979736]
    skew: [-4.12704896927]
    var: [0.0335036590695]

HarmonicAmpMag:
    dmean: [0.00274671241641]
    dmean2: [0.00210581324063]
    dvar: [0.00010490524437]
    dvar2: [7.27988735889e-05]
    kurt: [15.4666366577]
    max: [0.069678157568]
    mean: [0.0663125216961]
    median: [0.0696635395288]
    min: [0]
    skew: [-4.0461101532]
    var: [0.000172905085492]

MfccCoeff:
    dmean: [15.6993932724, 7.07449197769, 3.97256469727, 3.79004454613, 4.07774829865, 3.65157413483, 3.79520440102, 3.40692830086, 2.60805416107, 1.94906461239, 1.55354881287, 1.04955518246, 1.21975672245]
    dmean2: [22.8697147369, 9.28671073914, 6.27974033356, 6.18996286392, 6.32572174072, 4.84784650803, 4.78836250305, 4.23858213425, 2.83038306236, 2.16432881355, 1.73685276508, 1.48587620258, 1.82603895664]
    dvar: [3727.97802734, 344.516204834, 38.169719696, 14.4178857803, 8.64059352875, 6.09567260742, 19.1930675507, 40.4695167542, 45.1696205139, 30.3841724396, 9.63364887238, 1.24333274364, 9.59764862061]
    dvar2: [9286.34863281, 696.056030273, 63.5419235229, 24.4743938446, 18.9470500946, 4.3508605957, 8.89200973511, 31.8352680206, 36.6381416321, 24.3477077484, 6.23581695557, 2.24140501022, 15.2389612198]
    kurt: [36.5065460205, 10.5860395432, 9.19373703003, 6.34323120117, 0.770004034042, 8.31793212891, 15.6520423889, 15.8623123169, 17.0186004639, 17.9966754913, 21.6156139374, 3.77531433105, 11.4854059219]
    max: [-807.516235352, 132.080352783, 78.5117797852, 34.275226593, -2.39991760254, -13.89868927, -14.2569656372, -10.6005325317, -5.34219360352, -0.92024230957, 1.2324256897, 1.080909729, 21.1433486938]
    mean: [-1076.95922852, 72.5247039795, 50.6076545715, 22.7633514404, -8.00548362732, -35.2526626587, -54.5577354431, -62.709690094, -59.1769218445, -45.3854866028, -24.795633316, -1.73007893562, 19.2814731598]
    median: [-1083.75817871, 70.494758606, 50.4827613831, 22.6844215393, -8.36073303223, -35.269329071, -55.6960983276, -64.9250793457, -61.8770675659, -47.476776123, -25.9657802582, -1.75128173828, 20.5611495972]
    min: [-1120.67871094, 21.6954154968, 12.757019043, 1.47407913208, -19.7619800568, -39.6990013123, -59.223487854, -66.8890228271, -62.6579666138, -48.0127410889, -26.7448482513, -5.8737487793, -0.33797454834]
    skew: [6.06148910522, 1.45645725727, -1.93109190464, -1.96854150295, -0.597066640854, 2.30928730965, 3.78808379173, 3.99880695343, 4.16047906876, 4.26628160477, 4.56043386459, -0.96691852808, -3.547965765]
    var: [1722.6517334, 197.172851562, 90.6660995483, 30.635093689, 12.075214386, 20.9563102722, 59.088508606, 101.236206055, 103.309860229, 68.0896377563, 20.785200119, 1.14289927483, 21.4532871246]

SpecContrastCoeff:
    dmean: [0.0325559154153, 0.033786855638, 0.0109635535628, 0.00796141847968, 0.00811376795173, 0.0167846810073]
    dmean2: [0.0608476363122, 0.0317222476006, 0.0172195974737, 0.0128989676014, 0.0137828243896, 0.0291774272919]
    dvar: [0.00240280944854, 0.0066056502983, 0.000142424119986, 8.64430403453e-05, 0.000102850266558, 0.0003116511798]
    dvar2: [0.00624559633434, 0.0040064365603, 0.00026338949101, 0.00015747793077, 0.000213012666791, 0.000777297245804]
    kurt: [9.10531330109, 21.4685840607, 5.79333972931, 4.26594829559, 3.76406955719, 1.24790811539]
    max: [-0.684383630753, -0.209544315934, -0.888414144516, -0.915098845959, -0.919499397278, -0.902092576027]
    mean: [-0.912065386772, -0.259526222944, -0.948699355125, -0.95835930109, -0.957835197449, -0.948943078518]
    median: [-0.931497335434, -0.233628451824, -0.955765783787, -0.96400564909, -0.963030636311, -0.957174599171]
    min: [-0.941008031368, -0.984928011894, -0.958828926086, -0.96501994133, -0.964111328125, -0.961495161057]
    skew: [3.04351329803, -4.59640884399, 2.41982340813, 2.1947414875, 2.1478805542, 1.56182777882]
    var: [0.00258860364556, 0.0163452308625, 0.000246112147579, 0.000135090755066, 0.000116414266813, 0.000265871989541]

SpecPeakAmp:
    dmean: [0.0018568187952, 6.14353120909e-05, 0.0315810851753, 0.0289580747485, 0.0032296909485]
    dmean2: [0.00284362281673, 8.58592684381e-05, 0.0629926621914, 0.0587980747223, 0.0065683987923]
    dvar: [7.05943748471e-05, 3.42387096453e-08, 0.00119353062473, 0.00115330598783, 0.000210103855352]
    dvar2: [0.00018130405806, 8.55487911622e-08, 0.00152090366464, 0.00157646485604, 0.000633692950942]
    kurt: [40.0198631287, 31.1074028015, -1.49976301193, -1.87545084953, 40.004611969]
    max: [0.0404265113175, 0.000933192844968, 0.0696604400873, 0.0696771144867, 0.069678157568]
    mean: [0.000946507439949, 6.66844716761e-05, 0.023250579834, 0.0407046750188, 0.00161170226056]
    median: [4.80301932839e-05, 4.20260912506e-05, 3.82147409255e-05, 0.0696623548865, 4.02340483561e-05]
    min: [1.07965906864e-05, 1.90320643014e-05, 1.77949696081e-05, 1.31644001158e-05, 5.75690773985e-06]
    skew: [6.48215484619, 5.56694030762, 0.707112371922, -0.331321269274, 6.48036384583]
    var: [3.5425517126e-05, 1.92611242511e-08, 0.00107312132604, 0.00115551589988, 0.00010531861335]
