
metadata:
    version:
        essentia: "2.1-beta3"

Flux:
    dmean: 0.0138245820999
    dmean2: 0
    dvar: 0
    dvar2: 0
    kurt: -2
    max: 0.302803993225
    mean: 0.295891702175
    median: 0.295891702175
    min: 0.288979411125
    skew: 0
    var: 4.77797693748e-05

Rms:
    dmean: 0
    dmean2: 0
    dvar: 0
    dvar2: 0
    kurt: 0
    max: 0.103685155511
    mean: 0.103685155511
    median: 0.103685155511
    min: 0.103685155511
    skew: 0
    var: 0

RollOff:
    dmean: 258.3984375
    dmean2: 0
    dvar: 0
    dvar2: 0
    kurt: -1.99999988079
    max: 1205.859375
    mean: 1076.66015625
    median: 1076.66015625
    min: 947.4609375
    skew: 0
    var: 16692.4375

SpecCent:
    dmean: 194.587036133
    dmean2: 0
    dvar: 0
    dvar2: 0
    kurt: -2
    max: 1034.18237305
    mean: 936.88885498
    median: 936.88885498
    min: 839.595336914
    skew: 0
    var: 9466.02832031

Zcr:
    dmean: 0.00048828125
    dmean2: 0
    dvar: 0
    dvar2: 0
    kurt: -2
    max: 0.01171875
    mean: 0.011474609375
    median: 0.011474609375
    min: 0.01123046875
    skew: 0
    var: 5.96046447754e-08

HarmonicAmpFreq:
    dmean: [30.7050170898]
    dmean2: [0]
    dvar: [0]
    dvar2: [0]
    kurt: [-2]
    max: [878.222839355]
    mean: [862.870361328]
    median: [862.870361328]
    min: [847.517822266]
    skew: [-5.97097505306e-06]
    var: [235.699523926]

HarmonicAmpMag:
    dmean: [0.0856656208634]
    dmean2: [0]
    dvar: [0]
    dvar2: [0]
    kurt: [-1.99999988079]
    max: [0.0856656208634]
    mean: [0.0428328104317]
    median: [0.0428328104317]
    min: [0]
    skew: [0]
    var: [0.00183464959264]

MfccCoeff:
    dmean: [395.776306152, 16.8530197144, 19.7614803314, 64.9297943115, 8.58913421631, 39.5700683594, 37.1455726624, 2.77416610718, 22.3432540894, 14.7598247528, 3.28461456299, 9.27561950684, 4.46543693542]
    dmean2: [0, 0, 0, 0, 0, 0, 0, 0, 0, 0, 0, 0, 0]
    dvar: [0, 0, 0, 0, 0, 0, 0, 0, 0, 0, 0, 0, 0]
    dvar2: [0, 0, 0, 0, 0, 0, 0, 0, 0, 0, 0, 0, 0]
    kurt: [-2, -2, -2, -2, -2, -2, -2, -2, -2, -2, -2, -2, -2]
    max: [-601.745788574, 134.208557129, -16.9680233002, -41.1731758118, -46.1519241333, 23.6564178467, 45.5723648071, 20.6996212006, 12.3598022461, 0.303457260132, -4.80907821655, 2.99618530273, 2.86725616455]
    mean: [-799.633911133, 125.782043457, -26.8487625122, -73.6380767822, -50.4464912415, 3.87138366699, 26.999578476, 19.312538147, 1.18817520142, -7.07645511627, -6.45138549805, -1.64162445068, 0.634537696838]
    median: [-799.633911133, 125.782043457, -26.8487625122, -73.6380767822, -50.4464912415, 3.87138366699, 26.999578476, 19.312538147, 1.18817520142, -7.07645511627, -6.45138549805, -1.64162445068, 0.634537696838]
    min: [-997.522094727, 117.355537415, -36.7295036316, -106.102973938, -54.7410583496, -15.9136505127, 8.42679214478, 17.9254550934, -9.98345184326, -14.4563674927, -8.09369277954, -6.2794342041, -1.59818077087]
    skew: [-4.5165688789e-07, 1.37711629122e-06, -2.84724023913e-07, 1.71241524072e-07, 0, 0, 0, 0, 0, 0, 0, 0, 0]
    var: [39159.7226562, 71.006072998, 97.6290283203, 1053.96972656, 18.4433059692, 391.447570801, 344.948394775, 1.92399942875, 124.805252075, 54.4631080627, 2.69717311859, 21.5092792511, 4.98503160477]

SpecContrastCoeff:
    dmean: [0.0189434289932, 0.105865716934, 0.0878650546074, 0.244589626789, 0.020126581192, 0.023845076561]
    dmean2: [0, 0, 0, 0, 0, 0]
    dvar: [0, 0, 0, 0, 0, 0]
    dvar2: [0, 0, 0, 0, 0, 0]
    kurt: [-2, -2, -1.99999988079, -2, -2, -2]
    max: [-0.957754194736, -0.783310115337, -0.715800702572, -0.62065321207, -0.924643993378, -0.936044931412]
    mean: [-0.967225909233, -0.836242973804, -0.759733200073, -0.742948055267, -0.934707283974, -0.947967469692]
    median: [-0.967225909233, -0.836242973804, -0.759733200073, -0.742948055267, -0.934707283974, -0.947967469692]
    min: [-0.97669762373, -0.889175832272, -0.803665757179, -0.86524283886, -0.94477057457, -0.959890007973]
    skew: [0, 0, -2.01650573217e-06, 7.31954116873e-07, 0, 0]
    var: [8.97133722901e-05, 0.00280188745819, 0.00193006685004, 0.0149560216814, 0.000101269819424, 0.000142146920552]

SpecPeakAmp:
    dmean: [0.0855741351843, 0.0416332893074, 0.0209951736033, 0.0111973034218, 0.00748683512211]
    dmean2: [0, 0, 0, 0, 0]
    dvar: [0, 0, 0, 0, 0]
    dvar2: [0, 0, 0, 0, 0]
    kurt: [-2, -1.99999988079, -1.99999988079, -2, -1.99999988079]
    max: [0.0856656208634, 0.041731774807, 0.0211038962007, 0.0113233821467, 0.00763940578327]
    mean: [0.0428785532713, 0.0209151301533, 0.010606309399, 0.00572473043576, 0.00389598822221]
    median: [0.0428785532713, 0.0209151301533, 0.010606309399, 0.00572473043576, 0.00389598822221]
    min: [9.14855554583e-05, 9.84863800113e-05, 0.000108722430014, 0.000126078812173, 0.000152570544742]
    skew: [0, 0, 0, 0, 0]
    var: [0.00183073314838, 0.000433332694229, 0.000110199325718, 3.13449017995e-05, 1.40131751323e-05]
