
metadata:
    version:
        essentia: "2.1-beta3"

Flux:
    dmean: 0.0329186394811
    dmean2: 0.0442927889526
    dvar: 0.0115328496322
    dvar2: 0.0222971104085
    kurt: 9.29650115967
    max: 0.636528074741
    mean: 0.0432796850801
    median: 0.00103236827999
    min: 4.55749905086e-05
    skew: 3.25527310371
    var: 0.01952663064

Rms:
    dmean: 0.0148389013484
    dmean2: 0.0122007438913
    dvar: 0.00219628494233
    dvar2: 0.0009917098796
    kurt: 21.1105613708
    max: 0.464107781649
    mean: 0.445474237204
    median: 0.4613532722
    min: 0.0824075117707
    skew: -4.55868721008
    var: 0.00412574736401

RollOff:
    dmean: 3.91512775421
    dmean2: 3.50540518761
    dvar: 385.121673584
    dvar2: 278.859344482
    kurt: 36.7647171021
    max: 495.263671875
    mean: 348.837890625
    median: 344.53125
    min: 344.53125
    skew: 6.12540102005
    var: 506.955566406

SpecCent:
    dmean: 5.65166902542
    dmean2: 6.75870752335
    dvar: 296.497131348
    dvar2: 268.483123779
    kurt: 38.400062561
    max: 464.122589111
    mean: 342.393981934
    median: 339.793060303
    min: 335.949432373
    skew: 6.28985261917
    var: 343.318206787

Zcr:
    dmean: 0.000710227293894
    dmean2: 0.000772165716626
    dvar: 3.26692520503e-06
    dvar2: 1.95428606276e-06
    kurt: 18.483297348
    max: 0.015625
    mean: 0.0147352432832
    median: 0.01513671875
    min: 0.00048828125
    skew: -4.27588796616
    var: 6.79534286974e-06

HarmonicAmpFreq:
    dmean: [0.0532247386873]
    dmean2: [0.0845273062587]
    dvar: [0.0444468967617]
    dvar2: [0.0991986989975]
    kurt: [14.8443660736]
    max: [340.412658691]
    mean: [340.339569092]
    median: [340.40512085]
    min: [339.085662842]
    skew: [-3.98102426529]
    var: [0.0643956661224]

HarmonicAmpMag:
    dmean: [0.0250573735684]
    dmean2: [0.0191029142588]
    dvar: [0.00869317073375]
    dvar2: [0.00600924808532]
    kurt: [15.5922088623]
    max: [0.64197319746]
    mean: [0.611153423786]
    median: [0.64182549715]
    min: [0]
    skew: [-4.05402708054]
    var: [0.0144994454458]

MfccCoeff:
    dmean: [36.2840194702, 9.61120319366, 27.5680046082, 16.0157356262, 4.76483488083, 7.44173145294, 4.6949596405, 4.87494659424, 3.92675042152, 2.85482335091, 2.47940731049, 1.21440517902, 1.59787070751]
    dmean2: [53.4186325073, 16.7244129181, 37.8633155823, 22.747467041, 8.24169445038, 12.9382677078, 7.09722614288, 6.68141698837, 5.43134498596, 4.06036233902, 3.64171433449, 2.10074782372, 2.03642272949]
    dvar: [5795.50732422, 134.005264282, 185.80317688, 58.7562980652, 21.194978714, 27.8342952728, 39.0854949951, 53.9115486145, 47.1231536865, 30.96733284, 10.7789506912, 1.43878901005, 7.94949531555]
    dvar2: [13265.4384766, 246.123275757, 521.418701172, 186.522537231, 50.2958602905, 54.6916503906, 40.4404678345, 72.5588607788, 49.1704826355, 25.9839839935, 10.0469236374, 3.23697400093, 9.02882194519]
    kurt: [20.5080432892, 11.3272867203, -1.38451480865, -0.942207098007, 0.722073316574, 5.55676174164, 13.7903060913, 14.2795391083, 15.8426322937, 17.6123428345, 20.6578483582, 7.74461555481, 9.72742271423]
    max: [-652.950317383, 192.180419922, 105.099853516, 43.2279243469, -2.38729858398, -8.08547210693, -7.99726867676, -6.16986083984, -1.88415527344, 3.46195983887, 6.31612014771, 4.55197143555, 21.3178100586]
    mean: [-979.547851562, 161.097381592, 73.9280166626, 20.2523822784, -14.4899358749, -42.3725547791, -58.5899963379, -63.9265098572, -59.309387207, -44.7015800476, -24.3839492798, -1.66764760017, 19.016954422]
    median: [-984.685241699, 161.891937256, 71.6715393066, 18.2004585266, -13.1108360291, -42.666469574, -60.5338821411, -65.763168335, -61.5737991333, -46.5695800781, -25.1503505707, -1.57032012939, 20.3759918213]
    min: [-1041.36022949, 115.132484436, 36.4975318909, 1.12862014771, -26.2219047546, -55.6305809021, -68.4501800537, -73.8119812012, -67.5849533081, -50.5280761719, -29.2454738617, -4.84569168091, -0.888145446777]
    skew: [4.4037604332, -1.48945212364, 0.0434898585081, 0.382881551981, -0.621868491173, 1.84697711468, 3.6048181057, 3.76234197617, 3.97108411789, 4.20498228073, 4.39820194244, 1.20504879951, -3.27611017227]
    var: [3412.66357422, 93.1573104858, 471.9921875, 153.25592041, 23.7214374542, 73.8166809082, 103.410728455, 134.44329834, 123.757148743, 81.6177749634, 29.7530059814, 1.92424488068, 20.8004283905]

SpecContrastCoeff:
    dmean: [0.0498834513128, 0.0310546159744, 0.0149605963379, 0.00802671071142, 0.00573369581252, 0.0131602315232]
    dmean2: [0.0917165800929, 0.0279604382813, 0.0252670682967, 0.0156898200512, 0.0112637989223, 0.0255391709507]
    dvar: [0.00361216790043, 0.0104443589225, 0.000348557194229, 9.96491871774e-05, 7.52399573685e-05, 0.000351081514964]
    dvar2: [0.00777846435085, 0.00485868752003, 0.000889326620381, 0.000255221850239, 0.000227003678447, 0.000953262555413]
    kurt: [7.52539348602, 28.8105659485, 6.61796379089, 4.01586484909, 3.89663743973, 7.05776119232]
    max: [-0.619745135307, -0.0513481795788, -0.853880643845, -0.912617921829, -0.927646160126, -0.885886251926]
    mean: [-0.915834367275, -0.0908818691969, -0.935221195221, -0.950705945492, -0.9531904459, -0.947085738182]
    median: [-0.93924254179, -0.0621515773237, -0.944221019745, -0.956421077251, -0.956119120121, -0.953456223011]
    min: [-0.986472010612, -0.937462568283, -0.94815069437, -0.956924438477, -0.957181096077, -0.955438792706]
    skew: [2.73622131348, -5.30993270874, 2.67131567001, 2.14223790169, 2.27294778824, 2.75063562393]
    var: [0.00474739493802, 0.0190345738083, 0.000471748120617, 0.00011406160047, 5.38193780812e-05, 0.000219120775]

SpecPeakAmp:
    dmean: [0.0169207323343, 0.14605166018, 0.46608954668, 0.325201541185, 0.000502016453538]
    dmean2: [0.025943858549, 0.29871737957, 0.938950836658, 0.661013245583, 0.000734617351554]
    dvar: [0.00589531613514, 0.0721822232008, 0.0813412591815, 0.100813053548, 1.75566538019e-06]
    dvar2: [0.0151454405859, 0.159652471542, 0.101922921836, 0.220190450549, 2.29183365263e-06]
    kurt: [40.0217094421, 1.61273670197, -1.99792146683, -1.15373170376, 30.3458023071]
    max: [0.369377523661, 0.641790390015, 0.64196062088, 0.64197319746, 0.00853607337922]
    mean: [0.00857931282371, 0.100233204663, 0.313845068216, 0.18980653584, 0.000413658213802]
    median: [0.000388942600694, 0.0003577824682, 0.00349945947528, 0.000409312662669, 6.8819434091e-05]
    min: [9.17854704312e-05, 8.4736449935e-05, 4.4552853069e-05, 1.78006375791e-05, 1.6924153897e-05]
    skew: [6.48237371445, 1.90070939064, 0.0445080138743, 0.907852709293, 5.49036169052]
    var: [0.00295856571756, 0.0540195144713, 0.10262067616, 0.0837651789188, 1.71361944012e-06]
