
metadata:
    version:
        essentia: "2.1-beta3"

Flux:
    dmean: 0.0196553766727
    dmean2: 0
    dvar: 0
    dvar2: 0
    kurt: -2
    max: 0.382103711367
    mean: 0.372276008129
    median: 0.372276008129
    min: 0.362448334694
    skew: 4.58128670289e-06
    var: 9.65834624367e-05

Rms:
    dmean: 0
    dmean2: 0
    dvar: 0
    dvar2: 0
    kurt: 0
    max: 0.131364569068
    mean: 0.131364569068
    median: 0.131364569068
    min: 0.131364569068
    skew: 0
    var: 0

RollOff:
    dmean: 129.19921875
    dmean2: 0
    dvar: 0
    dvar2: 0
    kurt: -1.99999988079
    max: 624.462890625
    mean: 559.86328125
    median: 559.86328125
    min: 495.263671875
    skew: 0
    var: 4173.109375

SpecCent:
    dmean: 31.473815918
    dmean2: 0
    dvar: 0
    dvar2: 0
    kurt: -2
    max: 470.578552246
    mean: 454.841644287
    median: 454.841644287
    min: 439.104736328
    skew: 0
    var: 247.650268555

Zcr:
    dmean: 0
    dmean2: 0
    dvar: 0
    dvar2: 0
    kurt: 0
    max: 0.005859375
    mean: 0.005859375
    median: 0.005859375
    min: 0.005859375
    skew: 0
    var: 0

HarmonicAmpFreq:
    dmean: [75.3608703613]
    dmean2: [0]
    dvar: [0]
    dvar2: [0]
    kurt: [-1.99999988079]
    max: [524.949462891]
    mean: [487.269042969]
    median: [487.269042969]
    min: [449.588592529]
    skew: [-1.20474805954e-06]
    var: [1419.81518555]

HarmonicAmpMag:
    dmean: [0.116639949381]
    dmean2: [0]
    dvar: [0]
    dvar2: [0]
    kurt: [-2]
    max: [0.126961916685]
    mean: [0.0686419457197]
    median: [0.0686419457197]
    min: [0.0103219691664]
    skew: [-1.83403756182e-07]
    var: [0.00340121937916]

MfccCoeff:
    dmean: [338.166809082, 35.1731872559, 18.4808807373, 40.9222488403, 51.9803237915, 38.2260513306, 5.45244789124, 12.9451770782, 19.4313793182, 14.8187503815, 9.3506526947, 1.90562438965, 3.2268447876]
    dmean2: [0, 0, 0, 0, 0, 0, 0, 0, 0, 0, 0, 0, 0]
    dvar: [0, 0, 0, 0, 0, 0, 0, 0, 0, 0, 0, 0, 0]
    dvar2: [0, 0, 0, 0, 0, 0, 0, 0, 0, 0, 0, 0, 0]
    kurt: [-2.00000023842, -2, -2, -2, -2, -2, -2, -2, -1.99999988079, -2, -2, -2, -2]
    max: [-657.899169922, 196.089508057, 66.6893005371, 17.5217876434, -14.4850101471, -22.251543045, -26.4348583221, -6.15699768066, 8.08457565308, 13.7487277985, 14.2450675964, 10.5567321777, 7.73168945312]
    mean: [-826.982543945, 178.502914429, 57.4488601685, -2.93933773041, -40.4751701355, -41.3645706177, -29.1610832214, -12.6295862198, -1.63111400604, 6.33935260773, 9.56974124908, 9.60391998291, 6.11826705933]
    median: [-826.982543945, 178.502914429, 57.4488601685, -2.93933773041, -40.4751701355, -41.3645706177, -29.1610832214, -12.6295862198, -1.63111400604, 6.33935260773, 9.56974124908, 9.60391998291, 6.11826705933]
    min: [-996.065979004, 160.916320801, 48.2084197998, -23.4004631042, -66.4653320312, -60.477596283, -31.8873062134, -19.1021747589, -11.3468036652, -1.07002258301, 4.89441490173, 8.65110778809, 4.50484466553]
    skew: [-5.17174385095e-07, 0, 0, 0, -1.66876191088e-07, 1.7483229442e-07, 1.0354715414e-06, 0, 0, 0, 0, 0, 0]
    var: [28589.1992188, 309.288269043, 85.3857345581, 418.657623291, 675.488464355, 365.307800293, 7.43229675293, 41.8944015503, 94.3946228027, 54.8988418579, 21.8586769104, 0.907851099968, 2.60313177109]

SpecContrastCoeff:
    dmean: [0.058944940567, 0.155130505562, 0.154274821281, 0.047089278698, 0.00578659772873, 0.0154234170914]
    dmean2: [0, 0, 0, 0, 0, 0]
    dvar: [0, 0, 0, 0, 0, 0]
    dvar2: [0, 0, 0, 0, 0, 0]
    kurt: [-2, -2, -2, -2, -2, -1.99999988079]
    max: [-0.854971826077, -0.597438275814, -0.703626036644, -0.866528153419, -0.924761772156, -0.942006289959]
    mean: [-0.88444429636, -0.675003528595, -0.780763447285, -0.890072822571, -0.927655100822, -0.949717998505]
    median: [-0.88444429636, -0.675003528595, -0.780763447285, -0.890072822571, -0.927655100822, -0.949717998505]
    min: [-0.913916766644, -0.752568781376, -0.857900857925, -0.913617432117, -0.930548369884, -0.95742970705]
    skew: [0, 0, 0, 3.7976992644e-06, 3.09134775307e-05, 0]
    var: [0.000868626520969, 0.00601636851206, 0.00595018034801, 0.000554350030143, 8.37117841002e-06, 5.94704470132e-05]

SpecPeakAmp:
    dmean: [0.126618519425, 0.0300971660763, 0.011830101721, 0.00688218697906, 0.00444556260481]
    dmean2: [0, 0, 0, 0, 0]
    dvar: [0, 0, 0, 0, 0]
    dvar2: [0, 0, 0, 0, 0]
    kurt: [-2, -2, -2, -2, -2]
    max: [0.126961916685, 0.0305272918195, 0.012347378768, 0.00777520705014, 0.0103219691664]
    mean: [0.0636526569724, 0.0154787087813, 0.00643232790753, 0.00433411356062, 0.00809918809682]
    median: [0.0636526569724, 0.0154787087813, 0.00643232790753, 0.00433411356062, 0.00809918809682]
    min: [0.000343391351635, 0.000430125161074, 0.000517276814207, 0.00089302030392, 0.00587640656158]
    skew: [-1.7204405367e-07, -1.00079375898e-07, -1.02999685225e-07, 1.30786261821e-07, -2.83059705453e-07]
    var: [0.00400806264952, 0.000226459858823, 3.49878318957e-05, 1.18411235235e-05, 4.94075675306e-06]
