
metadata:
    version:
        essentia: "2.1-beta3"

Flux:
    dmean: 6.31333296042e-06
    dmean2: 9.22286290006e-06
    dvar: 5.34798649809e-10
    dvar2: 1.15777076815e-09
    kurt: 13.8523025513
    max: 0.000124607046018
    mean: 8.80975676409e-06
    median: 3.00655256069e-06
    min: 5.78545723329e-07
    skew: 3.8447945118
    var: 5.54052081991e-10

Rms:
    dmean: 1.79084872798e-06
    dmean2: 1.70901671481e-06
    dvar: 4.17568132849e-11
    dvar2: 3.12912716571e-11
    kurt: 19.6935348511
    max: 0.000101473364339
    mean: 9.95098307612e-05
    median: 0.000101277677459
    min: 5.90113668295e-05
    skew: -4.51188707352
    var: 5.56577423039e-11

RollOff:
    dmean: 1.00154435635
    dmean2: 1.025390625
    dvar: 20.5633563995
    dvar2: 21.0285148621
    kurt: 17.0477027893
    max: 710.595703125
    mean: 690.041259766
    median: 689.0625
    min: 689.0625
    skew: 4.36437177658
    var: 20.118303299

SpecCent:
    dmean: 2.54349112511
    dmean2: 3.01699256897
    dvar: 12.4735651016
    dvar2: 10.3827896118
    kurt: 19.5048885345
    max: 934.497314453
    mean: 902.445068359
    median: 901.522338867
    min: 896.648620605
    skew: 4.19365692139
    var: 33.4974632263

Zcr:
    dmean: 0.000828942575026
    dmean2: 0.000871930795256
    dvar: 9.73118949332e-06
    dvar2: 9.2817008408e-06
    kurt: 17.4161739349
    max: 0.03125
    mean: 0.0300514921546
    median: 0.03076171875
    min: 0.01416015625
    skew: -4.37784147263
    var: 1.03653010228e-05

HarmonicAmpFreq:
    dmean: [0.00113695720211]
    dmean2: [0.00116402760614]
    dvar: [5.42922061868e-05]
    dvar2: [5.55533733859e-05]
    kurt: [39.6538314819]
    max: [678.764343262]
    mean: [678.716369629]
    median: [678.715454102]
    min: [678.715454102]
    skew: [6.47848844528]
    var: [5.31252626388e-05]

HarmonicAmpMag:
    dmean: [1.87671685126e-06]
    dmean2: [1.92140055333e-06]
    dvar: [1.47926781935e-10]
    dvar2: [1.51362991585e-10]
    kurt: [39.0232620239]
    max: [8.0698824604e-05]
    mean: [1.83406416454e-06]
    median: [0]
    min: [0]
    skew: [6.40494060516]
    var: [1.44643019784e-10]

MfccCoeff:
    dmean: [0.0807111859322, 0.083896368742, 0.00924043916166, 0.0703394711018, 0.1125722453, 0.0951555818319, 0.027390236035, 0.0550281628966, 0.107968442142, 0.103742554784, 0.0446232631803, 0.0389359928668, 0.100595340133]
    dmean2: [0.0830368772149, 0.086337864399, 0.0095919650048, 0.0722053200006, 0.115737915039, 0.097988307476, 0.0284136813134, 0.0562046580017, 0.110789433122, 0.106760114431, 0.0462404899299, 0.0396850220859, 0.102897822857]
    dvar: [0.159008309245, 0.171688959002, 0.00202326872386, 0.121223717928, 0.30972006917, 0.22052282095, 0.0178536549211, 0.0745316967368, 0.285788834095, 0.262539714575, 0.0476880073547, 0.0364989861846, 0.248942732811]
    dvar2: [0.161553218961, 0.174475878477, 0.00206812261604, 0.123054049909, 0.31459107995, 0.224172472954, 0.0182352811098, 0.0754884853959, 0.290047317743, 0.266791403294, 0.0486532114446, 0.0367991365492, 0.252333879471]
    kurt: [29.8624229431, 29.8503837585, 29.5896339417, 29.9017486572, 29.8723106384, 29.8354759216, 29.6178627014, 30.0003967285, 29.9097251892, 29.8514671326, 29.6685562134, 30.1681594849, 29.9673233032]
    max: [-1135.90942383, 2.60850143433, 0.282196044922, 8.01086425781e-05, -6.103515625e-05, 2.28881835938e-05, -2.67028808594e-05, 1.7250289917, 3.3682975769, 3.22566223145, 1.37157821655, -3.0517578125e-05, -3.81469726562e-05]
    mean: [-1135.98974609, 2.52478122711, 0.272465795279, -2.1239798069, -3.39285969734, -2.86042165756, -0.810058236122, 1.66950786114, 3.26191306114, 3.122184515, 1.32523488998, -1.17413640022, -3.04873275757]
    median: [-1135.91162109, 2.60587692261, 0.281219482422, -2.19228744507, -3.50205230713, -2.95225524902, -0.836071014404, 1.72288513184, 3.36683273315, 3.22249221802, 1.36781692505, -1.21133422852, -3.14649963379]
    min: [-1138.42004395, 1.14440917969e-05, -6.103515625e-05, -2.19334030151, -3.50457763672, -2.95569610596, -0.838787078857, -5.34057617188e-05, -4.57763671875e-05, -2.28881835938e-05, -2.67028808594e-05, -1.21576690674, -3.14933013916]
    skew: [-5.48828220367, -5.4870634079, -5.462454319, 5.49182844162, 5.48910188675, 5.48567295074, 5.46514558792, -5.50089979172, -5.49256467819, -5.48716211319, -5.46996688843, 5.51604557037, 5.49787139893]
    var: [0.156488656998, 0.168925866485, 0.00197721109726, 0.11945297569, 0.304931610823, 0.216886520386, 0.0174591504037, 0.0736752673984, 0.281682491302, 0.258325815201, 0.0466913729906, 0.036329973489, 0.245807409286]

SpecContrastCoeff:
    dmean: [0.0353235714138, 0.0256851576269, 0.0199565049261, 0.00942462775856, 0.00880710221827, 0.00602813251317]
    dmean2: [0.0614248402417, 0.0452098101377, 0.0292382463813, 0.0126735409722, 0.0135059868917, 0.00746696768329]
    dvar: [0.00191995187197, 0.000794332532678, 0.001739274594, 0.000180577975698, 9.73117057583e-05, 9.13979820325e-05]
    dvar2: [0.00240112096071, 0.000995925278403, 0.00159153877757, 0.000260637374595, 0.00011578197882, 7.48633246985e-05]
    kurt: [14.1645107269, 14.6560745239, 16.2511177063, 9.29272270203, 11.5420532227, 11.0977497101]
    max: [-0.623004078865, -0.683436632156, -0.56305372715, -0.868295788765, -0.873943150043, -0.850559651852]
    mean: [-0.673289358616, -0.711194992065, -0.591423630714, -0.885632574558, -0.898118376732, -0.868726193905]
    median: [-0.667257428169, -0.706371188164, -0.584118843079, -0.883495092392, -0.896195948124, -0.866461634636]
    min: [-0.914405882359, -0.868653476238, -0.807616651058, -0.946641623974, -0.962164461613, -0.923719406128]
    skew: [-3.6602768898, -3.58779621124, -4.17762804031, -2.80056405067, -2.84157538414, -3.19238638878]
    var: [0.00241627823561, 0.000945489795413, 0.00200684298761, 0.000201120928978, 0.00017156173999, 0.000169044185895]

SpecPeakAmp:
    dmean: [1.67646339833e-06, 1.42353400179e-07, 1.93595201381e-06, 1.27008121353e-07, 7.9033924294e-08]
    dmean2: [3.20929916597e-06, 1.74609411374e-07, 2.00726549338e-06, 1.91605238342e-07, 1.08848510649e-07]
    dvar: [8.59455247856e-13, 2.3578128382e-13, 1.47411069462e-10, 8.98855913745e-14, 4.20947456579e-14]
    dvar2: [2.08011906311e-12, 2.38895654561e-13, 1.51072016008e-10, 8.84775786707e-14, 4.01424194178e-14]
    kurt: [2.80835485458, 28.1889686584, 39.007270813, 26.5888462067, 17.4862518311]
    max: [1.79293510882e-05, 3.30148691319e-06, 8.0698824604e-05, 2.02075671041e-06, 1.21547475374e-06]
    mean: [1.66085919773e-05, 3.39340118671e-07, 1.99481019081e-06, 1.76361567128e-07, 1.49252159076e-07]
    median: [1.66946883837e-05, 2.40869155732e-07, 1.34204469759e-07, 1.10084911853e-07, 1.02271513924e-07]
    min: [1.25167935039e-05, 1.62791565117e-07, 8.45954275519e-08, 4.17730028346e-08, 5.42567626383e-08]
    skew: [-1.41704285145, 5.32039546967, 6.40303897858, 5.13313913345, 4.35669469833]
    var: [1.35833184978e-12, 2.39496682035e-13, 1.44081427345e-10, 9.55608273176e-14, 4.51682623053e-14]
