
metadata:
    version:
        essentia: "2.1-beta3"

Flux:
    dmean: 0.000162678101333
    dmean2: 0.000215205582208
    dvar: 2.8609531455e-07
    dvar2: 5.65095945149e-07
    kurt: 9.60098743439
    max: 0.00310677965172
    mean: 0.000213658451685
    median: 8.88060549187e-06
    min: 4.98200188304e-06
    skew: 3.29699969292
    var: 4.62120084421e-07

Rms:
    dmean: 6.39663121547e-05
    dmean2: 4.7854748118e-05
    dvar: 5.24254666345e-08
    dvar2: 2.35511876667e-08
    kurt: 20.9978065491
    max: 0.00223942962475
    mean: 0.00215932819992
    median: 0.00223854300566
    min: 0.000399535609176
    skew: -4.54772853851
    var: 9.72256088971e-08

RollOff:
    dmean: 4.40451860428
    dmean2: 4.00617742538
    dvar: 518.046081543
    dvar2: 393.713195801
    kurt: 37.4943885803
    max: 861.328125
    mean: 693.84765625
    median: 689.0625
    min: 689.0625
    skew: 6.2031416893
    var: 657.164550781

SpecCent:
    dmean: 1.00927174091
    dmean2: 1.23856794834
    dvar: 23.1287155151
    dvar2: 26.2890510559
    kurt: 39.3769721985
    max: 709.62713623
    mean: 679.64453125
    median: 679.020935059
    min: 677.197998047
    skew: 6.40328836441
    var: 20.5867176056

Zcr:
    dmean: 0.00102095166221
    dmean2: 0.000704033416696
    dvar: 1.42489561767e-05
    dvar2: 9.82841993391e-06
    kurt: 17.7915859222
    max: 0.03076171875
    mean: 0.0294379331172
    median: 0.03076171875
    min: 0.0009765625
    skew: -4.23372602463
    var: 2.78220959444e-05

HarmonicAmpFreq:
    dmean: [2.33804178238]
    dmean2: [2.38141298294]
    dvar: [232.854888916]
    dvar2: [235.944534302]
    kurt: [40.0211677551]
    max: [678.837219238]
    mean: [676.540771484]
    median: [678.837219238]
    min: [575.963378906]
    skew: [-6.48230981827]
    var: [229.908981323]

HarmonicAmpMag:
    dmean: [8.15468738438e-05]
    dmean2: [0.000125204693177]
    dvar: [1.39647895026e-07]
    dvar2: [3.58716164328e-07]
    kurt: [40.0224151611]
    max: [0.00179573940113]
    mean: [3.99812379328e-05]
    median: [0]
    min: [0]
    skew: [6.48245716095]
    var: [7.00613185245e-08]

MfccCoeff:
    dmean: [2.05756163597, 2.36519408226, 1.03831636906, 0.562254488468, 1.14137327671, 1.07937395573, 0.444507688284, 0.356676846743, 0.799907743931, 0.821097612381, 0.438417434692, 0.145036354661, 0.609860420227]
    dmean2: [2.81013798714, 3.26421022415, 1.53940916061, 0.47583219409, 1.28328180313, 1.2429690361, 0.528911232948, 0.316708087921, 0.714981853962, 0.6701156497, 0.303107857704, 0.149660691619, 0.434657871723]
    dvar: [83.9237060547, 110.563301086, 21.684923172, 5.93114757538, 32.0794334412, 27.369726181, 4.22334861755, 2.61815404892, 13.2747535706, 11.9309473038, 2.77528214455, 0.621309220791, 5.71252393723]
    dvar2: [179.227813721, 241.529388428, 53.6906890869, 3.47613024712, 41.142665863, 37.6552276611, 6.46399259567, 1.72782492638, 9.17511940002, 6.48022651672, 1.36827516556, 0.585062086582, 2.6070420742]
    kurt: [19.5299892426, 21.0182800293, 37.4647827148, 32.3760795593, 33.9979286194, 32.2297363281, 27.3616771698, 34.5873413086, 33.716796875, 30.5648651123, 24.2223167419, 39.4063415527, 27.2221679688]
    max: [-1084.21630859, 61.3905715942, 24.0671424866, 8.01086425781e-05, -6.103515625e-05, 2.28881835938e-05, -2.67028808594e-05, 12.9674015045, 28.2885704041, 28.5986881256, 14.6892356873, -3.0517578125e-05, -3.81469726562e-05]
    mean: [-1114.28588867, 25.4216098785, 3.89644360542, -19.1319770813, -31.7445087433, -27.7449932098, -9.77800369263, 12.3685855865, 27.1876926422, 27.5397319794, 14.1201143265, -5.38709592819, -20.751077652]
    median: [-1114.29223633, 25.3166923523, 3.54379272461, -19.7676200867, -32.5325889587, -28.405040741, -9.99833679199, 12.7531299591, 28.0577201843, 28.5005130768, 14.687664032, -5.51649475098, -21.5180473328]
    min: [-1138.42004395, 1.14440917969e-05, -6.103515625e-05, -19.9607048035, -37.1778831482, -34.178478241, -13.2268066406, -5.34057617188e-05, -4.57763671875e-05, -2.28881835938e-05, -2.67028808594e-05, -5.74674224854, -21.7313346863]
    skew: [1.46269416809, 2.27268385887, 6.13961648941, 5.67092370987, 5.80776691437, 5.55880737305, 4.81559324265, -5.89718675613, -5.81079244614, -5.4881644249, -4.8683962822, 6.41065979004, 5.17488622665]
    var: [33.7956314087, 44.0062217712, 9.54125881195, 9.18995571136, 24.7372646332, 19.3915042877, 2.61597466469, 3.72246026993, 18.2068042755, 19.5747108459, 5.78579759598, 0.664340317249, 11.7928180695]

SpecContrastCoeff:
    dmean: [0.0487026199698, 0.0322349444032, 0.03277220577, 0.0166376475245, 0.00906760152429, 0.00907676480711]
    dmean2: [0.0931581705809, 0.0522290952504, 0.0482073873281, 0.0321378484368, 0.0162910744548, 0.0145916435868]
    dvar: [0.00109990919009, 0.001072807936, 0.00261139660142, 0.000225175215746, 6.29356436548e-05, 6.83784601279e-05]
    dvar2: [0.00354495411739, 0.00106138456613, 0.00205891323276, 0.000697330746334, 0.000204719413887, 0.000172962158103]
    kurt: [3.2917509079, 20.0303268433, 19.3420619965, 4.15518045425, 2.72119379044, 5.85871696472]
    max: [-0.755398333073, -0.613499701023, -0.452632784843, -0.877316236496, -0.904256403446, -0.888518154621]
    mean: [-0.829993546009, -0.654120862484, -0.492169260979, -0.937922239304, -0.928836166859, -0.920928180218]
    median: [-0.832626760006, -0.646304547787, -0.477017641068, -0.941264271736, -0.929095327854, -0.922065079212]
    min: [-0.984768807888, -0.985768854618, -0.936787843704, -0.961254119873, -0.953158259392, -0.955372512341]
    skew: [-1.06806600094, -4.36728715897, -4.3530921936, 1.70975339413, 0.172383129597, -0.244942873716]
    var: [0.00163884612266, 0.00356335565448, 0.00650106417015, 0.00022499304032, 5.78960680286e-05, 8.28203410492e-05]

SpecPeakAmp:
    dmean: [4.75535671285e-06, 8.24076196295e-05, 1.68596045569e-06, 1.62880087373e-06, 1.44774719502e-06]
    dmean2: [6.94037908033e-06, 0.000126798826386, 2.8911829304e-06, 2.78961988442e-06, 2.46478748522e-06]
    dvar: [2.08690523196e-10, 1.39599947602e-07, 1.45424635875e-11, 1.05489740207e-11, 6.936921957e-12]
    dvar2: [5.20865572895e-10, 3.58306976977e-07, 3.57586148192e-11, 2.56163718709e-11, 1.61230750972e-11]
    kurt: [34.94140625, 40.0223007202, 36.3082809448, 33.0064888, 24.0582084656]
    max: [7.98357941676e-05, 0.00179573940113, 2.01368766284e-05, 1.72385734913e-05, 1.38539344334e-05]
    mean: [1.77587735379e-05, 4.13851485064e-05, 1.9806882392e-06, 1.9872327357e-06, 1.99512260224e-06]
    median: [1.6417412553e-05, 1.58229306635e-06, 1.54727661084e-06, 1.75363038579e-06, 1.65087521964e-06]
    min: [3.41638019563e-06, 5.01212809922e-07, 2.52754119856e-07, 1.61384747344e-07, 1.15632225572e-07]
    skew: [5.80659818649, 6.48244380951, 6.04262399673, 5.66343975067, 4.76270103455]
    var: [9.33985597196e-11, 6.99494080436e-08, 7.83918329555e-12, 5.78311183663e-12, 4.09829071721e-12]
