
metadata:
    version:
        essentia: "2.1-beta3"

Flux:
    dmean: 0.00363855040632
    dmean2: 0.00485819391906
    dvar: 0.000143223354826
    dvar2: 0.000284397014184
    kurt: 9.49204826355
    max: 0.0690769180655
    mean: 0.00474340375513
    median: 0.000176110712346
    min: 2.04227962968e-05
    skew: 3.28427553177
    var: 0.00023141616839

Rms:
    dmean: 0.0014342215145
    dmean2: 0.00107211153954
    dvar: 2.61820332526e-05
    dvar2: 1.17568642963e-05
    kurt: 20.7740306854
    max: 0.0501392185688
    mean: 0.0483417883515
    median: 0.0501178354025
    min: 0.00903308298439
    skew: -4.52599573135
    var: 4.88014338771e-05

RollOff:
    dmean: 6.36208295822
    dmean2: 6.00926589966
    dvar: 1255.71704102
    dvar2: 1063.77819824
    kurt: 38.872215271
    max: 947.4609375
    mean: 695.76171875
    median: 689.0625
    min: 689.0625
    skew: 6.35273075104
    var: 1459.50073242

SpecCent:
    dmean: 7.48680114746
    dmean2: 7.23354911804
    dvar: 1813.92456055
    dvar2: 1512.01977539
    kurt: 39.3328170776
    max: 991.746948242
    mean: 686.155700684
    median: 678.54486084
    min: 676.559692383
    skew: 6.40510511398
    var: 2139.65991211

Zcr:
    dmean: 0.00102095166221
    dmean2: 0.000715388800018
    dvar: 1.4270630345e-05
    dvar2: 9.52951722866e-06
    kurt: 18.1297626495
    max: 0.03076171875
    mean: 0.0294487848878
    median: 0.03076171875
    min: 0.0009765625
    skew: -4.26704406738
    var: 2.75381062238e-05

HarmonicAmpFreq:
    dmean: [0.972491204739]
    dmean2: [1.03181779385]
    dvar: [37.2578582764]
    dvar2: [37.9460029602]
    kurt: [40.0086402893]
    max: [679.067504883]
    mean: [678.111877441]
    median: [679.057373047]
    min: [637.791992188]
    skew: [-6.48082923889]
    var: [36.95362854]

HarmonicAmpMag:
    dmean: [0.0109496666119]
    dmean2: [0.0214844867587]
    dvar: [0.000564158486668]
    dvar2: [0.00151698745321]
    kurt: [2.32745552063]
    max: [0.0670042335987]
    mean: [0.0574629791081]
    median: [0.0669973194599]
    min: [0]
    skew: [-2.05814695358]
    var: [0.000523798400536]

MfccCoeff:
    dmean: [16.2275695801, 10.7662363052, 6.41681194305, 5.50516366959, 3.39502120018, 2.981320858, 4.8310880661, 5.37568807602, 4.48831129074, 2.10206079483, 2.27468085289, 1.79245114326, 1.85455012321]
    dmean2: [25.4465732574, 17.7557888031, 12.6446352005, 9.91695594788, 4.92267513275, 4.8516087532, 9.48674869537, 9.72986507416, 7.4087100029, 2.61194443703, 3.84444046021, 3.13731479645, 2.40268540382]
    dvar: [2998.43457031, 472.737182617, 12.1890878677, 12.384352684, 27.4630737305, 25.1804485321, 6.42215442657, 7.77107810974, 32.7090339661, 41.3061027527, 9.67273902893, 2.64474892616, 25.1688289642]
    dvar2: [7325.86425781, 1019.39880371, 41.1386909485, 26.0086154938, 11.6000957489, 30.11460495, 21.2145137787, 22.5894851685, 28.4359588623, 47.4004516602, 14.8132066727, 4.49997425079, 25.5943832397]
    kurt: [36.3959579468, 19.5471096039, 0.610057115555, 16.7118854523, 24.7379932404, 18.8240814209, 1.23196125031, 11.3501501083, 16.2841129303, 16.437374115, 14.7187862396, 9.41551208496, 14.677236557]
    max: [-835.26184082, 146.158584595, 21.629486084, -7.71357345581, -15.0785331726, -14.2839889526, -7.70962524414, 31.7330417633, 58.9333610535, 57.3225479126, 27.9493370056, -0.997093200684, -0.903930664062]
    mean: [-1076.97338867, 60.9394378662, 9.3956785202, -41.8330612183, -68.69871521, -58.3332939148, -19.1489067078, 26.5036621094, 54.4240837097, 52.0764770508, 23.6264953613, -13.617026329, -39.8554725647]
    median: [-1082.77038574, 58.5193557739, 8.57656860352, -43.7597732544, -71.3095397949, -60.4386253357, -20.1545639038, 26.7867832184, 56.4123649597, 54.3495254517, 24.8281211853, -14.0830841064, -41.8530235291]
    min: [-1122.26147461, 17.7768974304, -2.4055557251, -46.6107254028, -76.2118530273, -65.7133483887, -23.194694519, -0.34545135498, 3.69213485718, 3.45532989502, 0.947719573975, -15.9950180054, -42.7018699646]
    skew: [6.02820920944, 3.44652676582, 0.238953277469, 3.69167542458, 4.92170619965, 4.39612770081, 1.13543748856, -2.91029644012, -4.0608716011, -4.13358688354, -3.81084346771, 3.03579306602, 3.93737316132]
    var: [1388.54577637, 237.440826416, 17.7620296478, 39.6951332092, 83.1769180298, 68.2621612549, 12.2393054962, 29.8731822968, 96.3856964111, 88.3207244873, 20.1633491516, 8.28420543671, 61.0028419495]

SpecContrastCoeff:
    dmean: [0.0307836644351, 0.0430076494813, 0.0374047122896, 0.0132004404441, 0.0100728310645, 0.00984327495098]
    dmean2: [0.0591312237084, 0.0694246813655, 0.0501042194664, 0.025955086574, 0.0192354377359, 0.0193172320724]
    dvar: [0.00075548881432, 0.0017645660555, 0.00468081515282, 7.87383833085e-05, 9.49975801632e-05, 0.000120559168863]
    dvar2: [0.00229013594799, 0.00133909040596, 0.00347038125619, 0.00031265130383, 0.000383780803531, 0.000472093815915]
    kurt: [1.63537979126, 22.2631778717, 20.995267868, -0.944699048996, 0.956139326096, 2.1612830162]
    max: [-0.863696455956, -0.490400642157, -0.284920156002, -0.92064255476, -0.929381489754, -0.926703214645]
    mean: [-0.948421120644, -0.54086381197, -0.327847987413, -0.943220973015, -0.953554451466, -0.95674431324]
    median: [-0.958294510841, -0.532757520676, -0.306359052658, -0.947646379471, -0.958579003811, -0.961461782455]
    min: [-0.97509509325, -0.971571981907, -0.926295161247, -0.952713429928, -0.960011601448, -0.962749779224]
    skew: [1.53921401501, -4.547311306, -4.53952455521, 0.732719361782, 1.49975121021, 1.78443717957]
    var: [0.000651871261653, 0.00561548350379, 0.0112529871985, 9.68815947999e-05, 8.41173459776e-05, 8.6054293206e-05]

SpecPeakAmp:
    dmean: [7.49327955418e-05, 0.00182143226266, 0.033509761095, 0.0213301908225, 0.0122155724093]
    dmean2: [0.000122108715004, 0.00279678334482, 0.0685591995716, 0.0436336398125, 0.0249746851623]
    dvar: [5.85644706064e-08, 6.85954655637e-05, 0.00111838500015, 0.000970751047134, 0.000666163105052]
    dvar2: [1.48017832657e-07, 0.000176131317858, 0.00239038933069, 0.00247260346077, 0.00187916494906]
    kurt: [39.336391449, 40.0223045349, -1.9007679224, 0.841147422791, 6.34720516205]
    max: [0.00124603544828, 0.0398024730384, 0.0670042335987, 0.067003890872, 0.067000426352]
    mean: [6.45506443107e-05, 0.000928371155169, 0.0387449413538, 0.0119692673907, 0.0059980424121]
    median: [3.80635974579e-05, 4.41793781647e-05, 0.0669943019748, 6.18326012045e-05, 2.54575788858e-05]
    min: [9.51086531131e-06, 8.83439315658e-06, 9.40014433581e-06, 6.80695939081e-06, 5.37873529538e-06]
    skew: [6.40145111084, 6.48244380951, -0.314966142178, 1.6855494976, 2.88911175728]
    var: [3.19816741978e-08, 3.43455249094e-05, 0.00109247863293, 0.000654713832773, 0.000363014172763]
