
metadata:
    version:
        essentia: "2.1-beta3"

Flux:
    dmean: 0.0325958915055
    dmean2: 0.0433861389756
    dvar: 0.0116174332798
    dvar2: 0.0225783791393
    kurt: 9.31002902985
    max: 0.636514723301
    mean: 0.0436370149255
    median: 0.00154943892267
    min: 0.000131458567921
    skew: 3.25732707977
    var: 0.0195155348629

Rms:
    dmean: 0.0131585681811
    dmean2: 0.00985456258059
    dvar: 0.00221618264914
    dvar2: 0.000999918323942
    kurt: 20.9770145416
    max: 0.461952060461
    mean: 0.445479869843
    median: 0.461763888597
    min: 0.0831262245774
    skew: -4.54574966431
    var: 0.00412310613319

RollOff:
    dmean: 6.36208295822
    dmean2: 6.00926589966
    dvar: 1255.71704102
    dvar2: 1063.77819824
    kurt: 38.872215271
    max: 947.4609375
    mean: 695.76171875
    median: 689.0625
    min: 689.0625
    skew: 6.35273075104
    var: 1459.50073242

SpecCent:
    dmean: 7.00810813904
    dmean2: 6.79137182236
    dvar: 1576.85559082
    dvar2: 1317.16796875
    kurt: 39.3374710083
    max: 970.338623047
    mean: 685.645874023
    median: 678.532897949
    min: 676.633911133
    skew: 6.40554094315
    var: 1856.91369629

Zcr:
    dmean: 0.00102095166221
    dmean2: 0.000749454949982
    dvar: 1.36420721901e-05
    dvar2: 8.89744114829e-06
    kurt: 18.471824646
    max: 0.03125
    mean: 0.0294921882451
    median: 0.03076171875
    min: 0.00146484375
    skew: -4.29969596863
    var: 2.63892325165e-05

HarmonicAmpFreq:
    dmean: [1.11192464828]
    dmean2: [1.14456951618]
    dvar: [51.1045188904]
    dvar2: [51.5883178711]
    kurt: [40.0157585144]
    max: [679.067565918]
    mean: [677.969482422]
    median: [679.058776855]
    min: [630.766052246]
    skew: [-6.48167085648]
    var: [50.6441955566]

HarmonicAmpMag:
    dmean: [0.0280990377069]
    dmean2: [0.0373353399336]
    dvar: [0.0123416893184]
    dvar2: [0.0180955771357]
    kurt: [8.73079872131]
    max: [0.617335319519]
    mean: [0.570581138134]
    median: [0.617278397083]
    min: [0]
    skew: [-3.23103737831]
    var: [0.0245976150036]

MfccCoeff:
    dmean: [37.8644256592, 25.0947380066, 40.5436325073, 6.65438890457, 6.71833086014, 5.88533735275, 3.6694419384, 2.2946202755, 3.17641615868, 3.52262735367, 1.8736038208, 1.27344107628, 1.87078201771]
    dmean2: [62.8858261108, 48.8399467468, 81.7382278442, 12.2692117691, 11.7134151459, 10.6227941513, 6.92466497421, 3.33938694, 4.49696016312, 5.09772586823, 2.38296175003, 2.15419268608, 2.69080233574]
    dvar: [6995.62939453, 202.25982666, 592.108032227, 59.1707115173, 44.7234344482, 41.376209259, 11.1661491394, 10.5585889816, 45.2425079346, 42.1971206665, 11.787062645, 3.50043344498, 22.7375297546]
    dvar2: [16998.9238281, 844.684509277, 2337.03027344, 160.264205933, 59.178237915, 84.578742981, 39.5325698853, 10.650639534, 48.7195281982, 46.1803779602, 12.7057495117, 7.57420539856, 27.7096824646]
    kurt: [25.0273132324, -0.743330001831, -1.20909512043, 5.20000553131, 8.10152244568, 9.15817642212, 1.03044176102, 15.8420009613, 16.039100647, 17.5501308441, 20.0580024719, 8.15011787415, 12.5175895691]
    max: [-593.503845215, 167.319976807, 42.1820716858, -27.7649555206, -29.898891449, -22.9479293823, -9.67094993591, 29.453836441, 57.9235725403, 53.6898193359, 25.6659507751, -3.42541885376, -5.24960327148]
    mean: [-951.341918945, 150.88659668, 5.73572731018, -60.0696678162, -79.8627471924, -60.7088317871, -18.1156044006, 26.0488777161, 52.4904823303, 49.4582366943, 21.9503898621, -13.9795618057, -39.0697364807]
    median: [-957.346069336, 155.544921875, 4.81909179688, -59.4427566528, -81.0249252319, -62.5321922302, -17.5929489136, 27.6150302887, 55.1639442444, 51.9449615479, 23.1842765808, -14.3143539429, -40.8738975525]
    min: [-1017.70855713, 113.036720276, -33.2428703308, -74.860786438, -95.3282546997, -71.6723937988, -25.9183502197, -1.53430175781, 0.798950195312, -2.8434677124, -6.45601081848, -17.7481918335, -43.475566864]
    skew: [4.89206504822, -0.695701599121, 0.020215023309, 1.72057449818, 2.4514567852, 2.85799741745, -0.516424536705, -3.80784845352, -4.02746582031, -4.17440891266, -4.37611246109, 2.62473464012, 3.69165897369]
    var: [3668.36499023, 249.39251709, 558.791748047, 74.3076400757, 127.908462524, 77.2899093628, 9.68414783478, 27.2311630249, 98.9140319824, 95.3418273926, 25.7945175171, 5.95393466949, 52.5477371216]

SpecContrastCoeff:
    dmean: [0.0466470383108, 0.0493778139353, 0.0370679236948, 0.0158531051129, 0.0105004282668, 0.00594849465415]
    dmean2: [0.0893937498331, 0.07784037292, 0.0433690920472, 0.030650710687, 0.020601997152, 0.0117775565013]
    dvar: [0.00184843677562, 0.00353567837738, 0.0080081904307, 0.000115447823191, 0.000116278853966, 9.95088121272e-05]
    dvar2: [0.00601435126737, 0.00201791664585, 0.00410732068121, 0.000450042280136, 0.000432755245129, 0.000322766398313]
    kurt: [1.58244991302, 26.059015274, 24.3432216644, 0.978240728378, 0.872562646866, 7.33725643158]
    max: [-0.833028376102, -0.349338978529, -0.110303789377, -0.888014316559, -0.918189883232, -0.91562461853]
    mean: [-0.95702368021, -0.406103223562, -0.153106078506, -0.929723858833, -0.944231152534, -0.952752768993]
    median: [-0.978169441223, -0.395124197006, -0.124984405935, -0.935380339622, -0.950174331665, -0.955982387066]
    min: [-0.985469162464, -0.964777588844, -0.905178129673, -0.940816521645, -0.950953125954, -0.957940816879]
    skew: [1.66368401051, -4.93542671204, -4.8638753891, 1.19919025898, 1.53517234325, 2.70972728729]
    var: [0.0016861197073, 0.00868870690465, 0.0163401458412, 0.000152182910824, 0.000108318003186, 7.06407299731e-05]

SpecPeakAmp:
    dmean: [0.000709672167432, 0.21299032867, 0.252389639616, 0.0565039850771, 0.000354825489921]
    dmean2: [0.00112899730448, 0.427267283201, 0.51603615284, 0.11539259553, 0.00054593506502]
    dvar: [5.30054421688e-06, 0.0817756801844, 0.0917721018195, 0.0313992798328, 1.17303181923e-06]
    dvar2: [1.35229165608e-05, 0.116130098701, 0.140198290348, 0.0928422436118, 2.99312523566e-06]
    kurt: [38.8417472839, -1.23682749271, -1.90077078342, 17.5449066162, 33.22240448]
    max: [0.0117422416806, 0.617334902287, 0.617335319519, 0.617296099663, 0.00529886595905]
    mean: [0.000616989971604, 0.18683052063, 0.35699313879, 0.0279078166932, 0.000262563029537]
    median: [0.000356362579623, 0.000576316961087, 0.617239534855, 0.000460058508907, 9.21261598705e-05]
    min: [2.33625487454e-05, 0.000140723554068, 8.33194571896e-05, 2.66716197075e-05, 2.6221092412e-05]
    skew: [6.34457731247, 0.85645288229, -0.314964979887, 4.42085933685, 5.75400829315]
    var: [2.85246846943e-06, 0.0781642198563, 0.0927130281925, 0.0161566454917, 6.2928177158e-07]
