
metadata:
    version:
        essentia: "2.1-beta3"

Flux:
    dmean: 0.0180598795414
    dmean2: 0
    dvar: 0
    dvar2: 0
    kurt: -1.99999988079
    max: 0.383879154921
    mean: 0.374849200249
    median: 0.374849200249
    min: 0.365819275379
    skew: 4.94089499625e-06
    var: 8.15398088889e-05

Rms:
    dmean: 0
    dmean2: 0
    dvar: 0
    dvar2: 0
    kurt: 0
    max: 0.13199827075
    mean: 0.13199827075
    median: 0.13199827075
    min: 0.13199827075
    skew: 0
    var: 0

RollOff:
    dmean: 258.3984375
    dmean2: 0
    dvar: 0
    dvar2: 0
    kurt: -1.99999988079
    max: 1205.859375
    mean: 1076.66015625
    median: 1076.66015625
    min: 947.4609375
    skew: 0
    var: 16692.4375

SpecCent:
    dmean: 38.6177978516
    dmean2: 0
    dvar: 0
    dvar2: 0
    kurt: -2
    max: 910.530822754
    mean: 891.221923828
    median: 891.221923828
    min: 871.913024902
    skew: 0
    var: 372.833587646

Zcr:
    dmean: 0
    dmean2: 0
    dvar: 0
    dvar2: 0
    kurt: 0
    max: 0.01171875
    mean: 0.01171875
    median: 0.01171875
    min: 0.01171875
    skew: 0
    var: 0

HarmonicAmpFreq:
    dmean: [21.7456665039]
    dmean2: [0]
    dvar: [0]
    dvar2: [0]
    kurt: [-2]
    max: [876.441589355]
    mean: [865.568725586]
    median: [865.568725586]
    min: [854.695922852]
    skew: [8.45224076329e-06]
    var: [118.218505859]

HarmonicAmpMag:
    dmean: [0.106576777995]
    dmean2: [0]
    dvar: [0]
    dvar2: [0]
    kurt: [-1.99999988079]
    max: [0.106576777995]
    mean: [0.0532883889973]
    median: [0.0532883889973]
    min: [0]
    skew: [0]
    var: [0.00283965235576]

MfccCoeff:
    dmean: [368.958984375, 33.7125549316, 23.1911315918, 64.450553894, 5.63975524902, 41.7046165466, 35.083316803, 6.6756477356, 22.6578006744, 11.6895275116, 4.83219718933, 7.71923065186, 2.98508834839]
    dmean2: [0, 0, 0, 0, 0, 0, 0, 0, 0, 0, 0, 0, 0]
    dvar: [0, 0, 0, 0, 0, 0, 0, 0, 0, 0, 0, 0, 0]
    dvar2: [0, 0, 0, 0, 0, 0, 0, 0, 0, 0, 0, 0, 0]
    kurt: [-2, -1.99999988079, -2, -2, -2, -2, -2, -2, -2, -2, -2, -2, -2]
    max: [-609.249816895, 171.553466797, -6.2039604187, -41.1925201416, -46.87550354, 27.8605499268, 46.7310256958, 22.2933635712, 11.2393894196, -1.97550392151, -4.51439285278, 2.00820922852, 2.71857452393]
    mean: [-793.729309082, 154.697189331, -17.7995262146, -73.4178009033, -49.6953811646, 7.00824165344, 29.1893672943, 18.9555397034, -0.0895109176636, -7.82026767731, -6.93049144745, -1.85140609741, 1.22603034973]
    median: [-793.729309082, 154.697189331, -17.7995262146, -73.4178009033, -49.6953811646, 7.00824165344, 29.1893672943, 18.9555397034, -0.0895109176636, -7.82026767731, -6.93049144745, -1.85140609741, 1.22603034973]
    min: [-978.20880127, 137.840911865, -29.3950920105, -105.643074036, -52.5152587891, -13.8440666199, 11.6477088928, 15.6177158356, -11.4184112549, -13.6650314331, -9.34659004211, -5.71102142334, -0.266513824463]
    skew: [0, 0, 0, 3.50179959696e-07, 0, 0, 0, 0, 0, 0, 0, 0, 0]
    var: [34032.6835938, 284.134094238, 134.45715332, 1038.46850586, 7.95170974731, 434.818756104, 307.709777832, 11.1410684586, 128.343978882, 34.1612625122, 5.83753252029, 14.8966302872, 2.22768807411]

SpecContrastCoeff:
    dmean: [0.00220274925232, 0.095233798027, 0.0906326174736, 0.213691830635, 0.00128722190857, 0.0190281867981]
    dmean2: [0, 0, 0, 0, 0, 0]
    dvar: [0, 0, 0, 0, 0, 0]
    dvar2: [0, 0, 0, 0, 0, 0]
    kurt: [-2, -2, -1.99999988079, -2, -2, -2]
    max: [-0.967078208923, -0.804201483727, -0.70151001215, -0.605105221272, -0.916068792343, -0.93674749136]
    mean: [-0.968179583549, -0.85181838274, -0.746826291084, -0.711951136589, -0.916712403297, -0.946261584759]
    median: [-0.968179583549, -0.85181838274, -0.746826291084, -0.711951136589, -0.916712403297, -0.946261584759]
    min: [-0.969280958176, -0.899435281754, -0.792142629623, -0.818797051907, -0.917356014252, -0.955775678158]
    skew: [0, 0, -1.95463940145e-06, 0, 0, 0]
    var: [1.21302605294e-06, 0.00226736906916, 0.00205356767401, 0.0114160496742, 4.14235046264e-07, 9.05179767869e-05]

SpecPeakAmp:
    dmean: [0.106409139931, 0.0500321350992, 0.0236634910107, 0.0116856116802, 0.00709846289828]
    dmean2: [0, 0, 0, 0, 0]
    dvar: [0, 0, 0, 0, 0]
    dvar2: [0, 0, 0, 0, 0]
    kurt: [-2, -2, -1.99999976158, -2, -2]
    max: [0.106576777995, 0.0502297654748, 0.0238709505647, 0.0119104450569, 0.0073522827588]
    mean: [0.053372208029, 0.0252136979252, 0.0120392050594, 0.00606763921678, 0.00380305130966]
    median: [0.053372208029, 0.0252136979252, 0.0120392050594, 0.00606763921678, 0.00380305130966]
    min: [0.000167636608239, 0.000197630943148, 0.000207460165257, 0.000224833769607, 0.000253819685895]
    skew: [0, 0, 6.86378740511e-08, 7.12452390417e-08, -7.94615786504e-08]
    var: [0.00283072632737, 0.000625803659204, 0.000139990181196, 3.41383783962e-05, 1.25970445879e-05]
