
metadata:
    version:
        essentia: "2.1-beta3"

Flux:
    dmean: 6.68136590321e-06
    dmean2: 9.99372605293e-06
    dvar: 5.40404276883e-10
    dvar2: 1.15029175074e-09
    kurt: 13.7206096649
    max: 0.00012473166862
    mean: 7.34171453587e-06
    median: 1.13678004254e-06
    min: 1.64408632486e-07
    skew: 3.83329486847
    var: 5.73462999309e-10

Rms:
    dmean: 1.64883272191e-06
    dmean2: 1.49017625972e-06
    dvar: 4.29718031991e-11
    dvar2: 3.25226894027e-11
    kurt: 19.6081695557
    max: 0.00010135959019
    mean: 9.9503340607e-05
    median: 0.00010127430869
    min: 5.89332921663e-05
    skew: -4.50750589371
    var: 5.61103420671e-11

RollOff:
    dmean: 0
    dmean2: 0
    dvar: 0
    dvar2: 0
    kurt: 0
    max: 1378.125
    mean: 1378.125
    median: 1378.125
    min: 1378.125
    skew: 0
    var: 0

SpecCent:
    dmean: 2.77009892464
    dmean2: 2.75033998489
    dvar: 44.6004905701
    dvar2: 31.8119602203
    kurt: 15.6359195709
    max: 1519.58374023
    mean: 1474.32751465
    median: 1472.57946777
    min: 1468.75427246
    skew: 3.99960660934
    var: 78.2274169922

Zcr:
    dmean: 0.00148755451664
    dmean2: 0.00151134678163
    dvar: 3.92553811253e-05
    dvar2: 3.67824359273e-05
    kurt: 17.3548259735
    max: 0.06201171875
    mean: 0.0600807890296
    median: 0.0615234375
    min: 0.0283203125
    skew: -4.37806463242
    var: 4.19828829763e-05

HarmonicAmpFreq:
    dmean: [0]
    dmean2: [0]
    dvar: [0]
    dvar2: [0]
    kurt: [nan]
    max: [1357.92956543]
    mean: [1357.92956543]
    median: [1357.92956543]
    min: [1357.92956543]
    skew: [nan]
    var: [0]

HarmonicAmpMag:
    dmean: [0]
    dmean2: [0]
    dvar: [0]
    dvar2: [0]
    kurt: [nan]
    max: [0]
    mean: [0]
    median: [0]
    min: [0]
    skew: [nan]
    var: [0]

MfccCoeff:
    dmean: [0.0869623199105, 0.0456046164036, 0.0888728648424, 0.111067660153, 0.0062266504392, 0.114369943738, 0.0780756771564, 0.0551449097693, 0.116962522268, 0.0315958075225, 0.0909693539143, 0.0968917161226, 0.0180715508759]
    dmean2: [0.0888962522149, 0.0466156005859, 0.0908504649997, 0.113521032035, 0.00641268771142, 0.116921201348, 0.0797802135348, 0.0564104728401, 0.119556970894, 0.0322717949748, 0.0930344685912, 0.0990182757378, 0.0186111815274]
    dvar: [0.156350672245, 0.0426131561399, 0.16450060904, 0.25385800004, 0.00121707026847, 0.272523075342, 0.123172789812, 0.0667159557343, 0.282836467028, 0.0190875325352, 0.177605047822, 0.19059291482, 0.0102498242632]
    dvar2: [0.157810330391, 0.0429974980652, 0.166073009372, 0.256179094315, 0.00124332250562, 0.275127917528, 0.124220021069, 0.0674685388803, 0.28546911478, 0.0192102231085, 0.179480433464, 0.192244648933, 0.0104690613225]
    kurt: [21.6207542419, 21.0999565125, 22.0525913239, 21.355884552, 37.0577163696, 22.0724124908, 20.2745304108, 24.9055271149, 21.626543045, 17.1636104584, 23.7351093292, 20.555639267, 37.056728363]
    max: [-1136.14306641, 1.17811203003, -6.103515625e-05, 8.01086425781e-05, 0.229919433594, 3.02744293213, 1.97160720825, -5.34057617188e-05, -4.57763671875e-05, -2.28881835938e-05, 2.50091934204, 2.46640014648, -3.81469726562e-05]
    mean: [-1136.23071289, 1.13218307495, -2.26209998131, -2.77641296387, 0.223659515381, 2.9124853611, 1.89284586906, -1.49913907051, -2.94484877586, -0.654389441013, 2.40975093842, 2.36872506142, -0.649310529232]
    median: [-1136.14758301, 1.17570114136, -2.34703063965, -2.88244247437, 0.229675292969, 3.02178192139, 1.96728897095, -1.5520324707, -3.05654907227, -0.684307098389, 2.49688339233, 2.46113967896, -0.666770935059]
    min: [-1138.42004395, 1.14440917969e-05, -2.35144042969, -2.88819503784, -6.103515625e-05, 2.28881835938e-05, -2.67028808594e-05, -1.55429840088, -3.06251525879, -0.686584472656, -2.67028808594e-05, -3.0517578125e-05, -0.667488098145]
    skew: [-4.7524895668, -4.70802783966, 4.79024791718, 4.73006677628, -6.19018125534, -4.79196214676, -4.63720798492, 5.03988742828, 4.75341033936, 4.37350606918, -4.93682146072, -4.66128492355, 6.19008541107]
    var: [0.154754117131, 0.0421888567507, 0.16279040277, 0.251304626465, 0.00119238125626, 0.269688934088, 0.121995635331, 0.0659270584583, 0.27995288372, 0.0189312975854, 0.175612077117, 0.188746839762, 0.010042973794]

SpecContrastCoeff:
    dmean: [0.0251666922122, 0.0319865345955, 0.0147226760164, 0.0188876595348, 0.0155160203576, 0.0138790300116]
    dmean2: [0.0322290472686, 0.0514193587005, 0.024645159021, 0.0257375463843, 0.0250615868717, 0.0211712513119]
    dvar: [0.0016489753034, 0.000500654801726, 0.000134611706017, 0.00145035528112, 0.000193780200789, 0.00026863210951]
    dvar2: [0.00173541740514, 0.0010735085234, 0.000209215169889, 0.00132385629695, 0.000292919139611, 0.000313421449391]
    kurt: [11.8393335342, 1.35575675964, 5.81206607819, 17.2235355377, 4.75374984741, 7.79928398132]
    max: [-0.60025125742, -0.836962223053, -0.868901968002, -0.567225575447, -0.854524731636, -0.831483781338]
    mean: [-0.644289314747, -0.88328909874, -0.889794290066, -0.599647462368, -0.886669099331, -0.860438108444]
    median: [-0.637911081314, -0.881634235382, -0.887045562267, -0.590982377529, -0.883166074753, -0.858242034912]
    min: [-0.848084688187, -0.972850561142, -0.956940352917, -0.814053475857, -0.9556671381, -0.941643297672]
    skew: [-3.30136156082, -1.07863843441, -1.85481870174, -4.08978128433, -1.49987947941, -2.28654551506]
    var: [0.00193003669847, 0.00083621306112, 0.000238092790823, 0.00165749201551, 0.000278696039459, 0.00034293308272]

SpecPeakAmp:
    dmean: [2.39402453417e-07, 7.74515456214e-08, 7.1786068645e-08, 1.01774517702e-07, 1.20678961935e-07]
    dmean2: [2.12767943708e-07, 1.07882399902e-07, 1.03071201352e-07, 1.75380179712e-07, 1.94109389895e-07]
    dvar: [4.94628480969e-13, 1.16561601476e-14, 6.74006435448e-15, 1.05546598683e-14, 1.50270217819e-14]
    dvar2: [5.58176714485e-13, 1.36664369938e-14, 1.48560600399e-14, 1.69711927888e-14, 2.75073238113e-14]
    kurt: [11.309633255, 16.9259777069, 3.42123985291, 3.22392940521, 5.86515617371]
    max: [1.73890421138e-05, 7.66047094203e-07, 5.43630505945e-07, 5.38127039817e-07, 7.53579286084e-07]
    mean: [1.65183955687e-05, 1.43467346447e-07, 2.31660493455e-07, 1.08923266851e-07, 1.67184538213e-07]
    median: [1.65223827935e-05, 1.11537829639e-07, 2.47328387104e-07, 4.22833394964e-08, 1.87300571497e-07]
    min: [1.27064186017e-05, 3.78905511411e-08, 7.34452321183e-09, 7.78384201539e-09, 1.00690096261e-08]
    skew: [-2.86563515663, 3.72591233253, -0.25383618474, 1.77871441841, 2.06899452209]
    var: [6.06495051663e-13, 1.33391858147e-14, 8.08103905922e-15, 1.27453598145e-14, 2.15020109871e-14]
