
metadata:
    version:
        essentia: "2.1-beta3"

Flux:
    dmean: 0.000163675736985
    dmean2: 0.000216419372009
    dvar: 2.85176952275e-07
    dvar2: 5.61661977372e-07
    kurt: 9.56928730011
    max: 0.00310437800363
    mean: 0.000210825513932
    median: 5.23091239302e-06
    min: 2.29848751587e-06
    skew: 3.2929046154
    var: 4.63519739924e-07

Rms:
    dmean: 6.32079099887e-05
    dmean2: 4.61382187495e-05
    dvar: 5.23681897846e-08
    dvar2: 2.36042456692e-08
    kurt: 20.9225540161
    max: 0.00223950808868
    mean: 0.00215930817649
    median: 0.00223860843107
    min: 0.000400629767682
    skew: -4.53994274139
    var: 9.72824736323e-08

RollOff:
    dmean: 4.89390993118
    dmean2: 5.0077214241
    dvar: 1029.86523438
    dvar2: 1053.24560547
    kurt: 40.0227241516
    max: 1593.45703125
    mean: 1382.91015625
    median: 1378.125
    min: 1378.125
    skew: 6.48249387741
    var: 1007.49975586

SpecCent:
    dmean: 1.0836430788
    dmean2: 0.995596945286
    dvar: 33.9073791504
    dvar2: 29.9106197357
    kurt: 39.0162696838
    max: 1397.63378906
    mean: 1356.57580566
    median: 1355.68701172
    min: 1352.51428223
    skew: 6.36200618744
    var: 38.7708740234

Zcr:
    dmean: 0.00206409790553
    dmean2: 0.00146484375
    dvar: 5.69480580452e-05
    dvar2: 3.85905404983e-05
    kurt: 17.9537525177
    max: 0.06201171875
    mean: 0.0588975697756
    median: 0.0615234375
    min: 0.001953125
    skew: -4.24952697754
    var: 0.000110777611553

HarmonicAmpFreq:
    dmean: [0.869623363018]
    dmean2: [0.889847159386]
    dvar: [32.5185241699]
    dvar2: [33.2567749023]
    kurt: [40.0236473083]
    max: [1357.70666504]
    mean: [1356.85656738]
    median: [1357.70666504]
    min: [1319.4432373]
    skew: [-6.48260068893]
    var: [31.8123245239]

HarmonicAmpMag:
    dmean: [7.57191713774e-08]
    dmean2: [7.74800810177e-08]
    dvar: [2.46535891745e-13]
    dvar2: [2.52132841515e-13]
    kurt: [40.0227203369]
    max: [3.33164348376e-06]
    mean: [7.4036520914e-08]
    median: [0]
    min: [0]
    skew: [6.48249292374]
    var: [2.41181911682e-13]

MfccCoeff:
    dmean: [1.51221263409, 1.04269683361, 0.923472166061, 1.49465227127, 0.281205266714, 0.974424362183, 0.802397966385, 0.304834872484, 0.76515352726, 0.278009414673, 0.534766256809, 0.669578254223, 0.115020059049]
    dmean2: [2.02980494499, 1.44354248047, 1.12609148026, 1.9169870615, 0.434239953756, 1.12108790874, 0.951244592667, 0.293887466192, 0.773091495037, 0.241141557693, 0.511057138443, 0.547860324383, 0.168652206659]
    dvar: [44.78074646, 21.1806697845, 18.0291309357, 44.8641853333, 1.65960896015, 21.6891021729, 14.0432491302, 2.24678087234, 15.642786026, 1.46422493458, 6.75049734116, 7.80000591278, 0.280993193388]
    dvar2: [92.7648544312, 46.8504180908, 29.3170928955, 83.3389434814, 4.29104661942, 30.0825557709, 21.1551055908, 1.97343873978, 15.5122652054, 0.949994623661, 5.78771114349, 4.32675361633, 0.674762487411]
    kurt: [18.0355052948, 21.9134101868, 25.5925769806, 19.6669845581, 39.9084472656, 30.7421073914, 28.3037090302, 33.6496505737, 33.61485672, 30.7231559753, 33.405544281, 29.5269966125, 33.5200767517]
    max: [-1098.31542969, 26.6098442078, -6.103515625e-05, 8.01086425781e-05, 0.229766845703, 30.2512664795, 24.1804695129, -5.34057617188e-05, -4.57763671875e-05, -2.28881835938e-05, 18.2760887146, 22.7264575958, -3.81469726562e-05]
    mean: [-1119.16418457, 10.471906662, -18.9901161194, -24.6926345825, 0.084523178637, 24.3110141754, 18.1633281708, -10.132818222, -25.2701759338, -9.04278945923, 17.7184257507, 21.9402389526, -0.700368404388]
    median: [-1119.06860352, 10.4116325378, -19.3733558655, -25.0424880981, 0.229690551758, 24.9077453613, 18.5742988586, -10.4480895996, -26.0276565552, -9.35598754883, 18.2758140564, 22.7260379791, -0.666809082031]
    min: [-1138.42004395, 1.14440917969e-05, -27.1713523865, -41.7194595337, -6.06886291504, 2.28881835938e-05, -2.67028808594e-05, -10.4482498169, -26.0281143188, -9.35620117188, -2.67028808594e-05, -3.0517578125e-05, -2.85565948486]
    skew: [0.484806388617, 2.73847007751, 4.36113929749, 2.38235092163, -6.46928071976, -5.39729881287, -4.96636247635, 5.82602500916, 5.83170413971, 5.5124540329, -5.80018377304, -5.38520717621, -5.492208004]
    var: [18.5971736908, 8.44453048706, 10.2544965744, 21.195098877, 0.861694991589, 15.2373342514, 8.86979484558, 2.53412175179, 15.7748775482, 2.10672903061, 7.77555942535, 12.6346092224, 0.115225240588]

SpecContrastCoeff:
    dmean: [0.0313580036163, 0.0176684651524, 0.014797013253, 0.0212338101119, 0.0106784105301, 0.0100014517084]
    dmean2: [0.0453427508473, 0.0281303822994, 0.0240274425596, 0.0265075210482, 0.0157707091421, 0.0144700976089]
    dvar: [0.00175823643804, 0.000220318848733, 0.000108560918306, 0.00264298636466, 5.05750285811e-05, 5.33493148396e-05]
    dvar2: [0.0037238181103, 0.000551457516849, 0.00031139323255, 0.00235075526871, 0.000135599912028, 0.000111158406071]
    kurt: [8.82953643799, 1.9489736557, 0.609308481216, 16.142911911, -0.0564868450165, 4.37546777725]
    max: [-0.664022326469, -0.876343727112, -0.883363366127, -0.399792402983, -0.887750983238, -0.890150666237]
    mean: [-0.723853468895, -0.912371814251, -0.925167143345, -0.440450668335, -0.9058765769, -0.907622694969]
    median: [-0.709668934345, -0.907801926136, -0.92530798912, -0.420387148857, -0.905485093594, -0.90730214119]
    min: [-0.984295666218, -0.986598432064, -0.947652220726, -0.863147497177, -0.931837260723, -0.950323462486]
    skew: [-2.96553421021, -1.17711985111, 0.800884246826, -4.07751703262, -0.393874853849, -1.48743510246]
    var: [0.00370729691349, 0.000442254182417, 0.000209083736991, 0.00666775694117, 9.04179905774e-05, 0.00010846141231]

SpecPeakAmp:
    dmean: [1.92313837033e-06, 1.72524187292e-06, 1.81043719749e-06, 1.87551563613e-06, 1.90694311186e-06]
    dmean2: [2.81780080513e-06, 2.56867497228e-06, 2.77043568531e-06, 2.79648816104e-06, 2.92343065667e-06]
    dvar: [5.72096398033e-11, 4.85513330928e-11, 5.35243169231e-11, 5.54614722204e-11, 5.8887804355e-11]
    dvar2: [1.29074070876e-10, 1.2654458037e-10, 1.37996142291e-10, 1.42363579259e-10, 1.51308840457e-10]
    kurt: [24.1865577698, 39.0796890259, 39.7005004883, 39.50963974, 39.6823310852]
    max: [4.45421392214e-05, 3.5770215618e-05, 3.57521057595e-05, 3.66198073607e-05, 3.73754483007e-05]
    mean: [1.69925460796e-05, 1.52881796112e-06, 1.17112426778e-06, 1.35810421398e-06, 1.34641800287e-06]
    median: [1.67826474353e-05, 6.97885809586e-07, 3.0221463021e-07, 5.32360900252e-07, 4.75102012842e-07]
    min: [1.11401914182e-06, 2.27975618827e-07, 1.11421599058e-07, 8.36910132307e-08, 1.0191880051e-07]
    skew: [3.42311239243, 6.37433815002, 6.44526958466, 6.42275524139, 6.44291067123]
    var: [2.28693800008e-11, 2.69443928974e-11, 2.72807210849e-11, 2.84290369024e-11, 2.96195915017e-11]
