
metadata:
    version:
        essentia: "2.1-beta3"

Flux:
    dmean: 0.00363693176769
    dmean2: 0.00481373537332
    dvar: 0.000143170531373
    dvar2: 0.000281908491161
    kurt: 9.54251766205
    max: 0.0694254636765
    mean: 0.00463778711855
    median: 1.76168450707e-05
    min: 1.10473620225e-05
    skew: 3.28962612152
    var: 0.000233004539041

Rms:
    dmean: 0.00141051516403
    dmean2: 0.00102773599792
    dvar: 2.59926473518e-05
    dvar2: 1.17130784929e-05
    kurt: 20.7676639557
    max: 0.0501392446458
    mean: 0.0483496338129
    median: 0.0501172542572
    min: 0.00925888307393
    skew: -4.52539587021
    var: 4.82781433675e-05

RollOff:
    dmean: 7.83025550842
    dmean2: 8.01235485077
    dvar: 2636.45483398
    dvar2: 2696.30859375
    kurt: 40.022731781
    max: 1722.65625
    mean: 1385.78125
    median: 1378.125
    min: 1378.125
    skew: 6.48249340057
    var: 2579.19921875

SpecCent:
    dmean: 9.47815799713
    dmean2: 8.95961761475
    dvar: 3246.62573242
    dvar2: 2835.95214844
    kurt: 39.588760376
    max: 1766.62084961
    mean: 1365.34069824
    median: 1355.53137207
    min: 1355.14160156
    skew: 6.43333864212
    var: 3678.29101562

Zcr:
    dmean: 0.00208629271947
    dmean2: 0.00152162066661
    dvar: 5.69101066503e-05
    dvar2: 3.85485000152e-05
    kurt: 17.778842926
    max: 0.06201171875
    mean: 0.0589192695916
    median: 0.0615234375
    min: 0.00244140625
    skew: -4.2329864502
    var: 0.000109651351522

HarmonicAmpFreq:
    dmean: [0.604777932167]
    dmean2: [0.618842542171]
    dvar: [15.7275238037]
    dvar2: [16.0845756531]
    kurt: [40.0229263306]
    max: [1384.31726074]
    mean: [1358.29833984]
    median: [1357.70703125]
    min: [1357.70703125]
    skew: [6.48251676559]
    var: [15.3859701157]

HarmonicAmpMag:
    dmean: [1.7842012312e-06]
    dmean2: [1.82569431217e-06]
    dvar: [1.36885072721e-10]
    dvar2: [1.39992684112e-10]
    kurt: [40.0227241516]
    max: [7.85048541729e-05]
    mean: [1.74455226443e-06]
    median: [0]
    min: [0]
    skew: [6.48249387741]
    var: [1.33912381184e-10]

MfccCoeff:
    dmean: [12.422296524, 1.49861645699, 3.725055933, 1.82829320431, 0.400767147541, 1.10105025768, 0.724944472313, 0.44857737422, 1.19153511524, 0.479149222374, 0.952085852623, 1.21859884262, 0.150139555335]
    dmean2: [18.3694095612, 1.93912804127, 5.02272129059, 1.97602379322, 0.591483592987, 0.760242879391, 0.846137583256, 0.431582689285, 1.16548109055, 0.541530787945, 1.16525387764, 1.44477772713, 0.248415216804]
    dvar: [3021.47412109, 37.3474197388, 239.226821899, 56.9418373108, 2.63620233536, 15.1571235657, 9.59206008911, 2.7233338356, 18.8108215332, 3.69837093353, 11.9588861465, 23.0131473541, 0.308840721846]
    dvar2: [7602.08300781, 81.1525344849, 554.392272949, 88.8387527466, 6.62937545776, 7.39009428024, 10.2809209824, 2.03549098969, 17.5808734894, 4.36534404755, 15.9335947037, 28.5196552277, 0.628085911274]
    kurt: [38.5470695496, 16.2245006561, 23.7157115936, 19.0448131561, 31.7997970581, 20.2628631592, 19.3584308624, 20.2905292511, 21.8228149414, 16.8448600769, 18.5479431152, 16.4433116913, 12.9208927155]
    max: [-851.175415039, 40.761505127, -10.4153900146, -12.6325798035, 2.35205078125, 60.3498535156, 39.4426956177, -5.05973815918, -9.58393859863, -2.16589355469, 38.8454246521, 44.2745056152, -0.666809082031]
    mean: [-1096.40905762, 20.0918006897, -37.7278366089, -47.3505821228, 0.154234692454, 46.1787223816, 34.3376502991, -19.0970230103, -47.7143554688, -17.2869567871, 33.0002670288, 41.2701911926, -0.860559940338]
    median: [-1101.99182129, 19.6464347839, -36.3975486755, -47.1998062134, 0.229690551758, 46.791015625, 35.1792984009, -19.3430252075, -48.9959945679, -18.0266876221, 34.0527763367, 42.98853302, -0.666816711426]
    min: [-1128.01306152, 5.41984176636, -96.3202972412, -66.5501480103, -7.28334617615, 11.905960083, 7.54816055298, -24.2661209106, -55.0725326538, -18.0267181396, 5.98796463013, 5.24705505371, -4.11443328857]
    skew: [6.3013715744, 2.1344640255, -4.02533340454, 2.7532119751, -5.29444360733, -3.83048725128, -4.43435001373, 3.86330366135, 4.69907951355, 4.20842504501, -4.36561822891, -4.16177606583, -3.77212381363]
    var: [1391.06628418, 16.5042800903, 101.653808594, 40.4572601318, 1.40465652943, 37.4857978821, 24.7543296814, 6.26835250854, 45.961555481, 8.61395835876, 26.0613555908, 49.557434082, 0.509677708149]

SpecContrastCoeff:
    dmean: [0.0190823655576, 0.00990549381822, 0.00811792910099, 0.0211721435189, 0.00526820123196, 0.00565097946674]
    dmean2: [0.0233857296407, 0.0161000974476, 0.0110662691295, 0.0191489458084, 0.00685342820361, 0.00874620582908]
    dvar: [0.000394773407606, 0.000252041267231, 0.000453863030998, 0.00478313397616, 3.50857008016e-05, 6.82539175614e-05]
    dvar2: [0.000601483567152, 0.000629293324891, 0.000853033328895, 0.00406143767759, 6.45260806778e-05, 0.000195520362468]
    kurt: [0.641202449799, 3.83553886414, 5.92781066895, 16.9983100891, -0.935598611832, 0.587034225464]
    max: [-0.734690129757, -0.895215332508, -0.820820391178, -0.235070720315, -0.910530745983, -0.905512332916]
    mean: [-0.849616765976, -0.969025015831, -0.935482561588, -0.274194985628, -0.937761962414, -0.925762832165]
    median: [-0.858097851276, -0.975530028343, -0.944334149361, -0.246933862567, -0.942740678787, -0.929313480854]
    min: [-0.974982619286, -0.988210380077, -0.954835891724, -0.851288795471, -0.951860547066, -0.956699728966]
    skew: [0.230582177639, 1.84013462067, 2.62540841103, -4.15946435928, 0.629940986633, -0.153984382749]
    var: [0.00229374575429, 0.000352243427187, 0.000914367381483, 0.0119548542425, 0.000130744112539, 0.000102356854768]

SpecPeakAmp:
    dmean: [8.08000095276e-06, 5.84919780522e-06, 4.98371400681e-06, 1.19574824566e-05, 1.36003372972e-05]
    dmean2: [1.37067072501e-05, 8.82780932443e-06, 8.20673358248e-06, 1.82979929377e-05, 2.06764943869e-05]
    dvar: [4.69187244612e-10, 6.05537620046e-10, 4.84758344577e-10, 2.75511458092e-09, 3.56494789244e-09]
    dvar2: [1.14865517098e-09, 1.57930346578e-09, 1.26797305988e-09, 7.17271797512e-09, 9.22685128302e-09]
    kurt: [37.641368866, 38.4651184082, 23.3864498138, 39.3757400513, 39.6458892822]
    max: [0.000118706091598, 0.000126273967908, 0.000138784002047, 0.000263915368123, 0.000294877187116]
    mean: [1.88344019989e-05, 5.30076931682e-06, 7.14266070645e-06, 8.62699926074e-06, 9.33233786782e-06]
    median: [1.68885271705e-05, 2.34374056163e-06, 2.31091757996e-06, 2.27386703955e-06, 2.40674717134e-06]
    min: [5.35373328603e-06, 4.78658648717e-07, 5.22268237546e-07, 6.45000113764e-07, 8.28369934425e-07]
    skew: [6.18885564804, 6.30598592758, 4.88708782196, 6.40862417221, 6.43898296356]
    var: [2.3328128318e-10, 3.38802402799e-10, 5.24202403707e-10, 1.49246015546e-09, 1.86126292157e-09]
