
metadata:
    version:
        essentia: "2.1-beta3"

Flux:
    dmean: 5.02317789142e-06
    dmean2: 7.41936446502e-06
    dvar: 3.20230952866e-10
    dvar2: 6.92831847449e-10
    kurt: 14.2214450836
    max: 9.57992888289e-05
    mean: 5.66098560739e-06
    median: 9.22280491977e-07
    min: 3.67575125892e-07
    skew: 3.88577771187
    var: 3.29675592381e-10

Rms:
    dmean: 1.26265763356e-06
    dmean2: 1.14480201319e-06
    dvar: 2.50367573895e-11
    dvar2: 1.88014187552e-11
    kurt: 19.5709648132
    max: 7.73255815147e-05
    mean: 7.58950554882e-05
    median: 7.72476196289e-05
    min: 4.47985912615e-05
    skew: -4.50196886063
    var: 3.29836817581e-11

RollOff:
    dmean: 0
    dmean2: 0
    dvar: 0
    dvar2: 0
    kurt: 0
    max: 1378.125
    mean: 1378.125
    median: 1378.125
    min: 1378.125
    skew: 0
    var: 0

SpecCent:
    dmean: 1.27365612984
    dmean2: 1.26438975334
    dvar: 8.57705783844
    dvar2: 5.0636382103
    kurt: 25.9840698242
    max: 1520.0736084
    mean: 1493.2199707
    median: 1492.24487305
    min: 1491.16015625
    skew: 5.05842828751
    var: 20.4840869904

Zcr:
    dmean: 0.00148755451664
    dmean2: 0.00148809526581
    dvar: 3.92553811253e-05
    dvar2: 3.67954089597e-05
    kurt: 17.3548259735
    max: 0.06201171875
    mean: 0.0600807890296
    median: 0.0615234375
    min: 0.0283203125
    skew: -4.37806463242
    var: 4.19828829763e-05

HarmonicAmpFreq:
    dmean: [0]
    dmean2: [0]
    dvar: [0]
    dvar2: [0]
    kurt: [-2]
    max: [1357.85620117]
    mean: [1357.85571289]
    median: [1357.85620117]
    min: [1357.85620117]
    skew: [1]
    var: [2.38418579102e-07]

HarmonicAmpMag:
    dmean: [0]
    dmean2: [0]
    dvar: [0]
    dvar2: [0]
    kurt: [nan]
    max: [0]
    mean: [0]
    median: [0]
    min: [0]
    skew: [nan]
    var: [0]

MfccCoeff:
    dmean: [0.0407743230462, 0.0199584960938, 0.043845243752, 0.0503107123077, 0.00901971850544, 0.056553684175, 0.0301275923848, 0.0356986485422, 0.0548400878906, 0.00226451084018, 0.0532728694379, 0.0391405671835, 0.026177695021]
    dmean2: [0.0418497733772, 0.0204831082374, 0.0449861809611, 0.0516183041036, 0.00925445556641, 0.0580259039998, 0.0309110376984, 0.0366292670369, 0.0562671497464, 0.00232405890711, 0.0546600706875, 0.0401593148708, 0.0268581937999]
    dvar: [0.0327255688608, 0.00784260127693, 0.0378473997116, 0.0498276352882, 0.00160175841302, 0.0629644095898, 0.017869386822, 0.0250880364329, 0.0592054314911, 0.000100906989246, 0.0558704100549, 0.0301605109125, 0.0134909432381]
    dvar2: [0.0329863019288, 0.00790648907423, 0.0381518267095, 0.0502283126116, 0.00161461497191, 0.0634705871344, 0.0180133637041, 0.0252900086343, 0.0596820525825, 0.000101711812022, 0.0563201121986, 0.0304031819105, 0.0135994656011]
    kurt: [17.5643825531, 17.590297699, 17.5906829834, 17.5905532837, 17.5903663635, 17.5906562805, 17.5905952454, 17.5906124115, 17.590587616, 17.5905628204, 17.5905666351, 17.5906162262, 17.5905189514]
    max: [-1137.48864746, 0.455944061279, -6.103515625e-05, 8.01086425781e-05, 0.205993652344, 1.29193878174, 0.688220977783, -5.34057617188e-05, -4.57763671875e-05, -2.28881835938e-05, 1.21692276001, 0.894104003906, -3.81469726562e-05]
    mean: [-1137.53015137, 0.435744196177, -0.957315981388, -1.0982760191, 0.196868896484, 1.23472034931, 0.657732188702, -0.779421210289, -1.19731068611, -0.0494500957429, 1.16302490234, 0.85450309515, -0.57155507803]
    median: [-1137.49072266, 0.454906463623, -0.999374389648, -1.14654159546, 0.205520629883, 1.28896331787, 0.686626434326, -0.813663482666, -1.24991226196, -0.0516204833984, 1.21411895752, 0.892044067383, -0.596664428711]
    min: [-1138.42004395, 1.14440917969e-05, -1.0016784668, -1.14918136597, -6.103515625e-05, 2.28881835938e-05, -2.67028808594e-05, -0.815536499023, -1.2527923584, -0.0517425537109, -2.67028808594e-05, -3.0517578125e-05, -0.598045349121]
    skew: [-4.40518665314, -4.4096660614, 4.40969896317, 4.40968799591, -4.40967130661, -4.40969610214, -4.40969085693, 4.40969228745, 4.4096903801, 4.40969085693, -4.40968894958, -4.40969276428, 4.40968513489]
    var: [0.0324320793152, 0.00777174532413, 0.0375069752336, 0.0493799597025, 0.00158743828069, 0.0623992048204, 0.0177090447396, 0.0248625222594, 0.0586735643446, 9.99992189463e-05, 0.0553683303297, 0.0298894885927, 0.0133697772399]

SpecContrastCoeff:
    dmean: [0.0208796467632, 0.0156291741878, 0.0158461146057, 0.0136381555349, 0.00689907418564, 0.00729769468307]
    dmean2: [0.0293798930943, 0.0239189863205, 0.0261110514402, 0.0168281104416, 0.010296699591, 0.00988555792719]
    dvar: [0.00131536030676, 0.000245017581619, 0.000137716982863, 0.000871235446539, 9.06241984922e-05, 5.28056225448e-05]
    dvar2: [0.00156949355733, 0.000458346185042, 0.000262542482233, 0.000655312964227, 7.41320254747e-05, 7.52976629883e-05]
    kurt: [13.8397388458, 6.15460205078, 1.23524236679, 17.1446762085, 10.3963537216, 8.81371593475]
    max: [-0.669299006462, -0.870923101902, -0.877125442028, -0.590734660625, -0.867350578308, -0.865622460842]
    mean: [-0.704684615135, -0.914678931236, -0.89632755518, -0.614752054214, -0.881004571915, -0.880751848221]
    median: [-0.699583053589, -0.912675738335, -0.897685289383, -0.608461856842, -0.878157615662, -0.878908395767]
    min: [-0.8981128335, -0.992816627026, -0.944268584251, -0.786804795265, -0.932550251484, -0.930447518826]
    skew: [-3.70429039001, -1.82171392441, -0.829100131989, -4.22037124634, -3.14503645897, -2.60491251945]
    var: [0.00166677986272, 0.000391691923141, 0.000196094668354, 0.00112680892926, 0.000151269501657, 0.000120179618534]

SpecPeakAmp:
    dmean: [9.78058238843e-08, 4.91433418404e-08, 6.44860875809e-08, 5.75283323201e-08, 5.99588005912e-08]
    dmean2: [1.15746615847e-07, 6.24430782636e-08, 8.62760174414e-08, 7.56472502417e-08, 7.84118441288e-08]
    dvar: [1.20339624225e-13, 3.2113502531e-14, 3.33449664636e-14, 3.48550534138e-14, 3.79986400147e-14]
    dvar2: [1.30534079097e-13, 3.50676586836e-14, 3.46186194132e-14, 3.70963839074e-14, 4.0790026928e-14]
    kurt: [25.6067218781, 36.8347358704, 34.2526435852, 36.0436553955, 34.5416984558]
    max: [8.59128795128e-06, 1.37094502861e-06, 1.35975869853e-06, 1.35884351948e-06, 1.37719348459e-06]
    mean: [8.28413703857e-06, 2.16091493144e-07, 1.38775732239e-07, 1.62591447861e-07, 1.37956305934e-07]
    median: [8.28282463772e-06, 1.82907058388e-07, 1.24876805785e-07, 1.30175749291e-07, 9.91531265981e-08]
    min: [6.1740242927e-06, 1.62221510891e-07, 3.04405496365e-08, 8.94927225659e-08, 7.54282751814e-08]
    skew: [-4.71365356445, 6.15537166595, 5.83910608292, 6.0648317337, 5.91379833221]
    var: [1.25752137653e-13, 3.18598059989e-14, 3.68345694115e-14, 3.45324287286e-14, 3.78122453324e-14]
