
metadata:
    version:
        essentia: "2.1-beta3"

Flux:
    dmean: 0.0326551906765
    dmean2: 0.0430805161595
    dvar: 0.0116249471903
    dvar2: 0.0223193783313
    kurt: 9.39972877502
    max: 0.64128190279
    mean: 0.0426926240325
    median: 0.000101864265162
    min: 4.63388532808e-05
    skew: 3.26723504066
    var: 0.0196708776057

Rms:
    dmean: 0.012962593697
    dmean2: 0.00947246607393
    dvar: 0.00221460708417
    dvar2: 0.00100340903737
    kurt: 21.1029777527
    max: 0.461951553822
    mean: 0.445532679558
    median: 0.461771249771
    min: 0.0833615809679
    skew: -4.55766487122
    var: 0.00410489505157

RollOff:
    dmean: 5.38330078125
    dmean2: 5.5084939003
    dvar: 1246.13684082
    dvar2: 1274.42700195
    kurt: 40.0227241516
    max: 1614.99023438
    mean: 1383.38867188
    median: 1378.125
    min: 1378.125
    skew: 6.48249340057
    var: 1219.07470703

SpecCent:
    dmean: 2.15727090836
    dmean2: 1.99717247486
    dvar: 150.345962524
    dvar2: 133.795074463
    kurt: 39.3840904236
    max: 1443.23596191
    mean: 1357.37060547
    median: 1355.42858887
    min: 1350.74938965
    skew: 6.40723848343
    var: 168.826141357

Zcr:
    dmean: 0.00206409790553
    dmean2: 0.00147619913332
    dvar: 5.69914082007e-05
    dvar2: 3.86514184356e-05
    kurt: 17.7846927643
    max: 0.06201171875
    mean: 0.0589084215462
    median: 0.0615234375
    min: 0.00244140625
    skew: -4.23369598389
    var: 0.000109589433123

HarmonicAmpFreq:
    dmean: [7.91386270523]
    dmean2: [15.7130327225]
    dvar: [1165.61706543]
    dvar2: [3503.49316406]
    kurt: [38.6705780029]
    max: [1357.70654297]
    mean: [1353.60717773]
    median: [1357.70654297]
    min: [1193.98132324]
    skew: [-6.33434581757]
    var: [588.457275391]

HarmonicAmpMag:
    dmean: [1.89759812201e-05]
    dmean2: [2.25414696615e-05]
    dvar: [1.1000557798e-08]
    dvar2: [1.15364322539e-08]
    kurt: [39.2410430908]
    max: [0.000700603181031]
    mean: [1.70616258401e-05]
    median: [0]
    min: [0]
    skew: [6.39534044266]
    var: [1.07168247609e-08]

MfccCoeff:
    dmean: [25.4228649139, 5.91390371323, 1.81205713749, 2.53682994843, 0.745899617672, 2.22383713722, 1.84197664261, 1.25904154778, 1.83456730843, 1.25161886215, 1.69666826725, 2.01023936272, 0.355453044176]
    dmean2: [35.1133537292, 8.80382728577, 2.30347108841, 3.91334676743, 0.441304802895, 2.60241174698, 1.92275881767, 1.4244081974, 2.62043023109, 1.47133934498, 1.49583244324, 2.10736584663, 0.518339455128]
    dvar: [8567.93359375, 410.079986572, 33.3729286194, 70.8947753906, 0.547995328903, 45.5490760803, 34.1375770569, 8.5368642807, 52.4051780701, 11.8861789703, 27.0871391296, 48.0194358826, 0.679451227188]
    dvar2: [21037.4648438, 970.427307129, 62.700252533, 162.588912964, 0.76891285181, 65.3857269287, 42.3101615906, 16.7515392303, 83.098991394, 27.0921325684, 25.3640213013, 55.5818595886, 1.62746751308]
    kurt: [22.2862262726, 10.3783750534, 8.67074775696, 10.6249485016, -1.38650941849, 14.2315559387, 12.1957139969, 3.58951473236, 11.0684604645, 7.2271194458, 14.4778747559, 11.97174263, 7.30388069153]
    max: [-623.239440918, 141.93258667, -37.327129364, -46.9173126221, 4.18051147461, 79.4827957153, 53.0417404175, -11.6901817322, -22.6219787598, -5.25692939758, 45.7075767517, 56.0790557861, 1.01224517822]
    mean: [-1063.36218262, 37.2259292603, -56.0478363037, -70.7615127563, -0.21227607131, 66.0805206299, 48.5875091553, -25.6108131409, -64.26512146, -23.5811424255, 42.0501747131, 52.7146759033, -0.454840242863]
    median: [-1082.28674316, 30.4793510437, -55.3309745789, -71.2977981567, -0.180326461792, 67.9536819458, 50.6628952026, -25.7986907959, -67.1445846558, -24.8360366821, 43.8406181335, 55.7148590088, -0.0859909057617]
    min: [-1082.80603027, 29.2689628601, -76.7945327759, -101.779273987, -3.67289733887, 22.3150100708, 8.01707839966, -32.6898117065, -67.4652633667, -26.4408493042, 0.640377044678, 2.48681640625, -4.1595993042]
    skew: [4.7316198349, 3.35979890823, -1.25595283508, -0.089874945581, -0.0265281163156, -3.7067861557, -3.57117486, 1.61036777496, 3.55584263802, 2.74416184425, -3.85763692856, -3.60156536102, -2.60562539101]
    var: [5976.97509766, 523.92767334, 27.2385559082, 50.8768768311, 5.48393106461, 76.6740493774, 73.6802978516, 15.7282934189, 98.3751220703, 19.8708171844, 67.7280731201, 114.7684021, 0.855460882187]

SpecContrastCoeff:
    dmean: [0.0185800660402, 0.00605410058051, 0.00763187231496, 0.0230043157935, 0.00626640580595, 0.00787396077067]
    dmean2: [0.0275908689946, 0.0067791538313, 0.0120809562504, 0.0159815680236, 0.00925755500793, 0.00776821235195]
    dvar: [0.000290010648314, 6.83390244376e-05, 0.000405103783123, 0.00630082888529, 0.00015823742433, 5.42383022548e-05]
    dvar2: [0.000443433906185, 0.000167230129591, 0.000948255474214, 0.00318329315633, 0.000341339793522, 5.44843896932e-05]
    kurt: [2.63072824478, 0.346520423889, 4.99469852448, 20.9471664429, 5.17678451538, 0.589655399323]
    max: [-0.858771383762, -0.925467073917, -0.829700231552, -0.0930688679218, -0.857191622257, -0.868066012859]
    mean: [-0.950188279152, -0.973176658154, -0.926283836365, -0.128547385335, -0.929825901985, -0.92587697506]
    median: [-0.962550342083, -0.980525135994, -0.934450924397, -0.0999244302511, -0.937963306904, -0.935429930687]
    min: [-0.993405282497, -0.986952066422, -0.945588171482, -0.784421384335, -0.945047259331, -0.945243179798]
    skew: [1.76783978939, 1.09936177731, 2.35597872734, -4.53366041183, 2.15796899796, 1.2886402607]
    var: [0.000855010934174, 0.000236866952037, 0.000713439018, 0.0134509773925, 0.00036609210656, 0.000475580367493]

SpecPeakAmp:
    dmean: [0.000341977167409, 0.000322229258018, 0.000337046309141, 0.000345272856066, 0.000355136406142]
    dmean2: [0.000521482143085, 0.00048962974688, 0.000505448551849, 0.000518306565937, 0.000534401391633]
    dvar: [2.06439813155e-06, 1.94210815607e-06, 2.11651718018e-06, 2.23638221541e-06, 2.31281342167e-06]
    dvar2: [5.31292516825e-06, 5.07273489347e-06, 5.45090733794e-06, 5.75120975554e-06, 5.9408848756e-06]
    kurt: [39.0053329468, 38.3862190247, 38.9923362732, 39.1506919861, 39.0469207764]
    max: [0.00703349942341, 0.00704668974504, 0.00707223918289, 0.00723774451762, 0.00734925363213]
    mean: [0.000204855474294, 0.000206574128242, 0.000196383232833, 0.000198483015993, 0.000203991847229]
    median: [2.84829293378e-05, 2.11630049307e-05, 2.12170998566e-05, 2.18908226088e-05, 2.30234654737e-05]
    min: [9.90644457488e-06, 2.54037354352e-06, 3.5175105495e-06, 4.53874463346e-06, 5.44791510038e-06]
    skew: [6.36923599243, 6.29928874969, 6.36804437637, 6.38531684875, 6.37414216995]
    var: [1.07256869342e-06, 1.08420522338e-06, 1.08762174023e-06, 1.13777730348e-06, 1.17375498121e-06]
