
metadata:
    version:
        essentia: "2.1-beta3"

Flux:
    dmean: 0.0173814594746
    dmean2: 0
    dvar: 0
    dvar2: 0
    kurt: -2
    max: 0.392345428467
    mean: 0.383654713631
    median: 0.383654713631
    min: 0.374963968992
    skew: -5.19592322235e-06
    var: 7.55287837819e-05

Rms:
    dmean: 0
    dmean2: 0
    dvar: 0
    dvar2: 0
    kurt: 0
    max: 0.134515300393
    mean: 0.134515300393
    median: 0.134515300393
    min: 0.134515300393
    skew: 0
    var: 0

RollOff:
    dmean: 516.796875
    dmean2: 0
    dvar: 0
    dvar2: 0
    kurt: -1.99999988079
    max: 2433.25195312
    mean: 2174.85351562
    median: 2174.85351562
    min: 1916.45507812
    skew: 0
    var: 66769.75

SpecCent:
    dmean: 92.2845458984
    dmean2: 0
    dvar: 0
    dvar2: 0
    kurt: -2
    max: 1786.17126465
    mean: 1740.02905273
    median: 1740.02905273
    min: 1693.88671875
    skew: -3.97615303882e-06
    var: 2129.109375

Zcr:
    dmean: 0.00048828125
    dmean2: 0
    dvar: 0
    dvar2: 0
    kurt: -2
    max: 0.0234375
    mean: 0.023193359375
    median: 0.023193359375
    min: 0.02294921875
    skew: 0
    var: 5.96046447754e-08

HarmonicAmpFreq:
    dmean: [120.825195312]
    dmean2: [0]
    dvar: [0]
    dvar2: [0]
    kurt: [-2]
    max: [1733.40405273]
    mean: [1672.99145508]
    median: [1672.99145508]
    min: [1612.57885742]
    skew: [0]
    var: [3649.68188477]

HarmonicAmpMag:
    dmean: [0.0868386998773]
    dmean2: [0]
    dvar: [0]
    dvar2: [0]
    kurt: [-2]
    max: [0.0868386998773]
    mean: [0.0434193499386]
    median: [0.0434193499386]
    min: [0]
    skew: [0]
    var: [0.00188523996621]

MfccCoeff:
    dmean: [400.132080078, 40.261341095, 48.3698272705, 8.97565460205, 58.6929244995, 24.2556800842, 36.239112854, 21.7890033722, 18.393404007, 17.5106658936, 3.73896217346, 9.52514457703, 2.39702987671]
    dmean2: [0, 0, 0, 0, 0, 0, 0, 0, 0, 0, 0, 0, 0]
    dvar: [0, 0, 0, 0, 0, 0, 0, 0, 0, 0, 0, 0, 0]
    dvar2: [0, 0, 0, 0, 0, 0, 0, 0, 0, 0, 0, 0, 0]
    kurt: [-2, -1.99999988079, -2, -2, -2, -2, -2, -2, -2, -1.99999988079, -2, -2, -1.99999988079]
    max: [-578.403991699, 92.1398010254, -89.4329986572, -32.9583511353, 85.3460693359, 35.427532196, -9.86458015442, 2.75685119629, 19.0027503967, 9.56307220459, 0.0920696258545, 7.58664703369, -0.137691497803]
    mean: [-778.470031738, 72.0091323853, -113.617912292, -37.4461784363, 55.9996070862, 23.2996921539, -27.9841346741, -8.13765048981, 9.80604839325, 0.807739257812, -1.77741146088, 2.82407474518, -1.33620643616]
    median: [-778.470031738, 72.0091323853, -113.617912292, -37.4461784363, 55.9996070862, 23.2996921539, -27.9841346741, -8.13765048981, 9.80604839325, 0.807739257812, -1.77741146088, 2.82407474518, -1.33620643616]
    min: [-978.536071777, 51.8784599304, -137.802825928, -41.9340057373, 26.6531448364, 11.1718521118, -46.1036911011, -19.0321521759, 0.609346389771, -7.94759368896, -3.64689254761, -1.93849754333, -2.53472137451]
    skew: [0, -3.29198627469e-07, 0, 0, 0, 0, -1.23117175121e-07, 0, 0, 0, 0, 0, 0]
    var: [40026.421875, 405.243896484, 584.91003418, 20.1405944824, 861.21484375, 147.084503174, 328.31829834, 118.690170288, 84.5793304443, 76.6558532715, 3.49495959282, 22.682094574, 1.43643808365]

SpecContrastCoeff:
    dmean: [0.00782358646393, 0.0136036276817, 0.0771407485008, 0.00249522924423, 0.253829658031, 0.0250399112701]
    dmean2: [0, 0, 0, 0, 0, 0]
    dvar: [0, 0, 0, 0, 0, 0]
    dvar2: [0, 0, 0, 0, 0, 0]
    kurt: [-2, -2, -1.99999988079, -2, -1.99999988079, -2]
    max: [-0.983543097973, -0.962066233158, -0.850707411766, -0.755431830883, -0.524974822998, -0.92807072401]
    mean: [-0.987454891205, -0.968868017197, -0.889277815819, -0.756679415703, -0.651889681816, -0.940590679646]
    median: [-0.987454891205, -0.968868017197, -0.889277815819, -0.756679415703, -0.651889681816, -0.940590679646]
    min: [-0.991366684437, -0.97566986084, -0.927848160267, -0.757927060127, -0.77880448103, -0.953110635281]
    skew: [0, -1.31413189592e-05, 2.31414992413e-06, -7.16912909411e-05, 7.40314760606e-07, 0]
    var: [1.5302126485e-05, 4.62646712549e-05, 0.00148767372593, 1.5565422018e-06, 0.0161073729396, 0.000156749287271]

SpecPeakAmp:
    dmean: [0.0867725610733, 0.0555472373962, 0.0391394756734, 0.0277398340404, 0.0195644628257]
    dmean2: [0, 0, 0, 0, 0]
    dvar: [0, 0, 0, 0, 0]
    dvar2: [0, 0, 0, 0, 0]
    kurt: [-1.99999988079, -2, -2, -1.99999988079, -2]
    max: [0.0868386998773, 0.0556214116514, 0.0392151772976, 0.0278177186847, 0.0196454431862]
    mean: [0.0434524193406, 0.0278477929533, 0.0196454394609, 0.0139478016645, 0.00986321177334]
    median: [0.0434524193406, 0.0278477929533, 0.0196454394609, 0.0139478016645, 0.00986321177334]
    min: [6.6137763497e-05, 7.41747353459e-05, 7.57004163461e-05, 7.78850444476e-05, 8.09805496829e-05]
    skew: [0, 0, -1.8202722174e-07, 0, 0]
    var: [0.00188236928079, 0.000771373917814, 0.000382974685635, 0.000192374602193, 9.56920484896e-05]
