
metadata:
    version:
        essentia: "2.1-beta3"

Flux:
    dmean: 6.65503557684e-06
    dmean2: 9.97592178464e-06
    dvar: 5.40121058989e-10
    dvar2: 1.15898801667e-09
    kurt: 13.8553829193
    max: 0.000125004124129
    mean: 7.82268398325e-06
    median: 1.53000291903e-06
    min: 7.44726207813e-07
    skew: 3.84750795364
    var: 5.67464297774e-10

Rms:
    dmean: 1.65893084159e-06
    dmean2: 1.50453638526e-06
    dvar: 4.29392112145e-11
    dvar2: 3.23447865713e-11
    kurt: 19.6200733185
    max: 0.000101361831184
    mean: 9.94987858576e-05
    median: 0.000101270095911
    min: 5.8845453168e-05
    skew: -4.50820636749
    var: 5.63050266134e-11

RollOff:
    dmean: 0
    dmean2: 0
    dvar: 0
    dvar2: 0
    kurt: -2
    max: 2734.71679688
    mean: 2734.71826172
    median: 2734.71679688
    min: 2734.71679688
    skew: -1
    var: 2.14576721191e-06

SpecCent:
    dmean: 1.59135973454
    dmean2: 1.41138863564
    dvar: 11.9384756088
    dvar2: 6.22135829926
    kurt: 18.683631897
    max: 2744.14697266
    mean: 2717.73193359
    median: 2716.74804688
    min: 2714.19824219
    skew: 4.23587656021
    var: 23.3793525696

Zcr:
    dmean: 0.00297510903329
    dmean2: 0.00302269356325
    dvar: 0.000156977155712
    dvar2: 0.000146993508679
    kurt: 17.3600234985
    max: 0.12353515625
    mean: 0.120161578059
    median: 0.123046875
    min: 0.056640625
    skew: -4.37901210785
    var: 0.000167909878655

HarmonicAmpFreq:
    dmean: [0]
    dmean2: [0]
    dvar: [0]
    dvar2: [0]
    kurt: [-2]
    max: [2719.82226562]
    mean: [2719.82080078]
    median: [2719.82226562]
    min: [2719.82226562]
    skew: [1]
    var: [2.14576721191e-06]

HarmonicAmpMag:
    dmean: [0]
    dmean2: [0]
    dvar: [0]
    dvar2: [0]
    kurt: [nan]
    max: [0]
    mean: [0]
    median: [0]
    min: [0]
    skew: [nan]
    var: [0]

MfccCoeff:
    dmean: [0.0521495714784, 0.014388683252, 0.0681354627013, 0.0409751720726, 0.0521495714784, 0.0613225884736, 0.028222726658, 0.0723330453038, 0, 0.0723332241178, 0.0282234363258, 0.0613209940493, 0.0521495714784]
    dmean2: [0.0538330078125, 0.0148533415049, 0.0703455582261, 0.0423060841858, 0.0538424551487, 0.0633127093315, 0.0291366577148, 0.0746816024184, 0, 0.0746805071831, 0.0291393827647, 0.0633125305176, 0.0538431815803]
    dvar: [0.0557894445956, 0.00424688030034, 0.0952422320843, 0.034441202879, 0.0557936616242, 0.0771428644657, 0.0163411535323, 0.107337005436, 0, 0.107337273657, 0.0163411591202, 0.0771426931024, 0.0557919330895]
    dvar2: [0.0562282912433, 0.00428061978891, 0.0959954410791, 0.0347137562931, 0.0562345571816, 0.0777515694499, 0.0164701268077, 0.108185566962, 0, 0.108185991645, 0.0164703447372, 0.0777521505952, 0.0562332868576]
    kurt: [22.5346031189, 22.532075882, 22.531463623, 22.5314121246, 22.5313796997, 22.5313816071, 22.5318775177, 22.5314254761, nan, 22.5315303802, 22.5313873291, 22.5315589905, 22.5315189362]
    max: [-1137.03991699, 1.14440917969e-05, -6.103515625e-05, 1.08449172974, 1.38012695312, 2.28881835938e-05, -2.67028808594e-05, 1.91430664062, -4.57763671875e-05, -2.28881835938e-05, 0.746921539307, 1.62288665771, -3.81469726562e-05]
    mean: [-1137.09143066, -0.366542130709, -1.73593831062, 1.04394769669, 1.32854223251, -1.56223714352, -0.719061076641, 1.84275090694, -4.57763671875e-05, -1.84282946587, 0.71900087595, 1.56222641468, -1.3286254406]
    median: [-1137.04174805, -0.380283355713, -1.80102539062, 1.08308792114, 1.37835693359, -1.6208114624, -0.746028900146, 1.91185379028, -4.57763671875e-05, -1.91193008423, 0.745960235596, 1.62080383301, -1.37844467163]
    min: [-1138.42004395, -0.380786895752, -1.80334472656, 8.01086425781e-05, -6.103515625e-05, -1.6229019165, -0.746974945068, -5.34057617188e-05, -4.57763671875e-05, -1.91438293457, -2.67028808594e-05, -3.0517578125e-05, -1.38021087646]
    skew: [-4.83223009109, 4.83180761337, 4.8317527771, -4.83174610138, -4.83174514771, 4.83174467087, 4.83178901672, -4.83174943924, nan, 4.83176040649, -4.83174657822, -4.83176183701, 4.83175706863]
    var: [0.0552942417562, 0.00420896429569, 0.0943944901228, 0.0341350063682, 0.0552968420088, 0.0764568373561, 0.0161957982928, 0.106381841004, 0, 0.106381751597, 0.0161957386881, 0.0764561221004, 0.055295266211]

SpecContrastCoeff:
    dmean: [0.0274495854974, 0.02682130225, 0.0259239003062, 0.0292447991669, 0.0246339403093, 0.029297657311]
    dmean2: [0.0348522774875, 0.0408212654293, 0.0406965240836, 0.0468808934093, 0.0361185409129, 0.0484680272639]
    dvar: [0.00157318473794, 0.000702503777575, 0.000532130594365, 0.000565016351175, 0.00107156787999, 0.00057784357341]
    dvar2: [0.00125049799681, 0.00119707908016, 0.000929185072891, 0.000991291482933, 0.000929061148781, 0.00140943878796]
    kurt: [12.8993597031, 5.93900871277, 5.83401870728, 4.72662878036, 12.4994630814, 3.295773983]
    max: [-0.585985183716, -0.714401721954, -0.793603360653, -0.776961922646, -0.595255374908, -0.753474473953]
    mean: [-0.627790868282, -0.805036962032, -0.852150380611, -0.82477492094, -0.634238541126, -0.844728410244]
    median: [-0.617352247238, -0.800364375114, -0.848713636398, -0.818921327591, -0.625695586205, -0.844402194023]
    min: [-0.84363079071, -0.950020909309, -0.977342307568, -0.938416004181, -0.816698491573, -0.945413947105]
    skew: [-3.60704874992, -1.79267394543, -1.87134480476, -1.95220947266, -3.51596927643, -0.414830595255]
    var: [0.00248227734119, 0.00134254002478, 0.000921903934795, 0.000998916453682, 0.00161473790649, 0.000862618733663]

SpecPeakAmp:
    dmean: [1.83834131917e-07, 9.03562380472e-08, 1.06882168893e-07, 1.89886634416e-07, 4.15530223563e-07]
    dmean2: [2.04242979862e-07, 1.25150265262e-07, 1.75996461849e-07, 3.18199198546e-07, 8.08725189927e-07]
    dvar: [5.69043618649e-13, 9.57238794659e-15, 1.61329079978e-14, 2.40665675594e-14, 8.76392193408e-14]
    dvar2: [5.69944102764e-13, 1.17682192184e-14, 1.95808623357e-14, 4.88748005555e-14, 2.16102743339e-13]
    kurt: [20.6668739319, 17.3370819092, 9.3074388504, -0.203056335449, -0.878965616226]
    max: [1.68030182977e-05, 1.15486841423e-06, 7.70025565089e-07, 6.0234862076e-07, 1.02180581507e-06]
    mean: [1.66051486303e-05, 9.94299398371e-07, 1.33803339963e-07, 1.92045206404e-07, 4.42742930318e-07]
    median: [1.6767084162e-05, 9.94840320345e-07, 1.07521913151e-07, 1.46961667724e-07, 3.66987649159e-07]
    min: [1.24846255858e-05, 3.22982771195e-07, 7.40199768146e-09, 1.14762386261e-08, 1.32246924522e-08]
    skew: [-4.66859006882, -3.5507941246, 2.85021162033, 0.987112283707, 0.444615185261]
    var: [5.68178533736e-13, 1.52314819828e-14, 2.10719588073e-14, 3.20345963298e-14, 1.06368066482e-13]
