
metadata:
    version:
        essentia: "2.1-beta3"

Flux:
    dmean: 0.000163307035109
    dmean2: 0.000216479689698
    dvar: 2.84884237089e-07
    dvar2: 5.6119574765e-07
    kurt: 9.57117462158
    max: 0.00310348207131
    mean: 0.000211887148907
    median: 6.70782128509e-06
    min: 2.63187280325e-06
    skew: 3.293207407
    var: 4.62906371013e-07

Rms:
    dmean: 6.31671136944e-05
    dmean2: 4.60808660137e-05
    dvar: 5.19264098386e-08
    dvar2: 2.33910544267e-08
    kurt: 20.797372818
    max: 0.00223952461965
    mean: 0.0021594602149
    median: 0.00223852391355
    min: 0.00041070242878
    skew: -4.52812242508
    var: 9.65329221003e-08

RollOff:
    dmean: 6.85147380829
    dmean2: 7.01081037521
    dvar: 2018.53588867
    dvar2: 2064.36132812
    kurt: 40.0218772888
    max: 3036.18164062
    mean: 2741.41748047
    median: 2734.71679688
    min: 2734.71679688
    skew: 6.48239564896
    var: 1974.69934082

SpecCent:
    dmean: 4.96939373016
    dmean2: 4.65513706207
    dvar: 821.960754395
    dvar2: 727.520507812
    kurt: 39.5862617493
    max: 2904.90209961
    mean: 2703.29345703
    median: 2698.44116211
    min: 2697.69091797
    skew: 6.43279838562
    var: 928.499633789

Zcr:
    dmean: 0.00410600146279
    dmean2: 0.00289562135004
    dvar: 0.000228018325288
    dvar2: 0.000154632769409
    kurt: 17.8727436066
    max: 0.12353515625
    mean: 0.117795139551
    median: 0.123046875
    min: 0.00439453125
    skew: -4.24202728271
    var: 0.000440588511992

HarmonicAmpFreq:
    dmean: [0.0291415136307]
    dmean2: [0.0298192221671]
    dvar: [0.0365167893469]
    dvar2: [0.0373458117247]
    kurt: [39.8418617249]
    max: [2721.03662109]
    mean: [2719.78417969]
    median: [2719.75439453]
    min: [2719.75439453]
    skew: [6.46154594421]
    var: [0.0357254296541]

HarmonicAmpMag:
    dmean: [7.87890783727e-08]
    dmean2: [8.06213833471e-08]
    dvar: [2.66931903014e-13]
    dvar2: [2.72991888426e-13]
    kurt: [40.0227279663]
    max: [3.46671936313e-06]
    mean: [7.70382087012e-08]
    median: [0]
    min: [0]
    skew: [6.48249435425]
    var: [2.61134945048e-13]

MfccCoeff:
    dmean: [0.774799704552, 0.221798986197, 0.988039731979, 0.607184648514, 0.699057161808, 0.839179098606, 0.317108660936, 0.876780748367, 0.190078034997, 0.74255079031, 0.439095765352, 0.50612282753, 0.584020197392]
    dmean2: [0.946348667145, 0.260794699192, 1.21058511734, 0.711097538471, 0.870788216591, 0.975731313229, 0.430121570826, 1.01124179363, 0.16081237793, 0.855016112328, 0.386527299881, 0.599782526493, 0.524057507515]
    dvar: [12.8120145798, 1.0664588213, 20.8866157532, 8.05852222443, 10.5396995544, 15.6513357162, 2.29280161858, 17.5112819672, 0.500917494297, 12.9336490631, 3.44354224205, 6.16792631149, 6.54226636887]
    dvar2: [20.8765468597, 1.57204294205, 34.2918930054, 11.7462778091, 18.0063457489, 22.3502922058, 4.68845367432, 24.428647995, 0.419143795967, 17.9189376831, 2.34664750099, 9.16444969177, 4.67877101898]
    kurt: [25.9200992584, 28.3251857758, 25.7998580933, 28.7636756897, 24.7758827209, 29.5816307068, 19.4658584595, 30.6578369141, 15.264793396, 31.7751502991, 27.4188423157, 31.8373451233, 29.5275001526]
    max: [-1115.48022461, 1.14440917969e-05, -6.103515625e-05, 18.3205757141, 20.7263031006, 2.28881835938e-05, -2.67028808594e-05, 27.1803836823, -4.57763671875e-05, -2.28881835938e-05, 13.7622032166, 16.2532520294, -3.81469726562e-05]
    mean: [-1122.39562988, -5.0824842453, -20.3105545044, 14.1275663376, 13.8043699265, -20.0875930786, -4.64731025696, 21.7495517731, -5.08650541306, -18.9276542664, 13.2720890045, 12.4695749283, -18.2500839233]
    median: [-1122.07824707, -5.20235061646, -20.704410553, 14.463809967, 14.0420837402, -20.572517395, -4.65441513062, 22.279718399, -5.34037780762, -19.3806381226, 13.7611274719, 12.7294235229, -18.8910636902]
    min: [-1138.42004395, -6.65547561646, -29.2819328308, 8.01086425781e-05, -6.103515625e-05, -25.5996665955, -9.1987991333, -5.34057617188e-05, -5.34097290039, -23.4726333618, -2.67028808594e-05, -3.0517578125e-05, -18.8922996521]
    skew: [-4.38472223282, 5.03043746948, 4.32823419571, -5.10276508331, -3.94116783142, 5.22982215881, 0.148144841194, -5.37951946259, 3.98783755302, 5.50164413452, -5.2038526535, -5.37264633179, 5.40940141678]
    var: [7.25709629059, 0.693924367428, 11.6988716125, 5.31967401505, 5.56444072723, 10.6040287018, 0.941214561462, 12.212225914, 0.980744242668, 9.0875749588, 4.81249237061, 3.9457244873, 8.76277065277]

SpecContrastCoeff:
    dmean: [0.0220840554684, 0.022451935336, 0.0150685990229, 0.008629235439, 0.0147272609174, 0.0102787315845]
    dmean2: [0.0310167763382, 0.038050763309, 0.0226725898683, 0.0142356334254, 0.0171911660582, 0.0184722132981]
    dvar: [0.00139913486782, 0.000269707583357, 0.00023911158496, 4.04474703828e-05, 0.00188973371405, 7.86411765148e-05]
    dvar2: [0.00140376202762, 0.000519895518664, 0.000606730056461, 9.21256942092e-05, 0.00194249046035, 0.000114651331387]
    kurt: [12.6571445465, 2.66455602646, 1.06518316269, -0.0346717834473, 16.4085769653, 7.89977550507]
    max: [-0.668945193291, -0.838719725609, -0.872802555561, -0.901979804039, -0.483111083508, -0.875768780708]
    mean: [-0.712415039539, -0.894629061222, -0.909018516541, -0.922334134579, -0.510919332504, -0.891701281071]
    median: [-0.698059916496, -0.889098584652, -0.90721398592, -0.92163592577, -0.494172632694, -0.890051186085]
    min: [-0.993836939335, -0.984787881374, -0.963426411152, -0.943359375, -0.867166042328, -0.95069527626]
    skew: [-3.57076740265, -1.2339887619, -0.748134374619, -0.0913381800056, -4.13311243057, -2.75988793373]
    var: [0.00333858793601, 0.000670090550557, 0.00037052607513, 7.77160166763e-05, 0.0047955759801, 0.000215754902456]

SpecPeakAmp:
    dmean: [5.5689099554e-07, 4.07847181805e-07, 3.50626748968e-07, 4.81843073885e-07, 3.67101193888e-07]
    dmean2: [5.5168942481e-07, 6.91102059136e-07, 5.79721756822e-07, 8.00008535862e-07, 6.89716955549e-07]
    dvar: [4.63280585769e-12, 2.77603813418e-13, 2.77865160351e-13, 2.50988926908e-13, 2.75559252066e-13]
    dvar2: [3.13595894044e-12, 7.12008685518e-13, 6.32799260041e-13, 6.753986476e-13, 4.88042115401e-13]
    kurt: [32.6040878296, 14.1466407776, 11.0624113083, 8.98128509521, 9.79294013977]
    max: [1.69860522874e-05, 2.8625881896e-06, 3.04456420963e-06, 3.13151622322e-06, 3.51873995896e-06]
    mean: [1.62363849086e-05, 5.58288206776e-07, 4.2956403945e-07, 7.71011002598e-07, 5.93166134877e-07]
    median: [1.67490688909e-05, 4.72924284622e-07, 1.85838416655e-07, 8.0929419255e-07, 2.89113643248e-07]
    min: [1.8874678176e-07, 1.47065918554e-07, 6.4387677412e-08, 1.04763643094e-07, 1.25077690427e-07]
    skew: [-5.69792175293, 3.52779960632, 2.93304777145, 2.14027166367, 3.03725838661]
    var: [6.44640070491e-12, 2.04332359951e-13, 2.75637910933e-13, 2.45833870838e-13, 4.97330366993e-13]
