
metadata:
    version:
        essentia: "2.1-beta3"

Flux:
    dmean: 0.00363490334712
    dmean2: 0.0048065232113
    dvar: 0.000143233468407
    dvar2: 0.000282019434962
    kurt: 9.54692363739
    max: 0.0694370642304
    mean: 0.00464172847569
    median: 2.44841303356e-05
    min: 1.10836845124e-05
    skew: 3.29016470909
    var: 0.00023296760628

Rms:
    dmean: 0.00141585886013
    dmean2: 0.00103165290784
    dvar: 2.61064633378e-05
    dvar2: 1.17554454846e-05
    kurt: 20.8204593658
    max: 0.0501387417316
    mean: 0.0483468957245
    median: 0.0501201786101
    min: 0.00911815743893
    skew: -4.53023576736
    var: 4.85434757138e-05

RollOff:
    dmean: 6.36208295822
    dmean2: 6.51003837585
    dvar: 1740.47192383
    dvar2: 1779.98510742
    kurt: 40.0218048096
    max: 3014.6484375
    mean: 2740.93896484
    median: 2734.71679688
    min: 2734.71679688
    skew: 6.48238706589
    var: 1702.67443848

SpecCent:
    dmean: 4.9764957428
    dmean2: 4.62527799606
    dvar: 815.270507812
    dvar2: 716.790588379
    kurt: 39.5406761169
    max: 2904.63574219
    mean: 2703.24731445
    median: 2698.21972656
    min: 2697.62036133
    skew: 6.42766857147
    var: 926.969421387

Zcr:
    dmean: 0.004150390625
    dmean2: 0.00295239826664
    dvar: 0.000230296092923
    dvar2: 0.000156934387633
    kurt: 17.7861461639
    max: 0.12353515625
    mean: 0.11777343601
    median: 0.123046875
    min: 0.00390625
    skew: -4.23356866837
    var: 0.000445520621724

HarmonicAmpFreq:
    dmean: [0.0496493242681]
    dmean2: [0.0508039593697]
    dvar: [0.105997398496]
    dvar2: [0.108403779566]
    kurt: [40.1168823242]
    max: [2719.75610352]
    mean: [2719.70874023]
    median: [2719.75610352]
    min: [2717.5715332]
    skew: [-6.49338102341]
    var: [0.103696845472]

HarmonicAmpMag:
    dmean: [1.73059822828e-06]
    dmean2: [1.77084473307e-06]
    dvar: [1.28783705922e-10]
    dvar2: [1.31707436624e-10]
    kurt: [40.0227355957]
    max: [7.61463234085e-05]
    mean: [1.69214047219e-06]
    median: [0]
    min: [0]
    skew: [6.48249530792]
    var: [1.25986929222e-10]

MfccCoeff:
    dmean: [10.2293205261, 1.21382403374, 3.14687561989, 0.885112583637, 0.795353353024, 0.978757798672, 0.392545968294, 1.09007441998, 0.293397217989, 0.986265897751, 0.712538123131, 0.689978301525, 0.989208400249]
    dmean2: [15.2633256912, 1.74161720276, 4.26667690277, 1.01791536808, 0.634882092476, 0.610170125961, 0.317878246307, 0.662548482418, 0.28414362669, 0.943344712257, 0.806281805038, 0.716013014317, 1.11918389797]
    dvar: [2179.97680664, 31.8330059052, 216.900436401, 25.0240955353, 13.2911500931, 18.8142108917, 2.41449856758, 21.9581298828, 1.21349084377, 18.7629184723, 8.17328262329, 9.37264728546, 16.2838077545]
    dvar2: [5406.00634766, 73.3103637695, 448.772674561, 33.0347671509, 6.98056650162, 7.62979984283, 1.28151416779, 12.4735393524, 1.12211489677, 17.3470897675, 9.48792362213, 9.51999568939, 18.944021225]
    kurt: [37.7944984436, 27.3393688202, 19.3392467499, 37.9047355652, 34.1425552368, 28.7464084625, 27.2421894073, 25.0310745239, 11.7949438095, 21.4833984375, 16.8234844208, 20.90691185, 17.5032844543]
    max: [-891.942138672, -1.61604690552, -7.56715393066, 37.9032592773, 40.4517097473, -6.57303619385, -2.90966415405, 52.6743927002, -0.060188293457, -6.91580200195, 25.9508323669, 33.6676025391, -4.4455947876]
    mean: [-1094.46643066, -12.1835002899, -51.4165306091, 32.7420692444, 35.6742286682, -46.350730896, -15.2193670273, 50.7852935791, -6.53337812424, -45.3879203796, 24.8774242401, 32.1710624695, -36.3899345398]
    median: [-1098.36328125, -11.9391975403, -51.2845420837, 33.2887153625, 36.4268989563, -47.6712150574, -15.4663772583, 52.3451309204, -6.91996765137, -46.8899078369, 25.9455680847, 33.2238235474, -37.8874778748]
    min: [-1132.58032227, -33.3497772217, -96.5480270386, 4.53163528442, 5.64479064941, -47.9176750183, -20.0144500732, 7.38994789124, -6.92757415771, -47.2863616943, 2.66862869263, 5.37085723877, -37.8899650574]
    skew: [6.18305635452, -4.17654275894, -0.20533028245, -6.19949054718, -5.8326177597, 5.38093805313, 4.67136001587, -5.04955053329, 3.65508389473, 4.74177980423, -4.20176410675, -4.69528913498, 4.28404474258]
    var: [957.901062012, 12.4959278107, 88.3455047607, 18.5597000122, 22.0920715332, 42.3885154724, 4.16341018677, 54.675743103, 2.10402870178, 47.8585166931, 18.480922699, 23.7840118408, 37.4804000854]

SpecContrastCoeff:
    dmean: [0.0305770207196, 0.00997477211058, 0.00733547843993, 0.0068889814429, 0.0184042677283, 0.007353708148]
    dmean2: [0.0360217429698, 0.0159266851842, 0.00943281874061, 0.00705076241866, 0.0159377213567, 0.00691803405061]
    dvar: [0.00149993901141, 0.000106268475065, 6.49832509225e-05, 8.84907494765e-05, 0.00307637313381, 3.52176975866e-05]
    dvar2: [0.00411664880812, 0.000201715898584, 9.41135876928e-05, 0.000201772942091, 0.00264255376533, 7.48901366023e-05]
    kurt: [0.911187171936, -0.198020219803, 4.55188655853, 2.91407060623, 17.376001358, -1.2616994381]
    max: [-0.728874623775, -0.939441084862, -0.920248985291, -0.891992747784, -0.324861764908, -0.911518931389]
    mean: [-0.849718928337, -0.974029779434, -0.975730836391, -0.945265114307, -0.358417421579, -0.932391941547]
    median: [-0.86282813549, -0.978004157543, -0.980520486832, -0.951185464859, -0.337856173515, -0.935874521732]
    min: [-0.985612750053, -0.991782665253, -0.989254117012, -0.959435284138, -0.831048190594, -0.946854054928]
    skew: [0.165530666709, 0.990318715572, 1.87369894981, 1.75725293159, -4.20996189117, 0.447744786739]
    var: [0.00256673106924, 0.000204948853934, 0.000178674570634, 0.000259888183791, 0.00797303393483, 0.000136275906698]

SpecPeakAmp:
    dmean: [4.41316524302e-06, 5.13893428433e-06, 4.91755918119e-06, 3.57462909051e-06, 4.98820645589e-06]
    dmean2: [6.01568535785e-06, 7.50652407078e-06, 7.31485124561e-06, 5.89284536545e-06, 7.39217921364e-06]
    dvar: [2.8045363254e-10, 3.97513688633e-10, 3.65296404237e-10, 2.32928315524e-10, 3.78346576291e-10]
    dvar2: [7.06254388305e-10, 1.04080666308e-09, 9.67302127286e-10, 5.66704072558e-10, 1.00183217278e-09]
    kurt: [34.9759292603, 37.2296981812, 36.1551208496, 18.5941753387, 35.9679794312]
    max: [9.30520982365e-05, 0.000101195488242, 0.000100516452221, 0.000100657467556, 0.000102658203105]
    mean: [1.86153229151e-05, 4.89134345116e-06, 5.01323529534e-06, 6.26486598776e-06, 5.07202366862e-06]
    median: [1.74097949639e-05, 2.55034751717e-06, 2.49963864007e-06, 2.44155785367e-06, 2.47001867137e-06]
    min: [7.08901552571e-06, 4.42198796691e-07, 4.49185336038e-07, 4.0367038423e-07, 4.28243879469e-07]
    skew: [5.87226057053, 6.17395591736, 6.05674886703, 4.45559930801, 6.03673505783]
    var: [1.34092167925e-10, 2.1801854766e-10, 2.17348583575e-10, 3.25987958849e-10, 2.27484892035e-10]
