
metadata:
    version:
        essentia: "2.1-beta3"

Flux:
    dmean: 0.0325541645288
    dmean2: 0.0431233793497
    dvar: 0.0116064557806
    dvar2: 0.0223501175642
    kurt: 9.35711574554
    max: 0.639395236969
    mean: 0.0427323915064
    median: 0.000191323182662
    min: 6.42956074444e-05
    skew: 3.2622795105
    var: 0.0196321178228

Rms:
    dmean: 0.0130058443174
    dmean2: 0.00949509069324
    dvar: 0.00221554702148
    dvar2: 0.00100186374038
    kurt: 21.0472316742
    max: 0.461947441101
    mean: 0.445511132479
    median: 0.461792737246
    min: 0.0832643136382
    skew: -4.55217504501
    var: 0.00411286996678

RollOff:
    dmean: 6.36208295822
    dmean2: 6.51003837585
    dvar: 1740.47192383
    dvar2: 1779.98510742
    kurt: 40.0218048096
    max: 3014.6484375
    mean: 2740.93896484
    median: 2734.71679688
    min: 2734.71679688
    skew: 6.48238706589
    var: 1702.67443848

SpecCent:
    dmean: 4.45335245132
    dmean2: 4.12214994431
    dvar: 648.293945312
    dvar2: 567.715148926
    kurt: 39.5244102478
    max: 2882.58007812
    mean: 2702.69433594
    median: 2698.2043457
    min: 2697.61767578
    skew: 6.42587614059
    var: 739.729797363

Zcr:
    dmean: 0.004150390625
    dmean2: 0.00299781979993
    dvar: 0.000227781856665
    dvar2: 0.000153026907356
    kurt: 17.95221138
    max: 0.12353515625
    mean: 0.117827691138
    median: 0.123046875
    min: 0.00439453125
    skew: -4.24984312057
    var: 0.000439705501776

HarmonicAmpFreq:
    dmean: [0.164733886719]
    dmean2: [0.168564900756]
    dvar: [1.16690182686]
    dvar2: [1.19339346886]
    kurt: [40.0508117676]
    max: [2719.75610352]
    mean: [2719.59619141]
    median: [2719.75610352]
    min: [2712.5078125]
    skew: [-6.48574256897]
    var: [1.1415617466]

HarmonicAmpMag:
    dmean: [1.56471505761e-05]
    dmean2: [1.60110375873e-05]
    dvar: [1.05278328277e-08]
    dvar2: [1.07668389759e-08]
    kurt: [40.0227279663]
    max: [0.000688474625349]
    mean: [1.52994361997e-05]
    median: [0]
    min: [0]
    skew: [6.48249387741]
    var: [1.02992014916e-08]

MfccCoeff:
    dmean: [24.8029174805, 2.62854766846, 1.66271090508, 1.67076456547, 2.45943903923, 2.59968471527, 1.45368468761, 2.78464865685, 0.975239753723, 1.98495721817, 1.3720574379, 1.55561602116, 1.75099933147]
    dmean2: [35.1683616638, 2.41387248039, 1.80981636047, 1.19987332821, 2.83452701569, 3.2383878231, 1.28676378727, 2.85894942284, 1.02225232124, 2.87589359283, 1.25275874138, 1.69494271278, 1.89587688446]
    dvar: [8691.95019531, 114.637397766, 16.5909500122, 6.56217956543, 38.4614524841, 56.3124389648, 4.96739339828, 69.8078079224, 1.70846056938, 55.1685943604, 19.4593677521, 26.9347038269, 30.8727436066]
    dvar2: [21293.3554688, 125.388572693, 24.7703037262, 6.55332422256, 60.687625885, 95.4214630127, 5.80542230606, 78.4964981079, 4.44182443619, 96.3255157471, 16.718744278, 30.2415466309, 35.4998703003]
    kurt: [26.0910930634, 27.7007846832, 10.6334972382, 15.4371204376, 10.0576982498, 10.5414056778, 6.90158843994, 14.0461864471, -0.809883832932, 10.6027479172, 16.2685222626, 13.5708274841, 12.8153591156]
    max: [-629.016845703, 49.1773605347, -66.4023132324, 56.1894683838, 68.2164764404, -28.6207389832, -9.96838378906, 77.089630127, -2.58806991577, -21.317024231, 32.7047233582, 45.1753311157, -3.81718444824]
    mean: [-1055.19702148, -16.3190517426, -87.0089111328, 50.5866012573, 59.5278816223, -68.9742126465, -26.7480812073, 72.419593811, -5.85078668594, -62.526550293, 30.376247406, 42.6311149597, -44.6243972778]
    median: [-1070.80285645, -18.5586128235, -86.4468231201, 51.1096496582, 61.6099128723, -71.4775085449, -28.0445098877, 75.8052520752, -5.30224609375, -65.3634109497, 32.0371665955, 44.7619552612, -46.7493095398]
    min: [-1071.56176758, -21.3831367493, -110.148231506, 28.4471931458, 24.5890693665, -73.948059082, -29.9094009399, 10.6197757721, -9.0076751709, -65.8011245728, -4.63306045532, 3.72891998291, -47.7353630066]
    skew: [5.1369972229, 5.20738315582, -1.35880088806, -3.4971268177, -3.27473855019, 3.41839361191, 2.55201101303, -3.85069918633, -0.367083907127, 3.48929286003, -4.08619165421, -3.80045604706, 3.71852612495]
    var: [5138.22314453, 116.379875183, 31.4769077301, 17.502664566, 66.4531936646, 93.2656707764, 17.4428691864, 156.703735352, 2.14018011093, 97.7616348267, 44.8932151794, 63.6640625, 73.597038269]

SpecContrastCoeff:
    dmean: [0.0225901324302, 0.00725178560242, 0.00686292070895, 0.00824609491974, 0.0219633597881, 0.0106937177479]
    dmean2: [0.0338603742421, 0.00987617392093, 0.00701432581991, 0.00827422272414, 0.0145009411499, 0.011684502475]
    dvar: [0.00110793660861, 0.000124926111312, 0.000143589219078, 0.000116781935503, 0.00458900351077, 0.000102235557279]
    dvar2: [0.00271677225828, 0.000207386518014, 0.000136998118251, 0.000236080872128, 0.00282897544093, 0.000186589677469]
    kurt: [4.6536283493, 6.3482503891, 17.165561676, 4.83425712585, 19.0646705627, -0.707948207855]
    max: [-0.834699928761, -0.932664513588, -0.892601788044, -0.863150954247, -0.182477489114, -0.89276689291]
    mean: [-0.949626088142, -0.988839864731, -0.981149971485, -0.935649514198, -0.218019023538, -0.92584335804]
    median: [-0.960233032703, -0.994674682617, -0.987960636616, -0.942337095737, -0.192879810929, -0.933256149292]
    min: [-0.994307219982, -0.997031390667, -0.991310179234, -0.951462209225, -0.786906898022, -0.941477656364]
    skew: [2.24265742302, 2.48875141144, 3.72223234177, 2.11267900467, -4.35174036026, 0.880586624146]
    var: [0.00111201184336, 0.000171181935002, 0.000261702225544, 0.000360101286788, 0.0106949703768, 0.000255963765085]

SpecPeakAmp:
    dmean: [9.35532880249e-05, 9.26002830965e-05, 9.09723094082e-05, 7.86794407759e-05, 9.14851843845e-05]
    dmean2: [0.000136303264298, 0.000135009177029, 0.000133056717459, 0.000120368757052, 0.00013389805099]
    dvar: [1.38417291851e-07, 1.35311495342e-07, 1.29784453407e-07, 9.80654704108e-08, 1.31796142e-07]
    dvar2: [3.56384617817e-07, 3.48520728721e-07, 3.36166408488e-07, 2.59529201685e-07, 3.41182584407e-07]
    kurt: [36.309463501, 35.9628334045, 35.5818252563, 27.7324581146, 35.6313667297]
    max: [0.00182554358616, 0.00181375362445, 0.00180599081796, 0.00179997237865, 0.00181768718176]
    mean: [7.72716812207e-05, 6.93599431543e-05, 7.00654345565e-05, 8.15766616142e-05, 7.04733465682e-05]
    median: [2.86117046926e-05, 2.15837953874e-05, 2.13570474443e-05, 2.07654375117e-05, 2.09466852539e-05]
    min: [1.00637034848e-05, 2.12069107874e-06, 1.60523745762e-06, 2.35041102314e-06, 3.30883244715e-06]
    skew: [6.08966970444, 6.05422973633, 6.01084327698, 5.22077798843, 6.01635026932]
    var: [7.2718577826e-08, 7.27273530288e-08, 7.23798621038e-08, 8.0078578435e-08, 7.32766523015e-08]
