
metadata:
    version:
        essentia: "2.1-beta3"

Flux:
    dmean: 0.0173354744911
    dmean2: 0
    dvar: 0
    dvar2: 0
    kurt: -2
    max: 0.388987451792
    mean: 0.380319714546
    median: 0.380319714546
    min: 0.371651977301
    skew: 0
    var: 7.5129668403e-05

Rms:
    dmean: 0
    dmean2: 0
    dvar: 0
    dvar2: 0
    kurt: 0
    max: 0.133524805307
    mean: 0.133524805307
    median: 0.133524805307
    min: 0.133524805307
    skew: 0
    var: 0

RollOff:
    dmean: 839.794921875
    dmean2: 0
    dvar: 0
    dvar2: 0
    kurt: -1.99999988079
    max: 2540.91796875
    mean: 2121.02050781
    median: 2121.02050781
    min: 1701.12304688
    skew: 0
    var: 176313.875

SpecCent:
    dmean: 6.09423828125
    dmean2: 0
    dvar: 0
    dvar2: 0
    kurt: -1.99999988079
    max: 2127.69091797
    mean: 2124.64379883
    median: 2124.64379883
    min: 2121.59667969
    skew: 0
    var: 9.28493499756

Zcr:
    dmean: 0
    dmean2: 0
    dvar: 0
    dvar2: 0
    kurt: 0
    max: 0.0166015625
    mean: 0.0166015625
    median: 0.0166015625
    min: 0.0166015625
    skew: 0
    var: 0

HarmonicAmpFreq:
    dmean: [0]
    dmean2: [0]
    dvar: [0]
    dvar2: [0]
    kurt: [nan]
    max: [2283.44140625]
    mean: [2283.44140625]
    median: [2283.44140625]
    min: [2283.44140625]
    skew: [nan]
    var: [0]

HarmonicAmpMag:
    dmean: [0]
    dmean2: [0]
    dvar: [0]
    dvar2: [0]
    kurt: [nan]
    max: [0]
    mean: [0]
    median: [0]
    min: [0]
    skew: [nan]
    var: [0]

MfccCoeff:
    dmean: [293.458496094, 82.344543457, 50.9096374512, 81.2027587891, 22.6908473969, 11.5714874268, 11.0718460083, 14.906835556, 6.41708564758, 3.84811401367, 0.841222763062, 6.38249969482, 1.89619445801]
    dmean2: [0, 0, 0, 0, 0, 0, 0, 0, 0, 0, 0, 0, 0]
    dvar: [0, 0, 0, 0, 0, 0, 0, 0, 0, 0, 0, 0, 0]
    dvar2: [0, 0, 0, 0, 0, 0, 0, 0, 0, 0, 0, 0, 0]
    kurt: [-2, -2, -2, -1.99999988079, -2, -2, -2, -2, -2, -2, -2, -2, -2]
    max: [-583.272888184, 176.040374756, -87.327835083, -2.87943077087, 26.1225643158, 1.57277679443, -15.7882080078, 11.3825283051, 6.29521369934, -4.84845733643, -3.57564353943, 5.72304534912, -0.892692565918]
    mean: [-730.00213623, 134.868103027, -112.782653809, -43.4808120728, 14.7771406174, -4.21296691895, -21.324131012, 3.92911052704, 3.08667087555, -6.77251434326, -3.99625492096, 2.53179550171, -1.84078979492]
    median: [-730.00213623, 134.868103027, -112.782653809, -43.4808120728, 14.7771406174, -4.21296691895, -21.324131012, 3.92911052704, 3.08667087555, -6.77251434326, -3.99625492096, 2.53179550171, -1.84078979492]
    min: [-876.731384277, 93.6958312988, -138.237472534, -84.0821914673, 3.43171691895, -9.99871063232, -26.8600540161, -3.52430725098, -0.121871948242, -8.6965713501, -4.41686630249, -0.659454345703, -2.78888702393]
    skew: [0, 0, 0, 0, 0, 0, 0, 0, 0, 0, 0, 0, 0]
    var: [21529.4726562, 1695.15600586, 647.947814941, 1648.4720459, 128.718643188, 33.4748306274, 30.6464443207, 55.5534362793, 10.2947473526, 3.70199537277, 0.176913931966, 10.1840753555, 0.898888349533]

SpecContrastCoeff:
    dmean: [0.160412549973, 0.0735411047935, 0.133751213551, 0.0641600489616, 0.179439008236, 0.0555201768875]
    dmean2: [0, 0, 0, 0, 0, 0]
    dvar: [0, 0, 0, 0, 0, 0]
    dvar2: [0, 0, 0, 0, 0, 0]
    kurt: [-2, -2, -2, -2, -2, -2]
    max: [-0.790028512478, -0.810827374458, -0.85178488493, -0.835986733437, -0.527764558792, -0.841210663319]
    mean: [-0.870234787464, -0.847597956657, -0.918660521507, -0.86806678772, -0.617484092712, -0.868970751762]
    median: [-0.870234787464, -0.847597956657, -0.918660521507, -0.86806678772, -0.617484092712, -0.868970751762]
    min: [-0.95044106245, -0.884368479252, -0.98553609848, -0.900146782398, -0.707203567028, -0.896730840206]
    skew: [0, 2.4513453809e-06, 1.36230687531e-06, 2.75483830592e-06, 1.00746399312e-06, 0]
    var: [0.0064330464229, 0.00135207350831, 0.0044723469764, 0.00102912797593, 0.00804958958179, 0.00077062251512]

SpecPeakAmp:
    dmean: [0.00364322355017, 0.000532460166141, 0.000793581129983, 0.0013218424283, 0.00224785646424]
    dmean2: [0, 0, 0, 0, 0]
    dvar: [0, 0, 0, 0, 0]
    dvar2: [0, 0, 0, 0, 0]
    kurt: [-2, -2, -1.99999988079, -1.99999988079, -2]
    max: [0.00378370867111, 0.00410377513617, 0.00449839234352, 0.00522368960083, 0.00621825922281]
    mean: [0.00196209689602, 0.00383754493669, 0.00410160189494, 0.00456276815385, 0.00509433075786]
    median: [0.00196209689602, 0.00383754493669, 0.00410160189494, 0.00456276815385, 0.00509433075786]
    min: [0.000140485077281, 0.00357131497003, 0.00370481121354, 0.00390184717253, 0.00397040275857]
    skew: [0, 1.33298999572e-06, -8.8857945002e-07, 1.00946317616e-06, 5.86483452025e-07]
    var: [3.31826936417e-06, 7.08784568815e-08, 1.57442741511e-07, 4.36816833371e-07, 1.26321469907e-06]
