
metadata:
    version:
        essentia: "2.1-beta3"

Flux:
    dmean: 6.33975560049e-06
    dmean2: 9.31047907216e-06
    dvar: 5.29810750827e-10
    dvar2: 1.13177311967e-09
    kurt: 13.7132358551
    max: 0.000124155558296
    mean: 7.67762048781e-06
    median: 1.43643342199e-06
    min: 5.86031603689e-07
    skew: 3.83172869682
    var: 5.63745272686e-10

Rms:
    dmean: 1.88856381556e-06
    dmean2: 1.63142840393e-06
    dvar: 4.29584007255e-11
    dvar2: 3.20911491825e-11
    kurt: 19.2272796631
    max: 0.000102142257674
    mean: 9.95128575596e-05
    median: 0.000101221259683
    min: 5.90036615904e-05
    skew: -4.46779870987
    var: 5.68444770421e-11

RollOff:
    dmean: 0
    dmean2: 0
    dvar: 0
    dvar2: 0
    kurt: 0
    max: 193.798828125
    mean: 193.798828125
    median: 193.798828125
    min: 193.798828125
    skew: 0
    var: 0

SpecCent:
    dmean: 4.66493558884
    dmean2: 3.38748979568
    dvar: 121.040809631
    dvar2: 108.69833374
    kurt: 19.5795841217
    max: 495.350494385
    mean: 423.69140625
    median: 421.504699707
    min: 414.686676025
    skew: 4.29923772812
    var: 168.817001343

Zcr:
    dmean: 0.000272529083304
    dmean2: 0.000383649545256
    dvar: 6.02171439823e-07
    dvar2: 6.759248663e-07
    kurt: 16.0206317902
    max: 0.00830078125
    mean: 0.00775701366365
    median: 0.0078125
    min: 0.00390625
    skew: -4.00641584396
    var: 5.87549720876e-07

HarmonicAmpFreq:
    dmean: [0.0910165458918]
    dmean2: [0.100705102086]
    dvar: [0.170944109559]
    dvar2: [0.168914675713]
    kurt: [31.5361442566]
    max: [176.744552612]
    mean: [174.150360107]
    median: [174.070068359]
    min: [174.057525635]
    skew: [5.64373683929]
    var: [0.173381984234]

HarmonicAmpMag:
    dmean: [3.77376181859e-06]
    dmean2: [3.8082125684e-06]
    dvar: [3.00039215695e-10]
    dvar2: [2.94597179984e-10]
    kurt: [22.9281101227]
    max: [0.000140881937114]
    mean: [0.000137100825668]
    median: [0.000140830059536]
    min: [3.77255128114e-05]
    skew: [-4.86482143402]
    var: [3.05552860791e-10]

MfccCoeff:
    dmean: [0.140238910913, 0.193282723427, 0.17843131721, 0.154607012868, 0.123171783984, 0.0859229490161, 0.0450645275414, 0.00289650843479, 0.0397782437503, 0.0786136388779, 0.112480163574, 0.139741227031, 0.159186780453]
    dmean2: [0.143752321601, 0.198124483228, 0.182872220874, 0.158392772079, 0.12614223361, 0.0879255011678, 0.0461927130818, 0.00332169304602, 0.0412931889296, 0.0810899287462, 0.115751355886, 0.14359664917, 0.163400739431]
    dvar: [0.496830701828, 0.943879961967, 0.804701089859, 0.604664802551, 0.384301841259, 0.187330111861, 0.0513703152537, 0.000163387521752, 0.0389111489058, 0.154097467661, 0.317084103823, 0.490900784731, 0.638462603092]
    dvar2: [0.504533827305, 0.958487927914, 0.817091822624, 0.613870739937, 0.390031993389, 0.19000415504, 0.05199534446, 0.000152639433509, 0.0396634526551, 0.156787127256, 0.322398841381, 0.498917341232, 0.648661315441]
    kurt: [31.00390625, 31.0089302063, 31.0163421631, 31.0307502747, 31.0572242737, 31.1094932556, 31.2572937012, 35.3845024109, 30.6337242126, 30.819278717, 30.8869934082, 30.9288825989, 30.9629898071]
    max: [-1133.94128418, 6.17329025269, 5.70050048828, 4.94246292114, 3.94143676758, 2.75380706787, 1.44504165649, 0.0878829956055, -4.57763671875e-05, -2.28881835938e-05, -2.67028808594e-05, -3.0517578125e-05, -3.81469726562e-05]
    mean: [-1134.08007812, 5.98219251633, 5.52406454086, 4.78959369659, 3.81964898109, 2.66888785362, 1.40074682236, 0.0847180113196, -1.20845484734, -2.41087079048, -3.46148657799, -4.30943727493, -4.91694021225]
    median: [-1133.94335938, 6.17058944702, 5.69802856445, 4.94037246704, 3.93978881836, 2.75276947021, 1.44474411011, 0.0870704650879, -1.24685287476, -2.48710250854, -3.57080078125, -4.44540405273, -5.07192230225]
    min: [-1138.42004395, 1.14440917969e-05, -6.103515625e-05, 8.01086425781e-05, -6.103515625e-05, 2.28881835938e-05, -2.67028808594e-05, -5.34057617188e-05, -1.24764251709, -2.48848724365, -3.57262039185, -4.44755554199, -5.07431793213]
    skew: [-5.59451532364, -5.5951051712, -5.59579658508, -5.59714603424, -5.59962940216, -5.60453414917, -5.61840963364, -6.0152926445, 5.55997276306, 5.57733058929, 5.58367347717, 5.58759880066, 5.59079504013]
    var: [0.489480376244, 0.929925858974, 0.792872846127, 0.595876634121, 0.378831416368, 0.184784978628, 0.0507812872529, 0.000174974426045, 0.0381821841002, 0.151505723596, 0.311975747347, 0.483210831881, 0.628696024418]

SpecContrastCoeff:
    dmean: [0.021637968719, 0.0168541800231, 0.0141501482576, 0.0163061562926, 0.0106079271063, 0.00670751044527]
    dmean2: [0.0244849808514, 0.0291600506753, 0.0221128296107, 0.028167469427, 0.0158443953842, 0.00929620303214]
    dvar: [0.00309398770332, 0.000201836402994, 0.000249956647167, 0.000233998754993, 0.000325962872012, 9.65126018855e-05]
    dvar2: [0.00259443675168, 0.000489915604703, 0.00038468677667, 0.000268739560852, 0.000277880055364, 0.000100998193375]
    kurt: [14.2792129517, 3.62887716293, 8.01247501373, 14.1316642761, 15.4032535553, 12.0912303925]
    max: [-0.525823354721, -0.855779826641, -0.847911953926, -0.842954754829, -0.816589534283, -0.860935866833]
    mean: [-0.551613152027, -0.881723225117, -0.882465958595, -0.864622652531, -0.839328587055, -0.880617558956]
    median: [-0.534897446632, -0.880489826202, -0.878629088402, -0.862405538559, -0.83557754755, -0.879717350006]
    min: [-0.860420942307, -0.938638329506, -0.968679368496, -0.965980648994, -0.947975695133, -0.939328551292]
    skew: [-3.93351912498, -1.3100399971, -2.40628623962, -3.37095403671, -3.91464662552, -3.10377931595]
    var: [0.00440380303189, 0.000246476323809, 0.000386362400604, 0.000386129424442, 0.000473624997539, 0.000150102525367]

SpecPeakAmp:
    dmean: [2.17257465351e-07, 4.95969943586e-05, 4.58848080598e-05, 1.72808839238e-07, 1.1170411085e-07]
    dmean2: [2.84652912796e-07, 9.76282608462e-05, 9.38287412282e-05, 2.38896575411e-07, 1.76827342102e-07]
    dvar: [4.08075428917e-13, 4.30524504935e-09, 4.32765334679e-09, 1.87464261237e-13, 8.36039069463e-14]
    dvar2: [3.99296914977e-13, 1.05897504099e-08, 1.0955023555e-08, 1.8294046833e-13, 1.18620581023e-13]
    kurt: [16.6931095123, 0.684786081314, 1.4741230011, 17.2606544495, 28.6500205994]
    max: [1.68999958987e-05, 0.000140881937114, 0.000140859629028, 2.46297736339e-06, 1.86103522992e-06]
    mean: [1.66077206813e-05, 0.000114706272143, 2.27428408834e-05, 2.1187629784e-07, 1.48732780758e-07]
    median: [1.67461967067e-05, 0.000140825723065, 2.89093463834e-07, 9.65641362427e-08, 7.97690375975e-08]
    min: [1.35637719723e-05, 3.7574480416e-08, 2.21947772161e-07, 4.10386107319e-08, 3.21999245045e-08]
    skew: [-4.29917001724, -1.60713803768, 1.86370944977, 4.29549980164, 5.2516078949]
    var: [4.3830997859e-13, 2.78942247078e-09, 2.63839927683e-09, 1.98425138625e-13, 7.87362186626e-14]
