
metadata:
    version:
        essentia: "2.1-beta3"

Flux:
    dmean: 0.000161230389494
    dmean2: 0.000219756781007
    dvar: 2.83923441202e-07
    dvar2: 5.68963457681e-07
    kurt: 9.30230998993
    max: 0.00304468534887
    mean: 0.000211582519114
    median: 6.16085299043e-06
    min: 3.83505675927e-06
    skew: 3.26203298569
    var: 4.5907194135e-07

Rms:
    dmean: 7.16466165613e-05
    dmean2: 5.16984509886e-05
    dvar: 5.7615228144e-08
    dvar2: 2.53577798759e-08
    kurt: 21.5047855377
    max: 0.00225274031982
    mean: 0.00215640501119
    median: 0.00223918585107
    min: 0.000288749026367
    skew: -4.59204816818
    var: 1.07940991256e-07

RollOff:
    dmean: 21.533203125
    dmean2: 21.533203125
    dvar: 19031.9082031
    dvar2: 18568.71875
    kurt: 39.9783325195
    max: 1141.25976562
    mean: 215.33203125
    median: 193.798828125
    min: 193.798828125
    skew: 6.47731494904
    var: 19495.1191406

SpecCent:
    dmean: 32.5920944214
    dmean2: 29.4171333313
    dvar: 34305.109375
    dvar2: 27060.7363281
    kurt: 39.0019874573
    max: 1567.2557373
    mean: 211.307144165
    median: 176.852340698
    min: 174.802627563
    skew: 6.36951351166
    var: 42292.3242188

Zcr:
    dmean: 0.000332919036737
    dmean2: 0.000352016708348
    dvar: 8.10327208001e-07
    dvar2: 5.24804761426e-07
    kurt: 18.1812152863
    max: 0.00830078125
    mean: 0.00757378479466
    median: 0.0078125
    min: 0.00048828125
    skew: -4.21082115173
    var: 1.69141821971e-06

HarmonicAmpFreq:
    dmean: [0.0620925202966]
    dmean2: [0.0971512869]
    dvar: [0.0662652477622]
    dvar2: [0.174985677004]
    kurt: [27.7259044647]
    max: [175.544937134]
    mean: [174.121795654]
    median: [174.068466187]
    min: [174.06602478]
    skew: [5.22448062897]
    var: [0.0549598112702]

HarmonicAmpMag:
    dmean: [0.000124296537251]
    dmean2: [9.32574112085e-05]
    dvar: [2.13744044686e-07]
    dvar2: [1.50718477698e-07]
    kurt: [15.0932064056]
    max: [0.00315454928204]
    mean: [0.00300031201914]
    median: [0.00315393484198]
    min: [0]
    skew: [-4.00359010696]
    var: [3.58883369245e-07]

MfccCoeff:
    dmean: [2.1586663723, 2.72587513924, 1.90678060055, 0.97102946043, 0.501471102238, 0.340714007616, 0.185621082783, 0.168712094426, 0.221431732178, 0.387407660484, 0.530867040157, 0.643848419189, 0.720181822777]
    dmean2: [3.02007913589, 3.78021812439, 2.55540013313, 1.1711755991, 0.398164272308, 0.342850446701, 0.339278817177, 0.230762571096, 0.202461779118, 0.309801489115, 0.391877144575, 0.432090938091, 0.448942750692]
    dvar: [99.5577087402, 160.013519287, 81.4189376831, 25.2090511322, 5.62911939621, 2.35346126556, 1.0951461792, 0.364373207092, 0.925177752972, 2.48887276649, 4.40884971619, 6.15128755569, 7.59498929977]
    dvar2: [219.287155151, 345.683319092, 162.219787598, 37.996673584, 2.83775353432, 2.30949306488, 2.13334584236, 0.860379040241, 0.724546194077, 1.30965864658, 2.01910948753, 2.93362569809, 4.46274375916]
    kurt: [22.2468757629, 20.8469181061, 19.8195095062, 33.9028511047, 34.893196106, 21.1805324554, 17.2969322205, 23.0368289948, 28.1730003357, 29.0992126465, 27.6531410217, 25.162612915, 22.8814888]
    max: [-1080.28063965, 74.6386489868, 55.4750099182, 33.0694160461, 20.6677093506, 14.3463134766, 7.93036270142, 1.83642578125, -4.57763671875e-05, -2.28881835938e-05, -2.67028808594e-05, -3.0517578125e-05, -3.81469726562e-05]
    mean: [-1114.73693848, 32.4999847412, 29.6505050659, 25.2768287659, 19.7846164703, 13.5465764999, 6.87611436844, 0.0737177506089, -6.52499055862, -12.551235199, -17.6563472748, -21.5708770752, -24.1309318542]
    median: [-1114.95715332, 32.3169670105, 29.7752113342, 25.7101020813, 20.3632659912, 14.0592193604, 7.170337677, 0.0950088500977, -6.75799560547, -13.00730896, -18.315694809, -22.4139633179, -25.1160087585]
    min: [-1138.42004395, 1.14440917969e-05, -6.103515625e-05, 8.01086425781e-05, -6.103515625e-05, 2.28881835938e-05, -2.67028808594e-05, -2.68762969971, -6.77517700195, -13.0217285156, -18.327123642, -22.4222183228, -25.1209831238]
    skew: [2.52423238754, 1.79617786407, -0.97315955162, -5.57270002365, -5.95121669769, -4.72398090363, -4.37207841873, -2.9308180809, 5.30224704742, 5.34171009064, 5.20214033127, 4.97217035294, 4.76716279984]
    var: [38.9561195374, 63.0702095032, 34.435634613, 15.7492637634, 9.49320602417, 6.01811313629, 2.16711163521, 0.240555495024, 1.150370121, 4.16399478912, 8.45324420929, 13.2679128647, 17.5452003479]

SpecContrastCoeff:
    dmean: [0.0278382059187, 0.0164659768343, 0.0114406971261, 0.0114497188479, 0.00614339392632, 0.0076110213995]
    dmean2: [0.0273982957006, 0.0224798247218, 0.0165334306657, 0.0208434872329, 0.0104134026915, 0.0140854371712]
    dvar: [0.0049339835532, 0.000162693992024, 4.47644415544e-05, 7.64267679187e-05, 3.23342937918e-05, 5.57159510208e-05]
    dvar2: [0.00408661039546, 0.000427326362114, 0.000125230813865, 0.000217381413677, 6.03648040851e-05, 0.00012267519196]
    kurt: [13.7311954498, 4.05514478683, 1.26233148575, 1.63716077805, 7.35760593414, 5.03491210938]
    max: [-0.345126479864, -0.852487206459, -0.895796239376, -0.908867299557, -0.913492739201, -0.904507637024]
    mean: [-0.396973282099, -0.940479457378, -0.934437453747, -0.926817297935, -0.924733757973, -0.924342691898]
    median: [-0.365742146969, -0.945740520954, -0.934780359268, -0.924638032913, -0.923192203045, -0.9247584939]
    min: [-0.985789000988, -0.982931792736, -0.961898803711, -0.964486181736, -0.961363255978, -0.962276637554]
    skew: [-3.74527859688, 1.65569603443, 0.726831376553, -1.03102326393, -2.38663268089, -1.48284029961]
    var: [0.013814558275, 0.000500444206409, 0.000142769393278, 0.000120008233353, 7.80268601375e-05, 9.60135948844e-05]

SpecPeakAmp:
    dmean: [9.91240085568e-05, 0.000713375047781, 0.000575151643716, 1.84034502126e-06, 1.70102657648e-06]
    dmean2: [0.000142525939737, 0.00138535059523, 0.0011759273475, 2.70948930847e-06, 2.49440267908e-06]
    dvar: [1.44850119455e-07, 1.72288241629e-06, 1.47638081671e-06, 4.84652318278e-11, 4.54328380473e-11]
    dvar2: [3.50572776142e-07, 3.78259983336e-06, 2.78385368802e-06, 1.24065549501e-10, 1.1650720666e-10]
    kurt: [26.5602073669, -1.63555884361, -1.13222968578, 38.2762413025, 39.1149139404]
    max: [0.00175874831621, 0.00315447547473, 0.00315454928204, 3.43976571457e-05, 3.31666851707e-05]
    mean: [7.37772425055e-05, 0.00203318474814, 0.00091310357675, 1.90541447864e-06, 1.72185957581e-06]
    median: [1.70377625182e-05, 0.00315349991433, 1.34856543355e-06, 1.02544379388e-06, 9.38067273637e-07]
    min: [2.60405477093e-06, 7.9087095628e-07, 6.02645400249e-07, 4.48880598469e-07, 3.57752469426e-07]
    skew: [5.18914651871, -0.603482663631, 0.931508004665, 6.28727340698, 6.37851381302]
    var: [7.95680108467e-08, 2.26792781177e-06, 2.04058665076e-06, 2.44983495296e-11, 2.27134751979e-11]
