
metadata:
    version:
        essentia: "2.1-beta3"

Flux:
    dmean: 0.00362234702334
    dmean2: 0.00489219883457
    dvar: 0.000143226643559
    dvar2: 0.000285449117655
    kurt: 9.37118244171
    max: 0.0686535090208
    mean: 0.00465121585876
    median: 3.54787662218e-05
    min: 1.89281945495e-05
    skew: 3.2699368
    var: 0.000232107733609

Rms:
    dmean: 0.00156801054254
    dmean2: 0.00113488885108
    dvar: 2.75396632787e-05
    dvar2: 1.24434309328e-05
    kurt: 21.4798126221
    max: 0.0504318661988
    mean: 0.0483113005757
    median: 0.050101224333
    min: 0.00762462196872
    skew: -4.59032964706
    var: 5.12747101311e-05

RollOff:
    dmean: 10.2772102356
    dmean2: 10.5162153244
    dvar: 4541.70507812
    dvar2: 4644.81298828
    kurt: 40.0227279663
    max: 645.99609375
    mean: 203.84765625
    median: 193.798828125
    min: 193.798828125
    skew: 6.48249292374
    var: 4443.07373047

SpecCent:
    dmean: 8.82341098785
    dmean2: 8.10739803314
    dvar: 2298.99707031
    dvar2: 1977.10192871
    kurt: 39.5091896057
    max: 521.934265137
    mean: 182.908096313
    median: 174.590133667
    min: 172.535125732
    skew: 6.42402458191
    var: 2627.9921875

Zcr:
    dmean: 0.00034401632729
    dmean2: 0.000386082858313
    dvar: 8.19071146907e-07
    dvar2: 5.27383463123e-07
    kurt: 17.7780532837
    max: 0.00830078125
    mean: 0.00762803805992
    median: 0.0078125
    min: 0.0009765625
    skew: -4.1474032402
    var: 1.50774724261e-06

HarmonicAmpFreq:
    dmean: [0.0608135573566]
    dmean2: [0.0866550207138]
    dvar: [0.0745064467192]
    dvar2: [0.168259754777]
    kurt: [24.8192386627]
    max: [174.632919312]
    mean: [174.060424805]
    median: [174.068969727]
    min: [173.070053101]
    skew: [-3.48442673683]
    var: [0.0292284470052]

HarmonicAmpMag:
    dmean: [0.00278401165269]
    dmean2: [0.002098105615]
    dvar: [0.000107407548057]
    dvar2: [7.54021966713e-05]
    kurt: [15.170463562]
    max: [0.0706276968122]
    mean: [0.0671826973557]
    median: [0.0706147179008]
    min: [0]
    skew: [-4.01274967194]
    var: [0.000179530601599]

MfccCoeff:
    dmean: [10.2027807236, 7.00555562973, 1.84394073486, 1.43447029591, 1.23576331139, 1.04310274124, 0.821223199368, 0.507035017014, 0.29888638854, 0.739142656326, 1.07219231129, 1.29293906689, 1.55305624008]
    dmean2: [14.5006427765, 9.19205665588, 1.54694831371, 1.40422451496, 1.09047961235, 0.806476652622, 0.794540464878, 0.342874228954, 0.428434401751, 0.910193145275, 1.16427767277, 1.40279889107, 1.612454772]
    dvar: [1884.9831543, 798.43157959, 50.2927589417, 33.7257537842, 18.7157230377, 13.1890144348, 7.88578939438, 2.27970480919, 1.15219414234, 5.50839710236, 13.8287715912, 24.056180954, 31.7810001373]
    dvar2: [4647.68701172, 1827.07775879, 37.8477630615, 22.8222560883, 15.0205307007, 9.67678260803, 7.13143587112, 1.376339674, 2.33358645439, 8.46549510956, 15.936205864, 26.1730041504, 33.0334358215]
    kurt: [34.4336662292, 20.1633052826, 19.2843723297, 25.8060188293, 22.9703140259, 21.8823738098, 13.1814498901, 10.6687793732, 12.201292038, 17.2056446075, 17.1478004456, 15.4157562256, 14.2799568176]
    max: [-899.667785645, 174.992401123, 93.5578613281, 71.2526702881, 52.4074745178, 35.0365905762, 20.3495063782, 6.78726387024, -2.70048522949, -1.6941986084, -0.413463592529, 0.623321533203, 1.11689758301]
    mean: [-1084.85986328, 70.4307022095, 62.8375053406, 54.7169914246, 43.9971504211, 31.9521827698, 18.8963871002, 5.78046751022, -6.88324117661, -18.3629627228, -28.2228565216, -35.9697380066, -41.3641014099]
    median: [-1089.34313965, 67.7716445923, 62.9667701721, 55.2740020752, 45.1435127258, 33.163848877, 20.0223274231, 6.46473693848, -6.75993347168, -18.9473648071, -29.4730129242, -37.8370780945, -43.6924705505]
    min: [-1125.55603027, 17.0878105164, 14.0322570801, 9.72728347778, 5.11378479004, 1.11185455322, -1.62134933472, -5.09735107422, -13.4876403809, -24.7995376587, -32.7319412231, -37.8424797058, -43.6955680847]
    skew: [5.78614616394, 3.53251576424, -2.47965884209, -4.38441228867, -4.75948762894, -4.66451883316, -3.76139068604, -3.41119790077, -2.6756670475, 3.91957807541, 4.18352746964, 4.02861070633, 3.8893661499]
    var: [836.811950684, 353.178588867, 81.4915466309, 56.9789924622, 45.9496040344, 29.401342392, 17.7516689301, 5.79143190384, 2.17065525055, 10.1593160629, 27.9323387146, 51.9572753906, 73.1731414795]

SpecContrastCoeff:
    dmean: [0.0348885692656, 0.0112452805042, 0.00696985982358, 0.00696329353377, 0.0089619429782, 0.00896736327559]
    dmean2: [0.0322083309293, 0.0179026369005, 0.0104563748464, 0.0118250930682, 0.0143713010475, 0.00986861810088]
    dvar: [0.00890394020826, 0.00086039112648, 0.000143005992868, 0.000100449775346, 0.000123139689094, 4.64095137431e-05]
    dvar2: [0.00717917783186, 0.00195074221119, 0.000370123801986, 0.000244935217779, 0.000315334473271, 0.000132006651256]
    kurt: [15.738817215, 10.3197755814, 8.01898574829, 2.28860759735, 2.22277927399, -0.396793603897]
    max: [-0.14826208353, -0.815394759178, -0.904000878334, -0.930201292038, -0.919404566288, -0.917776823044]
    mean: [-0.210576459765, -0.949043273926, -0.961533427238, -0.962878525257, -0.957029879093, -0.946678936481]
    median: [-0.173645049334, -0.959785461426, -0.967527449131, -0.968151509762, -0.962679326534, -0.949884653091]
    min: [-0.998669683933, -0.96149545908, -0.968437433243, -0.969255626202, -0.965355753899, -0.963698983192]
    skew: [-4.00283718109, 3.43402647972, 2.6879837513, 1.89196562767, 1.81740665436, 0.832522928715]
    var: [0.0231138411909, 0.00101208116394, 0.000158519076649, 0.000107183535874, 0.000139597890666, 0.000132993023726]

SpecPeakAmp:
    dmean: [0.00494179828092, 0.00364161445759, 3.03061406157e-05, 2.62872654275e-05, 2.3376518584e-05]
    dmean2: [0.00758899142966, 0.0069716218859, 4.06575163652e-05, 3.83662700187e-05, 3.4870023228e-05]
    dvar: [0.000262786605163, 0.000219602428842, 1.05429629471e-08, 8.86769324637e-09, 7.81057618582e-09]
    dvar2: [0.000678438751493, 0.00047993377666, 2.60954440279e-08, 2.2489778928e-08, 1.99532976808e-08]
    kurt: [23.3674221039, 6.94184780121, 25.83385849, 34.1906890869, 37.1692390442]
    max: [0.0692614912987, 0.0706276968122, 0.00048992538359, 0.000460087001557, 0.000432728411397]
    mean: [0.00247122999281, 0.0647733658552, 3.4938348108e-05, 2.52557165368e-05, 2.13156090467e-05]
    median: [3.42247658409e-05, 0.0706147179008, 1.99432288355e-05, 1.22389446915e-05, 1.0476429452e-05]
    min: [9.09537084226e-06, 1.68717288034e-05, 9.44939347391e-06, 4.68654343422e-06, 4.01517536375e-06]
    skew: [4.91145086288, -2.96685481071, 5.10152769089, 5.87725114822, 6.17511510849]
    var: [0.000135661772219, 0.000355709955329, 5.88395776546e-09, 4.63058480449e-09, 3.9823877529e-09]
