
metadata:
    version:
        essentia: "2.1-beta3"

Flux:
    dmean: 0.000125028760522
    dmean2: 0.000165925637702
    dvar: 1.6692428062e-07
    dvar2: 3.29144626221e-07
    kurt: 9.54685306549
    max: 0.00237152515911
    mean: 0.000161474672495
    median: 4.22315679316e-06
    min: 1.6095339106e-06
    skew: 3.29041314125
    var: 2.71241475502e-07

Rms:
    dmean: 4.82719733554e-05
    dmean2: 3.52120805474e-05
    dvar: 3.04279197394e-08
    dvar2: 1.37034694703e-08
    kurt: 20.7770729065
    max: 0.00171410408802
    mean: 0.0016527826665
    median: 0.00171319569927
    min: 0.000314925942803
    skew: -4.52622032166
    var: 5.65326025992e-08

RollOff:
    dmean: 7.34086465836
    dmean2: 7.51158237457
    dvar: 2317.19702148
    dvar2: 2369.80249023
    kurt: 40.0227279663
    max: 1701.12304688
    mean: 1385.30273438
    median: 1378.125
    min: 1378.125
    skew: 6.48249435425
    var: 2266.87426758

SpecCent:
    dmean: 8.96003341675
    dmean2: 8.47658824921
    dvar: 2885.67236328
    dvar2: 2524.26904297
    kurt: 39.5888290405
    max: 1743.20349121
    mean: 1365.02978516
    median: 1355.76037598
    min: 1355.3692627
    skew: 6.43330478668
    var: 3266.87915039

Zcr:
    dmean: 0.00208629271947
    dmean2: 0.00152162066661
    dvar: 5.69101066503e-05
    dvar2: 3.85485000152e-05
    kurt: 17.778842926
    max: 0.06201171875
    mean: 0.0589192695916
    median: 0.0615234375
    min: 0.00244140625
    skew: -4.2329864502
    var: 0.000109651351522

HarmonicAmpFreq:
    dmean: [0.455741196871]
    dmean2: [0.466339826584]
    dvar: [8.93109989166]
    dvar2: [9.1338596344]
    kurt: [40.0242996216]
    max: [1377.76000977]
    mean: [1358.15283203]
    median: [1357.70739746]
    min: [1357.70739746]
    skew: [6.48267555237]
    var: [8.73714542389]

HarmonicAmpMag:
    dmean: [6.01684533308e-08]
    dmean2: [6.15677180349e-08]
    dvar: [1.55670439104e-13]
    dvar2: [1.59204531611e-13]
    kurt: [40.0227279663]
    max: [2.64741197498e-06]
    mean: [5.88313788796e-08]
    median: [0]
    min: [0]
    skew: [6.48249435425]
    var: [1.52289761205e-13]

MfccCoeff:
    dmean: [0.930569708347, 0.476822584867, 0.940273821354, 1.11524248123, 0.0909240022302, 1.06307208538, 0.640808105469, 0.473220825195, 0.83943349123, 0.261079281569, 0.543082654476, 0.63007068634, 0.10222261399]
    dmean2: [1.15393066406, 0.584136247635, 1.16873455048, 1.35658347607, 0.136840105057, 1.27881407738, 0.719672977924, 0.579075455666, 0.919427037239, 0.219032824039, 0.575391352177, 0.561828553677, 0.149012193084]
    dvar: [17.6232776642, 4.68007850647, 17.9689407349, 25.8190631866, 0.173728689551, 23.8084583282, 9.45763683319, 4.66165161133, 16.9322814941, 1.18904829025, 7.52632713318, 7.8192448616, 0.222938925028]
    dvar2: [30.0773944855, 7.73181438446, 30.8550853729, 41.8384475708, 0.43493360281, 37.4184799194, 12.3119764328, 7.66674804688, 20.6011505127, 0.708032131195, 8.39496898651, 5.50017738342, 0.529701471329]
    kurt: [22.7933940887, 24.1414852142, 22.5627918243, 24.9554290771, 38.7955093384, 26.2035808563, 30.8701133728, 24.7062168121, 31.8884048462, 28.8281536102, 32.7704315186, 30.8729743958, 31.9294662476]
    max: [-1111.84814453, 13.762462616, -6.103515625e-05, 8.01086425781e-05, 2.11251831055, 31.2574310303, 19.9096565247, -5.34057617188e-05, -4.57763671875e-05, -2.28881835938e-05, 17.7776451111, 20.9839725494, -3.81469726562e-05]
    mean: [-1120.8684082, 9.42734336853, -17.5826950073, -22.6646823883, 0.26634183526, 22.5346641541, 16.7035484314, -9.49260902405, -23.4057312012, -8.30898761749, 16.4449081421, 20.2881126404, -0.694154500961]
    median: [-1120.53735352, 9.6173210144, -17.9090614319, -23.1366996765, 0.229690551758, 23.0255279541, 17.1460609436, -9.6830291748, -24.0521392822, -8.61015319824, 16.9188041687, 20.9831638336, -0.666816711426]
    min: [-1138.42004395, 1.14440917969e-05, -26.8066062927, -32.416847229, -6.103515625e-05, 2.28881835938e-05, -2.67028808594e-05, -13.7684020996, -26.6711959839, -8.61051940918, -2.67028808594e-05, -3.0517578125e-05, -2.5747833252]
    skew: [-3.72564792633, -4.11003732681, 3.64868092537, 4.312251091, 6.32333278656, -4.59380340576, -5.48909902573, 4.19922065735, 5.63457632065, 5.3210067749, -5.745844841, -5.53516054153, -5.19557952881]
    var: [9.38970947266, 2.61004543304, 9.49093818665, 14.7898712158, 0.0786087587476, 14.221075058, 7.18180131912, 2.61300754547, 13.8833875656, 1.83446824551, 6.76467943192, 10.5861167908, 0.090032055974]

SpecContrastCoeff:
    dmean: [0.0270204823464, 0.0185384284705, 0.0137751465663, 0.0202594026923, 0.0120380343869, 0.0103204576299]
    dmean2: [0.0437153950334, 0.0273447874933, 0.0209452267736, 0.0246753133833, 0.0185058619827, 0.0155469002202]
    dvar: [0.00111484818626, 0.000157893853611, 0.000123985271784, 0.00287875067443, 5.75337362534e-05, 4.37187118223e-05]
    dvar2: [0.00189037946984, 0.000530477496795, 0.000275699654594, 0.00290550198406, 0.000164635232068, 0.000120777214761]
    kurt: [9.94354057312, 1.0628695488, 3.02705717087, 15.3105239868, -0.29622220993, 4.16647052765]
    max: [-0.698389291763, -0.874733328819, -0.864791512489, -0.411674022675, -0.892121434212, -0.8982462883]
    mean: [-0.755154311657, -0.913428425789, -0.92123657465, -0.451043874025, -0.913989007473, -0.916096329689]
    median: [-0.745187163353, -0.912125349045, -0.925221800804, -0.42927891016, -0.912332773209, -0.915655434132]
    min: [-0.968217909336, -0.979772567749, -0.945474386215, -0.886279881001, -0.943851470947, -0.960233688354]
    skew: [-3.11484313011, -0.681712627411, 1.54308581352, -3.9929022789, -0.449927121401, -1.64682471752]
    var: [0.00248412392102, 0.000426560931373, 0.000249527191045, 0.00738808931783, 0.00012143891945, 0.000132593646413]

SpecPeakAmp:
    dmean: [5.62422371786e-07, 4.6263764375e-07, 4.69764358968e-07, 4.55028668966e-07, 5.25175948951e-07]
    dmean2: [7.80626635333e-07, 7.2979679544e-07, 7.16639533493e-07, 7.11791187769e-07, 8.02923750598e-07]
    dvar: [3.47074452511e-12, 1.87628558523e-12, 2.28458593189e-12, 2.66976046305e-12, 3.82103116509e-12]
    dvar2: [5.9216247357e-12, 4.90969417899e-12, 5.8205957415e-12, 6.92517224121e-12, 9.69948860813e-12]
    kurt: [22.4232349396, 32.4117202759, 38.3281517029, 39.1247940063, 39.5406150818]
    max: [1.25364895212e-05, 8.17808449938e-06, 7.96808035375e-06, 8.27238545753e-06, 9.81867469818e-06]
    mean: [8.25396273285e-06, 5.20541391325e-07, 5.76849743084e-07, 4.5797210646e-07, 4.60364390165e-07]
    median: [8.41385826789e-06, 3.0578664223e-07, 4.59596321889e-07, 2.5475250709e-07, 2.45545862754e-07]
    min: [5.10479139848e-07, 7.19647132996e-08, 8.21890182578e-08, 9.66604360997e-08, 7.38939789358e-08]
    skew: [-3.44594812393, 5.68624973297, 6.27977180481, 6.37720680237, 6.42582941055]
    var: [1.85705899443e-12, 1.47336700132e-12, 1.26685803774e-12, 1.40257542993e-12, 2.00167074756e-12]
