
metadata:
    version:
        essentia: "2.1-beta3"

Flux:
    dmean: 0.033013805747
    dmean2: 0.0422648601234
    dvar: 0.0117357010022
    dvar2: 0.0221958663315
    kurt: 9.68347930908
    max: 0.652774572372
    mean: 0.0428823828697
    median: 0.000315768033033
    min: 1.8836448362e-05
    skew: 3.30032682419
    var: 0.019849576056

Rms:
    dmean: 0.0134567981586
    dmean2: 0.00993334315717
    dvar: 0.00199273694307
    dvar2: 0.000928808934987
    kurt: 20.5500965118
    max: 0.464648574591
    mean: 0.44602060318
    median: 0.461043357849
    min: 0.103115774691
    skew: -4.50404500961
    var: 0.00373846152797

RollOff:
    dmean: 4.40451860428
    dmean2: 4.50694942474
    dvar: 834.190795898
    dvar2: 853.128967285
    kurt: 40.022731781
    max: 387.59765625
    mean: 198.10546875
    median: 193.798828125
    min: 193.798828125
    skew: 6.48249387741
    var: 816.074768066

SpecCent:
    dmean: 7.2372713089
    dmean2: 6.29558753967
    dvar: 1289.18688965
    dvar2: 929.75
    kurt: 38.2085189819
    max: 454.396453857
    mean: 181.826538086
    median: 174.932540894
    min: 172.530303955
    skew: 6.28425073624
    var: 1725.47241211

Zcr:
    dmean: 0.0003662109375
    dmean2: 0.000386082858313
    dvar: 8.79168510437e-07
    dvar2: 5.16294278441e-07
    kurt: 16.5802974701
    max: 0.00830078125
    mean: 0.00759548600763
    median: 0.0078125
    min: 0.00048828125
    skew: -4.04325723648
    var: 1.79667551947e-06

HarmonicAmpFreq:
    dmean: [0.0576362609863]
    dmean2: [0.0737308263779]
    dvar: [0.0487641841173]
    dvar2: [0.0968395397067]
    kurt: [12.5259847641]
    max: [174.659515381]
    mean: [174.080032349]
    median: [174.068817139]
    min: [173.385314941]
    skew: [0.104736216366]
    var: [0.0248651932925]

HarmonicAmpMag:
    dmean: [0.0254391357303]
    dmean2: [0.0196077432483]
    dvar: [0.00905243773013]
    dvar2: [0.00618518237025]
    kurt: [15.7985553741]
    max: [0.650721609592]
    mean: [0.619639277458]
    median: [0.650579631329]
    min: [0]
    skew: [-4.08035182953]
    var: [0.0148502001539]

MfccCoeff:
    dmean: [29.6940250397, 7.63685894012, 6.69334459305, 8.47251415253, 6.31031036377, 3.97484230995, 2.98761582375, 2.4178147316, 2.16737723351, 2.04816746712, 2.14189624786, 2.42961192131, 2.58390378952]
    dmean2: [37.7917480469, 8.5857629776, 8.39239311218, 6.91119813919, 6.13534593582, 4.65390348434, 3.99705266953, 2.73534226418, 2.71376276016, 3.19460487366, 2.90737938881, 2.53761148453, 2.46805882454]
    dvar: [7290.77685547, 77.8208618164, 164.627090454, 38.2218055725, 24.0282268524, 12.4180107117, 6.44854593277, 1.96498000622, 1.63809466362, 6.34550523758, 11.4923295975, 22.4697952271, 36.0212669373]
    dvar2: [17700.7480469, 158.410095215, 324.69821167, 68.943145752, 33.0878486633, 19.6870422363, 12.1041908264, 4.92209005356, 6.32442903519, 12.2393312454, 13.4620714188, 21.6974639893, 28.3174648285]
    kurt: [20.7967758179, 0.684064388275, 5.98586082458, 0.641959667206, 0.220355510712, 2.70099306107, 2.82400083542, -1.13570618629, -0.258861064911, 6.21941566467, 10.2359132767, 11.9621534348, 14.0386142731]
    max: [-630.872070312, 173.225463867, 129.109863281, 87.5569610596, 67.6663665771, 46.541015625, 26.1128921509, 8.36945533752, -5.06832122803, -7.42811584473, -6.55703926086, -1.09010314941, 6.29217529297]
    mean: [-1017.4574585, 136.423675537, 97.9881210327, 67.3827285767, 47.2804832458, 33.1657218933, 18.5696792603, 4.13011932373, -8.74013519287, -19.872674942, -29.8714599609, -37.8652114868, -43.3622360229]
    median: [-1026.95690918, 140.061767578, 101.230163574, 65.3173370361, 44.6104621887, 33.077545166, 20.5395545959, 5.19959259033, -8.65777587891, -20.269569397, -30.663564682, -39.4079399109, -45.7895469666]
    min: [-1054.53186035, 114.836402893, 48.1391029358, 21.0944099426, 17.3319702148, 7.60628509521, 0.128406524658, -3.401512146, -15.2667617798, -24.8935012817, -34.4683761597, -42.8673210144, -48.1845664978]
    skew: [4.57190799713, 0.492443531752, -2.16602897644, -0.514915823936, -0.0555950701237, -0.866634309292, -1.51318693161, -0.422490954399, -0.364934235811, 2.31046175957, 3.24563288689, 3.53924703598, 3.7955019474]
    var: [4840.72949219, 178.903488159, 189.988327026, 200.554321289, 127.876113892, 52.1536254883, 26.4959392548, 11.353925705, 5.45608854294, 10.258354187, 28.1076335907, 60.8481445312, 97.8760604858]

SpecContrastCoeff:
    dmean: [0.0336430817842, 0.0121032390743, 0.00777878658846, 0.00631327368319, 0.00493777217343, 0.00910986401141]
    dmean2: [0.0243125706911, 0.0209441632032, 0.0125377327204, 0.00936178024858, 0.00704978080466, 0.0149214724079]
    dvar: [0.0109284669161, 0.00111457705498, 0.000262858229689, 0.00014859669318, 0.000109586624603, 0.000291943375487]
    dvar2: [0.00468189409003, 0.00276507111266, 0.000650936504826, 0.000263910129433, 0.000189916667296, 0.000771080842242]
    kurt: [22.1487770081, 7.76192092896, 11.0138788223, 13.5862083435, 18.2231998444, 10.3824195862]
    max: [-0.01462108735, -0.790416717529, -0.877988934517, -0.885119557381, -0.8888271451, -0.881302773952]
    mean: [-0.0695784389973, -0.936339318752, -0.953958749771, -0.957754611969, -0.956599593163, -0.951935827732]
    median: [-0.0332351177931, -0.950204253197, -0.960692882538, -0.962575078011, -0.959954202175, -0.957547903061]
    min: [-0.971271157265, -0.950797915459, -0.960968673229, -0.963750422001, -0.962132513523, -0.959554493427]
    skew: [-4.64730262756, 3.02816176414, 3.23016738892, 3.60354709625, 4.12382364273, 3.22137665749]
    var: [0.0246754586697, 0.00142119941302, 0.000247980002314, 0.000205570249818, 0.00015238886408, 0.000228485325351]

SpecPeakAmp:
    dmean: [0.106469959021, 0.114105753601, 0.000357882032404, 0.000294781842967, 0.000264447036898]
    dmean2: [0.20862954855, 0.22201269865, 0.000465848599561, 0.000406362378271, 0.000375224160962]
    dvar: [0.0530968941748, 0.0588421598077, 1.19180629099e-06, 9.61812133937e-07, 8.22898755359e-07]
    dvar2: [0.150866523385, 0.1519061625, 2.43393787969e-06, 2.17536262426e-06, 1.94008271137e-06]
    kurt: [7.64143371582, 2.95396947861, 17.2460842133, 18.9707489014, 22.1839809418]
    max: [0.650502324104, 0.650721609592, 0.00492488546297, 0.00439434777945, 0.00418369146064]
    mean: [0.0524001009762, 0.567822396755, 0.000384701736039, 0.000246024254011, 0.000203513540328]
    median: [0.000273813406238, 0.650579631329, 0.000187493555131, 7.24816491129e-05, 5.01897920913e-05]
    min: [1.01285368146e-05, 0.000201443108381, 8.12368816696e-05, 1.49722418428e-05, 1.1635305782e-05]
    skew: [3.06460118294, -2.20927000046, 4.36109018326, 4.52065896988, 4.79816198349]
    var: [0.0287782140076, 0.0448594205081, 9.04584965156e-07, 6.2758022068e-07, 4.99136604049e-07]
