
metadata:
    version:
        essentia: "2.1-beta3"

Flux:
    dmean: 0.02450928092
    dmean2: 0
    dvar: 0
    dvar2: 0
    kurt: -2
    max: 0.410071074963
    mean: 0.397816419601
    median: 0.397816419601
    min: 0.385561794043
    skew: 3.61380170943e-06
    var: 0.000150176216266

Rms:
    dmean: 0
    dmean2: 0
    dvar: 0
    dvar2: 0
    kurt: 0
    max: 0.13956309855
    mean: 0.13956309855
    median: 0.13956309855
    min: 0.13956309855
    skew: 0
    var: 0

RollOff:
    dmean: 43.06640625
    dmean2: 0
    dvar: 0
    dvar2: 0
    kurt: -2
    max: 322.998046875
    mean: 301.46484375
    median: 301.46484375
    min: 279.931640625
    skew: 0
    var: 463.678833008

SpecCent:
    dmean: 494.522003174
    dmean2: 0
    dvar: 0
    dvar2: 0
    kurt: -2
    max: 702.658996582
    mean: 455.398010254
    median: 455.398010254
    min: 208.136993408
    skew: -1.98451502342e-07
    var: 61138.0039062

Zcr:
    dmean: 0.00048828125
    dmean2: 0
    dvar: 0
    dvar2: 0
    kurt: -2
    max: 0.00390625
    mean: 0.003662109375
    median: 0.003662109375
    min: 0.00341796875
    skew: 0
    var: 5.96046447754e-08

HarmonicAmpFreq:
    dmean: [25.9196014404]
    dmean2: [0]
    dvar: [0]
    dvar2: [0]
    kurt: [-2]
    max: [263.688446045]
    mean: [250.728637695]
    median: [250.728637695]
    min: [237.768844604]
    skew: [1.79458925231e-06]
    var: [167.956436157]

HarmonicAmpMag:
    dmean: [0.149955809116]
    dmean2: [0]
    dvar: [0]
    dvar2: [0]
    kurt: [-2]
    max: [0.162348628044]
    mean: [0.0873707234859]
    median: [0.0873707234859]
    min: [0.0123928152025]
    skew: [0]
    var: [0.00562168611214]

MfccCoeff:
    dmean: [423.734619141, 20.9853515625, 44.7633514404, 2.35416793823, 5.3039932251, 20.144071579, 24.7466812134, 23.8644313812, 17.9843177795, 14.0173587799, 6.132396698, 1.49438095093, 1.98472976685]
    dmean2: [0, 0, 0, 0, 0, 0, 0, 0, 0, 0, 0, 0, 0]
    dvar: [0, 0, 0, 0, 0, 0, 0, 0, 0, 0, 0, 0, 0]
    dvar2: [0, 0, 0, 0, 0, 0, 0, 0, 0, 0, 0, 0, 0]
    kurt: [-2, -2, -2, -2, -1.99999988079, -2, -2, -2, -2, -2.00000023842, -1.99999988079, -1.99999988079, -1.99999988079]
    max: [-565.622253418, 163.384429932, 76.2844848633, 26.4354095459, 8.33907318115, 4.38826560974, -3.93809509277, -6.25901222229, -10.2903642654, -10.668592453, -11.7723941803, -10.4725837708, -7.67003250122]
    mean: [-777.489562988, 152.89175415, 53.9028091431, 25.2583255768, 5.6870765686, -5.68377017975, -16.3114356995, -18.1912269592, -19.2825222015, -17.6772727966, -14.8385925293, -11.2197742462, -8.66239738464]
    median: [-777.489562988, 152.89175415, 53.9028091431, 25.2583255768, 5.6870765686, -5.68377017975, -16.3114356995, -18.1912269592, -19.2825222015, -17.6772727966, -14.8385925293, -11.2197742462, -8.66239738464]
    min: [-989.356872559, 142.399078369, 31.5211334229, 24.0812416077, 3.03507995605, -15.7558059692, -28.6847763062, -30.1234436035, -28.2746810913, -24.6859512329, -17.9047908783, -11.9669647217, -9.65476226807]
    skew: [0, 0, 0, 0, 0, 0, 0, -2.51486568459e-07, -2.09859294387e-07, 3.98890733777e-07, 0, 0, 0]
    var: [44887.7578125, 110.096244812, 500.939422607, 1.3855266571, 7.03308582306, 101.445907593, 153.099563599, 142.3777771, 80.8589172363, 49.1215896606, 9.40157222748, 0.558293581009, 0.984788060188]

SpecContrastCoeff:
    dmean: [0.00963127613068, 0.127461612225, 0.048938035965, 0.00736200809479, 0.0259261727333, 0.0250938534737]
    dmean2: [0, 0, 0, 0, 0, 0]
    dvar: [0, 0, 0, 0, 0, 0]
    dvar2: [0, 0, 0, 0, 0, 0]
    kurt: [-2, -1.99999988079, -2, -2, -2, -2]
    max: [-0.561970829964, -0.645364522934, -0.869081795216, -0.928775548935, -0.928257107735, -0.933738470078]
    mean: [-0.566786468029, -0.709095358849, -0.893550813198, -0.932456552982, -0.941220164299, -0.946285367012]
    median: [-0.566786468029, -0.709095358849, -0.893550813198, -0.932456552982, -0.941220164299, -0.946285367012]
    min: [-0.571602106094, -0.772826135159, -0.918019831181, -0.93613755703, -0.954183280468, -0.958832323551]
    skew: [0, 1.40543886573e-06, 0, 0, -6.88904310664e-06, -7.07950994183e-06]
    var: [2.31903704844e-05, 0.0040616155602, 0.00059873284772, 1.35497912197e-05, 0.000168041602592, 0.000157425369252]
