
metadata:
    version:
        essentia: "2.1-beta3"

Flux:
    dmean: 6.58256203678e-06
    dmean2: 9.65250001173e-06
    dvar: 5.51811485394e-10
    dvar2: 1.186075127e-09
    kurt: 13.8986797333
    max: 0.000125726830447
    mean: 7.83256837167e-06
    median: 1.50481514538e-06
    min: 4.29721296769e-07
    skew: 3.85079288483
    var: 5.73105507495e-10

Rms:
    dmean: 1.95478537535e-06
    dmean2: 1.87540263141e-06
    dvar: 4.07114897349e-11
    dvar2: 2.991927886e-11
    kurt: 19.4342403412
    max: 0.000102030338894
    mean: 9.94907532004e-05
    median: 0.000101174344309
    min: 5.91095376876e-05
    skew: -4.48130512238
    var: 5.58168303244e-11

RollOff:
    dmean: 0
    dmean2: 0
    dvar: 0
    dvar2: 0
    kurt: 0
    max: 366.064453125
    mean: 366.064453125
    median: 366.064453125
    min: 366.064453125
    skew: 0
    var: 0

SpecCent:
    dmean: 5.55106925964
    dmean2: 6.26337099075
    dvar: 41.8516426086
    dvar2: 26.6333503723
    kurt: 9.57068634033
    max: 652.975769043
    mean: 609.770324707
    median: 607.8828125
    min: 599.381958008
    skew: 3.0239841938
    var: 102.219116211

Zcr:
    dmean: 0.000567768875044
    dmean2: 0.000767299090512
    dvar: 2.62737444245e-06
    dvar2: 2.34039634961e-06
    kurt: 17.3940505981
    max: 0.01611328125
    mean: 0.0154585400596
    median: 0.015625
    min: 0.0068359375
    skew: -4.30777359009
    var: 2.89291733679e-06

HarmonicAmpFreq:
    dmean: [0.68362569809]
    dmean2: [1.35276067257]
    dvar: [0.300871700048]
    dvar2: [0.669140934944]
    kurt: [-1.78729021549]
    max: [349.424346924]
    mean: [348.728973389]
    median: [348.274047852]
    min: [348.260894775]
    skew: [0.420170903206]
    var: [0.304722905159]

HarmonicAmpMag:
    dmean: [8.15371313365e-05]
    dmean2: [0.000163016331499]
    dvar: [4.49987158646e-09]
    dvar2: [9.77914549338e-09]
    kurt: [-1.76223659515]
    max: [0.000139337906148]
    mean: [8.48999916343e-05]
    median: [0.000139274328831]
    min: [0]
    skew: [-0.444248825312]
    var: [4.41819958397e-09]

MfccCoeff:
    dmean: [0.113130792975, 0.146306231618, 0.10761988163, 0.0506925359368, 0.0150799416006, 0.0768585205078, 0.125401690602, 0.151953756809, 0.152171641588, 0.126348629594, 0.0793308019638, 0.019875459373, 0.0437591895461]
    dmean2: [0.11680676043, 0.15109616518, 0.111269272864, 0.0526522696018, 0.0155719574541, 0.0788556039333, 0.12901160121, 0.156600221992, 0.157111033797, 0.130833759904, 0.0826868340373, 0.0215975437313, 0.0451843626797]
    dvar: [0.30172932148, 0.503884673119, 0.271071344614, 0.0588052012026, 0.00583348516375, 0.143866166472, 0.377514004707, 0.549469292164, 0.545837759972, 0.370869666338, 0.141535043716, 0.00710769509897, 0.0491308048368]
    dvar2: [0.30669388175, 0.512224435806, 0.275649219751, 0.0598802044988, 0.00586464395747, 0.145945623517, 0.383296608925, 0.558182001114, 0.554816484451, 0.377302348614, 0.144279271364, 0.00734616909176, 0.049391657114]
    kurt: [28.5217914581, 28.4764308929, 28.2815971375, 27.502702713, 32.9731254578, 29.6002845764, 29.1343917847, 28.842956543, 28.5243682861, 28.0283336639, 26.8825569153, 19.2116451263, 32.9731063843]
    max: [-1135.00280762, 4.41401290894, 3.23129272461, 1.49339675903, -6.103515625e-05, 2.28881835938e-05, -2.67028808594e-05, -5.34057617188e-05, -4.57763671875e-05, -2.28881835938e-05, -2.67028808594e-05, -3.0517578125e-05, 1.44583129883]
    mean: [-1135.11364746, 4.27069711685, 3.1258752346, 1.44372737408, -0.480356395245, -2.30843067169, -3.72194910049, -4.47688436508, -4.44723939896, -3.646443367, -2.22400188446, -0.43755236268, 1.39383041859]
    median: [-1135.00390625, 4.41244125366, 3.23004150391, 1.49257278442, -0.494857788086, -2.3833770752, -3.84390640259, -4.62438201904, -4.59471130371, -3.76854705811, -2.30017471313, -0.455543518066, 1.43589782715]
    min: [-1138.42004395, 1.14440917969e-05, -6.103515625e-05, 8.01086425781e-05, -0.498275756836, -2.38378143311, -3.84479904175, -4.62573242188, -4.59631347656, -3.77021026611, -2.30170059204, -0.46208190918, -3.81469726562e-05]
    skew: [-5.36475229263, -5.36070489883, -5.34292173386, -5.27215623856, 5.78158903122, 5.46392011642, 5.42099380493, 5.39423704147, 5.36507844925, 5.31985616684, 5.2161655426, 4.54371452332, -5.78158664703]
    var: [0.296782463789, 0.495563417673, 0.266487240791, 0.0577148236334, 0.00581278186291, 0.141842499375, 0.371820449829, 0.540834188461, 0.536886274815, 0.364397317171, 0.138730242848, 0.00686492072418, 0.0489565767348]

SpecContrastCoeff:
    dmean: [0.0242184158415, 0.0187945310026, 0.00922902394086, 0.0122563270852, 0.00888079684228, 0.00877565424889]
    dmean2: [0.0319067649543, 0.02358263731, 0.0127734383568, 0.0186933130026, 0.0136621547863, 0.0141267133877]
    dvar: [0.0018708120333, 0.00182355474681, 9.80330951279e-05, 0.000219989611651, 0.000203318762942, 0.000152037202497]
    dvar2: [0.00190562277567, 0.00169366062619, 0.00014394937898, 0.000363979808753, 0.000290172785753, 0.000175864144694]
    kurt: [14.6225662231, 17.226682663, 11.4515390396, 10.0374155045, 12.6113023758, 12.3999547958]
    max: [-0.632052898407, -0.512649059296, -0.878872573376, -0.861193299294, -0.864542126656, -0.845793664455]
    mean: [-0.675664007664, -0.555715918541, -0.897758483887, -0.881841719151, -0.87763696909, -0.864014983177]
    median: [-0.669113874435, -0.548402070999, -0.896256268024, -0.878391563892, -0.873401045799, -0.860926449299]
    min: [-0.917522072792, -0.803165018559, -0.960965454578, -0.96666675806, -0.954120516777, -0.926984846592]
    skew: [-3.81450366974, -4.18985939026, -2.88364744186, -2.94520568848, -3.47338819504, -3.51183629036]
    var: [0.00248047336936, 0.00229194690473, 0.00016521498037, 0.000334204756655, 0.000241524583544, 0.000209700214327]

SpecPeakAmp:
    dmean: [1.71835608853e-07, 1.94054587155e-06, 9.31405395477e-07, 3.23271015077e-05, 9.0545945568e-05]
    dmean2: [1.90292837488e-07, 2.02574756258e-06, 9.72414227363e-07, 6.29231508356e-05, 0.000182077928912]
    dvar: [4.29364280675e-13, 1.44301418037e-10, 2.89443920221e-11, 3.41532446768e-09, 4.38415614923e-09]
    dvar2: [4.11555717891e-13, 1.47820422569e-10, 2.88502867429e-11, 1.02198098872e-08, 7.80767361874e-09]
    kurt: [37.3954162598, 38.9885063171, 38.7932472229, 3.92963790894, -1.99169695377]
    max: [1.69137347257e-05, 7.98467299319e-05, 3.63444378308e-05, 0.000139337906148, 0.000139333627885]
    mean: [1.66584341059e-05, 1.98056136469e-06, 1.03985792066e-06, 1.60169493029e-05, 6.66583218845e-05]
    median: [1.67638845596e-05, 1.36991474164e-07, 1.69931126948e-07, 2.61350606934e-07, 1.0705493878e-06]
    min: [1.22685451061e-05, 3.92892154366e-08, 8.45357490675e-08, 1.02865861606e-07, 1.3785148667e-07]
    skew: [-6.21006679535, 6.40082597733, 6.37818527222, 2.43488836288, 0.0909850671887]
    var: [4.57123217317e-13, 1.41061662351e-10, 2.90660603225e-11, 1.93331772813e-09, 4.8183257384e-09]
