
metadata:
    version:
        essentia: "2.1-beta3"

Flux:
    dmean: 0.000163588847499
    dmean2: 0.000212267870666
    dvar: 2.85607370643e-07
    dvar2: 5.567915764e-07
    kurt: 9.7565870285
    max: 0.00314038922079
    mean: 0.000213546809391
    median: 8.34694401419e-06
    min: 5.16813406648e-06
    skew: 3.31470942497
    var: 4.64441257009e-07

Rms:
    dmean: 7.09441665094e-05
    dmean2: 5.65812151763e-05
    dvar: 5.16126732464e-08
    dvar2: 2.3212702871e-08
    kurt: 20.9769325256
    max: 0.00224965112284
    mean: 0.00215973239392
    median: 0.00223681633361
    min: 0.000407349696616
    skew: -4.54541110992
    var: 9.64709911955e-08

RollOff:
    dmean: 5.87269163132
    dmean2: 6.00926589966
    dvar: 1483.00585938
    dvar2: 1516.67382812
    kurt: 40.022731781
    max: 624.462890625
    mean: 371.806640625
    median: 366.064453125
    min: 366.064453125
    skew: 6.48249483109
    var: 1450.79943848

SpecCent:
    dmean: 12.5993585587
    dmean2: 12.5722484589
    dvar: 3558.29296875
    dvar2: 2907.34277344
    kurt: 39.2532463074
    max: 790.850280762
    mean: 360.757537842
    median: 350.273956299
    min: 346.807556152
    skew: 6.39555931091
    var: 4242.25292969

Zcr:
    dmean: 0.000721324584447
    dmean2: 0.000772165716626
    dvar: 3.57073577106e-06
    dvar2: 2.28696285376e-06
    kurt: 17.2412185669
    max: 0.01611328125
    mean: 0.01513671875
    median: 0.015625
    min: 0.00048828125
    skew: -4.15808153152
    var: 7.49164155422e-06

HarmonicAmpFreq:
    dmean: [1.48150014877]
    dmean2: [1.74862313271]
    dvar: [61.2474098206]
    dvar2: [60.5234642029]
    kurt: [39.8359832764]
    max: [349.239654541]
    mean: [347.279449463]
    median: [348.271209717]
    min: [295.777160645]
    skew: [-6.4601817131]
    var: [60.4153213501]

HarmonicAmpMag:
    dmean: [0.000915577402338]
    dmean2: [0.00177673297003]
    dvar: [1.86107752143e-06]
    dvar2: [4.59022885479e-06]
    kurt: [0.233462810516]
    max: [0.00312064983882]
    mean: [0.00248521659523]
    median: [0.00311962817796]
    min: [0]
    skew: [-1.46521687508]
    var: [1.47821674545e-06]

MfccCoeff:
    dmean: [2.04811239243, 2.60703492165, 1.84605288506, 0.88352483511, 0.145704448223, 0.569740653038, 0.876476228237, 1.01359474659, 0.96370524168, 0.74630600214, 0.412850350142, 0.0321006774902, 0.32717564702]
    dmean2: [2.73828983307, 3.48046588898, 2.45876002312, 1.1933863163, 0.17390973866, 0.558411717415, 0.807044029236, 0.83098423481, 0.700117051601, 0.489727467299, 0.26904258132, 0.0260369945318, 0.267427325249]
    dvar: [83.6147460938, 135.560546875, 68.0212936401, 15.4517822266, 0.373818486929, 8.29055213928, 17.1235904694, 18.5229606628, 14.4860343933, 8.19535446167, 2.46352553368, 0.0124740572646, 1.59933400154]
    dvar2: [170.907119751, 276.154418945, 137.826416016, 32.3277397156, 0.463635504246, 7.56916999817, 13.1790733337, 10.2407798767, 6.6852273941, 4.23631191254, 1.49824333191, 0.00623871060088, 1.21799480915]
    kurt: [18.1147003174, 18.0905609131, 18.0657939911, 18.5188961029, 17.9360218048, 34.7133407593, 33.7507705688, 30.7636184692, 27.0741119385, 24.1564559937, 22.3990821838, 21.4617557526, 21.027639389]
    max: [-1083.19116211, 70.4232559204, 49.9959449768, 23.4824256897, -6.103515625e-05, 2.28881835938e-05, -2.67028808594e-05, -5.34057617188e-05, -4.57763671875e-05, -2.28881835938e-05, -2.67028808594e-05, -3.0517578125e-05, 11.4684677124]
    mean: [-1110.93481445, 35.3141365051, 25.3679199219, 11.0325489044, -4.86371612549, -19.2798957825, -29.5932731628, -34.0998077393, -32.2955589294, -24.9003925323, -13.6435508728, -0.86772531271, 10.9639949799]
    median: [-1110.77355957, 35.5340385437, 25.5404701233, 11.0681800842, -5.08695983887, -19.8587417603, -30.5340652466, -35.2860641479, -33.5100784302, -25.8916549683, -14.2070827484, -0.905242919922, 11.4264068604]
    min: [-1138.42004395, 1.14440917969e-05, -6.103515625e-05, 8.01086425781e-05, -5.10774230957, -19.8949356079, -30.5758743286, -35.3223190308, -33.5307388306, -25.8932266235, -14.2087612152, -0.907173156738, -3.81469726562e-05]
    skew: [0.0256270430982, -0.07797010988, -0.24005664885, 0.782752931118, 4.3537478447, 5.93184804916, 5.82260990143, 5.50820493698, 5.1486749649, 4.87835645676, 4.71781301498, 4.59443426132, -4.61251306534]
    var: [35.0252609253, 56.98046875, 28.7554721832, 6.33902931213, 0.8694871068, 9.03704929352, 21.569978714, 29.917388916, 28.5960769653, 18.0808792114, 5.67286634445, 0.0232906788588, 3.83697724342]

SpecContrastCoeff:
    dmean: [0.0257036574185, 0.0297749340534, 0.012463835068, 0.0140879815444, 0.00971030350775, 0.00893909391016]
    dmean2: [0.0363635756075, 0.0321791805327, 0.0172719061375, 0.0221144091338, 0.015768410638, 0.0148181170225]
    dvar: [0.000416500493884, 0.00426012976095, 9.09496302484e-05, 0.0001219069527, 5.91037205595e-05, 9.33836272452e-05]
    dvar2: [0.000707346131094, 0.00342793483287, 0.000217646505916, 0.000314989447361, 0.000170815284946, 0.000259981810814]
    kurt: [10.1989870071, 18.593044281, 2.78328704834, 0.662898778915, 4.35201644897, 6.46060276031]
    max: [-0.772861778736, -0.369915962219, -0.897487103939, -0.893966972828, -0.903379678726, -0.888906300068]
    mean: [-0.828244328499, -0.423067301512, -0.947145938873, -0.927012443542, -0.923536419868, -0.920118272305]
    median: [-0.830079317093, -0.402245640755, -0.949427485466, -0.927542507648, -0.923800230026, -0.920799195766]
    min: [-0.995963156223, -0.979024291039, -0.969212472439, -0.961688399315, -0.960923612118, -0.963928461075]
    skew: [-2.51918148994, -4.28150033951, 1.34115958214, 0.0679173916578, -1.16403973103, -0.879075348377]
    var: [0.00121628236957, 0.010386031121, 0.000177561683813, 0.000158884970006, 8.75089099281e-05, 0.000107899577415]

SpecPeakAmp:
    dmean: [5.92156857238e-06, 8.44704118208e-05, 2.69220413429e-06, 0.00125561398454, 0.00156131212134]
    dmean2: [8.19535307528e-06, 0.000129347245093, 3.50645086655e-06, 0.00251694396138, 0.00319365295582]
    dvar: [5.25851417965e-10, 1.46888154973e-07, 5.57705444326e-11, 2.28415251513e-06, 2.42380156124e-06]
    dvar2: [1.319670484e-09, 3.771793331e-07, 1.20996004882e-10, 5.83764494877e-06, 5.18136357641e-06]
    kurt: [37.9465065002, 40.0207557678, 17.0538635254, -0.618675708771, -1.98206973076]
    max: [0.000121785538795, 0.00184243265539, 3.4433316614e-05, 0.00312041677535, 0.00312064983882]
    mean: [1.87274981727e-05, 4.28768107668e-05, 3.22729533764e-06, 0.000782250310294, 0.00166607974097]
    median: [1.66791378433e-05, 2.00513545678e-06, 1.94662243302e-06, 2.20618335334e-06, 0.00311923841946]
    min: [3.6040323721e-06, 7.5512997455e-07, 5.26161841208e-07, 3.83765978995e-07, 3.03218683939e-07]
    skew: [6.2215218544, 6.48226070404, 4.30902290344, 1.16439497471, -0.133676290512]
    var: [2.47490278271e-10, 7.36017184977e-08, 4.08156668186e-11, 1.77598928985e-06, 2.4154314815e-06]
