
metadata:
    version:
        essentia: "2.1-beta3"

Flux:
    dmean: 0.0036553980317
    dmean2: 0.00494448794052
    dvar: 0.000142817341839
    dvar2: 0.000284203619231
    kurt: 9.40708255768
    max: 0.0687131732702
    mean: 0.00469067227095
    median: 9.3381262559e-05
    min: 1.15146813187e-05
    skew: 3.27420496941
    var: 0.000231514772167

Rms:
    dmean: 0.00158248725347
    dmean2: 0.00123897078447
    dvar: 2.5342531444e-05
    dvar2: 1.10017244879e-05
    kurt: 20.6423816681
    max: 0.0503619685769
    mean: 0.0483413115144
    median: 0.0500834584236
    min: 0.00917952693999
    skew: -4.50989723206
    var: 4.85934833705e-05

RollOff:
    dmean: 8.80903720856
    dmean2: 8.51312637329
    dvar: 2978.46582031
    dvar2: 2698.81640625
    kurt: 39.7580070496
    max: 753.662109375
    mean: 375.15625
    median: 366.064453125
    min: 366.064453125
    skew: 6.45225381851
    var: 3266.13085938

SpecCent:
    dmean: 18.2215442657
    dmean2: 17.4109706879
    dvar: 8408.04296875
    dvar2: 6575.81591797
    kurt: 38.8602638245
    max: 1044.42651367
    mean: 366.520751953
    median: 349.806884766
    min: 345.894927979
    skew: 6.35390043259
    var: 10588.9228516

Zcr:
    dmean: 0.000721324584447
    dmean2: 0.000760810333304
    dvar: 3.57073531632e-06
    dvar2: 2.46516356128e-06
    kurt: 18.52576828
    max: 0.01611328125
    mean: 0.015169271268
    median: 0.015625
    min: 0.00048828125
    skew: -4.28230381012
    var: 7.20977823221e-06

HarmonicAmpFreq:
    dmean: [1.34872233868]
    dmean2: [1.3583906889]
    dvar: [74.2726516724]
    dvar2: [73.6797790527]
    kurt: [39.997756958]
    max: [407.000091553]
    mean: [349.607177734]
    median: [348.269897461]
    min: [348.265899658]
    skew: [6.47956085205]
    var: [74.8841781616]

HarmonicAmpMag:
    dmean: [0.00275174505077]
    dmean2: [0.00209064944647]
    dvar: [0.000105004946818]
    dvar2: [7.34674322302e-05]
    kurt: [15.2866191864]
    max: [0.0698650702834]
    mean: [0.0664758980274]
    median: [0.0698514059186]
    min: [7.51425613998e-05]
    skew: [-4.02566623688]
    var: [0.000174531582161]

MfccCoeff:
    dmean: [15.1401281357, 7.4716629982, 3.43288898468, 2.79757213593, 2.68176245689, 3.23246741295, 3.48231911659, 3.25659656525, 2.65056109428, 2.01707863808, 1.41855144501, 0.820361077785, 1.3241237402]
    dmean2: [22.3556671143, 10.3275146484, 4.60110282898, 3.88771080971, 3.8219101429, 4.25982999802, 4.42608690262, 4.17472600937, 3.16190886497, 2.43610787392, 1.61955940723, 1.24734783173, 1.75201129913]
    dvar: [3501.14624023, 445.707244873, 19.6159858704, 4.1946644783, 4.31576061249, 12.3330287933, 32.6473846436, 55.4682655334, 56.1761207581, 36.2322006226, 10.1766672134, 0.451494395733, 9.46444129944]
    dvar2: [8736.67773438, 971.473632812, 18.1824111938, 3.57070398331, 3.7104370594, 11.5732975006, 34.3804473877, 66.2246704102, 60.7682151794, 36.4000282288, 7.80557537079, 0.964360713959, 13.4355649948]
    kurt: [36.8903236389, 14.1167526245, 9.7935667038, 4.5637011528, -0.632318973541, 15.0831394196, 18.040681839, 16.7352714539, 16.1465816498, 15.4436531067, 16.1386508942, 0.346208095551, 11.1351013184]
    max: [-816.559814453, 146.135772705, 79.1096191406, 34.9048957825, -1.62107849121, -7.2301864624, -8.83122253418, -7.00854492188, -3.42323303223, 0.0184707641602, 1.96715927124, 2.06201934814, 23.9727478027]
    mean: [-1076.91589355, 73.0943984985, 50.8297424316, 22.4148788452, -9.05520820618, -36.915222168, -56.4747238159, -64.354637146, -60.0424690247, -45.1599082947, -23.4411697388, 0.516280591488, 21.9620933533]
    median: [-1083.56359863, 70.5864639282, 50.8265724182, 22.4896583557, -9.00996398926, -37.4661521912, -57.9684677124, -66.791015625, -62.9661636353, -47.3975372314, -24.8270168304, 0.307067871094, 23.1871261597]
    min: [-1119.74169922, 23.6948661804, 16.4467773438, 7.04387283325, -12.6470336914, -41.9452629089, -63.8411026001, -71.7410430908, -65.6989212036, -48.7071533203, -25.6647701263, -2.0160446167, 0.858207702637]
    skew: [6.10080337524, 2.29362869263, -1.34421050549, -0.798697710037, 0.445991963148, 3.64389324188, 4.20674276352, 4.14729070663, 4.09355020523, 4.02141284943, 4.04049015045, -0.345018148422, -3.48397326469]
    var: [1600.60900879, 219.298782349, 65.3504486084, 16.8180522919, 6.90348148346, 32.8212509155, 79.2892456055, 122.498588562, 120.3852005, 78.5023956299, 23.5902881622, 0.653776824474, 22.1246547699]

SpecContrastCoeff:
    dmean: [0.0246619898826, 0.0323081053793, 0.0107264099643, 0.00772018032148, 0.00815888959914, 0.0169767253101]
    dmean2: [0.0404978580773, 0.027218522504, 0.01645867154, 0.0131150539964, 0.014928996563, 0.0296376310289]
    dvar: [0.00127420399804, 0.00647195475176, 0.000109305510705, 7.78733447078e-05, 0.000111005079816, 0.000318996084388]
    dvar2: [0.00281607382931, 0.00332894548774, 0.000260527449427, 0.000181113297003, 0.000285812100628, 0.000799182394985]
    kurt: [9.35360527039, 21.4938392639, 4.41484928131, 4.12753105164, 2.57075214386, 2.00020313263]
    max: [-0.748941063881, -0.200868904591, -0.894851148129, -0.923406779766, -0.930948138237, -0.895571112633]
    mean: [-0.926200032234, -0.250603675842, -0.94857019186, -0.959494352341, -0.958559334278, -0.948259472847]
    median: [-0.938953220844, -0.223804369569, -0.954962611198, -0.964093983173, -0.963298738003, -0.955628216267]
    min: [-0.970531702042, -0.982981920242, -0.958655655384, -0.965114176273, -0.964173972607, -0.960596561432]
    skew: [3.00427436829, -4.59613609314, 2.1115655899, 2.10779762268, 1.97566735744, 1.72775220871]
    var: [0.00154602853581, 0.0166365802288, 0.000202887429623, 8.46055627335e-05, 8.86093548615e-05, 0.000270914490102]
