
metadata:
    version:
        essentia: "2.1-beta3"

Flux:
    dmean: 0.0330756008625
    dmean2: 0.0431903414428
    dvar: 0.0115896910429
    dvar2: 0.0220191124827
    kurt: 9.5608625412
    max: 0.647544801235
    mean: 0.0432109795511
    median: 0.000883369299117
    min: 9.65427825577e-05
    skew: 3.28569698334
    var: 0.019681725651

Rms:
    dmean: 0.0145887583494
    dmean2: 0.0116499522701
    dvar: 0.00219239434227
    dvar2: 0.000990471919067
    kurt: 21.1857795715
    max: 0.464003205299
    mean: 0.445592284203
    median: 0.461353331804
    min: 0.0836843401194
    skew: -4.56563520432
    var: 0.00409068679437

RollOff:
    dmean: 5.87269163132
    dmean2: 6.00926589966
    dvar: 1483.00585938
    dvar2: 1516.67382812
    kurt: 40.022731781
    max: 624.462890625
    mean: 371.806640625
    median: 366.064453125
    min: 366.064453125
    skew: 6.48249483109
    var: 1450.79943848

SpecCent:
    dmean: 12.5109109879
    dmean2: 12.4963674545
    dvar: 3480.63500977
    dvar2: 2852.21850586
    kurt: 39.2693405151
    max: 784.611816406
    mean: 359.693664551
    median: 349.294006348
    min: 345.893066406
    skew: 6.39729070663
    var: 4139.99560547

Zcr:
    dmean: 0.000699129945133
    dmean2: 0.000760810333304
    dvar: 3.27714747073e-06
    dvar2: 1.98832640308e-06
    kurt: 17.8708000183
    max: 0.01611328125
    mean: 0.015169271268
    median: 0.015625
    min: 0.0009765625
    skew: -4.21759748459
    var: 6.88129011905e-06

HarmonicAmpFreq:
    dmean: [1.18457937241]
    dmean2: [1.21616733074]
    dvar: [57.6584510803]
    dvar2: [59.4647140503]
    kurt: [39.9987220764]
    max: [349.097473145]
    mean: [347.166137695]
    median: [348.26940918]
    min: [297.509674072]
    skew: [-6.47961950302]
    var: [56.0557785034]

HarmonicAmpMag:
    dmean: [0.0251086037606]
    dmean2: [0.0193446204066]
    dvar: [0.00878425594419]
    dvar2: [0.00601388281211]
    kurt: [15.8010101318]
    max: [0.643693983555]
    mean: [0.613026022911]
    median: [0.64356559515]
    min: [0.00073982909089]
    skew: [-4.07879161835]
    var: [0.0144655546173]

MfccCoeff:
    dmean: [35.3699226379, 8.68363380432, 25.6429767609, 16.2424621582, 5.26681566238, 7.782122612, 5.22775316238, 4.64083814621, 3.99905157089, 2.74229574203, 2.26135206223, 1.12830960751, 1.39351475239]
    dmean2: [51.8534698486, 15.3007087708, 32.7784881592, 19.6775531769, 7.94474411011, 13.9935016632, 7.53514289856, 6.35705709457, 5.5414018631, 3.59753489494, 3.32811999321, 1.94291937351, 1.75280368328]
    dvar: [7497.53710938, 48.152797699, 208.598083496, 44.6394691467, 16.0521469116, 30.7636470795, 37.5403022766, 51.945766449, 45.8323326111, 30.5584774017, 10.9883155823, 1.18455314636, 9.87903213501]
    dvar2: [18744.2246094, 101.149803162, 491.283294678, 174.602828979, 46.2560539246, 58.6130943298, 46.8248558044, 61.0935325623, 46.310382843, 25.93268013, 9.54459190369, 2.64621090889, 11.3296146393]
    kurt: [23.784078598, 9.9493560791, -1.32975876331, -1.00279664993, 1.03791475296, 6.11003398895, 13.0375766754, 14.4543857574, 15.4689369202, 17.4122467041, 21.067533493, 5.42913246155, 10.4409179688]
    max: [-602.372680664, 184.629211426, 105.948120117, 43.2221870422, -0.246612548828, -9.04877471924, -10.7691726685, -7.24689483643, -2.62311553955, 3.87606811523, 7.14520645142, 5.10619354248, 23.8626708984]
    mean: [-980.175170898, 159.699356079, 74.0329818726, 18.9064178467, -16.4304084778, -44.8516159058, -61.563835144, -66.0984191895, -60.5573234558, -44.7784843445, -23.0939750671, 0.499351173639, 21.7901859283]
    median: [-986.163818359, 160.690460205, 72.2127990723, 15.651599884, -15.0076408386, -45.5443077087, -63.3153610229, -68.2904968262, -62.5023117065, -46.7714996338, -24.018239975, 0.665985107422, 23.2864761353]
    min: [-1014.95837402, 124.179084778, 32.1552696228, -0.674114227295, -27.7618370056, -57.8771629333, -71.5939254761, -75.3865814209, -68.8525924683, -50.1139221191, -27.1241664886, -3.52633666992, -0.286224365234]
    skew: [4.81590414047, -1.48992872238, -0.0486624054611, 0.416012793779, -0.112374767661, 1.95532643795, 3.49627232552, 3.81255435944, 3.92889547348, 4.18956279755, 4.47686433792, 0.124677941203, -3.4063565731]
    var: [4218.25195312, 58.6267356873, 502.242889404, 178.051193237, 27.7497215271, 76.6880874634, 108.543731689, 139.787338257, 128.246887207, 83.9983444214, 28.6377487183, 1.42564320564, 24.5593700409]

SpecContrastCoeff:
    dmean: [0.0493235476315, 0.0309460442513, 0.0128536727279, 0.00803789868951, 0.00554551742971, 0.0147708347067]
    dmean2: [0.0842508524656, 0.0263493675739, 0.01803454943, 0.0138191124424, 0.00938481464982, 0.0269460957497]
    dvar: [0.00289387418889, 0.0110574485734, 0.000184820441063, 9.58309319685e-05, 8.41536457301e-05, 0.000456600915641]
    dvar2: [0.00686113862321, 0.0050354716368, 0.000355383730493, 0.000181147406693, 0.00015600140614, 0.00128214608412]
    kurt: [6.17109203339, 28.5550270081, 9.43453407288, 8.8281955719, 15.4761962891, 6.66145420074]
    max: [-0.658866405487, -0.0470804050565, -0.838035345078, -0.887671291828, -0.888742208481, -0.865804135799]
    mean: [-0.924782633781, -0.0880586951971, -0.935402929783, -0.949841082096, -0.95222312212, -0.944053828716]
    median: [-0.951776385307, -0.0578658170998, -0.944064974785, -0.956407308578, -0.956369519234, -0.951910376549]
    min: [-0.992836952209, -0.964261829853, -0.94797372818, -0.956957995892, -0.957611203194, -0.954585433006]
    skew: [2.43062710762, -5.2851433754, 2.92031168938, 2.7416343689, 3.72165226936, 2.63887500763]
    var: [0.00392179610208, 0.0204804204404, 0.00043475345592, 0.000174127650098, 0.000142844888614, 0.000347109977156]

SpecPeakAmp:
    dmean: [0.0173890162259, 0.146336302161, 0.146652162075, 0.0249617695808, 0.000419197167503]
    dmean2: [0.026639085263, 0.298843532801, 0.299710124731, 0.0405028760433, 0.000616087287199]
    dvar: [0.00623964844272, 0.0724377334118, 0.0724783688784, 0.0130500169471, 1.32665172714e-06]
    dvar2: [0.0160267855972, 0.10257729888, 0.121867232025, 0.0348646044731, 3.01169325212e-06]
    kurt: [40.0216560364, -1.98210990429, -1.94994997978, 33.6457366943, 17.8065700531]
    max: [0.379976212978, 0.643693447113, 0.643693983555, 0.633265972137, 0.00522418646142]
    mean: [0.00878859311342, 0.30073210597, 0.286533415318, 0.0185591392219, 0.000370174821001]
    median: [0.000341259175912, 0.00290853879414, 0.00126666459255, 0.000257225416135, 0.000109923741547]
    min: [6.66020714561e-05, 0.000174226297531, 0.000107239691715, 6.79627264617e-05, 3.19529681292e-05]
    skew: [6.48236751556, 0.133599191904, 0.223549768329, 5.83497142792, 4.36356210709]
    var: [0.00313140824437, 0.10285794735, 0.101988740265, 0.0093302782625, 9.02927581592e-07]
