
metadata:
    version:
        essentia: "2.1-beta3"

Flux:
    dmean: 0.0198955535889
    dmean2: 0
    dvar: 0
    dvar2: 0
    kurt: -2
    max: 0.377620697021
    mean: 0.367672920227
    median: 0.367672920227
    min: 0.357725143433
    skew: 0
    var: 9.89582622424e-05

Rms:
    dmean: 0
    dmean2: 0
    dvar: 0
    dvar2: 0
    kurt: 0
    max: 0.130088582635
    mean: 0.130088582635
    median: 0.130088582635
    min: 0.130088582635
    skew: 0
    var: 0

RollOff:
    dmean: 107.666015625
    dmean2: 0
    dvar: 0
    dvar2: 0
    kurt: -2
    max: 624.462890625
    mean: 570.629882812
    median: 570.629882812
    min: 516.796875
    skew: 0
    var: 2897.99267578

SpecCent:
    dmean: 115.492401123
    dmean2: 0
    dvar: 0
    dvar2: 0
    kurt: -1.99999988079
    max: 575.241088867
    mean: 517.494873047
    median: 517.494873047
    min: 459.748687744
    skew: 8.1142769659e-07
    var: 3334.62353516

Zcr:
    dmean: 0
    dmean2: 0
    dvar: 0
    dvar2: 0
    kurt: 0
    max: 0.005859375
    mean: 0.005859375
    median: 0.005859375
    min: 0.005859375
    skew: 0
    var: 0

HarmonicAmpFreq:
    dmean: [75.4376525879]
    dmean2: [0]
    dvar: [0]
    dvar2: [0]
    kurt: [-2]
    max: [541.307861328]
    mean: [503.589050293]
    median: [503.589050293]
    min: [465.87020874]
    skew: [-1.20107301882e-06]
    var: [1422.70996094]

HarmonicAmpMag:
    dmean: [0.116206049919]
    dmean2: [0]
    dvar: [0]
    dvar2: [0]
    kurt: [-1.99999988079]
    max: [0.126435250044]
    mean: [0.0683322250843]
    median: [0.0683322250843]
    min: [0.0102291982621]
    skew: [0]
    var: [0.00337596144527]

MfccCoeff:
    dmean: [381.151367188, 9.19845581055, 23.7580909729, 43.0243873596, 52.406578064, 36.6327285767, 4.88410186768, 12.6488552094, 20.3987522125, 16.6073513031, 9.33308601379, 0.309267044067, 4.95706367493]
    dmean2: [0, 0, 0, 0, 0, 0, 0, 0, 0, 0, 0, 0, 0]
    dvar: [0, 0, 0, 0, 0, 0, 0, 0, 0, 0, 0, 0, 0]
    dvar2: [0, 0, 0, 0, 0, 0, 0, 0, 0, 0, 0, 0, 0]
    kurt: [-1.99999988079, -1.99999988079, -2, -2, -2, -2, -1.99999988079, -2, -2, -2, -2, -2, -2]
    max: [-613.83605957, 168.563842773, 60.2879371643, 13.2427635193, -16.0001296997, -22.6626758575, -26.0843658447, -5.55087280273, 10.2703437805, 16.7472248077, 15.1171989441, 9.01842689514, 7.52441596985]
    mean: [-804.411743164, 163.964614868, 48.4088897705, -8.26943016052, -42.2034187317, -40.9790420532, -28.5264167786, -11.8753004074, 0.0709676742554, 8.44354915619, 10.4506559372, 8.86379337311, 5.04588413239]
    median: [-804.411743164, 163.964614868, 48.4088897705, -8.26943016052, -42.2034187317, -40.9790420532, -28.5264167786, -11.8753004074, 0.0709676742554, 8.44354915619, 10.4506559372, 8.86379337311, 5.04588413239]
    min: [-994.987426758, 159.365386963, 36.5298461914, -29.7816238403, -68.4067077637, -59.2954063416, -30.9684677124, -18.1997280121, -10.128408432, 0.139873504639, 5.7841129303, 8.70915985107, 2.56735229492]
    skew: [0, 0, 5.09757285272e-07, 0, 0, 1.589213241e-07, 0, 0, 0, 0, 0, 0, 0]
    var: [36319.0898438, 21.1528968811, 141.111724854, 462.774475098, 686.612365723, 335.489227295, 5.96361255646, 39.9983863831, 104.027275085, 68.9510269165, 21.7766227722, 0.0239115264267, 6.14312028885]

SpecContrastCoeff:
    dmean: [0.0703728199005, 0.106087446213, 0.181169092655, 0.0236706137657, 0.0236552357674, 0.0223386883736]
    dmean2: [0, 0, 0, 0, 0, 0]
    dvar: [0, 0, 0, 0, 0, 0]
    dvar2: [0, 0, 0, 0, 0, 0]
    kurt: [-2, -2, -2, -2, -1.99999988079, -2]
    max: [-0.857388436794, -0.626572549343, -0.683128833771, -0.898627281189, -0.931399285793, -0.938815355301]
    mean: [-0.892574846745, -0.679616272449, -0.773713350296, -0.910462617874, -0.943226933479, -0.949984669685]
    median: [-0.892574846745, -0.679616272449, -0.773713350296, -0.910462617874, -0.943226933479, -0.949984669685]
    min: [-0.927761256695, -0.732659995556, -0.864297926426, -0.922297894955, -0.955054521561, -0.961154043674]
    skew: [0, 0, -1.01803141206e-06, 7.54335042075e-06, 7.59242766435e-06, -7.9956398622e-06]
    var: [0.00123808346689, 0.00281363655813, 0.008205560036, 0.000140074494993, 0.000139892537845, 0.000124754253193]

SpecPeakAmp:
    dmean: [0.126133292913, 0.0321043804288, 0.0136659462005, 0.000681179575622, 0.00702125299722]
    dmean2: [0, 0, 0, 0, 0]
    dvar: [0, 0, 0, 0, 0]
    dvar2: [0, 0, 0, 0, 0]
    kurt: [-2, -2, -1.99999988079, -1.99999988079, -2]
    max: [0.126435250044, 0.0324529819191, 0.0141265233979, 0.0102291982621, 0.00756523711607]
    mean: [0.0633686035872, 0.0164007917047, 0.00729355029762, 0.00988860800862, 0.00405461061746]
    median: [0.0633686035872, 0.0164007917047, 0.00729355029762, 0.00988860800862, 0.00405461061746]
    min: [0.000301958032651, 0.000348602072336, 0.000460577430204, 0.00954801868647, 0.000543983944226]
    skew: [0, 0, 0, 4.083366548e-06, -1.23167907873e-07]
    var: [0.00397740211338, 0.000257672800217, 4.6689521696e-05, 1.16001402262e-07, 1.23244990391e-05]
