
metadata:
    version:
        essentia: "2.1-beta3"

Flux:
    dmean: 6.44295460006e-06
    dmean2: 9.29061479837e-06
    dvar: 5.27451027299e-10
    dvar2: 1.14720721811e-09
    kurt: 13.8884086609
    max: 0.000124625788885
    mean: 8.4802532001e-06
    median: 2.5511617423e-06
    min: 7.85385793733e-07
    skew: 3.84749436378
    var: 5.55126389301e-10

Rms:
    dmean: 1.78774030246e-06
    dmean2: 1.73231319422e-06
    dvar: 4.26478782845e-11
    dvar2: 3.20290252653e-11
    kurt: 19.9398021698
    max: 0.000101594851003
    mean: 9.95049049379e-05
    median: 0.000101162833744
    min: 5.86461246712e-05
    skew: -4.53702545166
    var: 5.617970672e-11

RollOff:
    dmean: 1.00154435635
    dmean2: 1.025390625
    dvar: 20.5633563995
    dvar2: 21.0285148621
    kurt: 17.0477027893
    max: 732.12890625
    mean: 711.574462891
    median: 710.595703125
    min: 710.595703125
    skew: 4.36437177658
    var: 20.118303299

SpecCent:
    dmean: 4.53475475311
    dmean2: 6.27770280838
    dvar: 59.1165962219
    dvar2: 38.8235549927
    kurt: 16.7533912659
    max: 973.500061035
    mean: 919.890991211
    median: 917.781616211
    min: 913.569946289
    skew: 4.07346343994
    var: 104.492454529

Zcr:
    dmean: 0.000908430258278
    dmean2: 0.00105794274714
    dvar: 1.03083439171e-05
    dvar2: 9.42226506595e-06
    kurt: 17.1142177582
    max: 0.03173828125
    mean: 0.0308948867023
    median: 0.03173828125
    min: 0.0146484375
    skew: -4.34640693665
    var: 1.12204606921e-05

HarmonicAmpFreq:
    dmean: [0.0389106236398]
    dmean2: [0.0398370660841]
    dvar: [0.0354749783874]
    dvar2: [0.036282710731]
    kurt: [26.4304256439]
    max: [698.983276367]
    mean: [698.944885254]
    median: [698.983276367]
    min: [697.83782959]
    skew: [-5.17349243164]
    var: [0.0347024798393]

HarmonicAmpMag:
    dmean: [2.74690478363e-06]
    dmean2: [2.81230722976e-06]
    dvar: [1.77236517129e-10]
    dvar2: [1.81272524769e-10]
    kurt: [26.6118965149]
    max: [8.10791680124e-05]
    mean: [2.68447524832e-06]
    median: [0]
    min: [0]
    skew: [5.19201850891]
    var: [1.7337603575e-10]

MfccCoeff:
    dmean: [0.0827324464917, 0.0859332382679, 0.00917727407068, 0.0724430531263, 0.115580007434, 0.0972981974483, 0.0273167807609, 0.0571794733405, 0.111294321716, 0.106272317469, 0.0447820611298, 0.0405025035143, 0.104267567396]
    dmean2: [0.0866786390543, 0.0900442972779, 0.00961303710938, 0.075904481113, 0.121106825769, 0.101949416101, 0.0286218561232, 0.0599140003324, 0.116616293788, 0.111354097724, 0.0469233207405, 0.0424390509725, 0.109254926443]
    dvar: [0.161254748702, 0.173903554678, 0.00198520487174, 0.123606838286, 0.314607769251, 0.222957655787, 0.0175753068179, 0.076996512711, 0.291703075171, 0.265973061323, 0.0472286865115, 0.0386343337595, 0.2560287714]
    dvar2: [0.163400396705, 0.17621588707, 0.0020115065854, 0.12524998188, 0.318794310093, 0.225923836231, 0.0178094785661, 0.07802118361, 0.295583426952, 0.269511729479, 0.0478572100401, 0.0391483977437, 0.259434223175]
    kurt: [30.164730072, 30.1618309021, 30.1620407104, 30.1615715027, 30.16147995, 30.1614532471, 30.1616210938, 30.1615486145, 30.1614532471, 30.1615257263, 30.1613960266, 30.1615600586, 30.1614646912]
    max: [-1135.87963867, 2.638256073, 0.281829833984, 8.01086425781e-05, -6.103515625e-05, 2.28881835938e-05, -2.67028808594e-05, 1.75542449951, 3.41684341431, 3.2626953125, 1.37484359741, -3.0517578125e-05, -3.81469726562e-05]
    mean: [-1135.96081543, 2.55385971069, 0.272800803185, -2.15299773216, -3.43503856659, -2.89165711403, -0.811902463436, 1.69926643372, 3.30753350258, 3.15831303596, 1.33086252213, -1.20375072956, -3.0987701416]
    median: [-1135.88208008, 2.63557052612, 0.281524658203, -2.22188949585, -3.54494476318, -2.98417663574, -0.837879180908, 1.75363922119, 3.4133644104, 3.25936508179, 1.37344741821, -1.24226379395, -3.19791793823]
    min: [-1138.42004395, 1.14440917969e-05, -6.103515625e-05, -2.22416305542, -3.5485534668, -2.98722076416, -0.83874130249, -5.34057617188e-05, -4.57763671875e-05, -2.28881835938e-05, -2.67028808594e-05, -1.24353027344, -3.20117950439]
    skew: [-5.51635599136, -5.51592540741, -5.51594305038, 5.51590156555, 5.51588773727, 5.51588439941, 5.51590013504, -5.51589632034, -5.51588487625, -5.51589298248, -5.51588058472, 5.51589632034, 5.5158867836]
    var: [0.159399941564, 0.171908840537, 0.00196242029779, 0.122188217938, 0.310998558998, 0.220399796963, 0.0173735562712, 0.0761132463813, 0.288357466459, 0.262921899557, 0.0466868914664, 0.038190998137, 0.253092169762]

SpecContrastCoeff:
    dmean: [0.0283492002636, 0.0202925447375, 0.0175299774855, 0.0162170659751, 0.011161477305, 0.00969300698489]
    dmean2: [0.0463431477547, 0.0396046228707, 0.0259969234467, 0.0268954429775, 0.0170998405665, 0.014387531206]
    dvar: [0.00199467991479, 0.000188167250599, 0.00153200223576, 0.000123708989122, 0.000212722108699, 0.000192028950551]
    dvar2: [0.00235668569803, 0.000584047287703, 0.00146134546958, 0.000261624896666, 0.000220527916099, 0.00021627426031]
    kurt: [14.4763450623, 1.98348093033, 19.5682010651, 8.2714805603, 14.768453598, 11.7470855713]
    max: [-0.621364295483, -0.836962997913, -0.563228666782, -0.859682381153, -0.852110743523, -0.843813657761]
    mean: [-0.669064700603, -0.888714790344, -0.588242888451, -0.87852025032, -0.872100114822, -0.860187113285]
    median: [-0.662172675133, -0.890743732452, -0.580540657043, -0.875532090664, -0.870654344559, -0.857171416283]
    min: [-0.884360849857, -0.914893805981, -0.810040831566, -0.95293456316, -0.959867238998, -0.938508093357]
    skew: [-3.84491753578, 0.910738408566, -4.48149299622, -2.42422533035, -3.43695139885, -3.33173632622]
    var: [0.00213439553045, 0.000204742565984, 0.00168329407461, 0.000262777030002, 0.000285036483547, 0.000280246720649]

SpecPeakAmp:
    dmean: [1.97439206318e-07, 1.02346348285e-07, 1.94534118236e-06, 1.49664899141e-07, 9.72814973466e-07]
    dmean2: [2.36733768588e-07, 1.31811972892e-07, 2.01729881155e-06, 2.13786947256e-07, 1.03779507299e-06]
    dvar: [3.89196921219e-13, 1.02972995799e-13, 1.48921333598e-10, 1.805214371e-13, 3.09407222066e-11]
    dvar2: [3.92452699028e-13, 1.02549736823e-13, 1.52395332464e-10, 1.98439355226e-13, 3.1650369825e-11]
    kurt: [26.4159736633, 23.8591022491, 38.9998512268, 31.1911849976, 38.603969574]
    max: [1.68985170603e-05, 2.3051725293e-06, 8.10791680124e-05, 2.85403189082e-06, 3.70377347281e-05]
    mean: [1.66324225574e-05, 4.37550170318e-07, 1.96357086679e-06, 2.15572669049e-07, 1.04004902823e-06]
    median: [1.67477082869e-05, 3.69255531041e-07, 9.34649833084e-08, 1.34340538693e-07, 1.42387932556e-07]
    min: [1.28501442305e-05, 3.18142582501e-07, 5.19542382449e-08, 2.84697527775e-08, 8.61220286197e-08]
    skew: [-5.1438908577, 4.92938375473, 6.40216350555, 5.57829761505, 6.35685682297]
    var: [4.04247653147e-13, 1.04873385367e-13, 1.45605194568e-10, 1.80114739312e-13, 3.02872622815e-11]
