
metadata:
    version:
        essentia: "2.1-beta3"

Flux:
    dmean: 0.000163172779139
    dmean2: 0.000213605366298
    dvar: 2.86075135136e-07
    dvar2: 5.62590344089e-07
    kurt: 9.67486000061
    max: 0.003120821435
    mean: 0.000214544386836
    median: 9.75324019237e-06
    min: 5.87575459576e-06
    skew: 3.30560517311
    var: 4.6272043619e-07

Rms:
    dmean: 6.52676753816e-05
    dmean2: 5.0749455113e-05
    dvar: 5.16637292947e-08
    dvar2: 2.31282015761e-08
    kurt: 20.7585163116
    max: 0.00224106223322
    mean: 0.00215970817953
    median: 0.00223828502931
    min: 0.00041659278213
    skew: -4.5259013176
    var: 9.60583221854e-08

RollOff:
    dmean: 8.31964683533
    dmean2: 8.01235485077
    dvar: 2322.94506836
    dvar2: 2070.88134766
    kurt: 39.3706932068
    max: 1055.12695312
    mean: 719.208984375
    median: 710.595703125
    min: 710.595703125
    skew: 6.40811920166
    var: 2584.23681641

SpecCent:
    dmean: 12.8133506775
    dmean2: 14.0537309647
    dvar: 4294.39697266
    dvar2: 3703.67163086
    kurt: 39.5278663635
    max: 1175.20080566
    mean: 710.144714355
    median: 698.798950195
    min: 696.982727051
    skew: 6.42640161514
    var: 4943.93457031

Zcr:
    dmean: 0.00117631396279
    dmean2: 0.000999273266643
    dvar: 1.46553511513e-05
    dvar2: 9.90217449726e-06
    kurt: 17.7988681793
    max: 0.03173828125
    mean: 0.0303276907653
    median: 0.03173828125
    min: 0.00146484375
    skew: -4.23197889328
    var: 2.86019931082e-05

HarmonicAmpFreq:
    dmean: [0.820305585861]
    dmean2: [0.845068633556]
    dvar: [28.5363292694]
    dvar2: [29.5834503174]
    kurt: [40.0175247192]
    max: [734.133361816]
    mean: [699.314941406]
    median: [698.528930664]
    min: [698.284423828]
    skew: [6.48187875748]
    var: [27.5544509888]

HarmonicAmpMag:
    dmean: [8.23180380394e-05]
    dmean2: [0.0001263913]
    dvar: [1.42301573192e-07]
    dvar2: [3.65541524161e-07]
    kurt: [40.0223731995]
    max: [0.00181283254642]
    mean: [4.0366758185e-05]
    median: [0]
    min: [0]
    skew: [6.48245239258]
    var: [7.14010823799e-08]

MfccCoeff:
    dmean: [1.85827362537, 1.96801614761, 0.4394274652, 0.964560568333, 1.46910655499, 1.02469336987, 0.187017098069, 0.50327706337, 0.86421006918, 0.74333190918, 0.231917127967, 0.376151353121, 0.730128109455]
    dmean2: [2.5013115406, 2.6607708931, 0.647250175476, 1.16428220272, 1.77401614189, 1.19256925583, 0.210390493274, 0.473280310631, 0.726408600807, 0.558156967163, 0.154489025474, 0.254815578461, 0.466903954744]
    dvar: [68.7351303101, 77.0332260132, 3.93232512474, 20.3663959503, 47.527217865, 24.6175556183, 0.947688102722, 5.75534152985, 13.7675638199, 8.82680702209, 0.829223871231, 1.98707211018, 7.7502245903]
    dvar2: [142.083374023, 160.760940552, 9.57208919525, 31.8798942566, 74.2509460449, 34.5705947876, 1.16401600838, 4.70493555069, 8.02264308929, 4.07358217239, 0.39511719346, 1.04211461544, 4.33277845383]
    kurt: [18.4049720764, 18.6360816956, 35.4084129333, 28.1714248657, 28.5536613464, 32.4268302917, 37.5876846313, 33.1987266541, 31.4759864807, 28.6080780029, 26.721529007, 22.9108886719, 23.2794914246]
    max: [-1088.55554199, 52.5579948425, 10.5079650879, 8.01086425781e-05, -6.103515625e-05, 2.28881835938e-05, -2.67028808594e-05, 17.2032871246, 30.1362724304, 26.3301944733, 8.76234054565, -3.0517578125e-05, -3.81469726562e-05]
    mean: [-1114.20397949, 24.9330368042, 2.21831798553, -21.2351379395, -32.5812492371, -26.000371933, -5.72924852371, 16.6706104279, 29.0115242004, 25.2036838531, 8.26107692719, -11.8736381531, -24.1917209625]
    median: [-1114.10241699, 25.0071525574, 2.08239746094, -21.6726799011, -33.2469139099, -26.5944633484, -5.85998535156, 17.2022342682, 30.0016899109, 26.1148929596, 8.55768203735, -12.3650283813, -25.1720237732]
    min: [-1138.42004395, 1.14440917969e-05, -6.103515625e-05, -29.1401443481, -44.5766906738, -32.4617576599, -6.48008728027, -5.34057617188e-05, -4.57763671875e-05, -2.28881835938e-05, -2.67028808594e-05, -12.3680953979, -25.2053184509]
    skew: [0.362902462482, 0.673105955124, 5.81848621368, 4.81920862198, 4.86808919907, 5.54866600037, 6.19741916656, -5.77520656586, -5.58025169373, -5.30199813843, -5.16681337357, 4.73990440369, 4.79696512222]
    var: [28.4164505005, 31.5652770996, 1.65716362, 12.1755104065, 28.4686851501, 16.9816684723, 0.768226563931, 6.90246105194, 21.4189453125, 16.9484863281, 1.89773392677, 4.21249866486, 17.4273052216]

SpecContrastCoeff:
    dmean: [0.0506722331047, 0.0287594906986, 0.0298083703965, 0.0175771415234, 0.0137419262901, 0.0102911554277]
    dmean2: [0.0987806543708, 0.0531479157507, 0.0409516580403, 0.0333084724844, 0.0250971019268, 0.0186557099223]
    dvar: [0.00137885729782, 0.000407711107982, 0.00266829901375, 9.56828662311e-05, 9.12614414119e-05, 5.78069593757e-05]
    dvar2: [0.00335502182133, 0.000861777574755, 0.00181957369205, 0.000360166537575, 0.000296987273032, 0.000170893094037]
    kurt: [2.69121313095, 5.11957073212, 19.5899200439, -0.578502655029, 1.14605808258, 6.82455730438]
    max: [-0.749523699284, -0.770641863346, -0.446753561497, -0.91440808773, -0.901846885681, -0.898406744003]
    mean: [-0.825956821442, -0.879319608212, -0.484537959099, -0.941743552685, -0.923949420452, -0.922338604927]
    median: [-0.82603687048, -0.889214277267, -0.467958450317, -0.945502102375, -0.923658132553, -0.922728538513]
    min: [-0.96943295002, -0.955494582653, -0.950862467289, -0.956602096558, -0.957107543945, -0.96218419075]
    skew: [-1.25524747372, 1.40386867523, -4.4100151062, 0.690758824348, -0.301335901022, -1.26658666134]
    var: [0.00199079583399, 0.000775962136686, 0.00714792404324, 0.000128358064103, 0.000104570688563, 8.24534727144e-05]

SpecPeakAmp:
    dmean: [3.05578282678e-06, 2.77712683783e-06, 8.31902507343e-05, 1.75228569788e-06, 1.6187464098e-06]
    dmean2: [4.00215822083e-06, 4.54740347777e-06, 0.00012800526747, 3.0045944186e-06, 2.70609757536e-06]
    dvar: [5.03522570861e-11, 8.0889094034e-11, 1.42325831121e-07, 1.73844480478e-11, 1.4433690354e-11]
    dvar2: [1.1493580393e-10, 2.08388639678e-10, 3.65453843187e-07, 4.46905810969e-11, 3.70542450889e-11]
    kurt: [22.4716854095, 39.2172927856, 40.0221977234, 36.335105896, 34.1800727844]
    max: [4.49997860414e-05, 4.4980472012e-05, 0.00181283254642, 2.14793526538e-05, 1.96179225895e-05]
    mean: [1.69739014382e-05, 2.58489990301e-06, 4.18590789195e-05, 1.93725691133e-06, 2.04362845579e-06]
    median: [1.68709175341e-05, 1.65194012425e-06, 1.6687159814e-06, 1.62106994139e-06, 1.62551305039e-06]
    min: [3.67159054804e-06, 6.12449809978e-07, 5.63367620998e-07, 4.76498854596e-07, 3.83868581366e-07]
    skew: [3.69424343109, 6.38869142532, 6.48243093491, 6.0546412468, 5.82546758652]
    var: [2.38195591723e-11, 4.12380338211e-11, 7.12810503956e-08, 9.07876464978e-12, 7.55695679644e-12]
