
metadata:
    version:
        essentia: "2.1-beta3"

Flux:
    dmean: 0.0036768228747
    dmean2: 0.00479896133766
    dvar: 0.000143472512718
    dvar2: 0.000281906482996
    kurt: 9.66734313965
    max: 0.0698909088969
    mean: 0.00473823305219
    median: 0.000157748552738
    min: 1.54051813297e-05
    skew: 3.30456066132
    var: 0.000232602775213

Rms:
    dmean: 0.00146131042857
    dmean2: 0.00113679771312
    dvar: 2.59049465967e-05
    dvar2: 1.1602336599e-05
    kurt: 20.7539653778
    max: 0.0501690432429
    mean: 0.048354100436
    median: 0.0501158311963
    min: 0.0093322917819
    skew: -4.52554035187
    var: 4.81464630866e-05

RollOff:
    dmean: 8.31964683533
    dmean2: 8.01235485077
    dvar: 2322.94506836
    dvar2: 2070.88134766
    kurt: 39.3706932068
    max: 1055.12695312
    mean: 719.208984375
    median: 710.595703125
    min: 710.595703125
    skew: 6.40811920166
    var: 2584.23681641

SpecCent:
    dmean: 12.8857727051
    dmean2: 14.1336183548
    dvar: 4349.01904297
    dvar2: 3750.89160156
    kurt: 39.5296897888
    max: 1177.65148926
    mean: 709.703979492
    median: 698.344238281
    min: 696.503662109
    skew: 6.42660856247
    var: 5005.49414062

Zcr:
    dmean: 0.00117631396279
    dmean2: 0.000987917883322
    dvar: 1.46445127029e-05
    dvar2: 9.89701493381e-06
    kurt: 18.1294937134
    max: 0.03173828125
    mean: 0.0303168408573
    median: 0.03173828125
    min: 0.0009765625
    skew: -4.26361131668
    var: 2.92229360639e-05

HarmonicAmpFreq:
    dmean: [0.896373391151]
    dmean2: [0.962513029575]
    dvar: [29.5006942749]
    dvar2: [29.3584671021]
    kurt: [39.9191894531]
    max: [734.770935059]
    mean: [698.690551758]
    median: [697.812072754]
    min: [697.803405762]
    skew: [6.47035884857]
    var: [29.621931076]

HarmonicAmpMag:
    dmean: [0.00613553868607]
    dmean2: [0.0103645231575]
    dvar: [0.00032607477624]
    dvar2: [0.000759637448937]
    kurt: [5.61850357056]
    max: [0.067443177104]
    mean: [0.0608472488821]
    median: [0.0674351081252]
    min: [0]
    skew: [-2.72787046432]
    var: [0.000376582553145]

MfccCoeff:
    dmean: [16.1604995728, 9.38878440857, 5.89079475403, 5.07683563232, 2.97422552109, 3.06021738052, 4.66081190109, 5.45479106903, 4.3139629364, 1.89966094494, 2.13665938377, 2.13420128822, 2.0916993618]
    dmean2: [25.25141716, 15.5884523392, 10.9570407867, 8.93568706512, 4.09947538376, 4.84954166412, 8.67414855957, 10.1294240952, 7.30566549301, 2.39573836327, 3.6914396286, 3.7453315258, 2.79203271866]
    dvar: [3323.13696289, 389.697479248, 13.4036931992, 12.8066921234, 29.2192497253, 20.797914505, 4.21286058426, 10.2692270279, 38.1015357971, 36.8435516357, 4.86903524399, 6.1337556839, 31.5922412872]
    dvar2: [8261.60058594, 865.082275391, 34.4521980286, 19.879945755, 17.1576042175, 18.6448440552, 19.7694911957, 23.3109912872, 50.757232666, 45.221622467, 6.25907278061, 8.88916969299, 34.8988304138]
    kurt: [36.7383537292, 16.1706447601, 5.72610378265, 18.8112640381, 25.0661430359, 18.9429321289, 1.10285520554, 10.4440593719, 15.6897258759, 15.6153507233, 11.9004430771, 12.9387788773, 14.9681854248]
    max: [-824.388671875, 130.940628052, 23.3905029297, -12.2336845398, -17.9847831726, -13.4802627563, -3.29000473022, 36.4585380554, 62.0114707947, 54.455696106, 20.0715141296, -1.54047393799, -0.955101013184]
    mean: [-1077.10266113, 59.5259437561, 7.05221748352, -44.3458023071, -69.6658630371, -56.3828353882, -14.5611820221, 31.5076770782, 56.8298721313, 49.9938354492, 17.7065086365, -20.292011261, -43.4555015564]
    median: [-1083.2791748, 57.2474441528, 6.1845703125, -45.9808425903, -72.0032653809, -58.6284446716, -15.4911880493, 31.9349308014, 58.9661827087, 52.1936264038, 18.8918418884, -20.8425598145, -45.5831871033]
    min: [-1122.43701172, 16.4560661316, -11.7367553711, -49.5042800903, -76.5366516113, -61.8124046326, -18.4589157104, 5.48627471924, 8.27013015747, 5.45211029053, 0.922527313232, -22.9606246948, -46.4869194031]
    skew: [6.07311725616, 2.75353527069, -0.350022345781, 3.9401512146, 4.97997903824, 4.42198562622, 0.994285464287, -2.88698410988, -4.0184211731, -4.05566072464, -3.43864059448, 3.59635972977, 3.97301530838]
    var: [1511.11706543, 188.789260864, 22.7189273834, 33.2286148071, 76.8930740356, 64.5876464844, 11.1370201111, 30.1244106293, 92.4351806641, 77.4802780151, 12.5535783768, 15.0950546265, 71.4796447754]

SpecContrastCoeff:
    dmean: [0.0272129289806, 0.0384085029364, 0.0346854329109, 0.0136111797765, 0.0107814781368, 0.0107306530699]
    dmean2: [0.0541734695435, 0.0687272250652, 0.0426315590739, 0.0253684762865, 0.019570402801, 0.020090771839]
    dvar: [0.000534204533324, 0.000808504060842, 0.0045939097181, 8.09711782495e-05, 0.00012113610137, 0.000134621237521]
    dvar2: [0.001617449685, 0.00177838548552, 0.00252420874313, 0.000254743936239, 0.00026883429382, 0.000351023452822]
    kurt: [1.64862108231, 5.65365314484, 22.1733493805, 2.93337535858, 8.12706184387, 3.23085927963]
    max: [-0.890212893486, -0.690818488598, -0.274622827768, -0.897715270519, -0.897504687309, -0.914680123329]
    mean: [-0.951155245304, -0.844546854496, -0.316194534302, -0.941968083382, -0.952927172184, -0.955318629742]
    median: [-0.959718763828, -0.854774713516, -0.293522536755, -0.946844577789, -0.958726227283, -0.961072742939]
    min: [-0.972053527832, -0.941517293453, -0.935658454895, -0.951710343361, -0.960436284542, -0.962718784809]
    skew: [1.55953133106, 1.64495480061, -4.6677570343, 1.60915243626, 2.6478869915, 1.997143507]
    var: [0.000422682875069, 0.00141876377165, 0.0117200640962, 0.000130725820782, 0.000143628378282, 0.000124138401588]

SpecPeakAmp:
    dmean: [6.25103348284e-05, 0.00186129368376, 0.0398243442178, 0.0337146110833, 0.01229122933]
    dmean2: [0.000104033322714, 0.00285938195884, 0.0814597681165, 0.068981744349, 0.0251346025616]
    dvar: [3.57124001482e-08, 7.13202316547e-05, 0.00109576573595, 0.00113340700045, 0.000674982497003]
    dvar2: [9.35128312562e-08, 0.000183084848686, 0.00222860299982, 0.00242136814632, 0.00169391720556]
    kurt: [38.8035697937, 40.0221824646, -1.74579381943, -1.83332788944, 4.12489795685]
    max: [0.000975733273663, 0.0405962541699, 0.067443177104, 0.0674430653453, 0.0674423724413]
    mean: [5.75716185267e-05, 0.000940629572142, 0.0255155451596, 0.0270173680037, 0.00753643363714]
    median: [3.7371970393e-05, 3.92305155401e-05, 6.22768493486e-05, 6.21266226517e-05, 4.83187286591e-05]
    min: [1.10421333375e-05, 1.19624246508e-05, 1.44159594129e-05, 1.07259484139e-05, 8.6082445705e-06]
    skew: [6.33939123154, 6.48242855072, 0.504172503948, 0.40823751688, 2.47483778]
    var: [1.94373743767e-08, 3.57404242095e-05, 0.00106688891537, 0.00108914717566, 0.000448551494628]
