
metadata:
    version:
        essentia: "2.1-beta3"

Flux:
    dmean: 0.0027887346223
    dmean2: 0.00367223238572
    dvar: 8.39832428028e-05
    dvar2: 0.000164906217833
    kurt: 9.58906173706
    max: 0.053305041045
    mean: 0.00354991783388
    median: 1.16332921607e-05
    min: 8.05034414952e-06
    skew: 3.29504799843
    var: 0.000136710164952

Rms:
    dmean: 0.00108054396696
    dmean2: 0.000788008153904
    dvar: 1.53055407281e-05
    dvar2: 6.90462638886e-06
    kurt: 20.8960857391
    max: 0.038374889642
    mean: 0.0370046235621
    median: 0.0383581891656
    min: 0.00696339039132
    skew: -4.53762578964
    var: 2.84079542325e-05

RollOff:
    dmean: 5.38330078125
    dmean2: 5.5084939003
    dvar: 1246.13684082
    dvar2: 1274.42700195
    kurt: 40.0227241516
    max: 1614.99023438
    mean: 1383.38867188
    median: 1378.125
    min: 1378.125
    skew: 6.48249340057
    var: 1219.07470703

SpecCent:
    dmean: 3.13980388641
    dmean2: 2.93440008163
    dvar: 331.903625488
    dvar2: 295.658233643
    kurt: 39.5111427307
    max: 1485.77880859
    mean: 1358.35681152
    median: 1355.4440918
    min: 1350.06298828
    skew: 6.42288732529
    var: 371.226226807

Zcr:
    dmean: 0.00206409790553
    dmean2: 0.00147619913332
    dvar: 5.69914082007e-05
    dvar2: 3.86514184356e-05
    kurt: 17.7846927643
    max: 0.06201171875
    mean: 0.0589084215462
    median: 0.0615234375
    min: 0.00244140625
    skew: -4.23369598389
    var: 0.000109589433123

HarmonicAmpFreq:
    dmean: [0.22343583405]
    dmean2: [0.22863201797]
    dvar: [2.14671373367]
    dvar2: [2.19544935226]
    kurt: [40.022102356]
    max: [1357.70703125]
    mean: [1357.48852539]
    median: [1357.70703125]
    min: [1347.87585449]
    skew: [-6.48242092133]
    var: [2.10009360313]

HarmonicAmpMag:
    dmean: [1.33837670546e-06]
    dmean2: [1.36950177421e-06]
    dvar: [7.70238456349e-11]
    dvar2: [7.87724677154e-11]
    kurt: [40.0227241516]
    max: [5.88885741308e-05]
    mean: [1.30863497816e-06]
    median: [0]
    min: [0]
    skew: [6.48249340057]
    var: [7.5351121176e-11]

MfccCoeff:
    dmean: [10.9295349121, 5.46950101852, 2.43048787117, 1.33402776718, 0.0974433198571, 1.08141207695, 0.75542807579, 0.515867590904, 1.17758834362, 0.439404934645, 0.924834012985, 1.15952146053, 0.219396069646]
    dmean2: [16.1168746948, 8.04357814789, 3.08918118477, 1.25294137001, 0.126429364085, 0.939858794212, 0.490209877491, 0.464458197355, 1.00773882866, 0.576805114746, 0.92471653223, 1.2835354805, 0.237882122397]
    dvar: [2347.36010742, 583.20526123, 104.20539093, 37.1404647827, 0.176213517785, 21.1540603638, 8.85750007629, 3.31234717369, 19.0623645782, 3.56218647957, 10.9202165604, 20.3888320923, 0.495473176241]
    dvar2: [5869.68701172, 1454.45617676, 216.804412842, 39.8617210388, 0.363440394402, 12.2394695282, 5.27684354782, 2.38373970985, 14.8549365997, 5.10875701904, 10.9129018784, 23.1161746979, 0.752759695053]
    kurt: [38.0533599854, 37.6900558472, 15.3990783691, 26.5762405396, 16.302236557, 29.6103401184, 23.0479450226, 25.1255340576, 23.2296104431, 16.2492790222, 21.1802883148, 17.3288021088, 17.418888092]
    max: [-885.434997559, 126.930526733, -6.0629119873, -7.91575241089, 1.51856994629, 54.708984375, 38.6868667603, -2.3478012085, -6.38367462158, -2.51541137695, 36.7988548279, 42.2777404785, 0.198677062988]
    mean: [-1098.76281738, 21.1769886017, -35.4510574341, -45.0440711975, 0.214474141598, 44.2514877319, 32.9707641602, -18.1947422028, -45.6924095154, -16.5703048706, 31.6696014404, 39.6111068726, -0.861900389194]
    median: [-1103.46069336, 18.8520622253, -34.9331474304, -45.2938613892, 0.229690551758, 44.9086303711, 33.7509384155, -18.5778884888, -47.0202713013, -17.2808380127, 32.6956596375, 41.2455673218, -0.666816711426]
    min: [-1132.14221191, 3.44211959839, -67.032699585, -62.5405960083, -1.01095581055, 7.12874603271, 5.45083999634, -22.6692047119, -51.9167404175, -17.2808837891, 3.49325942993, 4.36853790283, -5.55935668945]
    skew: [6.2332906723, 6.18611621857, -0.612408101559, 4.19045305252, 0.278209745884, -5.11589479446, -4.74442768097, 4.79021453857, 4.84952926636, 4.17364788055, -4.63230657578, -4.25036382675, -4.12515354156]
    var: [1059.12780762, 261.466949463, 46.2827033997, 38.7316970825, 0.0773236751556, 36.1580047607, 22.9041290283, 7.17741441727, 46.890045166, 7.96726322174, 25.5448570251, 45.4110908508, 0.769423007965]

SpecContrastCoeff:
    dmean: [0.0166101083159, 0.0062001128681, 0.00598163343966, 0.0199513398111, 0.00504889385775, 0.00446700770408]
    dmean2: [0.0201280023903, 0.00824551843107, 0.00812212284654, 0.0175061244518, 0.00675389356911, 0.00626139435917]
    dvar: [0.000328296300722, 3.56000819011e-05, 0.000191575061763, 0.00442755920812, 3.64385741705e-05, 2.47539956035e-05]
    dvar2: [0.000694942835253, 6.23525556875e-05, 0.000394980888814, 0.00349198724143, 3.83112455893e-05, 5.67077440792e-05]
    kurt: [0.124124765396, -0.106908082962, 4.72010087967, 17.0139846802, 3.2639708519, -1.0247926712]
    max: [-0.775002717972, -0.939288377762, -0.863749682903, -0.251375436783, -0.887328505516, -0.905778646469]
    mean: [-0.881588816643, -0.972331166267, -0.939951837063, -0.28785943985, -0.938427209854, -0.926230967045]
    median: [-0.894744932652, -0.978416919708, -0.94628483057, -0.262252599001, -0.943502724171, -0.926747620106]
    min: [-0.994962394238, -0.987655818462, -0.95644980669, -0.83421009779, -0.952497839928, -0.94460350275]
    skew: [0.406983286142, 1.05392730236, 2.25331544876, -4.154337883, 1.63509583473, 0.181262224913]
    var: [0.00198123347946, 0.000204365263926, 0.000428148690844, 0.0106420507655, 0.000177376277861, 0.00010933545127]

SpecPeakAmp:
    dmean: [2.76991177088e-05, 2.47451080213e-05, 2.59856733464e-05, 2.66268307314e-05, 2.72000088444e-05]
    dmean2: [4.34003632108e-05, 3.80314450013e-05, 3.94055932702e-05, 4.03458871006e-05, 4.11485634686e-05]
    dvar: [1.26617605289e-08, 1.20714878094e-08, 1.32145938636e-08, 1.39988829417e-08, 1.44996876728e-08]
    dvar2: [3.24471294277e-08, 3.1599153516e-08, 3.40977628355e-08, 3.6050884944e-08, 3.73120343511e-08]
    kurt: [39.8337211609, 38.9443054199, 39.7266197205, 39.8159713745, 39.7621383667]
    max: [0.000556440034416, 0.000557844294235, 0.000560149841476, 0.000573639408685, 0.000582689768635]
    mean: [2.12513095903e-05, 1.594569585e-05, 1.50945370478e-05, 1.52437532961e-05, 1.55381094373e-05]
    median: [8.5264991867e-06, 1.81930136023e-06, 1.83961333278e-06, 1.80623715096e-06, 1.92745255845e-06]
    min: [5.652555501e-06, 2.65699782176e-07, 2.54613922834e-07, 5.15643762355e-07, 5.29200917754e-07]
    skew: [6.46055364609, 6.36161279678, 6.44843244553, 6.45863246918, 6.45257091522]
    var: [6.5240612912e-09, 6.75937217309e-09, 6.77531097892e-09, 7.10359371325e-09, 7.33273264331e-09]
