
metadata:
    version:
        essentia: "2.1-beta3"

Flux:
    dmean: 0.0330067314208
    dmean2: 0.0430341176689
    dvar: 0.0116405040026
    dvar2: 0.0223595220596
    kurt: 9.48898983002
    max: 0.643938422203
    mean: 0.0436045080423
    median: 0.00141669646837
    min: 0.000127408013213
    skew: 3.27796244621
    var: 0.0196150522679

Rms:
    dmean: 0.0134084085003
    dmean2: 0.0104549815878
    dvar: 0.00219182716683
    dvar2: 0.0009862605948
    kurt: 20.9496574402
    max: 0.46222653985
    mean: 0.445593684912
    median: 0.461732834578
    min: 0.0859589204192
    skew: -4.54453992844
    var: 0.0040667061694

RollOff:
    dmean: 8.31964683533
    dmean2: 8.01235485077
    dvar: 2322.94506836
    dvar2: 2070.88134766
    kurt: 39.3706932068
    max: 1055.12695312
    mean: 719.208984375
    median: 710.595703125
    min: 710.595703125
    skew: 6.40811920166
    var: 2584.23681641

SpecCent:
    dmean: 12.8279418945
    dmean2: 14.0863962173
    dvar: 4300.71679688
    dvar2: 3711.51196289
    kurt: 39.5319252014
    max: 1174.85791016
    mean: 709.64074707
    median: 698.357421875
    min: 696.518920898
    skew: 6.42684364319
    var: 4947.12304688

Zcr:
    dmean: 0.00117631396279
    dmean2: 0.000999273266643
    dvar: 1.46553511513e-05
    dvar2: 9.90217449726e-06
    kurt: 17.7988681793
    max: 0.03173828125
    mean: 0.0303276907653
    median: 0.03173828125
    min: 0.00146484375
    skew: -4.23197889328
    var: 2.86019931082e-05

HarmonicAmpFreq:
    dmean: [0.854440867901]
    dmean2: [0.887997627258]
    dvar: [28.8300609589]
    dvar2: [28.7057857513]
    kurt: [39.9460144043]
    max: [734.328918457]
    mean: [698.664672852]
    median: [697.8125]
    min: [697.803283691]
    skew: [6.47350883484]
    var: [28.9335212708]

HarmonicAmpMag:
    dmean: [0.0282935798168]
    dmean2: [0.037716101855]
    dvar: [0.012530121021]
    dvar2: [0.0183275565505]
    kurt: [8.77522850037]
    max: [0.621381402016]
    mean: [0.574418663979]
    median: [0.621313333511]
    min: [0]
    skew: [-3.23824071884]
    var: [0.0248741209507]

MfccCoeff:
    dmean: [36.2513542175, 24.3258972168, 38.3175926208, 6.92934894562, 6.90306282043, 6.24659013748, 3.05119681358, 2.38779997826, 2.9757630825, 3.0787665844, 1.49149668217, 1.29292881489, 1.95873916149]
    dmean2: [58.660949707, 47.2749290466, 76.1703338623, 12.4221258163, 12.0068569183, 11.683506012, 5.42070960999, 3.01433229446, 4.05665397644, 4.55364370346, 2.03076577187, 2.10623168945, 2.54194331169]
    dvar: [6752.19189453, 178.192733765, 538.091796875, 66.471786499, 65.5741195679, 48.7997055054, 8.51243972778, 12.1000976562, 45.5411186218, 32.9081268311, 5.95855140686, 6.38775491714, 29.5576591492]
    dvar2: [15938.6962891, 677.149536133, 2037.94970703, 146.513961792, 105.453102112, 95.1489486694, 22.9299430847, 11.0366764069, 56.6990089417, 36.5334091187, 5.61336565018, 9.12174987793, 31.8158073425]
    kurt: [27.8315391541, -0.529470920563, -1.19181478024, 5.18584918976, 8.28225231171, 8.46746730804, 1.2145152092, 14.8964557648, 14.5049362183, 15.2172641754, 16.3401622772, 10.6264266968, 14.3975696564]
    max: [-580.60723877, 166.023529053, 38.9106483459, -29.5548171997, -29.8138694763, -22.1714248657, -5.28530502319, 35.3367576599, 60.7075996399, 51.2868423462, 18.1534538269, -4.31033325195, -1.56606292725]
    mean: [-951.721984863, 149.283737183, 2.05326581001, -63.3278579712, -80.880355835, -58.7795906067, -13.5029907227, 30.9639167786, 54.8917427063, 47.4901657104, 16.3924427032, -20.2663784027, -42.4090499878]
    median: [-958.46685791, 154.262298584, -0.151062011719, -63.1715164185, -81.9219055176, -60.7053642273, -13.1803436279, 32.4661102295, 57.385433197, 49.6358642578, 17.4577522278, -20.9585342407, -44.398853302]
    min: [-1001.55944824, 105.911354065, -35.6191368103, -80.3220291138, -96.3252563477, -71.340637207, -21.0672683716, 2.9566116333, 6.83668899536, 3.23907470703, -2.9981803894, -24.1580734253, -46.8394317627]
    skew: [5.1968331337, -0.72281563282, 0.107904523611, 1.78825426102, 2.47961449623, 2.72555875778, -0.245844811201, -3.73965239525, -3.88223385811, -3.94806909561, -3.98720121384, 3.33909869194, 3.9009616375]
    var: [3732.41015625, 258.653289795, 524.803710938, 84.1709289551, 130.95274353, 75.91015625, 8.98444652557, 29.4328079224, 92.6864700317, 75.4330978394, 13.4929819107, 13.284986496, 67.4607315063]

SpecContrastCoeff:
    dmean: [0.0368459708989, 0.0488113760948, 0.0344000421464, 0.0159686785191, 0.0110433930531, 0.00740376254544]
    dmean2: [0.073817782104, 0.0891996249557, 0.0381400473416, 0.0307614523917, 0.0197154451162, 0.0127093531191]
    dvar: [0.00125586765353, 0.00182383845095, 0.00818006321788, 0.000123941106722, 0.0001411177509, 0.00014674437989]
    dvar2: [0.00382875907235, 0.00385071034543, 0.00358718121424, 0.00034746635356, 0.000305877387291, 0.000343063467881]
    kurt: [2.65254878998, 3.45303535461, 26.2321796417, 3.31472206116, 10.5953350067, 8.60984039307]
    max: [-0.858569502831, -0.65397721529, -0.0997008532286, -0.874086678028, -0.87558734417, -0.897634804249]
    mean: [-0.963457226753, -0.801819443703, -0.140592217445, -0.928122699261, -0.943612515926, -0.950735628605]
    median: [-0.977689862251, -0.814561605453, -0.112852394581, -0.934038221836, -0.950073421001, -0.955412745476]
    min: [-0.986010730267, -0.925321519375, -0.917238712311, -0.939626216888, -0.952941596508, -0.957319378853]
    skew: [1.79674851894, 1.25589728355, -5.05502796173, 1.76332628727, 3.01075816154, 2.98305678368]
    var: [0.000921134662349, 0.00211271387525, 0.0167864132673, 0.000201168732019, 0.000192964464077, 0.000144021396409]

SpecPeakAmp:
    dmean: [0.000542078574654, 0.214588403702, 0.254054993391, 0.0567994266748, 0.000284625100903]
    dmean2: [0.000844314869028, 0.430355191231, 0.51957565546, 0.116044744849, 0.000445861194748]
    dvar: [3.1320951166e-06, 0.0828872621059, 0.0930261090398, 0.0318244732916, 5.89297656006e-07]
    dvar2: [8.18298212835e-06, 0.225220769644, 0.231707289815, 0.0941331461072, 1.45543901908e-06]
    kurt: [37.7265052795, -0.0204536914825, -1.499964118, 17.5455474854, 27.2770271301]
    max: [0.00904945656657, 0.621380269527, 0.621381402016, 0.621332168579, 0.00374476937577]
    mean: [0.000526848365553, 0.132976382971, 0.414488852024, 0.0281000006944, 0.000223192590056]
    median: [0.000325657892972, 0.000557031249627, 0.621296644211, 0.000462773663457, 8.57718841871e-05]
    min: [3.15317956847e-05, 0.000126680737594, 0.000132482193294, 3.11104704451e-05, 2.68322746706e-05]
    skew: [6.2230181694, 1.39042806625, -0.707119584084, 4.42097234726, 5.17226839066]
    var: [1.69686165918e-06, 0.0626250356436, 0.0855672061443, 0.0163669101894, 3.39670322091e-07]
