
metadata:
    version:
        essentia: "2.1-beta3"

Flux:
    dmean: 0.018203318119
    dmean2: 0
    dvar: 0
    dvar2: 0
    kurt: -2
    max: 0.382304817438
    mean: 0.373203158379
    median: 0.373203158379
    min: 0.364101499319
    skew: 0
    var: 8.28401971376e-05

Rms:
    dmean: 0
    dmean2: 0
    dvar: 0
    dvar2: 0
    kurt: 0
    max: 0.131547361612
    mean: 0.131547361612
    median: 0.131547361612
    min: 0.131547361612
    skew: 0
    var: 0

RollOff:
    dmean: 258.3984375
    dmean2: 0
    dvar: 0
    dvar2: 0
    kurt: -1.99999988079
    max: 1248.92578125
    mean: 1119.7265625
    median: 1119.7265625
    min: 990.52734375
    skew: 0
    var: 16692.4375

SpecCent:
    dmean: 106.848571777
    dmean2: 0
    dvar: 0
    dvar2: 0
    kurt: -2
    max: 1010.82421875
    mean: 957.399902344
    median: 957.399902344
    min: 903.975646973
    skew: 1.63954689469e-06
    var: 2854.15429688

Zcr:
    dmean: 0.00048828125
    dmean2: 0
    dvar: 0
    dvar2: 0
    kurt: -2
    max: 0.0126953125
    mean: 0.012451171875
    median: 0.012451171875
    min: 0.01220703125
    skew: 0
    var: 5.96046447754e-08

HarmonicAmpFreq:
    dmean: [24.4760131836]
    dmean2: [0]
    dvar: [0]
    dvar2: [0]
    kurt: [-1.99999988079]
    max: [904.617004395]
    mean: [892.37902832]
    median: [892.37902832]
    min: [880.140991211]
    skew: [-7.49256605559e-06]
    var: [149.768798828]

HarmonicAmpMag:
    dmean: [0.106774643064]
    dmean2: [0]
    dvar: [0]
    dvar2: [0]
    kurt: [-2]
    max: [0.106774643064]
    mean: [0.0533873215318]
    median: [0.0533873215318]
    min: [0]
    skew: [0]
    var: [0.00285020610318]

MfccCoeff:
    dmean: [395.22644043, 13.5231933594, 24.4568634033, 66.6175765991, 2.42665481567, 43.475692749, 32.6788291931, 8.9195690155, 23.0404758453, 11.1125202179, 6.62588882446, 9.5981464386, 2.28711128235]
    dmean2: [0, 0, 0, 0, 0, 0, 0, 0, 0, 0, 0, 0, 0]
    dvar: [0, 0, 0, 0, 0, 0, 0, 0, 0, 0, 0, 0, 0]
    dvar2: [0, 0, 0, 0, 0, 0, 0, 0, 0, 0, 0, 0, 0]
    kurt: [-1.99999988079, -2, -2, -2, -2, -1.99999988079, -2, -2, -2, -2, -1.99999988079, -2, -1.99999988079]
    max: [-584.71661377, 144.465942383, -15.4037895203, -42.4019012451, -45.1192131042, 31.7918243408, 45.5943374634, 22.1409988403, 10.1980381012, -3.04496574402, -3.13985824585, 4.14777374268, 2.594871521]
    mean: [-782.329833984, 137.704345703, -27.6322212219, -75.7106933594, -46.3325424194, 10.0539779663, 29.2549228668, 17.6812133789, -1.32219982147, -8.60122585297, -6.45280265808, -0.651299476624, 1.45131587982]
    median: [-782.329833984, 137.704345703, -27.6322212219, -75.7106933594, -46.3325424194, 10.0539779663, 29.2549228668, 17.6812133789, -1.32219982147, -8.60122585297, -6.45280265808, -0.651299476624, 1.45131587982]
    min: [-979.943054199, 130.942749023, -39.8606529236, -109.019477844, -47.5458679199, -11.6838684082, 12.9155082703, 13.2214298248, -12.8424377441, -14.1574859619, -9.76574707031, -5.45037269592, 0.307760238647]
    skew: [0, 0, 0, 3.6995731989e-07, 4.7050602916e-06, 0, 0, 6.45074237582e-07, 0, 0, 0, 0, 0]
    var: [39050.984375, 45.7191886902, 149.534545898, 1109.4753418, 1.4721634388, 472.533966064, 266.976470947, 19.8896789551, 132.715881348, 30.8720264435, 10.9756002426, 23.0311031342, 1.30771946907]

SpecContrastCoeff:
    dmean: [0.0126673579216, 0.095386505127, 0.0481553673744, 0.230359077454, 0.00974076986313, 0.024039208889]
    dmean2: [0, 0, 0, 0, 0, 0]
    dvar: [0, 0, 0, 0, 0, 0]
    dvar2: [0, 0, 0, 0, 0, 0]
    kurt: [-2, -2, -2, -2, -1.99999988079, -2]
    max: [-0.966755330563, -0.806704640388, -0.72581923008, -0.584122717381, -0.920647025108, -0.934906065464]
    mean: [-0.973088979721, -0.854397892952, -0.749896883965, -0.699302256107, -0.925517439842, -0.946925640106]
    median: [-0.973088979721, -0.854397892952, -0.749896883965, -0.699302256107, -0.925517439842, -0.946925640106]
    min: [-0.979422688484, -0.902091145515, -0.773974597454, -0.814481794834, -0.930387794971, -0.958945274353]
    skew: [-1.4094594917e-05, 0, -3.74648402612e-06, 0, 1.83588181244e-05, -7.43079908716e-06]
    var: [4.01154902647e-05, 0.00227464642376, 0.000579734856728, 0.0132663259283, 2.37206477323e-05, 0.000144470890518]

SpecPeakAmp:
    dmean: [0.106631368399, 0.0515955127776, 0.025726608932, 0.0134347565472, 0.00860438775271]
    dmean2: [0, 0, 0, 0, 0]
    dvar: [0, 0, 0, 0, 0]
    dvar2: [0, 0, 0, 0, 0]
    kurt: [-2, -2, -2, -2, -2]
    max: [0.106774643064, 0.0517459437251, 0.0258896518499, 0.0136188324541, 0.00882172677666]
    mean: [0.0534589588642, 0.0259481873363, 0.0130263473839, 0.00690145418048, 0.0045195329003]
    median: [0.0534589588642, 0.0259481873363, 0.0130263473839, 0.00690145418048, 0.0045195329003]
    min: [0.000143278200994, 0.000150429739733, 0.000163043325301, 0.000184075761354, 0.000217338631046]
    skew: [9.60185673193e-08, -1.05945943574e-07, 0, 0, -1.78463821499e-07]
    var: [0.00284256204031, 0.000665524275973, 0.000165464603924, 4.51231717307e-05, 1.85088738363e-05]
