
metadata:
    version:
        essentia: "2.1-beta3"

Flux:
    dmean: 6.4650580498e-06
    dmean2: 9.56627354753e-06
    dvar: 5.4076770839e-10
    dvar2: 1.15778020504e-09
    kurt: 13.7800674438
    max: 0.000124831902212
    mean: 7.54393249736e-06
    median: 1.30105763674e-06
    min: 1.67640351378e-07
    skew: 3.84010386467
    var: 5.70924141297e-10

Rms:
    dmean: 1.67109658378e-06
    dmean2: 1.54968472543e-06
    dvar: 4.26393538533e-11
    dvar2: 3.23077918585e-11
    kurt: 19.6048641205
    max: 0.00010137809295
    mean: 9.95009031612e-05
    median: 0.000101262805401
    min: 5.8927504142e-05
    skew: -4.50646495819
    var: 5.61110810593e-11

RollOff:
    dmean: 1.00154435635
    dmean2: 1.025390625
    dvar: 20.5633563995
    dvar2: 21.0285148621
    kurt: 17.0510482788
    max: 1421.19140625
    mean: 1400.6361084
    median: 1399.65820312
    min: 1399.65820312
    skew: 4.36493968964
    var: 20.1182975769

SpecCent:
    dmean: 2.95849323273
    dmean2: 3.09851646423
    dvar: 22.4554386139
    dvar2: 12.0317735672
    kurt: 16.7890892029
    max: 1553.32226562
    mean: 1511.03283691
    median: 1509.35107422
    min: 1505.27404785
    skew: 3.90533924103
    var: 62.3468856812

Zcr:
    dmean: 0.00158975285012
    dmean2: 0.00168573285919
    dvar: 4.10533757531e-05
    dvar2: 3.82855105272e-05
    kurt: 17.4278106689
    max: 0.0634765625
    mean: 0.0618563555181
    median: 0.0634765625
    min: 0.029296875
    skew: -4.38299465179
    var: 4.3628122512e-05

HarmonicAmpFreq:
    dmean: [0]
    dmean2: [0]
    dvar: [0]
    dvar2: [0]
    kurt: [-2]
    max: [1396.9239502]
    mean: [1396.92480469]
    median: [1396.9239502]
    min: [1396.9239502]
    skew: [-1]
    var: [7.30156898499e-07]

HarmonicAmpMag:
    dmean: [0]
    dmean2: [0]
    dvar: [0]
    dvar2: [0]
    kurt: [nan]
    max: [0]
    mean: [0]
    median: [0]
    min: [0]
    skew: [nan]
    var: [0]

MfccCoeff:
    dmean: [0.0690350234509, 0.033793605864, 0.074232943356, 0.0851795300841, 0.0152712091804, 0.0957492589951, 0.0510101318359, 0.0604391768575, 0.0928468927741, 0.00383314979263, 0.0901943445206, 0.0662694498897, 0.0443209260702]
    dmean2: [0.0708647221327, 0.0346832275391, 0.0761853158474, 0.0874226912856, 0.0156715027988, 0.0982687845826, 0.0523510873318, 0.0620293393731, 0.0952907726169, 0.00393422460184, 0.0925681740046, 0.0680129677057, 0.0454871766269]
    dvar: [0.110755622387, 0.0265379175544, 0.128081724048, 0.168626248837, 0.00542094465345, 0.213083535433, 0.0604733489454, 0.0849011316895, 0.200362354517, 0.000341459934134, 0.189073577523, 0.102066807449, 0.0456554144621]
    dvar2: [0.11193934828, 0.0268216449767, 0.129455044866, 0.170433565974, 0.00547919329256, 0.215369090438, 0.0611208230257, 0.0858111977577, 0.202512100339, 0.00034513961873, 0.191101044416, 0.103160992265, 0.0461449623108]
    kurt: [27.6524868011, 27.645942688, 27.6468486786, 27.6466808319, 27.6467056274, 27.6468982697, 27.6467628479, 27.6468811035, 27.6467971802, 27.6470546722, 27.6467723846, 27.6468982697, 27.6468067169]
    max: [-1136.359375, 1.00873947144, -6.103515625e-05, 8.01086425781e-05, 0.455825805664, 2.85832977295, 1.52267837524, -5.34057617188e-05, -4.57763671875e-05, -2.28881835938e-05, 2.69242477417, 1.97820281982, -3.81469726562e-05]
    mean: [-1136.42749023, 0.975323438644, -2.14272069931, -2.45843410492, 0.440735548735, 2.76367926598, 1.4722622633, -1.7445346117, -2.67992806435, -0.110653094947, 2.60327219963, 1.91269409657, -1.27928781509]
    median: [-1136.36035156, 1.00819015503, -2.21493530273, -2.54128646851, 0.455596923828, 2.85681915283, 1.52187728882, -1.80332946777, -2.77024841309, -0.114379882812, 2.69101333618, 1.97716140747, -1.3224029541]
    min: [-1138.42004395, 1.14440917969e-05, -2.2160949707, -2.54264450073, -6.103515625e-05, 2.28881835938e-05, -2.67028808594e-05, -1.8042755127, -2.77171325684, -0.114440917969, -2.67028808594e-05, -3.0517578125e-05, -1.323097229]
    skew: [-5.28598165512, -5.28511571884, 5.28519535065, 5.28518533707, -5.28518486023, -5.28520154953, -5.2851896286, 5.28520107269, 5.2851934433, 5.28521776199, -5.28518724442, -5.28520298004, 5.28519582748]
    var: [0.109619930387, 0.0262665823102, 0.126769557595, 0.166899740696, 0.00536520313472, 0.210899814963, 0.0598542913795, 0.0840312540531, 0.198308095336, 0.000337951380061, 0.187135949731, 0.101021289825, 0.0451876223087]

SpecContrastCoeff:
    dmean: [0.0286002401263, 0.0158639661968, 0.0151629755273, 0.0157052110881, 0.0102971671149, 0.00873292889446]
    dmean2: [0.0433176681399, 0.0238542556763, 0.0262285079807, 0.0184757336974, 0.0175058953464, 0.0128478128463]
    dvar: [0.00156323390547, 0.000124366313685, 0.000165617413586, 0.00108121964149, 0.000137913506478, 0.000158768089022]
    dvar2: [0.00202070036903, 0.000284442678094, 0.000448511040304, 0.000929636589717, 0.00018768227892, 0.000192060309928]
    kurt: [12.8102140427, 2.91888332367, 1.05459022522, 17.9901313782, 19.162727356, 15.0468597412]
    max: [-0.610335111618, -0.900248110294, -0.876008450985, -0.591035842896, -0.868293464184, -0.854838609695]
    mean: [-0.652443468571, -0.931798756123, -0.915519535542, -0.614539504051, -0.884176790714, -0.873020589352]
    median: [-0.643144726753, -0.931086540222, -0.918154478073, -0.607359290123, -0.883255541325, -0.871619880199]
    min: [-0.853039562702, -0.989665389061, -0.945062220097, -0.809412121773, -0.952451348305, -0.945103168488]
    skew: [-3.56793022156, -1.04286706448, 0.500230073929, -4.27674484253, -3.7848033905, -3.4934015274]
    var: [0.00203141034581, 0.000249342207098, 0.000175638109795, 0.00136897864286, 0.000150056876009, 0.000192914725631]

SpecPeakAmp:
    dmean: [2.71348852721e-07, 1.63602067005e-07, 1.47285362573e-07, 8.55139603573e-08, 6.89794106279e-08]
    dmean2: [3.7465261471e-07, 2.5269267212e-07, 2.44745621103e-07, 1.28463696569e-07, 9.64690300975e-08]
    dvar: [4.79744336705e-13, 4.48809927753e-14, 4.14140936985e-14, 2.58084772629e-14, 2.81928563746e-14]
    dvar2: [4.06590153256e-13, 5.98107717867e-14, 6.18200762391e-14, 2.49250642505e-14, 3.3542677506e-14]
    kurt: [19.7918586731, 10.8905277252, 6.45276737213, 23.422832489, 23.1778812408]
    max: [1.6884319848e-05, 1.41755788263e-06, 1.1698389244e-06, 1.14681301966e-06, 1.08376377739e-06]
    mean: [1.66049212567e-05, 2.11581266285e-07, 3.26644197912e-07, 1.3393463405e-07, 1.66818310277e-07]
    median: [1.67417456396e-05, 1.09137289428e-07, 3.56802388524e-07, 8.37301001866e-08, 1.40426635653e-07]
    min: [1.26365221149e-05, 4.88919660313e-08, 4.97209633465e-08, 4.30050732803e-08, 4.11408116463e-08]
    skew: [-4.5625538826, 3.11071205139, 1.7785525322, 4.72707223892, 4.7639040947]
    var: [5.42654571452e-13, 6.36738451136e-14, 3.97532348836e-14, 3.05963919836e-14, 2.54336601015e-14]
