
metadata:
    version:
        essentia: "2.1-beta3"

Flux:
    dmean: 0.000162962533068
    dmean2: 0.000215264270082
    dvar: 2.85249257104e-07
    dvar2: 5.61591832593e-07
    kurt: 9.58342838287
    max: 0.00310601177625
    mean: 0.000211277496419
    median: 5.67041206523e-06
    min: 4.04141883337e-06
    skew: 3.29461693764
    var: 4.63259567596e-07

Rms:
    dmean: 6.39213394606e-05
    dmean2: 4.67062563985e-05
    dvar: 5.21880778592e-08
    dvar2: 2.34847838954e-08
    kurt: 20.8874263763
    max: 0.00224058353342
    mean: 0.00215936033055
    median: 0.00223810202442
    min: 0.000403696671128
    skew: -4.53674459457
    var: 9.70477529449e-08

RollOff:
    dmean: 6.36208295822
    dmean2: 6.00926589966
    dvar: 1255.71704102
    dvar2: 1063.77819824
    kurt: 38.8727836609
    max: 1658.05664062
    mean: 1406.35656738
    median: 1399.65820312
    min: 1399.65820312
    skew: 6.35279750824
    var: 1459.50073242

SpecCent:
    dmean: 2.61733174324
    dmean2: 2.29847335815
    dvar: 64.5475082397
    dvar2: 56.2602996826
    kurt: 35.626033783
    max: 1453.27526855
    mean: 1396.09570312
    median: 1394.21826172
    min: 1392.0501709
    skew: 5.95625925064
    var: 78.4323425293

Zcr:
    dmean: 0.00223055761307
    dmean2: 0.00170330668334
    dvar: 6.03783737461e-05
    dvar2: 4.06905164709e-05
    kurt: 17.6583137512
    max: 0.0634765625
    mean: 0.0606228299439
    median: 0.0634765625
    min: 0.00244140625
    skew: -4.22068738937
    var: 0.000116856448585

HarmonicAmpFreq:
    dmean: [0.294009119272]
    dmean2: [0.300846546888]
    dvar: [3.71697854996]
    dvar2: [3.80136322975]
    kurt: [40.0177536011]
    max: [1397.15673828]
    mean: [1396.86889648]
    median: [1397.15673828]
    min: [1384.22033691]
    skew: [-6.48191833496]
    var: [3.63625717163]

HarmonicAmpMag:
    dmean: [7.67259464851e-08]
    dmean2: [7.85102685086e-08]
    dvar: [2.53135430369e-13]
    dvar2: [2.58882216879e-13]
    kurt: [40.022731781]
    max: [3.37594156008e-06]
    mean: [7.5020921031e-08]
    median: [0]
    min: [0]
    skew: [6.48249435425]
    var: [2.47638091673e-13]

MfccCoeff:
    dmean: [1.40818369389, 0.910565435886, 0.989642858505, 1.45274615288, 0.247288793325, 0.98327344656, 0.692934572697, 0.5070733428, 0.80150949955, 0.092658996582, 0.708520531654, 0.542424917221, 0.29058983922]
    dmean2: [1.82926058769, 1.23315429688, 1.16707217693, 1.82259261608, 0.415475875139, 1.06913840771, 0.821001291275, 0.453814476728, 0.781607329845, 0.106366537511, 0.617690503597, 0.438524156809, 0.257422238588]
    dvar: [39.3433532715, 16.1453990936, 21.5273609161, 43.0978393555, 1.22611677647, 24.0570049286, 10.4721670151, 5.12095546722, 15.5277833939, 0.1806756109, 9.58525180817, 4.98841238022, 1.63976633549]
    dvar2: [75.2174682617, 34.0548667908, 31.7526683807, 75.3420715332, 3.12892532349, 28.4417591095, 15.6806058884, 3.57662677765, 13.9421329498, 0.251872718334, 6.23241567612, 2.67825770378, 1.09974682331]
    kurt: [18.7460212708, 18.6417217255, 29.3097000122, 22.4517421722, 21.3191223145, 33.2959022522, 28.6445579529, 32.1858253479, 33.5392837524, 28.4320373535, 31.5196914673, 29.1655693054, 32.284992218]
    max: [-1099.66882324, 23.8749198914, -6.103515625e-05, 8.01086425781e-05, 4.28402709961, 31.950668335, 20.894947052, -5.34057617188e-05, -4.57763671875e-05, -2.28881835938e-05, 24.1924247742, 18.424325943, -3.81469726562e-05]
    mean: [-1116.49914551, 10.9462575912, -22.9974498749, -26.7242622375, 3.96639633179, 28.6337776184, 15.791683197, -16.6457462311, -26.3704662323, -2.17636084557, 23.2808017731, 17.7517795563, -9.57621002197]
    median: [-1116.23510742, 10.9726982117, -23.5227928162, -27.1817398071, 4.23892211914, 29.4150695801, 16.1489753723, -17.1980056763, -27.1857376099, -2.23314666748, 24.0701713562, 18.3920917511, -9.89351272583]
    min: [-1138.42004395, 1.14440917969e-05, -30.0146751404, -41.4847793579, -2.68785095215, 2.28881835938e-05, -2.67028808594e-05, -17.3119812012, -27.2992172241, -2.74090576172, -2.67028808594e-05, -3.0517578125e-05, -9.98262405396]
    skew: [-1.76316094398, 1.07302153111, 5.13053607941, 3.47454452515, -4.68287229538, -5.78152608871, -5.02073860168, 5.66029691696, 5.81717681885, 5.15759897232, -5.58958530426, -5.34835529327, 5.66659450531]
    var: [17.8713760376, 6.59781885147, 13.9671535492, 22.1220970154, 1.42074453831, 20.3408889771, 6.66360807419, 6.98025178909, 17.1925945282, 0.127004370093, 13.7888288498, 8.32013034821, 2.30622768402]

SpecContrastCoeff:
    dmean: [0.0262203924358, 0.0129956491292, 0.00901931896806, 0.0184528660029, 0.00648934720084, 0.00612030923367]
    dmean2: [0.0436980873346, 0.0230896715075, 0.0151370791718, 0.0207723360509, 0.0106226038188, 0.010277915746]
    dvar: [0.00138590543065, 0.000150162610225, 7.02633915353e-05, 0.00214028428309, 2.84776215267e-05, 3.03502201859e-05]
    dvar2: [0.00274699158035, 0.000244156253757, 0.000124382262584, 0.00188475567847, 9.89789405139e-05, 9.21609389479e-05]
    kurt: [9.7093296051, 2.09541654587, 1.44191217422, 17.5646076202, 0.0681526660919, 9.4090461731]
    max: [-0.685630083084, -0.889167308807, -0.905646502972, -0.43916490674, -0.910076200962, -0.911920189857]
    mean: [-0.746923923492, -0.930118560791, -0.94317650795, -0.476630449295, -0.92278367281, -0.924446165562]
    median: [-0.739069521427, -0.929452717304, -0.946242332458, -0.460338652134, -0.923358976841, -0.923970341682]
    min: [-0.983367562294, -0.986746907234, -0.960198163986, -0.872565746307, -0.936118721962, -0.95838534832]
    skew: [-3.07676506042, -0.65038138628, 1.33291947842, -4.22288417816, 0.233727827668, -2.11952900887]
    var: [0.00309765036218, 0.000332503113896, 0.000146436417708, 0.00554668158293, 3.13208474836e-05, 5.06709548063e-05]

SpecPeakAmp:
    dmean: [1.74778040218e-06, 1.72695536094e-06, 1.83107306384e-06, 1.80165955044e-06, 1.92356469597e-06]
    dmean2: [2.59100806943e-06, 2.7015832984e-06, 2.8382853543e-06, 2.80113931694e-06, 3.05088042296e-06]
    dvar: [3.25640313326e-11, 4.49382094037e-11, 4.96064508915e-11, 4.95362292852e-11, 4.9515835876e-11]
    dvar2: [6.8138390763e-11, 1.16934753547e-10, 1.28444740954e-10, 1.27130264649e-10, 1.27464275246e-10]
    kurt: [18.666053772, 39.0332756042, 39.6350746155, 39.7409667969, 39.6031837463]
    max: [3.54147414328e-05, 3.43372921634e-05, 3.45990083588e-05, 3.45243170159e-05, 3.45694097632e-05]
    mean: [1.67587513715e-05, 1.36865332934e-06, 1.45777494254e-06, 1.51681319949e-06, 1.50713071889e-06]
    median: [1.67547714227e-05, 4.71592755957e-07, 7.28082227397e-07, 7.81041364917e-07, 6.60334478653e-07]
    min: [9.37538970902e-07, 1.37040885306e-07, 1.78480888735e-07, 3.2327565691e-07, 2.61396706946e-07]
    skew: [1.08264374733, 6.3696475029, 6.43746757507, 6.44932413101, 6.43309640884]
    var: [1.3737286482e-11, 2.49923866324e-11, 2.50756568287e-11, 2.48428517341e-11, 2.49656979118e-11]
