
metadata:
    version:
        essentia: "2.1-beta3"

Flux:
    dmean: 0.00363990827464
    dmean2: 0.00480189872906
    dvar: 0.000143251672853
    dvar2: 0.000281717919279
    kurt: 9.57106304169
    max: 0.0695438683033
    mean: 0.00464631989598
    median: 2.82615019387e-05
    min: 1.23532881844e-05
    skew: 3.2929751873
    var: 0.000233049446251

Rms:
    dmean: 0.00143149856012
    dmean2: 0.00104626524262
    dvar: 2.61699969997e-05
    dvar2: 1.17762556329e-05
    kurt: 20.8883476257
    max: 0.0501646436751
    mean: 0.0483464077115
    median: 0.0501098893583
    min: 0.00903286505491
    skew: -4.53686094284
    var: 4.86607241328e-05

RollOff:
    dmean: 6.36208295822
    dmean2: 6.00926589966
    dvar: 1255.71704102
    dvar2: 1063.77819824
    kurt: 38.8727836609
    max: 1658.05664062
    mean: 1406.35656738
    median: 1399.65820312
    min: 1399.65820312
    skew: 6.35279750824
    var: 1459.50073242

SpecCent:
    dmean: 2.6106095314
    dmean2: 2.2916970253
    dvar: 63.6320838928
    dvar2: 55.5965538025
    kurt: 35.5578041077
    max: 1452.56005859
    mean: 1395.86242676
    median: 1394.07324219
    min: 1391.82763672
    skew: 5.94789648056
    var: 77.1842422485

Zcr:
    dmean: 0.00223055761307
    dmean2: 0.00170330668334
    dvar: 6.03783737461e-05
    dvar2: 4.06905164709e-05
    kurt: 17.6553382874
    max: 0.0634765625
    mean: 0.0606336817145
    median: 0.0634765625
    min: 0.00244140625
    skew: -4.2204618454
    var: 0.000116912960948

HarmonicAmpFreq:
    dmean: [0.299860179424]
    dmean2: [0.306833654642]
    dvar: [3.86639332771]
    dvar2: [3.95416998863]
    kurt: [40.0159950256]
    max: [1397.15759277]
    mean: [1396.8638916]
    median: [1397.15759277]
    min: [1383.96374512]
    skew: [-6.48171472549]
    var: [3.78242731094]

HarmonicAmpMag:
    dmean: [1.7161469259e-06]
    dmean2: [1.75605725872e-06]
    dvar: [1.26641905296e-10]
    dvar2: [1.2951693884e-10]
    kurt: [40.0227203369]
    max: [7.55104629206e-05]
    mean: [1.67801033513e-06]
    median: [0]
    min: [0]
    skew: [6.48249292374]
    var: [1.23891619186e-10]

MfccCoeff:
    dmean: [10.9006900787, 6.46067619324, 2.19656991959, 1.2860918045, 0.382799655199, 1.33628320694, 0.646702587605, 0.930277884007, 1.39027559757, 0.0945301055908, 1.33831679821, 1.03556978703, 0.619800150394]
    dmean2: [16.0837554932, 9.55072975159, 2.79806280136, 0.988763749599, 0.317594647408, 0.994429111481, 0.586811304092, 0.7898619771, 1.71017384529, 0.15337638557, 1.51292228699, 1.3559128046, 0.680596709251]
    dvar: [2368.59765625, 814.075256348, 110.661186218, 29.788526535, 2.18095421791, 29.2735481262, 7.77600812912, 13.1505308151, 33.5917320251, 0.122558116913, 29.8722515106, 18.4924297333, 6.14306783676]
    dvar2: [5863.47949219, 2029.38049316, 205.534469604, 15.2956171036, 1.54983186722, 19.4658946991, 6.28986215591, 10.5590715408, 43.3258018494, 0.271989881992, 34.8083610535, 25.7573242188, 7.11188745499]
    kurt: [37.2258071899, 37.7670631409, 22.6935367584, 31.2940254211, 15.8393440247, 23.9389667511, 22.2411136627, 20.7070636749, 18.1276321411, 10.2092351913, 17.5461959839, 15.5203971863, 17.2706336975]
    max: [-876.288635254, 151.211151123, -10.3296661377, -12.5926933289, 9.72212219238, 65.3329544067, 35.5580062866, -4.79972839355, -9.28274536133, -2.18685913086, 51.0045585632, 37.8033065796, -0.915679931641]
    mean: [-1086.33520508, 26.1908874512, -50.664024353, -57.2511978149, 9.27610683441, 61.3544502258, 32.8429756165, -36.0936508179, -55.1940002441, -3.38755583763, 48.9665412903, 35.6921157837, -20.850233078]
    median: [-1090.61987305, 23.4852409363, -50.842830658, -58.2061843872, 9.7209777832, 63.1415100098, 33.7014694214, -37.4218292236, -57.2517776489, -3.42832946777, 51.0031547546, 37.2353363037, -21.8200950623]
    min: [-1128.03881836, 5.43403244019, -76.6888885498, -69.1756668091, 0.593307495117, 11.7066040039, 7.52072525024, -37.5861663818, -58.65209198, -4.59725189209, 5.57404708862, 4.91436767578, -21.8227043152]
    skew: [6.10996198654, 6.19606208801, 2.85157108307, 5.39585113525, -4.13711452484, -4.94747114182, -4.79234886169, 4.58646059036, 4.38552570343, 1.16551458836, -4.29022169113, -4.07771444321, 4.25432252884]
    var: [1037.79614258, 365.065246582, 51.8291931152, 50.968914032, 3.16536259651, 73.5845489502, 20.1358242035, 31.6240558624, 77.562713623, 0.102223023772, 69.1307067871, 38.6462211609, 14.7359619141]

SpecContrastCoeff:
    dmean: [0.0270080137998, 0.00841767434031, 0.00896734092385, 0.0198008771986, 0.00904557760805, 0.0114390403032]
    dmean2: [0.0320903770626, 0.0108186695725, 0.00948910228908, 0.0153215955943, 0.0116175245494, 0.0147393252701]
    dvar: [0.000500806840137, 7.2497256042e-05, 0.000117256095109, 0.00362593890168, 0.000111835281132, 0.000105626619188]
    dvar2: [0.000763883232139, 0.000102667785541, 0.000214568397496, 0.00260328059085, 0.000229156939895, 0.00016992376186]
    kurt: [-0.23126578331, 1.04899215698, 4.1511387825, 19.9220695496, 3.16915559769, -0.730185985565]
    max: [-0.823832213879, -0.934389710426, -0.877908706665, -0.28404584527, -0.880116581917, -0.907835006714]
    mean: [-0.910801291466, -0.976998388767, -0.940528512001, -0.31612765789, -0.935823321342, -0.938986897469]
    median: [-0.923571944237, -0.981193721294, -0.944501042366, -0.295541107655, -0.940259575844, -0.947281420231]
    min: [-0.994910657406, -0.988885462284, -0.955713808537, -0.836493849754, -0.948173761368, -0.954018890858]
    skew: [0.679856240749, 1.36937046051, 2.07261323929, -4.46080350876, 1.70816612244, 0.920493602753]
    var: [0.00140491290949, 0.00018390340847, 0.000336533994414, 0.00880979280919, 0.000214564279304, 0.0002264980576]

SpecPeakAmp:
    dmean: [4.29867213825e-05, 3.53632131009e-05, 3.66221756849e-05, 3.71812857338e-05, 3.75452764274e-05]
    dmean2: [6.97683499311e-05, 5.34550235898e-05, 5.47546624148e-05, 5.55019723834e-05, 5.60512598895e-05]
    dvar: [2.3778749636e-08, 2.27764118677e-08, 2.47318112656e-08, 2.54176928394e-08, 2.61770747301e-08]
    dvar2: [6.12108976838e-08, 5.9535622654e-08, 6.37691002225e-08, 6.54165788205e-08, 6.73145805763e-08]
    kurt: [39.7546539307, 39.0679931641, 39.8152084351, 39.7694587708, 39.8405799866]
    max: [0.000765793956816, 0.000766066659708, 0.000767697114497, 0.000774676445872, 0.000784765172284]
    mean: [3.42219864251e-05, 2.46315630648e-05, 2.32560996665e-05, 2.35297902691e-05, 2.36852465605e-05]
    median: [1.83565462066e-05, 6.35551941741e-06, 6.40758844384e-06, 6.39121572021e-06, 6.53647384752e-06]
    min: [9.26357552089e-06, 1.32305513034e-06, 1.44042826378e-06, 1.85127282748e-06, 1.70375608377e-06]
    skew: [6.45086050034, 6.37465429306, 6.45841407776, 6.45331525803, 6.46138334274]
    var: [1.22017089765e-08, 1.26349526397e-08, 1.26257937438e-08, 1.28611503669e-08, 1.31925848024e-08]
