
metadata:
    version:
        essentia: "2.1-beta3"

Flux:
    dmean: 0.0326331220567
    dmean2: 0.0430901199579
    dvar: 0.0116062909365
    dvar2: 0.0222984477878
    kurt: 9.38921165466
    max: 0.640706241131
    mean: 0.0427414216101
    median: 0.000214678118937
    min: 6.11047798884e-05
    skew: 3.2659676075
    var: 0.0196447633207

Rms:
    dmean: 0.0131350429729
    dmean2: 0.00961991678923
    dvar: 0.00221460522152
    dvar2: 0.00100107176695
    kurt: 21.0845279694
    max: 0.462184101343
    mean: 0.445522338152
    median: 0.461690276861
    min: 0.083178691566
    skew: -4.55595302582
    var: 0.00411093095317

RollOff:
    dmean: 6.36208295822
    dmean2: 6.00926589966
    dvar: 1255.71704102
    dvar2: 1063.77819824
    kurt: 38.8727836609
    max: 1658.05664062
    mean: 1406.35656738
    median: 1399.65820312
    min: 1399.65820312
    skew: 6.35279750824
    var: 1459.50073242

SpecCent:
    dmean: 2.59218525887
    dmean2: 2.27754235268
    dvar: 62.0171890259
    dvar2: 54.1759529114
    kurt: 35.4710464478
    max: 1451.76635742
    mean: 1395.84448242
    median: 1394.12976074
    min: 1391.81604004
    skew: 5.93732881546
    var: 75.1714935303

Zcr:
    dmean: 0.00223055761307
    dmean2: 0.00170330668334
    dvar: 6.03783737461e-05
    dvar2: 4.06905164709e-05
    kurt: 17.6553382874
    max: 0.0634765625
    mean: 0.0606336817145
    median: 0.0634765625
    min: 0.00244140625
    skew: -4.2204618454
    var: 0.000116912960948

HarmonicAmpFreq:
    dmean: [70.5057907104]
    dmean2: [143.954284668]
    dvar: [7049.54394531]
    dvar2: [16291.3125]
    kurt: [0.245528936386]
    max: [1397.56335449]
    mean: [1362.6796875]
    median: [1397.15686035]
    min: [1224.95617676]
    skew: [-1.49691331387]
    var: [4682.44628906]

HarmonicAmpMag:
    dmean: [0.206804454327]
    dmean2: [0.42316827178]
    dvar: [0.0915513113141]
    dvar2: [0.233234554529]
    kurt: [0.250000953674]
    max: [0.649805188179]
    mean: [0.130012497306]
    median: [0]
    min: [0]
    skew: [1.49999988079]
    var: [0.0675435215235]

MfccCoeff:
    dmean: [26.1563720703, 13.6056985855, 8.05218029022, 3.46837830544, 3.61657714844, 3.26625657082, 2.62817144394, 2.13411951065, 2.37814044952, 1.12702322006, 2.32560896873, 1.9912225008, 1.33588135242]
    dmean2: [34.7925262451, 14.4004611969, 7.90190601349, 5.42695713043, 3.29989051819, 4.34143877029, 3.45371937752, 3.10052037239, 3.43080377579, 1.13165402412, 2.88347744942, 2.47867488861, 1.56823289394]
    dvar: [6737.95654297, 344.806640625, 48.4638214111, 110.206130981, 4.10689783096, 80.3197402954, 21.2258605957, 29.8678531647, 51.0003433228, 1.3718405962, 46.7547225952, 24.0000629425, 8.22049331665]
    dvar2: [16642.6328125, 761.980712891, 33.8119316101, 191.211624146, 7.8403506279, 92.3868789673, 25.4217300415, 51.8964996338, 80.2467651367, 2.68414497375, 53.6337165833, 28.5740222931, 6.95080709457]
    kurt: [26.4953041077, 6.69569778442, 1.21306991577, 11.1581068039, -1.01660239697, 13.4685974121, 12.1430358887, 10.630982399, 11.4142723083, 0.500717878342, 13.2804908752, 12.9949655533, 14.2695560455]
    max: [-636.881225586, 157.527145386, -39.7785758972, -41.9147453308, 20.3353118896, 90.9213943481, 45.5235977173, -14.051322937, -21.102935791, -0.303014755249, 58.6335411072, 42.1058654785, 0.484535217285]
    mean: [-1017.95477295, 66.5374603271, -83.1481552124, -95.2953262329, 12.1727991104, 85.0214538574, 41.2241592407, -44.914730072, -64.3039093018, -3.10176730156, 54.6402664185, 38.8653564453, -23.1756191254]
    median: [-1027.32702637, 68.4963760376, -84.3430633545, -98.0750198364, 11.1633758545, 87.6788406372, 43.1142654419, -47.0107574463, -66.5934371948, -3.21450805664, 57.2295799255, 40.8454818726, -24.3769645691]
    min: [-1042.18884277, 43.5205497742, -99.1110992432, -105.615150452, 2.22306442261, 22.4280471802, 6.94600296021, -48.3319396973, -68.8363876343, -7.89482879639, 4.62738418579, 4.07792663574, -25.1986961365]
    skew: [5.13342952728, 2.22864770889, 0.733238220215, 3.54258728027, 0.210764661431, -3.79935145378, -3.58452677727, 3.4326581955, 3.58516550064, -0.691796004772, -3.78554773331, -3.74137306213, 3.83705353737]
    var: [4056.85668945, 491.234283447, 153.361587524, 158.576721191, 23.5336322784, 167.528488159, 54.0567703247, 54.9040260315, 101.241081238, 2.2192132473, 108.585266113, 53.2307281494, 22.3345031738]

SpecContrastCoeff:
    dmean: [0.0123300198466, 0.0103655038401, 0.0115348137915, 0.0230610147119, 0.0109200300649, 0.0122564788908]
    dmean2: [0.0152024887502, 0.0140975061804, 0.0135859260336, 0.0167068596929, 0.0145674226806, 0.0171148143709]
    dvar: [0.00014734416618, 0.000112222980533, 0.000232225153013, 0.00578485010192, 0.000230124627706, 0.000196147055249]
    dvar2: [0.000306573288981, 0.000210639700526, 0.000539380300324, 0.00302475411445, 0.000510219135322, 0.000436040892964]
    kurt: [0.157711982727, 0.366168498993, 4.69894599915, 23.0099811554, 6.5714225769, 0.59215259552]
    max: [-0.929687857628, -0.929397821426, -0.848447680473, -0.126260668039, -0.840849936008, -0.890007436275]
    mean: [-0.969999849796, -0.973854601383, -0.926738739014, -0.159972399473, -0.923795998096, -0.936559140682]
    median: [-0.975303769112, -0.978540599346, -0.931596815586, -0.135436683893, -0.930336356163, -0.942201316357]
    min: [-0.993805527687, -0.986628472805, -0.945064783096, -0.795147657394, -0.937973380089, -0.949451625347]
    skew: [1.10771000385, 1.15247237682, 2.18139600754, -4.73950052261, 2.31350708008, 1.35445845127]
    var: [0.000245989474934, 0.000207645876799, 0.000505203439388, 0.01200562343, 0.000356615055352, 0.00024813922937]

SpecPeakAmp:
    dmean: [0.000347072316799, 0.000353733194061, 0.0889547839761, 0.0889775902033, 0.0889943167567]
    dmean2: [0.000525103299879, 0.000543396512512, 0.181856259704, 0.181885659695, 0.181914612651]
    dvar: [2.07968241739e-06, 1.93362598111e-06, 0.0496523343027, 0.0496439486742, 0.0496436692774]
    dvar2: [5.35371509613e-06, 5.03650562678e-06, 0.163274034858, 0.14361102879, 0.143610060215]
    kurt: [39.0353546143, 38.2166061401, 10.0703763962, 10.0703630447, 10.0703306198]
    max: [0.00705973571166, 0.00706576136872, 0.649802386761, 0.64980173111, 0.649805188179]
    mean: [0.000230732242926, 0.00024487869814, 0.0435516238213, 0.0435646548867, 0.0435861945152]
    median: [6.01605970587e-05, 5.81498788961e-05, 6.01638457738e-05, 6.23610030743e-05, 7.0542220783e-05]
    min: [1.2657363186e-05, 9.1342453743e-06, 1.20743852676e-05, 1.37526003527e-05, 2.42598507612e-05]
    skew: [6.37237405777, 6.27996397018, 3.47415184975, 3.47414922714, 3.47414112091]
    var: [1.0722967545e-06, 1.08034282675e-06, 0.0262536555529, 0.0262518133968, 0.0262503940612]
