
metadata:
    version:
        essentia: "2.1-beta3"

Flux:
    dmean: 0.0172763466835
    dmean2: 0
    dvar: 0
    dvar2: 0
    kurt: -2
    max: 0.390741556883
    mean: 0.382103383541
    median: 0.382103383541
    min: 0.373465210199
    skew: 0
    var: 7.46180376154e-05

Rms:
    dmean: 0
    dmean2: 0
    dvar: 0
    dvar2: 0
    kurt: 0
    max: 0.134039357305
    mean: 0.134039357305
    median: 0.134039357305
    min: 0.134039357305
    skew: 0
    var: 0

RollOff:
    dmean: 538.330078125
    dmean2: 0
    dvar: 0
    dvar2: 0
    kurt: -2
    max: 2497.8515625
    mean: 2228.68652344
    median: 2228.68652344
    min: 1959.52148438
    skew: 0
    var: 72449.8203125

SpecCent:
    dmean: 22.4106445312
    dmean2: 0
    dvar: 0
    dvar2: 0
    kurt: -2
    max: 1769.10302734
    mean: 1757.89770508
    median: 1757.89770508
    min: 1746.69238281
    skew: 0
    var: 125.559249878

Zcr:
    dmean: 0
    dmean2: 0
    dvar: 0
    dvar2: 0
    kurt: 0
    max: 0.0234375
    mean: 0.0234375
    median: 0.0234375
    min: 0.0234375
    skew: 0
    var: 0

HarmonicAmpFreq:
    dmean: [122.460083008]
    dmean2: [0]
    dvar: [0]
    dvar2: [0]
    kurt: [-2]
    max: [1779.03918457]
    mean: [1717.80908203]
    median: [1717.80908203]
    min: [1656.57910156]
    skew: [2.99487714983e-06]
    var: [3749.11816406]

HarmonicAmpMag:
    dmean: [0.0843402519822]
    dmean2: [0]
    dvar: [0]
    dvar2: [0]
    kurt: [-2]
    max: [0.0843402519822]
    mean: [0.0421701259911]
    median: [0.0421701259911]
    min: [0]
    skew: [0]
    var: [0.00177831947803]

MfccCoeff:
    dmean: [370.010986328, 75.0690536499, 34.4204559326, 14.3461532593, 52.6877822876, 29.523147583, 30.5122013092, 25.7664089203, 13.2464904785, 19.5025444031, 1.03198623657, 8.94018363953, 5.73168182373]
    dmean2: [0, 0, 0, 0, 0, 0, 0, 0, 0, 0, 0, 0, 0]
    dvar: [0, 0, 0, 0, 0, 0, 0, 0, 0, 0, 0, 0, 0]
    dvar2: [0, 0, 0, 0, 0, 0, 0, 0, 0, 0, 0, 0, 0]
    kurt: [-1.99999988079, -1.99999988079, -2, -2, -2, -2, -2, -2, -2, -2, -2, -2, -2]
    max: [-601.221069336, 133.229217529, -98.5890655518, -24.6379776001, 86.7133026123, 32.7816543579, -16.9470806122, 8.74318885803, 18.5715675354, 8.24641799927, -1.37237930298, 8.27831268311, 0.356590270996]
    mean: [-786.2265625, 95.6946868896, -115.799293518, -31.8110542297, 60.3694114685, 18.0200805664, -32.2031822205, -4.14001560211, 11.9483222961, -1.50485420227, -1.88837242126, 3.80822086334, -2.50925064087]
    median: [-786.2265625, 95.6946868896, -115.799293518, -31.8110542297, 60.3694114685, 18.0200805664, -32.2031822205, -4.14001560211, 11.9483222961, -1.50485420227, -1.88837242126, 3.80822086334, -2.50925064087]
    min: [-971.232055664, 58.1601638794, -133.009521484, -38.9841308594, 34.0255203247, 3.2585067749, -47.4592819214, -17.0232200623, 5.32507705688, -11.2561264038, -2.40436553955, -0.661870956421, -5.37509155273]
    skew: [0, 2.58544474718e-07, 0, 0, 0, 0, 2.06267429803e-07, 0, 0, 0, 0, 0, 0]
    var: [34227.03125, 1408.84069824, 296.191955566, 51.4530296326, 694.000610352, 217.904067993, 232.74861145, 165.976959229, 43.8673782349, 95.087310791, 0.266248911619, 19.9817199707, 8.21304416656]

SpecContrastCoeff:
    dmean: [0.00275218486786, 0.0116111040115, 0.0616662502289, 0.0268307924271, 0.207500696182, 0.0220289826393]
    dmean2: [0, 0, 0, 0, 0, 0]
    dvar: [0, 0, 0, 0, 0, 0]
    dvar2: [0, 0, 0, 0, 0, 0]
    kurt: [-2, -2, -2, -1.99999988079, -2, -2]
    max: [-0.991381943226, -0.972080349922, -0.879309415817, -0.745575785637, -0.490084826946, -0.917674481869]
    mean: [-0.99275803566, -0.977885901928, -0.910142540932, -0.75899118185, -0.593835175037, -0.928689002991]
    median: [-0.99275803566, -0.977885901928, -0.910142540932, -0.75899118185, -0.593835175037, -0.928689002991]
    min: [-0.994134128094, -0.983691453934, -0.940975666046, -0.772406578064, -0.697585523129, -0.939703464508]
    skew: [0, 0, 0, 0, 0, 8.12494090496e-06]
    var: [1.89363038317e-06, 3.37044330081e-05, 0.000950681627728, 0.000179972848855, 0.0107641350478, 0.000121319018945]

SpecPeakAmp:
    dmean: [0.00681597739458, 0.0842473357916, 0.0539646111429, 0.0378997698426, 0.0267749000341]
    dmean2: [0, 0, 0, 0, 0]
    dvar: [0, 0, 0, 0, 0]
    dvar2: [0, 0, 0, 0, 0]
    kurt: [-2, -2, -2, -2, -2]
    max: [0.00690686842427, 0.0843402519822, 0.0540587827563, 0.0379966646433, 0.0268748383969]
    mean: [0.00349887972698, 0.0422165840864, 0.0270764771849, 0.019046779722, 0.0134873883799]
    median: [0.00349887972698, 0.0422165840864, 0.0270764771849, 0.019046779722, 0.0134873883799]
    min: [9.08911097213e-05, 9.29180969251e-05, 9.41722028074e-05, 9.68946769717e-05, 9.99376061372e-05]
    skew: [0, 1.46016830627e-07, 0, 0, -1.42147030147e-07]
    var: [1.16143874038e-05, 0.00177440326661, 0.000728044833522, 0.000359098135959, 0.000179223832674]
