
metadata:
    version:
        essentia: "2.1-beta3"

Flux:
    dmean: 6.75883393342e-06
    dmean2: 1.00724619188e-05
    dvar: 5.34210842229e-10
    dvar2: 1.14269649298e-09
    kurt: 13.7444725037
    max: 0.000124600031995
    mean: 7.80664777267e-06
    median: 1.7104929384e-06
    min: 4.22795437771e-07
    skew: 3.83577203751
    var: 5.66995062012e-10

Rms:
    dmean: 1.67663574757e-06
    dmean2: 1.52478571636e-06
    dvar: 4.27274084169e-11
    dvar2: 3.24225091219e-11
    kurt: 19.5554656982
    max: 0.000101363511931
    mean: 9.95035443339e-05
    median: 0.000101267287391
    min: 5.90123308939e-05
    skew: -4.50271081924
    var: 5.60116501791e-11

RollOff:
    dmean: 1.00154435635
    dmean2: 1.025390625
    dvar: 20.5633563995
    dvar2: 21.0285148621
    kurt: 17.0543556213
    max: 2820.84960938
    mean: 2800.29345703
    median: 2799.31640625
    min: 2799.31640625
    skew: 4.36551809311
    var: 20.1182918549

SpecCent:
    dmean: 3.59720778465
    dmean2: 4.24976158142
    dvar: 6.16778230667
    dvar2: 8.24953079224
    kurt: 10.4670248032
    max: 2818.03637695
    mean: 2795.79467773
    median: 2794.94873047
    min: 2791.14379883
    skew: 2.79591536522
    var: 20.9735488892

Zcr:
    dmean: 0.00317950570025
    dmean2: 0.00334821431898
    dvar: 0.000164102661074
    dvar2: 0.000151788233779
    kurt: 17.431388855
    max: 0.126953125
    mean: 0.123612836003
    median: 0.12646484375
    min: 0.05810546875
    skew: -4.38450241089
    var: 0.000176711095264

HarmonicAmpFreq:
    dmean: [0]
    dmean2: [0]
    dvar: [0]
    dvar2: [0]
    kurt: [-2]
    max: [2798.43676758]
    mean: [2798.43725586]
    median: [2798.43676758]
    min: [2798.43676758]
    skew: [-1]
    var: [2.38418579102e-07]

HarmonicAmpMag:
    dmean: [0]
    dmean2: [0]
    dvar: [0]
    dvar2: [0]
    kurt: [nan]
    max: [0]
    mean: [0]
    median: [0]
    min: [0]
    skew: [nan]
    var: [0]

MfccCoeff:
    dmean: [0.0438828580081, 0.012962163426, 0.0565306209028, 0.0364926345646, 0.0410283990204, 0.0532865300775, 0.0185561068356, 0.0603854171932, 0.0066276374273, 0.0567882433534, 0.0298502724618, 0.043556034565, 0.0470447987318]
    dmean2: [0.0453520268202, 0.0134059358388, 0.0583957508206, 0.0377487912774, 0.0423369631171, 0.0550983957946, 0.0190723966807, 0.0623877383769, 0.0069812592119, 0.0585986562073, 0.0309653505683, 0.0448450371623, 0.0486753545702]
    dvar: [0.0367942377925, 0.00318546686321, 0.061179947108, 0.0252623483539, 0.032462593168, 0.0540228560567, 0.0068221972324, 0.0697492212057, 0.000733848253731, 0.0622086375952, 0.0165703371167, 0.0371355041862, 0.0419160723686]
    dvar2: [0.0368923135102, 0.00318668386899, 0.0613651908934, 0.0252789258957, 0.0326232761145, 0.0541004128754, 0.00690560834482, 0.0699446350336, 0.000710850697942, 0.0625207200646, 0.0164952278137, 0.037468008697, 0.0419250391424]
    kurt: [17.0631637573, 17.0745658875, 17.0842170715, 17.0759792328, 17.0909004211, 17.0787734985, 17.1163539886, 17.0835132599, 16.9672718048, 17.0911521912, 17.0582904816, 17.1047592163, 17.0745296478]
    max: [-1137.47668457, 1.14440917969e-05, -6.103515625e-05, 0.781879425049, 0.885772705078, 2.28881835938e-05, -2.67028808594e-05, 1.29872894287, -4.57763671875e-05, -2.28881835938e-05, 0.633518218994, 0.946960449219, -3.81469726562e-05]
    mean: [-1137.52099609, -0.264529496431, -1.15965855122, 0.74511963129, 0.844711303711, -1.08955729008, -0.387411981821, 1.23809039593, -0.126617774367, -1.16945266724, 0.60319018364, 0.903656542301, -0.959720790386]
    median: [-1137.47875977, -0.276905059814, -1.21374511719, 0.779941558838, 0.88404083252, -1.14045715332, -0.405361175537, 1.29585647583, -0.13272857666, -1.22388839722, 0.631523132324, 0.945568084717, -1.0046043396]
    min: [-1138.42004395, -0.277576446533, -1.21640014648, 8.01086425781e-05, -6.103515625e-05, -1.14318084717, -0.405757904053, -5.34057617188e-05, -0.133644104004, -1.22627258301, -2.67028808594e-05, -3.0517578125e-05, -1.00715637207]
    skew: [-4.3630437851, 4.36548614502, 4.36656522751, -4.36564445496, -4.36729288101, 4.36595773697, 4.36989068985, -4.36648750305, 4.35036897659, 4.36731863022, -4.36356258392, -4.36874008179, 4.36547756195]
    var: [0.0367997922003, 0.00319415726699, 0.0611566156149, 0.0253217797726, 0.0323791876435, 0.0541009940207, 0.00674865674227, 0.0697402507067, 0.000764418218751, 0.0620434619486, 0.0167091023177, 0.0368724763393, 0.042035844177]

SpecContrastCoeff:
    dmean: [0.0179645884782, 0.0129749858752, 0.0140180056915, 0.0113998372108, 0.00910460297018, 0.00826977752149]
    dmean2: [0.0224405508488, 0.0191680472344, 0.0213157907128, 0.016675921157, 0.0112028140575, 0.01273916848]
    dvar: [0.00132631824818, 0.000164113487699, 0.000159181494382, 0.000466317811515, 0.000562878441997, 0.00011515965889]
    dvar2: [0.0011979326373, 0.00031125213718, 0.000327004032442, 0.000390556873754, 0.000514176383149, 0.000180837203516]
    kurt: [14.7996101379, 7.51699447632, 4.78301048279, 16.4918498993, 17.734752655, 15.9173431396]
    max: [-0.633129835129, -0.87613260746, -0.900435388088, -0.826814174652, -0.66278898716, -0.859017968178]
    mean: [-0.666678845882, -0.902136206627, -0.924814641476, -0.842917263508, -0.678113520145, -0.881488025188]
    median: [-0.660190701485, -0.900565803051, -0.92314863205, -0.838181495667, -0.672242999077, -0.881550312042]
    min: [-0.847864687443, -0.970933139324, -0.985481441021, -0.958399653435, -0.812347173691, -0.945623755455]
    skew: [-3.94278740883, -2.38965821266, -1.64763665199, -4.13905334473, -4.31115627289, -3.33245277405]
    var: [0.00160440907348, 0.000291949865641, 0.000237622021814, 0.000529057520907, 0.000671720365062, 0.000145989833982]

SpecPeakAmp:
    dmean: [2.17286910242e-07, 5.74026621791e-08, 1.01936834085e-07, 1.59797252763e-07, 1.46149659486e-07]
    dmean2: [2.49987834877e-07, 7.32380058821e-08, 1.79939178224e-07, 2.87323246084e-07, 2.5908968837e-07]
    dvar: [5.23877002976e-13, 3.37962622297e-14, 3.64817386844e-15, 2.20853693542e-14, 1.39525130544e-14]
    dvar2: [5.22587995013e-13, 3.35490471938e-14, 8.07432462904e-15, 5.98395641306e-14, 4.2407083975e-14]
    kurt: [19.7592487335, 26.9433078766, 1.90478038788, -0.0904936790466, -0.725311040878]
    max: [1.6864411009e-05, 1.37485915275e-06, 9.35455375384e-07, 6.0592248019e-07, 5.945461794e-07]
    mean: [1.6600912204e-05, 2.69593954272e-07, 6.5233729174e-07, 1.64191121144e-07, 3.02914685335e-07]
    median: [1.67526304722e-05, 2.34181754877e-07, 6.4826099333e-07, 8.64505480536e-08, 3.48701917119e-07]
    min: [1.26263430502e-05, 2.01994780014e-07, 4.8491688176e-07, 2.16793036856e-08, 7.47907407117e-08]
    skew: [-4.57389783859, 5.19242525101, 0.895312428474, 1.12073111534, -0.589273631573]
    var: [5.47546057973e-13, 3.41423802208e-14, 6.21517243663e-15, 2.37878513681e-14, 1.84524314909e-14]
