
metadata:
    version:
        essentia: "2.1-beta3"

Flux:
    dmean: 0.000163337550475
    dmean2: 0.000215908017708
    dvar: 2.84915586235e-07
    dvar2: 5.61215244943e-07
    kurt: 9.58679199219
    max: 0.00310587929562
    mean: 0.000212414190173
    median: 7.2790876402e-06
    min: 3.88101852877e-06
    skew: 3.29507350922
    var: 4.62751074792e-07

Rms:
    dmean: 6.41887527308e-05
    dmean2: 4.74500520795e-05
    dvar: 5.19223490869e-08
    dvar2: 2.33690862217e-08
    kurt: 20.8600940704
    max: 0.00224007549696
    mean: 0.00215946463868
    median: 0.00223857583478
    min: 0.000408306834288
    skew: -4.53415393829
    var: 9.66306998862e-08

RollOff:
    dmean: 7.34086465836
    dmean2: 7.01081037521
    dvar: 1748.13659668
    dvar2: 1525.20007324
    kurt: 39.1745109558
    max: 3100.78125
    mean: 2806.97094727
    median: 2799.31640625
    min: 2799.31640625
    skew: 6.38621854782
    var: 1981.56872559

SpecCent:
    dmean: 7.82446861267
    dmean2: 8.6935300827
    dvar: 932.01776123
    dvar2: 836.117431641
    kurt: 39.3883323669
    max: 2995.40917969
    mean: 2780.69873047
    median: 2775.59838867
    min: 2772.37255859
    skew: 6.40821886063
    var: 1055.56225586

Zcr:
    dmean: 0.00443892041221
    dmean2: 0.00339525798336
    dvar: 0.000240183057031
    dvar2: 0.000160150244483
    kurt: 17.9274978638
    max: 0.126953125
    mean: 0.12119140476
    median: 0.12646484375
    min: 0.00439453125
    skew: -4.2470498085
    var: 0.000466490862891

HarmonicAmpFreq:
    dmean: [0.0648581758142]
    dmean2: [0.0663665086031]
    dvar: [0.180883064866]
    dvar2: [0.18498955667]
    kurt: [39.9122924805]
    max: [2797.74584961]
    mean: [2797.68066406]
    median: [2797.74584961]
    min: [2794.89208984]
    skew: [-6.46970796585]
    var: [0.176957979798]

HarmonicAmpMag:
    dmean: [7.82100144647e-08]
    dmean2: [8.00288546543e-08]
    dvar: [2.6302270366e-13]
    dvar2: [2.6899392002e-13]
    kurt: [40.0227241516]
    max: [3.44124077856e-06]
    mean: [7.64720198276e-08]
    median: [0]
    min: [0]
    skew: [6.48249340057]
    var: [2.5731066583e-13]

MfccCoeff:
    dmean: [0.758936107159, 0.242738902569, 0.946690022945, 0.655841112137, 0.611246645451, 0.880509316921, 0.180544763803, 0.873139798641, 0.217956885695, 0.67274928093, 0.492128193378, 0.375278830528, 0.64256799221]
    dmean2: [0.889080643654, 0.281978160143, 1.10623764992, 0.755991399288, 0.710464119911, 0.998807966709, 0.215433165431, 0.965707480907, 0.21935556829, 0.718739330769, 0.487577557564, 0.387289017439, 0.601791441441]
    dvar: [12.5693826675, 1.29866969585, 19.6321220398, 9.58582115173, 8.25824069977, 17.69414711, 0.703629434109, 18.099199295, 1.21685826778, 11.377820015, 6.01295757294, 3.76850223541, 9.03960704803]
    dvar2: [18.3602581024, 1.85381615162, 28.4773635864, 13.3945569992, 11.8022022247, 23.6583404541, 1.07937288284, 22.5943088531, 1.19496190548, 12.9632863998, 5.67411756516, 3.93537902832, 7.3203458786]
    kurt: [28.6342658997, 29.1847724915, 28.8398075104, 29.7104682922, 29.3006896973, 30.6402282715, 27.6153392792, 31.7164077759, 32.3573722839, 32.5926704407, 32.5448646545, 33.0928649902, 32.0046844482]
    max: [-1115.55114746, 1.14440917969e-05, -6.103515625e-05, 20.0189857483, 18.5706787109, 2.28881835938e-05, -2.67028808594e-05, 27.5938358307, -4.57763671875e-05, -2.28881835938e-05, 16.410320282, 12.5549697876, -3.81469726562e-05]
    mean: [-1120.81884766, -5.77004241943, -22.1369514465, 15.95977211, 14.5523481369, -22.4460983276, -3.9908311367, 23.8242950439, -7.01438379288, -19.9744472504, 15.9135684967, 12.0490150452, -20.7900466919]
    median: [-1120.40026855, -5.91087722778, -22.6675605774, 16.3570747375, 14.9058380127, -23.0257949829, -4.07926559448, 24.4700107574, -7.23097991943, -20.5445785522, 16.4099693298, 12.4061431885, -21.471446991]
    min: [-1138.42004395, -7.35960769653, -28.5966148376, 8.01086425781e-05, -6.103515625e-05, -27.24792099, -5.4010887146, -5.34057617188e-05, -7.23115539551, -21.8628005981, -2.67028808594e-05, -3.0517578125e-05, -21.4719352722]
    skew: [-5.08495998383, 5.19140100479, 5.12203121185, -5.28349781036, -5.20044898987, 5.43808698654, 4.8355679512, -5.60340118408, 5.71293926239, 5.72478294373, -5.72791337967, -5.78254747391, 5.66017484665]
    var: [8.2762298584, 0.88086605072, 13.0435876846, 6.67927837372, 5.59186410904, 13.013666153, 0.433788627386, 14.4198312759, 1.23880851269, 10.0061235428, 6.35698509216, 3.61444664001, 10.9313297272]

SpecContrastCoeff:
    dmean: [0.0256623849273, 0.0222753454, 0.0139732696116, 0.00801199302077, 0.0172039233148, 0.00696139736101]
    dmean2: [0.0415291637182, 0.0359636582434, 0.0220742747188, 0.013672224246, 0.0198902133852, 0.0107989450917]
    dvar: [0.00129301811103, 0.000294266152196, 0.000162188123795, 4.77650173707e-05, 0.001446066075, 2.32008915191e-05]
    dvar2: [0.00234322412871, 0.000637191347778, 0.000370754831238, 0.000132009503432, 0.00138122157659, 5.11816397193e-05]
    kurt: [9.99410057068, 0.552994012833, 2.65456485748, 1.04849386215, 17.8344936371, 6.23360157013]
    max: [-0.677706301212, -0.870328605175, -0.903020203114, -0.917724728584, -0.51734828949, -0.907334685326]
    mean: [-0.743843853474, -0.926004111767, -0.931877493858, -0.940124571323, -0.54751342535, -0.921967923641]
    median: [-0.735832870007, -0.925961136818, -0.931225597858, -0.940290868282, -0.533391594887, -0.921521008015]
    min: [-0.964270472527, -0.985515654087, -0.982249319553, -0.95656400919, -0.870234310627, -0.954417109489]
    skew: [-3.15086460114, -0.236957982183, -1.20123660564, 0.497453808784, -4.28253030777, -1.92340183258]
    var: [0.00265536131337, 0.000480851973407, 0.000211421996937, 5.68805662624e-05, 0.00372406630777, 6.07248075539e-05]

SpecPeakAmp:
    dmean: [8.63322156874e-07, 5.04940771862e-07, 5.56933628104e-07, 3.65479507991e-07, 3.91918803189e-07]
    dmean2: [1.06699417302e-06, 8.34676370687e-07, 9.14101633498e-07, 5.86997202845e-07, 6.67396534482e-07]
    dvar: [3.33870864982e-12, 5.91755106288e-13, 6.68953282525e-13, 6.37015776499e-13, 4.7650333115e-13]
    dvar2: [1.3813682186e-12, 1.56981209715e-12, 1.72579322794e-12, 1.66250054088e-12, 1.30804655302e-12]
    kurt: [29.7612762451, 22.2160549164, 21.1991500854, 33.2828941345, 17.9085922241]
    max: [1.73178177647e-05, 4.42517784904e-06, 4.43625367552e-06, 4.610106771e-06, 4.9090695029e-06]
    mean: [1.62191990967e-05, 1.0045214367e-06, 6.12594419636e-07, 6.08190418916e-07, 6.79782317548e-07]
    median: [1.6704247173e-05, 9.76557430477e-07, 4.22303799041e-07, 4.55361941931e-07, 4.9555114856e-07]
    min: [2.63833555891e-07, 3.3812770539e-07, 9.81415482215e-08, 1.67391590367e-07, 1.32423494392e-07]
    skew: [-5.38303089142, 4.21187114716, 4.2362613678, 5.67952394485, 4.20846414566]
    var: [6.65346293685e-12, 3.48855872575e-13, 4.44405580044e-13, 3.96461455245e-13, 6.34299145326e-13]
