
metadata:
    version:
        essentia: "2.1-beta3"

Flux:
    dmean: 0.00364395906217
    dmean2: 0.00481213023886
    dvar: 0.000143253491842
    dvar2: 0.000281857297523
    kurt: 9.57617092133
    max: 0.0695379525423
    mean: 0.00466060265899
    median: 4.72191168228e-05
    min: 2.95061254292e-05
    skew: 3.293664217
    var: 0.000232849139138

Rms:
    dmean: 0.00143688742537
    dmean2: 0.00106227071956
    dvar: 2.60107899521e-05
    dvar2: 1.17057079478e-05
    kurt: 20.8521003723
    max: 0.0501529574394
    mean: 0.0483488664031
    median: 0.0501196347177
    min: 0.00915394723415
    skew: -4.53336429596
    var: 4.84194351884e-05

RollOff:
    dmean: 7.34086465836
    dmean2: 7.01081037521
    dvar: 1748.13659668
    dvar2: 1525.20007324
    kurt: 39.1745109558
    max: 3100.78125
    mean: 2806.97094727
    median: 2799.31640625
    min: 2799.31640625
    skew: 6.38621854782
    var: 1981.56872559

SpecCent:
    dmean: 7.73653364182
    dmean2: 8.68493366241
    dvar: 909.624267578
    dvar2: 814.544128418
    kurt: 39.3712081909
    max: 2992.85888672
    mean: 2780.5793457
    median: 2775.62792969
    min: 2772.33178711
    skew: 6.40622615814
    var: 1032.00463867

Zcr:
    dmean: 0.00443892041221
    dmean2: 0.00339525798336
    dvar: 0.000240183057031
    dvar2: 0.000160150244483
    kurt: 17.9274978638
    max: 0.126953125
    mean: 0.12119140476
    median: 0.12646484375
    min: 0.00439453125
    skew: -4.2470498085
    var: 0.000466490862891

HarmonicAmpFreq:
    dmean: [0.0661732032895]
    dmean2: [0.0677121207118]
    dvar: [0.188292399049]
    dvar2: [0.19256709516]
    kurt: [39.9486618042]
    max: [2797.74414062]
    mean: [2797.67822266]
    median: [2797.74414062]
    min: [2794.83251953]
    skew: [-6.47392129898]
    var: [0.184204757214]

HarmonicAmpMag:
    dmean: [1.75482955456e-06]
    dmean2: [1.79563949132e-06]
    dvar: [1.3241534258e-10]
    dvar2: [1.35421479586e-10]
    kurt: [40.0227279663]
    max: [7.72124985815e-05]
    mean: [1.71583326392e-06]
    median: [0]
    min: [0]
    skew: [6.48249435425]
    var: [1.29539698412e-10]

MfccCoeff:
    dmean: [10.289276123, 1.39032888412, 3.28078913689, 1.11126029491, 0.658260762691, 0.895734727383, 0.225156694651, 0.964258015156, 0.390472590923, 0.862789869308, 0.787248075008, 0.558308064938, 1.04859220982]
    dmean2: [15.3597068787, 2.00534582138, 4.486805439, 1.35385048389, 0.559651315212, 0.630574047565, 0.192180633545, 0.606121301651, 0.254914611578, 0.75220400095, 0.766423761845, 0.556245267391, 1.08807885647]
    dvar: [2176.08520508, 40.3183555603, 218.861862183, 31.61369133, 9.63774394989, 17.3791732788, 0.878731191158, 17.3936233521, 1.99123847485, 12.5886650085, 9.99496078491, 4.65950059891, 17.933965683]
    dvar2: [5431.375, 95.1694107056, 477.517120361, 51.183467865, 6.99885797501, 7.33518218994, 0.736844062805, 7.63242769241, 1.17539608479, 10.0126819611, 9.67489528656, 4.40432453156, 18.7097015381]
    kurt: [38.389339447, 30.7072639465, 20.8058223724, 30.6146430969, 34.3121147156, 32.4906044006, 20.219625473, 27.5926914215, 20.2105484009, 22.6385478973, 19.4752368927, 21.4972686768, 18.7032032013]
    max: [-894.174560547, -1.94169998169, -7.89645385742, 41.9693222046, 34.3133430481, -7.42786407471, -1.90664291382, 49.0948104858, -1.5188369751, -6.526512146, 32.1870994568, 25.6924381256, -5.33796691895]
    mean: [-1099.16186523, -11.9202022552, -44.6378822327, 31.6302890778, 28.4905891418, -43.8814125061, -7.74103784561, 46.4001846313, -13.7707176208, -38.6923789978, 30.9927768707, 23.1679763794, -40.355430603]
    median: [-1103.32348633, -11.5443305969, -44.1194267273, 31.9328041077, 28.9263496399, -44.9091758728, -7.75283813477, 47.6420974731, -14.3286056519, -39.8634872437, 32.1870079041, 23.8656177521, -41.936504364]
    min: [-1132.17333984, -36.8459510803, -94.6258468628, 5.33852005005, 5.3504486084, -46.8382377625, -11.8123626709, 7.79282569885, -14.3286819458, -41.5476455688, 4.09815597534, 4.1630859375, -41.936580658]
    skew: [6.26864671707, -4.95874595642, -2.07789731026, -4.96767425537, -5.72070360184, 5.71737527847, 2.23856759071, -5.27680683136, 4.47792625427, 4.83818721771, -4.48766803741, -4.71651220322, 4.40761804581]
    var: [973.982055664, 16.1560726166, 86.7841949463, 17.9853744507, 13.0957136154, 33.3809890747, 1.17315042019, 40.8504562378, 4.82304906845, 32.1269378662, 24.5933837891, 11.613820076, 42.862285614]

SpecContrastCoeff:
    dmean: [0.0703900903463, 0.0156530607492, 0.0131654599681, 0.0151235694066, 0.0244347453117, 0.0191175024956]
    dmean2: [0.12294176966, 0.0277835931629, 0.0214007906616, 0.0225644931197, 0.0252473857254, 0.0331272594631]
    dvar: [0.00289381458424, 0.000175028762897, 9.64593345998e-05, 7.50189137761e-05, 0.00241121626459, 0.000189523067093]
    dvar2: [0.00676838401705, 0.000377996271709, 0.000189420752577, 0.00021052545344, 0.00201676413417, 0.000403362791985]
    kurt: [0.43778014183, 0.33149433136, 5.09827518463, 2.32802343369, 18.920835495, -0.578011274338]
    max: [-0.742696881294, -0.944061338902, -0.926559388638, -0.896943807602, -0.365617096424, -0.901780605316]
    mean: [-0.897347331047, -0.983075797558, -0.981922328472, -0.947414815426, -0.407011419535, -0.936210095882]
    median: [-0.918905258179, -0.989990472794, -0.988246202469, -0.952839970589, -0.390009373426, -0.943553745747]
    min: [-0.986296355724, -0.995916068554, -0.992237150669, -0.961302638054, -0.83477717638, -0.949030041695]
    skew: [1.26541507244, 1.26500976086, 2.00737476349, 1.54544961452, -4.36092090607, 1.0720436573]
    var: [0.00343182822689, 0.000188797581359, 0.000167414735188, 0.000214900821447, 0.00619102735072, 0.000230934325373]

SpecPeakAmp:
    dmean: [7.59720569476e-06, 7.37830805519e-06, 7.27013639334e-06, 7.21026844985e-06, 6.00028442932e-06]
    dmean2: [8.90989849722e-06, 1.09088050522e-05, 1.08013400677e-05, 1.07172390926e-05, 9.58553209784e-06]
    dvar: [3.17574605502e-10, 3.34464012042e-10, 3.26329741007e-10, 3.23239018885e-10, 2.12770773222e-10]
    dvar2: [8.29116220125e-10, 8.85852946553e-10, 8.68981386848e-10, 8.72660999018e-10, 5.31267030368e-10]
    kurt: [27.4505615234, 36.3366470337, 36.287853241, 35.4764022827, 18.4656982422]
    max: [9.79924952844e-05, 9.68318854575e-05, 9.71320914687e-05, 0.000100043384009, 0.000102937636257]
    mean: [1.8312364773e-05, 7.03191881257e-06, 7.16344811735e-06, 7.38939024814e-06, 8.81601863512e-06]
    median: [1.67287762451e-05, 5.23131757291e-06, 5.330478416e-06, 5.24723282069e-06, 5.33174306838e-06]
    min: [6.76406716593e-06, 3.26588804e-07, 7.52415701299e-07, 8.0266357827e-07, 7.52984760766e-07]
    skew: [4.93427038193, 6.0507478714, 6.04467535019, 5.95701646805, 4.40957307816]
    var: [1.71681974193e-10, 1.91703625196e-10, 1.92541621535e-10, 2.06361233657e-10, 3.22406740194e-10]
