
metadata:
    version:
        essentia: "2.1-beta3"

Flux:
    dmean: 0.0249290894717
    dmean2: 0.0331288091838
    dvar: 0.00679313577712
    dvar2: 0.0130895460024
    kurt: 9.33281230927
    max: 0.488676220179
    mean: 0.0326589271426
    median: 6.59530924167e-05
    min: 2.32455240621e-05
    skew: 3.25940704346
    var: 0.0114955566823

Rms:
    dmean: 0.0099255265668
    dmean2: 0.00724636763334
    dvar: 0.00129473162815
    dvar2: 0.000585744099226
    kurt: 20.997751236
    max: 0.353561997414
    mean: 0.340984344482
    median: 0.353432148695
    min: 0.06429079175
    skew: -4.54749488831
    var: 0.00240294006653

RollOff:
    dmean: 6.85147380829
    dmean2: 7.01081037521
    dvar: 2018.53588867
    dvar2: 2064.36132812
    kurt: 40.022731781
    max: 1679.58984375
    mean: 1384.82421875
    median: 1378.125
    min: 1378.125
    skew: 6.48249435425
    var: 1974.69934082

SpecCent:
    dmean: 7.32974529266
    dmean2: 6.91513538361
    dvar: 1918.62414551
    dvar2: 1683.83703613
    kurt: 39.5887260437
    max: 1671.21081543
    mean: 1363.09277344
    median: 1355.47229004
    min: 1355.14025879
    skew: 6.43321752548
    var: 2168.62841797

Zcr:
    dmean: 0.00206409790553
    dmean2: 0.00146484375
    dvar: 5.69480580452e-05
    dvar2: 3.85905404983e-05
    kurt: 17.9537525177
    max: 0.06201171875
    mean: 0.0588975697756
    median: 0.0615234375
    min: 0.001953125
    skew: -4.24952697754
    var: 0.000110777611553

HarmonicAmpFreq:
    dmean: [22.6562480927]
    dmean2: [46.2827301025]
    dvar: [3228.45532227]
    dvar2: [9340.96875]
    kurt: [10.0944776535]
    max: [1360.53955078]
    mean: [1346.71655273]
    median: [1357.70666504]
    min: [1187.44433594]
    skew: [-3.47643685341]
    var: [1709.99267578]

HarmonicAmpMag:
    dmean: [0.022721759975]
    dmean2: [0.0464855805039]
    dvar: [0.0108238644898]
    dvar2: [0.032649487257]
    kurt: [40.0226249695]
    max: [0.499508410692]
    mean: [0.0111154671758]
    median: [0]
    min: [0]
    skew: [6.48248195648]
    var: [0.00542108993977]

MfccCoeff:
    dmean: [25.4468212128, 3.43123555183, 2.12820291519, 2.45327377319, 0.375703305006, 2.0966835022, 1.58462798595, 1.1509308815, 1.73352742195, 1.2678347826, 1.75302517414, 1.96190440655, 0.4786413908]
    dmean2: [35.7439346313, 3.89024329185, 3.59654474258, 3.71078324318, 0.254629343748, 2.52370047569, 1.58094966412, 1.52440595627, 2.65859007835, 1.36688113213, 1.49188411236, 2.04848456383, 0.488323837519]
    dvar: [9066.046875, 124.262054443, 49.26404953, 72.44556427, 0.70169711113, 41.0071334839, 27.9651622772, 9.03636741638, 48.0570716858, 11.0319309235, 30.1384658813, 47.0248374939, 1.03701508045]
    dvar2: [22473.8027344, 170.049255371, 116.283149719, 176.219436646, 0.893187701702, 62.6378440857, 30.0006046295, 21.084280014, 86.2191390991, 25.3881702423, 26.3089771271, 54.9600868225, 1.55016720295]
    kurt: [25.3752670288, 14.6738681793, 10.7216682434, 18.4970493317, 8.73549175262, 15.4365177155, 14.6182003021, 8.47403717041, 11.1170186996, 10.1506671906, 15.7472648621, 11.9697437286, 0.39712023735]
    max: [-622.482055664, 107.726669312, -47.737651825, -44.3701248169, 6.11441040039, 77.9669265747, 49.2469406128, -11.5407333374, -24.3344688416, -5.63554382324, 45.512676239, 56.3439483643, 3.62767791748]
    mean: [-1070.49316406, 31.5161514282, -51.9054908752, -64.9495620728, 0.045702021569, 62.0166358948, 46.0172996521, -24.8568687439, -62.8079681396, -23.3372936249, 41.8742675781, 52.9573135376, -0.394873559475]
    median: [-1087.9630127, 27.3268852234, -50.148891449, -65.100440979, 0.0431976318359, 63.5653991699, 48.0454025269, -25.2819671631, -65.273109436, -24.2965621948, 43.8582115173, 56.0121459961, -0.361770629883]
    min: [-1088.37561035, 26.7721061707, -82.1688537598, -102.29499054, -1.47018432617, 21.3095932007, 6.24866104126, -30.4015579224, -65.5318984985, -26.0632095337, -2.14645767212, 3.24777984619, -3.84705924988]
    skew: [5.03966283798, 3.8274269104, -3.5303645134, -2.54806613922, 2.17367458344, -3.66739654541, -3.90519666672, 2.54039645195, 3.56659579277, 3.15010619164, -3.99102377892, -3.60528278351, -0.100121282041]
    var: [5747.3203125, 219.663040161, 50.4873542786, 47.8739738464, 1.63299369812, 62.8079299927, 62.762512207, 8.66946792603, 80.4299621582, 15.5779285431, 72.2105102539, 113.177238464, 2.04247307777]

SpecContrastCoeff:
    dmean: [0.0155121292919, 0.00679541192949, 0.00887185055763, 0.0234578661621, 0.00538819469512, 0.00781477987766]
    dmean2: [0.0220789685845, 0.00876491703093, 0.0130331451073, 0.0153259262443, 0.00725847203285, 0.00828127563]
    dvar: [0.000450895604445, 0.000185271113878, 0.000554759113584, 0.00623241066933, 6.69441578793e-05, 5.57296007173e-05]
    dvar2: [0.000785549345892, 0.000491435173899, 0.00125034688972, 0.00346820079722, 0.00013158582442, 6.08337031736e-05]
    kurt: [2.96189880371, 2.89012241364, 6.51928520203, 19.6171607971, 0.133554458618, 0.419300794601]
    max: [-0.87439250946, -0.906628966331, -0.80518746376, -0.110668636858, -0.89413690567, -0.872600197792]
    mean: [-0.958564519882, -0.972952604294, -0.926376104355, -0.148107737303, -0.933353841305, -0.928343653679]
    median: [-0.96969807148, -0.980272471905, -0.935027480125, -0.119542866945, -0.938074588776, -0.936941206455]
    min: [-0.987361192703, -0.987416744232, -0.947004318237, -0.815541267395, -0.94636797905, -0.951280474663]
    skew: [1.96226370335, 1.58585500717, 2.69263648987, -4.40635061264, 1.01521527767, 1.29898321629]
    var: [0.000681305828039, 0.000291348958854, 0.00102673552465, 0.0144723253325, 0.000174268483534, 0.000469888444059]

SpecPeakAmp:
    dmean: [0.000145696161781, 0.000132277767989, 0.000144824240124, 0.0228551998734, 0.000162173135323]
    dmean2: [0.000221823342144, 0.00020146391762, 0.000217157008592, 0.0466903075576, 0.000244858732913]
    dvar: [3.48234522107e-07, 3.06252445625e-07, 3.55281997599e-07, 0.0108191529289, 4.30194290857e-07]
    dvar2: [8.95726657291e-07, 8.05604884135e-07, 9.14353165626e-07, 0.032635692507, 1.10899895844e-06]
    kurt: [37.4609298706, 35.4155502319, 37.4018936157, 40.019443512, 37.7715034485]
    max: [0.00289779575542, 0.00290689314716, 0.00292471377179, 0.499508410692, 0.00318323634565]
    mean: [9.58278396865e-05, 0.000100679360912, 9.4152179372e-05, 0.011195493862, 0.000102595302451]
    median: [2.03374929697e-05, 1.64089706232e-05, 1.6655496438e-05, 1.70126313606e-05, 1.8713541067e-05]
    min: [5.06867536387e-06, 1.74213766968e-06, 2.33651553572e-06, 3.26131726069e-06, 4.4626590352e-06]
    skew: [6.20666313171, 5.98326539993, 6.20024108887, 6.48210668564, 6.23939800262]
    var: [1.84041709872e-07, 1.89491913716e-07, 1.87956132436e-07, 0.00541951414198, 2.21608431161e-07]
