
metadata:
    version:
        essentia: "2.1-beta3"

Flux:
    dmean: 0.0326597057283
    dmean2: 0.0431626923382
    dvar: 0.0116137685254
    dvar2: 0.0223310627043
    kurt: 9.39675712585
    max: 0.640715241432
    mean: 0.0429203249514
    median: 0.000439424358774
    min: 0.000254402286373
    skew: 3.26698112488
    var: 0.0196278616786

Rms:
    dmean: 0.013179814443
    dmean2: 0.00976751744747
    dvar: 0.00219990545884
    dvar2: 0.000994510133751
    kurt: 21.0447731018
    max: 0.462079316378
    mean: 0.445547729731
    median: 0.461766093969
    min: 0.0843979343772
    skew: -4.55211877823
    var: 0.00408857734874

RollOff:
    dmean: 7.34086465836
    dmean2: 7.01081037521
    dvar: 1748.13659668
    dvar2: 1525.20007324
    kurt: 39.1745109558
    max: 3100.78125
    mean: 2806.97094727
    median: 2799.31640625
    min: 2799.31640625
    skew: 6.38621854782
    var: 1981.56872559

SpecCent:
    dmean: 7.61090087891
    dmean2: 8.65623855591
    dvar: 875.608398438
    dvar2: 782.220947266
    kurt: 39.3497810364
    max: 2988.88916016
    mean: 2780.48999023
    median: 2775.74316406
    min: 2772.33789062
    skew: 6.40371084213
    var: 994.872314453

Zcr:
    dmean: 0.00443892041221
    dmean2: 0.00339525798336
    dvar: 0.000240183057031
    dvar2: 0.000160139155923
    kurt: 17.9253425598
    max: 0.126953125
    mean: 0.121202260256
    median: 0.12646484375
    min: 0.00439453125
    skew: -4.24682664871
    var: 0.00046661045053

HarmonicAmpFreq:
    dmean: [0.0729758515954]
    dmean2: [0.0746729671955]
    dvar: [0.228995412588]
    dvar2: [0.234194174409]
    kurt: [39.9724998474]
    max: [2797.74462891]
    mean: [2797.67236328]
    median: [2797.74462891]
    min: [2794.53369141]
    skew: [-6.47668075562]
    var: [0.22402317822]

HarmonicAmpMag:
    dmean: [1.61910465977e-05]
    dmean2: [1.65675828612e-05]
    dvar: [1.12724505286e-08]
    dvar2: [1.15283604885e-08]
    kurt: [40.022731781]
    max: [0.000712406064849]
    mean: [1.58312450367e-05]
    median: [0]
    min: [0]
    skew: [6.48249387741]
    var: [1.10276463516e-08]

MfccCoeff:
    dmean: [37.2370872498, 23.5380249023, 3.50478005409, 10.409526825, 3.60066366196, 2.08807229996, 2.5732216835, 3.71062707901, 2.36675810814, 1.72621738911, 1.98497200012, 1.79850494862, 2.22922539711]
    dmean2: [52.9310264587, 30.8601551056, 5.11472320557, 13.7829580307, 5.20624780655, 2.89217352867, 4.8811788559, 4.58433485031, 2.71102309227, 2.00336933136, 3.60344171524, 3.32333660126, 2.52311706543]
    dvar: [6833.37011719, 71.8833007812, 16.6724529266, 10.750128746, 25.2202568054, 42.1184043884, 0.545631349087, 28.2912044525, 3.37401938438, 26.3578872681, 13.407576561, 6.83807039261, 27.4307308197]
    dvar2: [17138.9589844, 407.559265137, 17.4905014038, 78.1135406494, 36.6132659912, 63.4552268982, 1.04290950298, 37.157459259, 3.35395741463, 30.960313797, 20.5832653046, 13.6103076935, 28.577173233]
    kurt: [24.8879737854, -1.0317748785, 25.6666698456, -0.286987304688, 8.98624992371, 12.3331775665, 6.37857437134, 12.728966713, 14.0421028137, 16.0212306976, 11.1391515732, 10.6208581924, 16.2592449188]
    max: [-648.33996582, 31.0929641724, -66.8834075928, 67.785987854, 59.2706489563, -26.4722251892, -1.92631149292, 66.5643920898, 1.38452148438, -6.81337738037, 36.9994621277, 28.4503116608, -1.91584777832]
    mean: [-1019.4855957, -7.13888216019, -99.1103515625, 54.6555404663, 49.9574317932, -65.083190918, -10.2265233994, 58.0666999817, -16.4991016388, -43.9432640076, 34.7438011169, 25.6176223755, -43.241558075]
    median: [-1028.99316406, -5.38457107544, -100.398605347, 54.0205307007, 50.5494270325, -67.0436096191, -9.91751098633, 59.546005249, -17.2352905273, -45.6860275269, 35.7893333435, 26.4203739166, -45.2963523865]
    min: [-1053.27368164, -34.3117637634, -104.286102295, 33.060459137, 22.2171020508, -72.2440185547, -14.0479888916, 19.944726944, -19.2280883789, -49.7534790039, 13.8265342712, 11.5954017639, -46.0883598328]
    skew: [4.931620121, -0.0296600107104, 4.73317575455, 0.102421596646, -2.99027705193, 3.68044161797, 1.71389806271, -3.57339429855, 3.44121837616, 4.05631732941, -3.54205656052, -3.356590271, 4.08900785446]
    var: [3969.36621094, 294.736816406, 28.9655818939, 66.5440750122, 43.7599716187, 71.0390090942, 3.49224996567, 63.2309036255, 11.9931726456, 51.5449371338, 24.0942897797, 9.79443264008, 63.0989646912]

SpecContrastCoeff:
    dmean: [0.0316100157797, 0.0161271691322, 0.0150374285877, 0.0179043933749, 0.0279422085732, 0.0216334238648]
    dmean2: [0.0573437325656, 0.0292094554752, 0.0246785469353, 0.0273356270045, 0.0244019981474, 0.0382167249918]
    dvar: [0.00117103860248, 0.000244853523327, 0.0001373164705, 0.000131610562676, 0.00404612254351, 0.000251078687143]
    dvar2: [0.00296800630167, 0.000508908124175, 0.000247379706707, 0.000322932784911, 0.00268478621729, 0.000586265465245]
    kurt: [3.6086397171, 2.57128286362, 6.93206977844, 3.68186759949, 20.113527298, -0.674318790436]
    max: [-0.859962105751, -0.927916884422, -0.909069180489, -0.87004327774, -0.216692864895, -0.892654001713]
    mean: [-0.965219795704, -0.986677885056, -0.980092287064, -0.935455977917, -0.262124538422, -0.925664186478]
    median: [-0.977900445461, -0.995299220085, -0.987510144711, -0.941849350929, -0.241027966142, -0.933974087238]
    min: [-0.990047812462, -0.996963262558, -0.991085410118, -0.952169120312, -0.794585764408, -0.939394772053]
    skew: [2.08284926414, 1.77349841595, 2.3270804882, 1.82138562202, -4.4467048645, 1.04241061211]
    var: [0.000904723478016, 0.000255507446127, 0.000245914357947, 0.000338000274496, 0.00908222887665, 0.000283894798486]

SpecPeakAmp:
    dmean: [7.54157008487e-05, 7.48938691686e-05, 7.37589361961e-05, 7.31040126993e-05, 6.12019284745e-05]
    dmean2: [0.000110011242214, 0.000109214532131, 0.000107419771666, 0.000107075000415, 9.50058820308e-05]
    dvar: [3.51273605759e-08, 3.44424613274e-08, 3.33795000529e-08, 3.31986136359e-08, 2.27023821964e-08]
    dvar2: [9.00311576402e-08, 8.86087931917e-08, 8.63009788077e-08, 8.68183178682e-08, 5.55767236676e-08]
    kurt: [30.1923370361, 30.2722816467, 30.1018257141, 29.9101638794, 16.9622898102]
    max: [0.000961677462328, 0.000956306757871, 0.000953717564698, 0.000982495257631, 0.00100978359114]
    mean: [7.82739225542e-05, 6.92323374096e-05, 7.01118115103e-05, 7.25567952031e-05, 8.60082654981e-05]
    median: [5.72546014155e-05, 4.69443330076e-05, 4.71317871416e-05, 4.7266457841e-05, 4.83883268316e-05]
    min: [9.64408354776e-06, 2.25447456614e-06, 4.17689307142e-06, 6.88296859153e-06, 8.10929395811e-06]
    skew: [5.45407390594, 5.46342229843, 5.44442462921, 5.41127967834, 4.17989253998]
    var: [2.03060857018e-08, 2.04497521139e-08, 2.03447356739e-08, 2.16211191173e-08, 3.14420809389e-08]
