
metadata:
    version:
        essentia: "2.1-beta3"

Flux:
    dmean: 0.0173127055168
    dmean2: 0
    dvar: 0
    dvar2: 0
    kurt: -2
    max: 0.387453496456
    mean: 0.378797143698
    median: 0.378797143698
    min: 0.370140790939
    skew: 0
    var: 7.49324462959e-05

Rms:
    dmean: 0
    dmean2: 0
    dvar: 0
    dvar2: 0
    kurt: 0
    max: 0.133074179292
    mean: 0.133074179292
    median: 0.133074179292
    min: 0.133074179292
    skew: 0
    var: 0

RollOff:
    dmean: 882.861328125
    dmean2: 0
    dvar: 0
    dvar2: 0
    kurt: -2
    max: 2627.05078125
    mean: 2185.62011719
    median: 2185.62011719
    min: 1744.18945312
    skew: 0
    var: 194861.03125

SpecCent:
    dmean: 10.0395507812
    dmean2: 0
    dvar: 0
    dvar2: 0
    kurt: -2
    max: 2213.85546875
    mean: 2208.83569336
    median: 2208.83569336
    min: 2203.81591797
    skew: 0
    var: 25.1981449127

Zcr:
    dmean: 0.00048828125
    dmean2: 0
    dvar: 0
    dvar2: 0
    kurt: -2
    max: 0.017578125
    mean: 0.017333984375
    median: 0.017333984375
    min: 0.01708984375
    skew: 0
    var: 5.96046447754e-08

HarmonicAmpFreq:
    dmean: [0]
    dmean2: [0]
    dvar: [0]
    dvar2: [0]
    kurt: [nan]
    max: [2352.82348633]
    mean: [2352.82348633]
    median: [2352.82348633]
    min: [2352.82348633]
    skew: [nan]
    var: [0]

HarmonicAmpMag:
    dmean: [0]
    dmean2: [0]
    dvar: [0]
    dvar2: [0]
    kurt: [nan]
    max: [0]
    mean: [0]
    median: [0]
    min: [0]
    skew: [nan]
    var: [0]

MfccCoeff:
    dmean: [300.245605469, 111.066238403, 40.0712509155, 67.2958526611, 18.6029529572, 4.69053077698, 7.01106262207, 9.30131340027, 2.84412765503, 1.61029624939, 0.606353759766, 3.33458900452, 1.4083366394]
    dmean2: [0, 0, 0, 0, 0, 0, 0, 0, 0, 0, 0, 0, 0]
    dvar: [0, 0, 0, 0, 0, 0, 0, 0, 0, 0, 0, 0, 0]
    dvar2: [0, 0, 0, 0, 0, 0, 0, 0, 0, 0, 0, 0, 0]
    kurt: [-1.99999988079, -2, -2, -2, -2, -2, -2, -1.99999988079, -2, -2, -2, -2, -2]
    max: [-569.707946777, 177.638000488, -87.7253265381, -7.51460838318, 28.8768177032, -2.770154953, -13.0036087036, 11.9169368744, 6.10572814941, -4.22246551514, -0.510478973389, 5.72710609436, -0.175361633301]
    mean: [-719.830749512, 122.104881287, -107.760955811, -41.1625366211, 19.575340271, -5.11542034149, -16.5091400146, 7.26628017426, 4.6836643219, -5.02761363983, -0.813655853271, 4.0598115921, -0.879529953003]
    median: [-719.830749512, 122.104881287, -107.760955811, -41.1625366211, 19.575340271, -5.11542034149, -16.5091400146, 7.26628017426, 4.6836643219, -5.02761363983, -0.813655853271, 4.0598115921, -0.879529953003]
    min: [-869.953552246, 66.571762085, -127.796577454, -74.8104629517, 10.2738647461, -7.46068572998, -20.0146713257, 2.61562347412, 3.26160049438, -5.83276176453, -1.11683273315, 2.39251708984, -1.58369827271]
    skew: [0, 0, 5.76746458592e-07, 0, 2.65455923909e-07, 0, 0, 0, 0, 0, 0, 0, 0]
    var: [22536.8554688, 3083.92724609, 401.426300049, 1132.1829834, 86.5174636841, 5.50026988983, 12.2887496948, 21.6286067963, 2.02226543427, 0.648263514042, 0.0919162184, 2.77987098694, 0.495853036642]

SpecContrastCoeff:
    dmean: [0.0255678296089, 0.0776029229164, 0.129701495171, 0.0680443644524, 0.169791996479, 0.0422322750092]
    dmean2: [0, 0, 0, 0, 0, 0]
    dvar: [0, 0, 0, 0, 0, 0]
    dvar2: [0, 0, 0, 0, 0, 0]
    kurt: [-2, -2, -2, -2, -2, -1.99999988079]
    max: [-0.904294490814, -0.800661563873, -0.854542553425, -0.839503765106, -0.538069307804, -0.885303676128]
    mean: [-0.917078375816, -0.839462995529, -0.91939330101, -0.873525977135, -0.622965335846, -0.906419813633]
    median: [-0.917078375816, -0.839462995529, -0.91939330101, -0.873525977135, -0.622965335846, -0.906419813633]
    min: [-0.929862320423, -0.87826448679, -0.984244048595, -0.907548129559, -0.707861304283, -0.927535951138]
    skew: [-6.96511824572e-06, -2.30418663705e-06, 0, 2.63280367108e-06, 1.04643243048e-06, 0]
    var: [0.000163428485394, 0.00150555337314, 0.00420561945066, 0.00115750893019, 0.00720733031631, 0.000445891259005]

SpecPeakAmp:
    dmean: [0.0032945596613, 0.000282163964584, 0.000589152798057, 0.00103610986844, 0.00208264193498]
    dmean2: [0, 0, 0, 0, 0]
    dvar: [0, 0, 0, 0, 0]
    dvar2: [0, 0, 0, 0, 0]
    kurt: [-2, -1.99999988079, -1.99999988079, -2, -2]
    max: [0.00368491956033, 0.00386116909795, 0.0042519136332, 0.00491186277941, 0.00597665412351]
    mean: [0.00203763972968, 0.00372008699924, 0.00395733723417, 0.00439380761236, 0.00493533303961]
    median: [0.00203763972968, 0.00372008699924, 0.00395733723417, 0.00439380761236, 0.00493533303961]
    min: [0.000390359899029, 0.00357900513336, 0.00366276083514, 0.00387575291097, 0.00389401218854]
    skew: [0, 2.47101638706e-06, 0, 1.34749313929e-06, 2.94969851211e-07]
    var: [2.71353087555e-06, 1.99041245708e-08, 8.6775251873e-08, 2.68380915713e-07, 1.08434937829e-06]
