
metadata:
    version:
        essentia: "2.1-beta3"

Flux:
    dmean: 6.40840335109e-06
    dmean2: 9.52229402174e-06
    dvar: 5.41440059454e-10
    dvar2: 1.18217968748e-09
    kurt: 14.3963050842
    max: 0.000125942096929
    mean: 7.3561809586e-06
    median: 1.18423918138e-06
    min: 1.93044201069e-07
    skew: 3.89939665794
    var: 5.62271507132e-10

Rms:
    dmean: 2.44255670623e-06
    dmean2: 2.83678468804e-06
    dvar: 3.83327744546e-11
    dvar2: 2.6526373112e-11
    kurt: 19.2219104767
    max: 0.000102770303783
    mean: 9.94968868326e-05
    median: 0.000101014942629
    min: 5.91326133872e-05
    skew: -4.43317079544
    var: 5.58315720045e-11

RollOff:
    dmean: 0.500772178173
    dmean2: 0.5126953125
    dvar: 10.5324554443
    dvar2: 10.7771167755
    kurt: 39.023223877
    max: 215.33203125
    mean: 194.288223267
    median: 193.798828125
    min: 193.798828125
    skew: 6.40493679047
    var: 10.2986516953

SpecCent:
    dmean: 9.36920547485
    dmean2: 14.0607128143
    dvar: 139.102905273
    dvar2: 138.772003174
    kurt: 22.6572189331
    max: 511.269348145
    mean: 429.855773926
    median: 428.071594238
    min: 417.761383057
    skew: 4.43291473389
    var: 198.396774292

Zcr:
    dmean: 0.000454215129139
    dmean2: 0.000709170359187
    dvar: 7.25184520434e-07
    dvar2: 6.83493226461e-07
    kurt: 15.7440681458
    max: 0.00830078125
    mean: 0.0079456679523
    median: 0.00830078125
    min: 0.00341796875
    skew: -4.03751659393
    var: 8.38405469494e-07

HarmonicAmpFreq:
    dmean: [0.0907624736428]
    dmean2: [0.105808079243]
    dvar: [0.116722650826]
    dvar2: [0.120634920895]
    kurt: [25.6074752808]
    max: [180.642120361]
    mean: [178.643630981]
    median: [178.617889404]
    min: [177.5884552]
    skew: [3.87195777893]
    var: [0.116866439581]

HarmonicAmpMag:
    dmean: [3.63182766705e-06]
    dmean2: [3.71665305465e-06]
    dvar: [2.78009143484e-10]
    dvar2: [2.75227340918e-10]
    kurt: [24.0780315399]
    max: [0.000136745977215]
    mean: [0.000133116816869]
    median: [0.000136642323923]
    min: [3.627660044e-05]
    skew: [-4.96607017517]
    var: [2.80960366084e-10]

MfccCoeff:
    dmean: [0.144957080483, 0.19960270822, 0.18376621604, 0.158397585154, 0.124975867569, 0.0854399949312, 0.0421170964837, 0.00293855881318, 0.0464461557567, 0.0866021439433, 0.121177315712, 0.148425966501, 0.167097941041]
    dmean2: [0.148199170828, 0.204060867429, 0.187875658274, 0.161944434047, 0.127773836255, 0.0873638316989, 0.043075196445, 0.00317945936695, 0.0475987009704, 0.0886341258883, 0.123959317803, 0.15179733932, 0.170863375068]
    dvar: [0.538864552975, 1.02170753479, 0.865566968918, 0.642474710941, 0.399280667305, 0.185954377055, 0.0445676408708, 0.000273456942523, 0.0563385263085, 0.194355502725, 0.379213035107, 0.567625105381, 0.718027114868]
    dvar2: [0.547235786915, 1.03755629063, 0.878923296928, 0.652294993401, 0.405273020267, 0.188636645675, 0.0451307743788, 0.000288990879199, 0.0573873221874, 0.197701096535, 0.385524481535, 0.576860189438, 0.729483127594]
    kurt: [31.6741943359, 31.6579322815, 31.6391563416, 31.6023674011, 31.5348701477, 31.3941993713, 30.9554481506, 38.776599884, 32.4483337402, 32.0906982422, 31.9446563721, 31.8496627808, 31.7699012756]
    max: [-1133.7331543, 6.45350265503, 5.93923950195, 5.11598587036, 4.03144836426, 2.74915313721, 1.34262466431, -5.34057617188e-05, -4.57763671875e-05, -2.28881835938e-05, -2.67028808594e-05, -3.0517578125e-05, -3.81469726562e-05]
    mean: [-1133.87585449, 6.25651836395, 5.75790119171, 4.95972776413, 3.90820908546, 2.66489434242, 1.30109786987, -0.105445861816, -1.47605240345, -2.73580670357, -3.81816649437, -4.66873598099, -5.24847269058]
    median: [-1133.73510742, 6.45077133179, 5.93673706055, 5.11388015747, 4.02989959717, 2.74811553955, 1.34217453003, -0.107990264893, -1.52098464966, -2.81988525391, -3.93594360352, -4.81304168701, -5.41098022461]
    min: [-1138.42004395, 1.14440917969e-05, -6.103515625e-05, 8.01086425781e-05, -6.103515625e-05, 2.28881835938e-05, -2.67028808594e-05, -0.110023498535, -1.52213287354, -2.82154846191, -3.93801498413, -4.8154296875, -5.41352844238]
    skew: [-5.65821647644, -5.656270504, -5.65449237823, -5.65100860596, -5.64462900162, -5.63133955002, -5.59004545212, 6.37605810165, 5.73148202896, 5.6973528862, 5.68346452713, 5.67444372177, 5.66687583923]
    var: [0.53086322546, 1.00655567646, 0.852788209915, 0.633081614971, 0.393545925617, 0.183383226395, 0.0440299771726, 0.000259077700321, 0.0553343892097, 0.191152617335, 0.373173981905, 0.558790624142, 0.707069993019]

SpecContrastCoeff:
    dmean: [0.0220025107265, 0.0283528976142, 0.0136460978538, 0.0117714432999, 0.0111944843084, 0.00737893162295]
    dmean2: [0.0257992856205, 0.0493942052126, 0.0197645761073, 0.0153811322525, 0.0126082785428, 0.0104569867253]
    dvar: [0.00242930231616, 0.000352696399204, 0.00023412295559, 0.00031878912705, 0.000439060648205, 0.000132075787405]
    dvar2: [0.00178044626955, 0.000917711702641, 0.000364624662325, 0.00040548533434, 0.000463015458081, 0.000176225745236]
    kurt: [13.969625473, -0.577949762344, 7.36586475372, 15.7462425232, 13.1687545776, 14.0760879517]
    max: [-0.535080909729, -0.853902518749, -0.861710190773, -0.845130562782, -0.818272769451, -0.869632124901]
    mean: [-0.565927922726, -0.905295789242, -0.890141427517, -0.868873596191, -0.839731276035, -0.882212102413]
    median: [-0.552169084549, -0.90566432476, -0.889064908028, -0.86602640152, -0.836438298225, -0.881673157215]
    min: [-0.842666327953, -0.944185912609, -0.968121707439, -0.968599796295, -0.948491215706, -0.942229092121]
    skew: [-3.88876342773, 0.389614880085, -2.17640781403, -3.69009661674, -3.5712249279, -3.58177757263]
    var: [0.00370274088345, 0.000506663112901, 0.000320859602652, 0.000362652615877, 0.000545190239791, 0.000146322403452]

SpecPeakAmp:
    dmean: [2.68179462637e-07, 1.38291443363e-05, 1.26752784126e-05, 1.31661479941e-07, 9.75115028723e-08]
    dmean2: [2.98562753187e-07, 2.38798729697e-05, 2.27479231398e-05, 1.68974850112e-07, 1.1856350568e-07]
    dvar: [7.54919618571e-13, 1.49295886764e-09, 1.55104551425e-09, 1.52126873381e-13, 8.34063043241e-14]
    dvar2: [8.31217961215e-13, 3.35898109327e-09, 3.45287598513e-09, 1.46979393175e-13, 8.1595198805e-14]
    kurt: [36.7023849487, -1.37360298634, -1.19611501694, 26.7190341949, 24.7108516693]
    max: [1.70122257259e-05, 0.000136745977215, 0.000136719972943, 2.62616208602e-06, 1.97669214685e-06]
    mean: [1.66431655089e-05, 9.28054505493e-05, 4.06134167861e-05, 2.57392827052e-07, 2.15460033814e-07]
    median: [1.67562484421e-05, 0.000136616901727, 2.0277200008e-07, 1.83745683557e-07, 1.53981346784e-07]
    min: [1.10864921226e-05, 1.77342144525e-07, 1.52783712792e-07, 7.09286496203e-08, 6.9815655479e-08]
    skew: [-6.12489175797, -0.761272847652, 0.896412491798, 5.17496347427, 4.94962215424]
    var: [7.38797098585e-13, 3.87054432949e-09, 3.86856280343e-09, 1.57594301649e-13, 9.06514446841e-14]
