
metadata:
    version:
        essentia: "2.1-beta3"

Flux:
    dmean: 0.000165726116393
    dmean2: 0.000213995168451
    dvar: 2.85110928644e-07
    dvar2: 5.53892675725e-07
    kurt: 9.85010910034
    max: 0.00315478537232
    mean: 0.000215311243664
    median: 1.11856370495e-05
    min: 5.59195314054e-06
    skew: 3.32558512688
    var: 4.63791451466e-07

Rms:
    dmean: 7.87139942986e-05
    dmean2: 7.53025451559e-05
    dvar: 4.61148950137e-08
    dvar2: 1.8957523551e-08
    kurt: 20.1673603058
    max: 0.00225687632337
    mean: 0.00216108281165
    median: 0.0022388510406
    min: 0.000474449392641
    skew: -4.46035432816
    var: 9.12959805532e-08

RollOff:
    dmean: 5.87269163132
    dmean2: 5.5084939003
    dvar: 1251.16650391
    dvar2: 1058.76257324
    kurt: 39.4301986694
    max: 452.197265625
    mean: 200.01953125
    median: 193.798828125
    min: 193.798828125
    skew: 6.4159412384
    var: 1455.37902832

SpecCent:
    dmean: 20.4312839508
    dmean2: 19.7857151031
    dvar: 8769.50390625
    dvar2: 5302.16064453
    kurt: 37.0153160095
    max: 946.703979492
    mean: 202.217468262
    median: 181.777114868
    min: 179.046401978
    skew: 6.16337537766
    var: 13067.1074219

Zcr:
    dmean: 0.00056596234208
    dmean2: 0.000783521099947
    dvar: 8.77198033322e-07
    dvar2: 4.78384549751e-07
    kurt: 17.1116085052
    max: 0.00830078125
    mean: 0.00780164916068
    median: 0.00830078125
    min: 0.00048828125
    skew: -4.09824228287
    var: 1.8701434783e-06

HarmonicAmpFreq:
    dmean: [0.0864913240075]
    dmean2: [0.133969321847]
    dvar: [0.0786875411868]
    dvar2: [0.163742035627]
    kurt: [12.5058937073]
    max: [180.209991455]
    mean: [178.704452515]
    median: [178.619354248]
    min: [178.604202271]
    skew: [3.7095477581]
    var: [0.100570134819]

HarmonicAmpMag:
    dmean: [0.000121014585602]
    dmean2: [9.55471841735e-05]
    dvar: [2.03376018248e-07]
    dvar2: [1.39557954526e-07]
    kurt: [15.9120883942]
    max: [0.00306160468608]
    mean: [0.00291532883421]
    median: [0.00306029757485]
    min: [0]
    skew: [-4.09607648849]
    var: [3.28451392306e-07]

MfccCoeff:
    dmean: [2.15389466286, 2.71917796135, 1.90084838867, 0.968142747879, 0.431184589863, 0.295775145292, 0.192551001906, 0.182716712356, 0.26365801692, 0.420902073383, 0.556985914707, 0.663779020309, 0.734694302082]
    dmean2: [3.04811000824, 3.81884050369, 2.59176421165, 1.20612919331, 0.359243005514, 0.300821691751, 0.335140138865, 0.232252791524, 0.236643597484, 0.338376611471, 0.415883123875, 0.453084915876, 0.460397154093]
    dvar: [101.838356018, 163.694580078, 83.1254501343, 25.1639080048, 4.90218305588, 1.70097851753, 0.840252637863, 0.504946172237, 1.35289895535, 3.11464619637, 5.10081624985, 6.7625412941, 8.01491260529]
    dvar2: [228.204040527, 360.859680176, 171.289291382, 41.2548027039, 2.97937440872, 1.7233530283, 1.8549195528, 0.934436559677, 0.968938708305, 1.64542198181, 2.34825801849, 3.11903882027, 4.39824581146]
    kurt: [23.9479751587, 22.3610706329, 19.4922161102, 30.2545776367, 36.6943092346, 20.6588859558, 16.5737133026, 11.9562358856, 30.0610237122, 30.1971702576, 28.6786212921, 26.112745285, 23.6916599274]
    max: [-1080.37902832, 74.4567337036, 55.1738624573, 32.5957221985, 18.9334259033, 12.9856262207, 6.62819290161, 0.283760070801, -4.57763671875e-05, -2.28881835938e-05, -2.67028808594e-05, -3.0517578125e-05, -3.81469726562e-05]
    mean: [-1116.32531738, 30.255273819, 27.4125328064, 23.0541496277, 17.5909538269, 11.4022340775, 4.80845165253, -1.88283371925, -8.32990550995, -14.1598958969, -19.0226325989, -22.649848938, -24.8811435699]
    median: [-1116.65673828, 29.9178581238, 27.3904457092, 23.3523597717, 18.0516204834, 11.8133087158, 5.01601028442, -1.93181610107, -8.61933898926, -14.6595916748, -19.7143306732, -23.5147857666, -25.8777732849]
    min: [-1138.42004395, 1.14440917969e-05, -6.103515625e-05, 8.01086425781e-05, -6.103515625e-05, 2.28881835938e-05, -0.912532806396, -3.87321472168, -8.61973571777, -14.6600952148, -19.7149410248, -23.5154571533, -25.8784141541]
    skew: [3.17211127281, 2.5540869236, 0.089930780232, -4.8601231575, -6.12675333023, -4.65180683136, -4.11493730545, 1.39220285416, 5.45992279053, 5.45133399963, 5.30599403381, 5.06633329391, 4.84434270859]
    var: [39.6654243469, 63.8669471741, 33.8339309692, 13.9394006729, 7.32533502579, 4.33029174805, 1.35486352444, 0.273367762566, 1.80895841122, 5.20514440536, 9.63962554932, 14.352517128, 18.2887859344]

SpecContrastCoeff:
    dmean: [0.0308663789183, 0.0118234744295, 0.0120070306584, 0.0159436259419, 0.00563102820888, 0.00498715601861]
    dmean2: [0.0366745889187, 0.0227358452976, 0.0222637522966, 0.0267719533294, 0.00994223635644, 0.00777173740789]
    dvar: [0.00374163477682, 0.000232656631852, 9.703093383e-05, 7.07875587977e-05, 4.29950887337e-05, 2.88714581984e-05]
    dvar2: [0.00257404660806, 0.000442171585746, 0.000227304029977, 0.000273160607321, 8.93949036254e-05, 4.37226735812e-05]
    kurt: [16.1793766022, 8.55349159241, 1.44933223724, -0.837224245071, 8.04255199432, 12.2441930771]
    max: [-0.390750080347, -0.876275539398, -0.931417703629, -0.922851264477, -0.919106841087, -0.915619373322]
    mean: [-0.442485809326, -0.955538034439, -0.958773374557, -0.944909930229, -0.930510282516, -0.925411224365]
    median: [-0.420324981213, -0.963457107544, -0.961735069752, -0.944523692131, -0.92891985178, -0.923690736294]
    min: [-0.985501527786, -0.968054056168, -0.987118422985, -0.969306230545, -0.964970767498, -0.968163192272]
    skew: [-3.99925684929, 2.94869542122, 0.81238001585, 0.0221846662462, -2.61281299591, -3.41164302826]
    var: [0.0106412665918, 0.000388491142076, 0.000111852568807, 0.000134473288199, 6.96493953001e-05, 8.81908053998e-05]

SpecPeakAmp:
    dmean: [8.63135574036e-05, 0.00109295092989, 0.000975729722995, 2.59525995716e-06, 2.21035747927e-06]
    dmean2: [0.000131291657453, 0.00218094908632, 0.00199456349947, 4.05890841648e-06, 3.51750645677e-06]
    dvar: [1.46596008221e-07, 2.09282802643e-06, 2.02370915758e-06, 4.00707904358e-11, 2.93156506015e-11]
    dvar2: [3.76414106995e-07, 3.16025739266e-06, 3.41554527949e-06, 9.79782990851e-11, 7.27071458595e-11]
    kurt: [40.0081062317, -1.28039050102, -0.585626602173, 30.4254341125, 34.3827590942]
    max: [0.0018504698528, 0.00306160468608, 0.00306149641983, 3.21537081618e-05, 2.79301912087e-05]
    mean: [5.74067234993e-05, 0.00212747743353, 0.000751553627197, 3.20625667882e-06, 2.81071470454e-06]
    median: [1.69449613168e-05, 0.00305931083858, 3.14487215292e-06, 2.34139019994e-06, 2.05857190849e-06]
    min: [5.5468044593e-06, 1.03277818653e-06, 6.04356330314e-07, 4.31011329738e-07, 3.32915760737e-07]
    skew: [6.48076105118, -0.836482644081, 1.18922412395, 5.47075080872, 5.85025072098]
    var: [7.30823330741e-08, 1.93484584088e-06, 1.72574391399e-06, 2.17128710844e-11, 1.53963699429e-11]
