
metadata:
    version:
        essentia: "2.1-beta3"

Flux:
    dmean: 0.00375091144815
    dmean2: 0.00495410198346
    dvar: 0.000143165540067
    dvar2: 0.000280653650407
    kurt: 9.67128753662
    max: 0.0699656009674
    mean: 0.00478621385992
    median: 0.000218807545025
    min: 1.35093605422e-05
    skew: 3.30512261391
    var: 0.0002327945258

Rms:
    dmean: 0.00177793379407
    dmean2: 0.00170350214466
    dvar: 2.3704043997e-05
    dvar2: 9.52735263127e-06
    kurt: 20.4369850159
    max: 0.0505160950124
    mean: 0.0483679361641
    median: 0.05010933429
    min: 0.0100611625239
    skew: -4.4867978096
    var: 4.67596946692e-05

RollOff:
    dmean: 4.89390993118
    dmean2: 5.0077214241
    dvar: 1029.86523438
    dvar2: 1053.24560547
    kurt: 40.0227241516
    max: 409.130859375
    mean: 198.583984375
    median: 193.798828125
    min: 193.798828125
    skew: 6.48249387741
    var: 1007.49975586

SpecCent:
    dmean: 3.42012381554
    dmean2: 5.87467718124
    dvar: 5.93621015549
    dvar2: 9.9599609375
    kurt: 13.6556510925
    max: 196.840545654
    mean: 180.157608032
    median: 179.455474854
    min: 176.824645996
    skew: 3.02947187424
    var: 10.2432985306

Zcr:
    dmean: 0.00056596234208
    dmean2: 0.000794876425061
    dvar: 9.53058417963e-07
    dvar2: 6.2125536715e-07
    kurt: 17.2334403992
    max: 0.00830078125
    mean: 0.00779079878703
    median: 0.00830078125
    min: 0
    skew: -4.11492347717
    var: 2.10820894608e-06

HarmonicAmpFreq:
    dmean: [0.106176204979]
    dmean2: [0.143528789282]
    dvar: [0.134416118264]
    dvar2: [0.270666658878]
    kurt: [13.5990543365]
    max: [179.688949585]
    mean: [178.636932373]
    median: [178.617782593]
    min: [177.505935669]
    skew: [0.0720592066646]
    var: [0.0643548816442]

HarmonicAmpMag:
    dmean: [0.00271351658739]
    dmean2: [0.00212972611189]
    dvar: [0.000101789257315]
    dvar2: [6.99992087903e-05]
    kurt: [15.7572822571]
    max: [0.0685475841165]
    mean: [0.0652561187744]
    median: [0.0685206204653]
    min: [0]
    skew: [-4.07885122299]
    var: [0.000165580131579]

MfccCoeff:
    dmean: [10.0734777451, 10.6864309311, 3.79145789146, 2.85518050194, 5.39300775528, 6.87084197998, 7.15172290802, 6.4801402092, 5.27178144455, 3.71549081802, 2.30660462379, 1.44598650932, 1.92257165909]
    dmean2: [14.882434845, 15.5779066086, 4.96535205841, 4.32907152176, 8.771484375, 11.4858160019, 12.2867250443, 11.5797748566, 9.17340373993, 6.07794380188, 3.42472553253, 1.75113868713, 2.32013320923]
    dvar: [848.955444336, 878.247314453, 111.906028748, 13.3106355667, 10.6780223846, 12.5835971832, 13.361281395, 10.8003282547, 6.2946805954, 6.51212120056, 12.7214698792, 20.9376392365, 26.1944084167]
    dvar2: [2009.5402832, 2009.94055176, 192.181365967, 5.93577098846, 17.561920166, 38.1372795105, 46.7024650574, 32.4885025024, 19.7504959106, 13.3414182663, 17.0066146851, 23.5749740601, 26.6418914795]
    kurt: [27.4531459808, 21.9603061676, 13.3220005035, 21.4953804016, 10.9406375885, 1.75693464279, -1.18930494785, -1.55065977573, -1.08688807487, 8.44041538239, 15.5043010712, 15.8990383148, 14.8345603943]
    max: [-960.617553711, 192.369018555, 93.8463745117, 64.5813446045, 47.8682746887, 33.4903869629, 20.3649482727, 6.89085578918, -2.94900512695, -3.06793212891, -2.20267105103, -0.906593322754, 0.310409545898]
    mean: [-1083.30334473, 74.2259140015, 65.0995635986, 53.6916656494, 40.9831581116, 27.2742805481, 13.6210241318, 0.83977586031, -10.7525081635, -20.7601852417, -28.9040870667, -35.1186447144, -39.2686538696]
    median: [-1086.50097656, 71.3018875122, 64.8869934082, 55.3770294189, 43.3301124573, 29.6497192383, 14.6037635803, 0.947875976562, -10.3444061279, -21.3065414429, -30.2080135345, -36.8029747009, -41.43201828]
    min: [-1118.82531738, 26.4823112488, 23.0179443359, 17.9349708557, 12.103302002, 6.45490264893, 1.78534317017, -4.53695678711, -17.9344177246, -27.9927597046, -34.5600509644, -37.8904075623, -42.0532646179]
    skew: [4.96955633163, 4.13778972626, -1.13786566257, -4.23781108856, -2.83001279831, -1.20503163338, -0.287370324135, 0.0242167320102, 0.0453824475408, 2.40920495987, 3.92562437057, 4.07496833801, 3.94582653046]
    var: [409.997833252, 427.242675781, 75.7409210205, 39.2256774902, 34.2177848816, 33.7782974243, 27.4503154755, 17.5884513855, 12.5859146118, 15.1119098663, 27.4106941223, 44.5086517334, 61.6727142334]

SpecContrastCoeff:
    dmean: [0.0471360571682, 0.0122683551162, 0.0074456539005, 0.00418990431353, 0.00485895993188, 0.00820105429739]
    dmean2: [0.0661417022347, 0.022625695914, 0.0135219106451, 0.00781357940286, 0.00938836764544, 0.01613192074]
    dvar: [0.00776944030076, 0.000720817944966, 0.0001238288678, 5.14282401127e-05, 0.000104017119156, 0.000134469490149]
    dvar2: [0.00681692222133, 0.00172285805456, 0.000300514220726, 0.000137760580401, 0.000298765458865, 0.000362253806088]
    kurt: [15.9283351898, 8.77822208405, 8.621509552, 9.01988601685, 15.2524166107, 8.89657783508]
    max: [-0.177377000451, -0.827872276306, -0.921832561493, -0.939552664757, -0.921956717968, -0.918105483055]
    mean: [-0.253894120455, -0.945831716061, -0.961293637753, -0.964392244816, -0.961290240288, -0.958358943462]
    median: [-0.228210151196, -0.955958366394, -0.964654743671, -0.966549694538, -0.963612914085, -0.961655497551]
    min: [-0.981230735779, -0.957394838333, -0.97330981493, -0.96740758419, -0.964979708195, -0.963405787945]
    skew: [-3.99364757538, 3.1818459034, 2.78339600563, 3.07033061981, 3.89506602287, 3.02746319771]
    var: [0.0194719359279, 0.000852923607454, 7.36408983357e-05, 3.43994543073e-05, 5.87867070863e-05, 8.14085069578e-05]

SpecPeakAmp:
    dmean: [0.00191421725322, 0.00271312682889, 4.24738100264e-05, 2.1038509658e-05, 1.64243210747e-05]
    dmean2: [0.00294219190255, 0.00435280567035, 5.92366523051e-05, 2.99223520415e-05, 2.45452374656e-05]
    dvar: [7.20637544873e-05, 0.000152549691848, 9.9406776144e-09, 1.85804616137e-09, 8.68995375658e-10]
    dvar2: [0.000185253404197, 0.000250261364272, 8.39175662293e-09, 2.17309326089e-09, 1.38547739947e-09]
    kurt: [39.986492157, 11.1455764771, 36.9131164551, 27.7633876801, 19.4899711609]
    max: [0.0408766642213, 0.0685475841165, 0.000790930527728, 0.000321282568621, 0.000190851220395]
    mean: [0.000994011061266, 0.0643521398306, 6.95753915352e-05, 2.9231328881e-05, 2.35535590036e-05]
    median: [8.05663221399e-05, 0.0685206204653, 5.07321456098e-05, 1.98541711143e-05, 1.7408059648e-05]
    min: [1.05199160316e-05, 1.71489427885e-05, 9.83466634352e-06, 6.93506126481e-06, 5.36972402188e-06]
    skew: [6.47825431824, -3.59057402611, 6.11852884293, 5.17509746552, 4.37412023544]
    var: [3.61658385373e-05, 0.000245613278821, 1.22795036361e-08, 2.30675967217e-09, 9.27471266454e-10]
