
metadata:
    version:
        essentia: "2.1-beta3"

Flux:
    dmean: 0.0337897799909
    dmean2: 0.0445210896432
    dvar: 0.0116208912805
    dvar2: 0.0222175531089
    kurt: 9.53334331512
    max: 0.646123230457
    mean: 0.0440724529326
    median: 0.00207616947591
    min: 3.0878411053e-05
    skew: 3.28326416016
    var: 0.0196502041072

Rms:
    dmean: 0.0162671972066
    dmean2: 0.0156038627028
    dvar: 0.00197822949849
    dvar2: 0.000794192310423
    kurt: 20.5350093842
    max: 0.465424090624
    mean: 0.44577395916
    median: 0.46179163456
    min: 0.0948782414198
    skew: -4.49598264694
    var: 0.00391152827069

RollOff:
    dmean: 4.89390993118
    dmean2: 5.0077214241
    dvar: 1029.86523438
    dvar2: 1053.24560547
    kurt: 40.0227241516
    max: 409.130859375
    mean: 198.583984375
    median: 193.798828125
    min: 193.798828125
    skew: 6.48249387741
    var: 1007.49975586

SpecCent:
    dmean: 4.15467023849
    dmean2: 6.40323638916
    dvar: 49.3772125244
    dvar2: 45.6133575439
    kurt: 34.4518547058
    max: 234.235656738
    mean: 181.144622803
    median: 179.725967407
    min: 176.822219849
    skew: 5.81491565704
    var: 68.6735992432

Zcr:
    dmean: 0.000543767760973
    dmean2: 0.000738099566661
    dvar: 9.66851871453e-07
    dvar2: 6.58391400066e-07
    kurt: 15.9910182953
    max: 0.00830078125
    mean: 0.0078125
    median: 0.00830078125
    min: 0.00048828125
    skew: -3.99101901054
    var: 1.94973426915e-06

HarmonicAmpFreq:
    dmean: [0.110286712646]
    dmean2: [0.146728157997]
    dvar: [0.135717481375]
    dvar2: [0.258828252554]
    kurt: [11.7201681137]
    max: [179.686248779]
    mean: [178.644775391]
    median: [178.618164062]
    min: [177.564300537]
    skew: [0.971059441566]
    var: [0.073020786047]

HarmonicAmpMag:
    dmean: [0.0247813444585]
    dmean2: [0.0194447059184]
    dvar: [0.00847822055221]
    dvar2: [0.00578058417886]
    kurt: [15.9780979156]
    max: [0.631557524204]
    mean: [0.601489722729]
    median: [0.631297707558]
    min: [0]
    skew: [-4.09824848175]
    var: [0.0138615714386]

MfccCoeff:
    dmean: [53.6875457764, 11.7998390198, 28.9741516113, 12.567117691, 8.53710365295, 7.69687652588, 4.80094575882, 5.40378379822, 4.02048301697, 4.10474872589, 3.30135655403, 3.16086602211, 3.20089101791]
    dmean2: [89.1598510742, 21.3202018738, 52.2935066223, 23.3761577606, 15.43272686, 13.422586441, 7.97664690018, 10.148481369, 7.35621595383, 7.52165842056, 5.45496034622, 4.9873752594, 4.56204080582]
    dvar: [3571.91186523, 213.326126099, 231.544921875, 106.429985046, 30.4189510345, 18.2112140656, 8.35541820526, 10.117389679, 5.91416311264, 11.18770504, 14.9171457291, 24.8498821259, 31.156414032]
    dvar2: [7433.84716797, 417.094482422, 612.734741211, 234.606399536, 55.1503639221, 56.6177558899, 29.3053627014, 19.5135860443, 13.3444299698, 19.6398086548, 22.3132152557, 29.5099849701, 31.4618377686]
    kurt: [11.5878324509, 4.21740007401, -1.23018145561, 2.72508907318, 0.895010709763, -0.095712184906, 0.607510089874, -1.23401474953, -0.764125823975, 3.72974681854, 12.2268590927, 14.0807781219, 15.2368106842]
    max: [-707.594787598, 199.364257812, 113.577758789, 81.448348999, 51.0667915344, 31.0233612061, 17.6908760071, 4.73411560059, -6.00796508789, -6.21823883057, -2.6111946106, 1.3235244751, 4.77921295166]
    mean: [-974.175231934, 161.267486572, 80.1239395142, 53.3422851562, 37.9256439209, 23.2488002777, 11.0600576401, -0.716972887516, -11.0929069519, -20.9878616333, -29.027463913, -35.3308372498, -39.5757255554]
    median: [-981.331298828, 164.199157715, 78.1240844727, 50.3286209106, 41.6763343811, 24.0468597412, 12.5022468567, 1.01194000244, -10.7004699707, -20.5870895386, -29.4398555756, -36.2898368835, -41.0104179382]
    min: [-1033.82666016, 118.45426178, 47.3771400452, 17.1902809143, 13.7141571045, 5.44344329834, -2.05704879761, -7.00978088379, -17.1566543579, -27.2534103394, -33.9018478394, -40.7597465515, -44.8482170105]
    skew: [3.11284255981, -0.722310185432, 0.276443183422, 0.398169398308, -0.90068012476, -0.547833383083, -0.764926970005, -0.453214138746, -0.349725872278, 1.41860938072, 3.36825203896, 3.73211503029, 3.90705800056]
    var: [3119.10302734, 139.916152954, 372.9090271, 117.7554245, 54.0754241943, 33.9053077698, 16.6346817017, 13.1727685928, 8.0719203949, 16.4815425873, 29.6248474121, 53.2370986938, 74.3254318237]

SpecContrastCoeff:
    dmean: [0.0397449284792, 0.0159228816628, 0.00820596609265, 0.00411663250998, 0.00341686606407, 0.0043220911175]
    dmean2: [0.0413850694895, 0.0287502035499, 0.0151021676138, 0.00755381025374, 0.00611080834642, 0.00818746350706]
    dvar: [0.0105889923871, 0.00135482987389, 0.000166003766935, 4.852695929e-05, 2.66139522864e-05, 0.000112527704914]
    dvar2: [0.00523313833401, 0.00345759117045, 0.000412164285081, 0.000127926236019, 6.86921484885e-05, 0.0003285802959]
    kurt: [22.85105896, 11.3045158386, 10.642993927, 7.83523464203, 8.55344581604, 30.8462257385]
    max: [-0.0216762479395, -0.758640766144, -0.902157902718, -0.928787171841, -0.932824492455, -0.904789745808]
    mean: [-0.0861512795091, -0.931447267532, -0.951592564583, -0.956462085247, -0.955424427986, -0.955025136471]
    median: [-0.0548693910241, -0.944162070751, -0.955964565277, -0.958680391312, -0.956586003304, -0.956950247288]
    min: [-0.974310517311, -0.94522601366, -0.957263052464, -0.959909498692, -0.959149479866, -0.959024906158]
    skew: [-4.71568536758, 3.44553470612, 3.13040685654, 2.85579395294, 2.99776339531, 5.45198154449]
    var: [0.0235648583621, 0.00135386944748, 0.000103959144326, 4.18970375904e-05, 2.73764289886e-05, 6.47316774121e-05]

SpecPeakAmp:
    dmean: [0.103583246469, 0.110743910074, 0.000334858632414, 0.000191744227777, 0.00015514549159]
    dmean2: [0.20293559134, 0.215836510062, 0.000474337575724, 0.000262565445155, 0.000214972940739]
    dvar: [0.0499212108552, 0.0553938709199, 3.13389875828e-07, 2.10140129298e-07, 1.36127596306e-07]
    dvar2: [0.141693562269, 0.142686739564, 2.81121543821e-07, 2.60729166257e-07, 1.82252918535e-07]
    kurt: [7.61196994781, 2.96933317184, 30.5988006592, 27.0524559021, 25.5676116943]
    max: [0.631068050861, 0.631557524204, 0.00470469286665, 0.0032148885075, 0.00247134198435]
    mean: [0.0512108691037, 0.551098763943, 0.000555049919058, 0.000211152844713, 0.000170346436789]
    median: [0.000745695317164, 0.631297707558, 0.000433743553003, 0.000104809216282, 8.15662424429e-05]
    min: [1.7582295186e-05, 0.000165278630448, 9.52139816945e-05, 2.07772936847e-05, 1.95377451746e-05]
    skew: [3.06036448479, -2.21214032173, 5.39409255981, 5.15218830109, 5.01891851425]
    var: [0.0271045491099, 0.0422168262303, 4.43473652467e-07, 2.48166145411e-07, 1.50290617285e-07]
