
metadata:
    version:
        essentia: "2.1-beta3"

Flux:
    dmean: 0.0252929031849
    dmean2: 0
    dvar: 0
    dvar2: 0
    kurt: -2
    max: 0.38122689724
    mean: 0.368580460548
    median: 0.368580460548
    min: 0.355933994055
    skew: -3.59736168321e-06
    var: 0.000159932737006

Rms:
    dmean: 0
    dmean2: 0
    dvar: 0
    dvar2: 0
    kurt: 0
    max: 0.131247580051
    mean: 0.131247580051
    median: 0.131247580051
    min: 0.131247580051
    skew: 0
    var: 0

RollOff:
    dmean: 43.06640625
    dmean2: 0
    dvar: 0
    dvar2: 0
    kurt: -2
    max: 344.53125
    mean: 322.998046875
    median: 322.998046875
    min: 301.46484375
    skew: 0
    var: 463.678833008

SpecCent:
    dmean: 551.751953125
    dmean2: 0
    dvar: 0
    dvar2: 0
    kurt: -2
    max: 789.35534668
    mean: 513.479370117
    median: 513.479370117
    min: 237.603393555
    skew: 0
    var: 76107.5546875

Zcr:
    dmean: 0.00048828125
    dmean2: 0
    dvar: 0
    dvar2: 0
    kurt: -2
    max: 0.00390625
    mean: 0.003662109375
    median: 0.003662109375
    min: 0.00341796875
    skew: 0
    var: 5.96046447754e-08

HarmonicAmpFreq:
    dmean: [23.5669708252]
    dmean2: [0]
    dvar: [0]
    dvar2: [0]
    kurt: [-2]
    max: [274.72668457]
    mean: [262.943206787]
    median: [262.943206787]
    min: [251.159713745]
    skew: [-1.97712734007e-06]
    var: [138.850524902]

HarmonicAmpMag:
    dmean: [0.140949994326]
    dmean2: [0]
    dvar: [0]
    dvar2: [0]
    kurt: [-2]
    max: [0.153260067105]
    mean: [0.0827850699425]
    median: [0.0827850699425]
    min: [0.0123100727797]
    skew: [0]
    var: [0.00496672512963]

MfccCoeff:
    dmean: [427.435913086, 22.9184875488, 45.000164032, 0.0912971496582, 3.2431678772, 20.106798172, 24.7395057678, 23.7283630371, 18.1745586395, 13.3241710663, 5.0106420517, 0.857864379883, 2.62669658661]
    dmean2: [0, 0, 0, 0, 0, 0, 0, 0, 0, 0, 0, 0, 0]
    dvar: [0, 0, 0, 0, 0, 0, 0, 0, 0, 0, 0, 0, 0]
    dvar2: [0, 0, 0, 0, 0, 0, 0, 0, 0, 0, 0, 0, 0]
    kurt: [-2, -2, -2, -2, -2, -1.99999988079, -2, -2, -2, -2, -2, -2, -2]
    max: [-563.251464844, 159.106323242, 70.3901672363, 20.3971633911, 2.5058631897, -1.18301963806, -9.10502243042, -10.9380722046, -14.3652744293, -14.0728855133, -14.4763936996, -12.4816055298, -8.42820358276]
    mean: [-776.969421387, 147.647079468, 47.890083313, 20.3515148163, 0.884279251099, -11.2364187241, -21.4747753143, -22.8022537231, -23.4525527954, -20.7349700928, -16.9817142487, -12.9105377197, -9.74155235291]
    median: [-776.969421387, 147.647079468, 47.890083313, 20.3515148163, 0.884279251099, -11.2364187241, -21.4747753143, -22.8022537231, -23.4525527954, -20.7349700928, -16.9817142487, -12.9105377197, -9.74155235291]
    min: [-990.68737793, 136.187835693, 25.3900032043, 20.3058662415, -0.7373046875, -21.2898178101, -33.8445281982, -34.6664352417, -32.5398330688, -27.3970565796, -19.4870357513, -13.3394699097, -11.0549001694]
    skew: [0, 0, 3.00065295278e-07, 0, 0, 0, 0, 0, -2.84673120632e-07, -4.64442479142e-07, -5.45823809261e-07, 0, 1.10506960027e-06]
    var: [45675.3632812, 131.31427002, 506.253692627, 0.00208379235119, 2.62953448296, 101.070831299, 153.010787964, 140.758804321, 82.5786437988, 44.3833847046, 6.27663326263, 0.183982819319, 1.72488379478]

SpecContrastCoeff:
    dmean: [0.103877454996, 0.11616820097, 0.0275971889496, 0.0237941145897, 0.0292044878006, 0.0259292125702]
    dmean2: [0, 0, 0, 0, 0, 0]
    dvar: [0, 0, 0, 0, 0, 0]
    dvar2: [0, 0, 0, 0, 0, 0]
    kurt: [-1.99999988079, -1.99999988079, -2, -2, -2, -2]
    max: [-0.427375048399, -0.626627087593, -0.889097929001, -0.927896499634, -0.927526056767, -0.933244228363]
    mean: [-0.479313790798, -0.68471121788, -0.902896523476, -0.939793586731, -0.942128300667, -0.946208834648]
    median: [-0.479313790798, -0.68471121788, -0.902896523476, -0.939793586731, -0.942128300667, -0.946208834648]
    min: [-0.531252503395, -0.742795288563, -0.91669511795, -0.951690614223, -0.956730544567, -0.959173440933]
    skew: [8.30876103919e-07, 1.52230700223e-06, 0, 7.56152758186e-06, 0, 0]
    var: [0.00269763125107, 0.00337376259267, 0.000190401202417, 0.00014153997472, 0.000213225532207, 0.000168081009178]
