
metadata:
    version:
        essentia: "2.1-beta3"

Flux:
    dmean: 6.61404919811e-06
    dmean2: 9.8400096249e-06
    dvar: 5.56069690294e-10
    dvar2: 1.18755516532e-09
    kurt: 13.7728672028
    max: 0.000125431732158
    mean: 7.74567160988e-06
    median: 1.48028482272e-06
    min: 5.8731967556e-07
    skew: 3.843064785
    var: 5.78469550039e-10

Rms:
    dmean: 2.20184119826e-06
    dmean2: 2.48629817179e-06
    dvar: 4.33339371331e-11
    dvar2: 3.26777216397e-11
    kurt: 19.7465076447
    max: 0.000101756981167
    mean: 9.94817528408e-05
    median: 0.00010135229968
    min: 5.81389467698e-05
    skew: -4.51575136185
    var: 5.79407737067e-11

RollOff:
    dmean: 1.00154435635
    dmean2: 1.025390625
    dvar: 20.5633563995
    dvar2: 21.0285148621
    kurt: 17.0475826263
    max: 387.59765625
    mean: 367.043243408
    median: 366.064453125
    min: 366.064453125
    skew: 4.36435222626
    var: 20.118303299

SpecCent:
    dmean: 6.86586904526
    dmean2: 10.6434555054
    dvar: 41.9101371765
    dvar2: 43.8199806213
    kurt: 12.2096424103
    max: 663.87677002
    mean: 619.479125977
    median: 617.679321289
    min: 612.005432129
    skew: 3.25705909729
    var: 81.9514389038

Zcr:
    dmean: 0.000658611941617
    dmean2: 0.000918433768675
    dvar: 2.38289703702e-06
    dvar2: 1.955059588e-06
    kurt: 16.5155887604
    max: 0.0166015625
    mean: 0.0159135293216
    median: 0.01611328125
    min: 0.0078125
    skew: -4.23571825027
    var: 2.8319593639e-06

HarmonicAmpFreq:
    dmean: [0.559264421463]
    dmean2: [1.08898341656]
    dvar: [0.394773185253]
    dvar2: [0.611092269421]
    kurt: [-1.22299671173]
    max: [360.475250244]
    mean: [360.050170898]
    median: [360.45513916]
    min: [358.825927734]
    skew: [-0.834908485413]
    var: [0.35923281312]

HarmonicAmpMag:
    dmean: [5.85358648095e-05]
    dmean2: [0.000115500515676]
    dvar: [4.41121450478e-09]
    dvar2: [7.32975102835e-09]
    kurt: [-1.19131720066]
    max: [0.000137494324008]
    mean: [9.62681369856e-05]
    median: [0.000137388749863]
    min: [0]
    skew: [-0.869560003281]
    var: [3.76656439371e-09]

MfccCoeff:
    dmean: [0.0916634500027, 0.117711976171, 0.0841838046908, 0.0351846367121, 0.0202792864293, 0.0720150992274, 0.110521182418, 0.128726691008, 0.12328107655, 0.0951866358519, 0.0496054366231, 0.00508916098624, 0.0588499568403]
    dmean2: [0.0939040407538, 0.120581492782, 0.0862375870347, 0.0360419861972, 0.0207733884454, 0.0737715214491, 0.113216944039, 0.131869718432, 0.126288637519, 0.0975078418851, 0.0508159473538, 0.00521341944113, 0.0602858401835]
    dvar: [0.205940887332, 0.339692294598, 0.173724070191, 0.0303471274674, 0.0100792357698, 0.12712906301, 0.299432963133, 0.40618544817, 0.372545212507, 0.222095072269, 0.0603180713952, 0.000634884054307, 0.0848907679319]
    dvar2: [0.208449065685, 0.343826770782, 0.175838202238, 0.030716702342, 0.0102014672011, 0.12867462635, 0.303074926138, 0.411124765873, 0.377073198557, 0.224794790149, 0.0610513240099, 0.000642617815174, 0.0859233886003]
    kurt: [30.043296814, 30.0363960266, 30.0359802246, 30.0361099243, 30.0365600586, 30.0362854004, 30.0362091064, 30.0361557007, 30.0360908508, 30.0361480713, 30.036075592, 30.0364875793, 30.0361099243]
    max: [-1135.55419922, 3.68073654175, 2.63214111328, 1.10023880005, -6.103515625e-05, 2.28881835938e-05, -2.67028808594e-05, -5.34057617188e-05, -4.57763671875e-05, -2.28881835938e-05, -2.67028808594e-05, 0.15909576416, 1.8399810791]
    mean: [-1135.64440918, 3.56466770172, 2.54913878441, 1.06553757191, -0.614102423191, -2.18069672585, -3.34679269791, -3.89802002907, -3.73311376572, -2.88236641884, -1.50213003159, 0.154074415565, 1.78195488453]
    median: [-1135.55541992, 3.67914962769, 2.63101196289, 1.0997505188, -0.633819580078, -2.25072479248, -3.45426559448, -4.02320098877, -3.85299682617, -2.97492980957, -1.5503692627, 0.159023284912, 1.83917999268]
    min: [-1138.42004395, 1.14440917969e-05, -6.103515625e-05, 8.01086425781e-05, -0.634094238281, -2.25170135498, -3.4557762146, -4.02494812012, -3.85467529297, -2.97622680664, -1.55104446411, -3.0517578125e-05, -3.81469726562e-05]
    skew: [-5.5052189827, -5.5042886734, -5.50424575806, -5.50425672531, 5.50429916382, 5.50427436829, 5.50427103043, 5.50426197052, 5.50425672531, 5.50426149368, 5.50425577164, -5.50429391861, -5.50425815582]
    var: [0.203482732177, 0.335646867752, 0.171655699611, 0.0299862138927, 0.009959586896, 0.125616818666, 0.295868992805, 0.401351958513, 0.368113160133, 0.219452604651, 0.0596004091203, 0.000627306231763, 0.0838805735111]

SpecContrastCoeff:
    dmean: [0.0272095482796, 0.0186255797744, 0.0108585748821, 0.0160069111735, 0.00974813848734, 0.0102558275685]
    dmean2: [0.0374988205731, 0.0248496476561, 0.0169705208391, 0.0260009765625, 0.0136650819331, 0.0145498951897]
    dvar: [0.00165846024174, 0.00149619148578, 0.000103826459963, 0.000148441627971, 0.000161628689966, 0.000100785713585]
    dvar2: [0.00167627388146, 0.00139991217293, 0.000168619473698, 0.000244252034463, 0.000132442510221, 0.000119813907077]
    kurt: [15.6337223053, 18.233625412, 4.93238830566, 9.10681819916, 12.7915620804, 7.45993709564]
    max: [-0.64679735899, -0.532948613167, -0.890311956406, -0.852819502354, -0.858686327934, -0.844076454639]
    mean: [-0.692017495632, -0.562929809093, -0.911623239517, -0.883608996868, -0.874977052212, -0.869103372097]
    median: [-0.683480143547, -0.553183078766, -0.910600066185, -0.881962060928, -0.871547818184, -0.867048561573]
    min: [-0.9447478652, -0.800637304783, -0.957622349262, -0.963677823544, -0.954438447952, -0.922232747078]
    skew: [-3.87779307365, -4.26106739044, -1.71467864513, -2.43682551384, -3.44325590134, -2.1799492836]
    var: [0.00245706457645, 0.00196857168339, 0.000162012511282, 0.000293815857731, 0.000268847274128, 0.00017675399431]

SpecPeakAmp:
    dmean: [3.56743953489e-07, 1.90241564724e-06, 6.35383730696e-06, 4.55996123492e-05, 8.30607386888e-05]
    dmean2: [4.55774397778e-07, 1.96963151211e-06, 9.76075079961e-06, 9.24609048525e-05, 0.000170002109371]
    dvar: [1.05542072477e-12, 1.39095346352e-10, 7.9906931072e-10, 4.08413214359e-09, 4.49271020386e-09]
    dvar2: [9.95040855267e-13, 1.42075448628e-10, 2.05835726241e-09, 1.05668185313e-08, 6.98560054246e-09]
    kurt: [16.9834785461, 38.9803924561, 39.0004997253, 1.37674951553, -1.99995601177]
    max: [1.69433460542e-05, 7.88055549492e-05, 0.000135204609251, 0.000137494324008, 0.000137483802973]
    mean: [1.65273449966e-05, 2.31484500546e-06, 3.33753177983e-06, 2.28873741435e-05, 6.8830755481e-05]
    median: [1.67407815752e-05, 4.89849639962e-07, 2.13838120544e-07, 2.02596282861e-07, 6.94709742675e-05]
    min: [1.1419430848e-05, 4.08544593711e-07, 8.36411047089e-08, 1.0320527366e-07, 8.57074553551e-08]
    skew: [-4.33283376694, 6.39987230301, 6.40223121643, 1.82470619678, -3.212894444e-05]
    var: [1.1363791852e-12, 1.36135297479e-10, 4.04503347484e-10, 2.51232012971e-09, 4.70386307683e-09]
