
metadata:
    version:
        essentia: "2.1-beta3"

Flux:
    dmean: 0.000163057033205
    dmean2: 0.000219238572754
    dvar: 2.84258220518e-07
    dvar2: 5.64864137687e-07
    kurt: 9.4727973938
    max: 0.00307853193954
    mean: 0.000214804909774
    median: 1.03297979877e-05
    min: 6.28263842373e-06
    skew: 3.28205180168
    var: 4.59705347566e-07

Rms:
    dmean: 7.2985283623e-05
    dmean2: 6.30712747807e-05
    dvar: 5.22534797653e-08
    dvar2: 2.3137285865e-08
    kurt: 21.0188846588
    max: 0.00224852375686
    mean: 0.00215882901102
    median: 0.00223724846728
    min: 0.000387503911043
    skew: -4.55014467239
    var: 9.84651720159e-08

RollOff:
    dmean: 4.40451860428
    dmean2: 4.00617742538
    dvar: 518.046081543
    dvar2: 393.713195801
    kurt: 37.4943885803
    max: 538.330078125
    mean: 370.849609375
    median: 366.064453125
    min: 366.064453125
    skew: 6.2031416893
    var: 657.164550781

SpecCent:
    dmean: 8.78541564941
    dmean2: 10.6722459793
    dvar: 1186.73352051
    dvar2: 1044.14306641
    kurt: 39.3679885864
    max: 610.872192383
    mean: 366.318481445
    median: 360.585357666
    min: 357.178863525
    skew: 6.4065079689
    var: 1369.71447754

Zcr:
    dmean: 0.00081010296708
    dmean2: 0.000931140966713
    dvar: 3.65152322956e-06
    dvar2: 2.20469405576e-06
    kurt: 18.5823421478
    max: 0.0166015625
    mean: 0.0156032983214
    median: 0.01611328125
    min: 0.00048828125
    skew: -4.28968954086
    var: 7.6289225035e-06

HarmonicAmpFreq:
    dmean: [7.11117506027]
    dmean2: [14.4338235855]
    dvar: [414.694335938]
    dvar2: [1216.33508301]
    kurt: [17.4975814819]
    max: [360.469421387]
    mean: [356.690856934]
    median: [359.368621826]
    min: [287.744537354]
    skew: [-4.41212701797]
    var: [218.776123047]

HarmonicAmpMag:
    dmean: [0.00179729354568]
    dmean2: [0.00352546200156]
    dvar: [2.14742021853e-06]
    dvar2: [4.31871330875e-06]
    kurt: [-1.9400280714]
    max: [0.00307823671028]
    mean: [0.00142515811604]
    median: [2.81371035271e-06]
    min: [0]
    skew: [0.151582479477]
    var: [2.25803273679e-06]

MfccCoeff:
    dmean: [2.00111246109, 2.57005167007, 1.87649416924, 0.971401572227, 0.196910515428, 0.605465292931, 0.906324803829, 1.02661132812, 0.951559960842, 0.706064939499, 0.347658544779, 0.0761769041419, 0.400793761015]
    dmean2: [2.662992239, 3.42133927345, 2.50877356529, 1.33869791031, 0.35393434763, 0.549080073833, 0.827250182629, 0.860939741135, 0.709358215332, 0.457423001528, 0.31141474843, 0.0921490713954, 0.249953866005]
    dvar: [79.9767150879, 131.907455444, 70.1922302246, 18.6518058777, 1.00382506847, 7.89519500732, 17.9542598724, 19.6999206543, 14.4967250824, 7.35761213303, 1.86678349972, 0.1159870103, 2.3379099369]
    dvar2: [161.769683838, 267.029998779, 143.494247437, 40.7189788818, 2.07330083847, 5.82356452942, 13.4957094193, 11.5875558853, 6.77013444901, 3.86404657364, 1.60328936577, 0.185833126307, 1.3733509779]
    kurt: [18.0633182526, 18.0648422241, 18.1110172272, 20.9058513641, 16.281047821, 33.2395820618, 33.4250640869, 31.3621711731, 27.9017715454, 24.0680484772, 20.0953960419, 24.1024646759, 22.7523517609]
    max: [-1084.17016602, 69.6479263306, 50.597202301, 25.2135658264, 0.439529418945, 2.28881835938e-05, -2.67028808594e-05, -5.34057617188e-05, -4.57763671875e-05, -2.28881835938e-05, -2.67028808594e-05, 2.16510009766, 13.833694458]
    mean: [-1110.78869629, 35.4114379883, 25.1703186035, 10.4473781586, -5.79227972031, -20.359046936, -30.5152931213, -34.5215950012, -31.9449672699, -23.6752853394, -11.6670188904, 1.52205300331, 13.2872581482]
    median: [-1110.5958252, 35.6556510925, 25.3179359436, 10.4092597961, -6.11064147949, -21.0176773071, -31.4960403442, -35.7051696777, -33.1266403198, -24.6178665161, -12.1713924408, 1.55577087402, 13.8320159912]
    min: [-1138.42004395, 1.14440917969e-05, -6.103515625e-05, 8.01086425781e-05, -6.11131286621, -21.0300064087, -31.5173721313, -35.7312774658, -33.1531143188, -24.6410140991, -12.1891231537, -3.0517578125e-05, -3.81469726562e-05]
    skew: [-0.292641371489, -0.268165826797, 0.0307216029614, 2.25575757027, 4.222427845, 5.76885986328, 5.78867197037, 5.56929731369, 5.22747182846, 4.87315940857, 4.52942752838, -4.27978420258, -4.74905729294]
    var: [33.8726844788, 55.8168182373, 29.4001026154, 7.43765878677, 1.74351394176, 10.2828416824, 23.040763855, 30.381401062, 27.5508575439, 16.3895626068, 4.48736381531, 0.0678487122059, 5.32892608643]

SpecContrastCoeff:
    dmean: [0.0308163445443, 0.031850580126, 0.0124440873042, 0.0155564220622, 0.00723443226889, 0.00756987929344]
    dmean2: [0.0499708168209, 0.0376362614334, 0.0213312488049, 0.0268716923892, 0.011923619546, 0.01344958134]
    dvar: [0.000519940222148, 0.00344642158598, 9.71867411863e-05, 0.000106428793515, 4.8902376875e-05, 5.122444054e-05]
    dvar2: [0.00120827602223, 0.00211557652801, 0.000242170252022, 0.000248583324719, 8.19154593046e-05, 9.52469199547e-05]
    kurt: [7.18932247162, 19.1670322418, 3.6252951622, -1.12343454361, 6.44436836243, 9.96010303497]
    max: [-0.783043086529, -0.388635069132, -0.907030045986, -0.917663455009, -0.913995325565, -0.914133250713]
    mean: [-0.841769576073, -0.443287789822, -0.952602148056, -0.938586235046, -0.927977979183, -0.926846146584]
    median: [-0.842229664326, -0.424531191587, -0.954715907574, -0.939784705639, -0.925448596478, -0.926554083824]
    min: [-0.99454075098, -0.970480978489, -0.96676337719, -0.964989542961, -0.969495773315, -0.971698522568]
    skew: [-1.8336353302, -4.33820533752, 1.72590458393, -0.0856945365667, -2.43613672256, -2.89297795296]
    var: [0.00117172615137, 0.00917473528534, 0.000149985047756, 0.000148210121552, 0.000107178930193, 0.000101977755548]

SpecPeakAmp:
    dmean: [8.3272534539e-05, 2.48465016739e-06, 0.000139127951115, 0.000142183838761, 0.00169667741284]
    dmean2: [0.000128514264361, 3.83042561225e-06, 0.000213801802602, 0.000289455871098, 0.00345105701126]
    dvar: [1.35781888844e-07, 3.73664987841e-11, 3.95761588834e-07, 4.09739755014e-07, 2.29261149798e-06]
    dvar2: [3.48502453562e-07, 9.34193000734e-11, 1.01701982658e-06, 1.23611130221e-06, 4.81140932607e-06]
    kurt: [40.0137481689, 33.015953064, 40.0179634094, 40.011302948, -1.83173811436]
    max: [0.00178082496859, 3.1796276744e-05, 0.00302972202189, 0.00307777849957, 0.00307823671028]
    mean: [5.55684528081e-05, 3.0225160117e-06, 7.03610567143e-05, 7.17872826499e-05, 0.00125150079839]
    median: [1.61237294378e-05, 2.38577467826e-06, 2.62304092757e-06, 2.61774903265e-06, 3.0937981137e-06]
    min: [3.53448740498e-06, 4.56106050706e-07, 2.53164159858e-07, 1.7470976843e-07, 1.32201876113e-07]
    skew: [6.48142814636, 5.70987081528, 6.48193264008, 6.48114967346, 0.391093820333]
    var: [6.76550300227e-08, 2.0597270417e-11, 1.9905233728e-07, 2.0539050638e-07, 2.23790402742e-06]
