
metadata:
    version:
        essentia: "2.1-beta3"

Flux:
    dmean: 0.00369974132627
    dmean2: 0.00498268194497
    dvar: 0.000142566655995
    dvar2: 0.000282451423118
    kurt: 9.49051856995
    max: 0.0691022947431
    mean: 0.00474055344239
    median: 0.000162432028446
    min: 1.65053097589e-05
    skew: 3.28391551971
    var: 0.000231474637985

Rms:
    dmean: 0.00163086876273
    dmean2: 0.00140998163261
    dvar: 2.61836321442e-05
    dvar2: 1.16344335765e-05
    kurt: 21.0617370605
    max: 0.0503422729671
    mean: 0.0483368709683
    median: 0.0500902011991
    min: 0.00869384780526
    skew: -4.55433607101
    var: 4.92633334943e-05

RollOff:
    dmean: 3.91512775421
    dmean2: 3.50540518761
    dvar: 385.121673584
    dvar2: 278.859344482
    kurt: 36.7647171021
    max: 516.796875
    mean: 370.37109375
    median: 366.064453125
    min: 366.064453125
    skew: 6.12540102005
    var: 506.955566406

SpecCent:
    dmean: 6.43311738968
    dmean2: 8.48851585388
    dvar: 421.480743408
    dvar2: 386.229003906
    kurt: 39.0458831787
    max: 506.800750732
    mean: 362.817047119
    median: 359.430389404
    min: 356.242797852
    skew: 6.36690139771
    var: 476.616973877

Zcr:
    dmean: 0.000799005676527
    dmean2: 0.000919785583392
    dvar: 3.32800709657e-06
    dvar2: 1.90966943592e-06
    kurt: 17.9498062134
    max: 0.0166015625
    mean: 0.0156032983214
    median: 0.01611328125
    min: 0.0009765625
    skew: -4.22764110565
    var: 7.28983832232e-06

HarmonicAmpFreq:
    dmean: [0.0585341006517]
    dmean2: [0.0934256613255]
    dvar: [0.0478860884905]
    dvar2: [0.101237095892]
    kurt: [13.5567436218]
    max: [360.466918945]
    mean: [360.386138916]
    median: [360.457519531]
    min: [359.103759766]
    skew: [-3.84053683281]
    var: [0.0724852457643]

HarmonicAmpMag:
    dmean: [0.00271456711926]
    dmean2: [0.00208966596983]
    dvar: [0.00010238566756]
    dvar2: [7.11986067472e-05]
    kurt: [15.509645462]
    max: [0.0689184814692]
    mean: [0.0655956342816]
    median: [0.0689015761018]
    min: [0]
    skew: [-4.04991483688]
    var: [0.000168658982147]

MfccCoeff:
    dmean: [11.9364480972, 10.346116066, 5.55330228806, 6.21521425247, 7.03098726273, 7.04793262482, 6.20678853989, 4.31170845032, 2.26748108864, 2.74691104889, 2.61191082001, 1.73394322395, 1.62654078007]
    dmean2: [17.6739425659, 15.2506103516, 8.51555728912, 10.3015832901, 11.6445207596, 10.9434633255, 9.14129829407, 6.14799022675, 2.7394785881, 3.87334609032, 3.89331293106, 2.84267401695, 2.27964115143]
    dvar: [1824.30078125, 853.230285645, 18.2593631744, 9.57822799683, 15.0470085144, 18.3883972168, 30.8716106415, 49.7758522034, 49.4607543945, 26.4737491608, 5.64815950394, 0.789670348167, 8.8292016983]
    dvar2: [4472.16113281, 1976.93273926, 18.8277893066, 26.1958427429, 34.0816612244, 34.4918632507, 33.1889152527, 53.6015625, 54.5876502991, 30.0199508667, 7.02356386185, 2.28395390511, 10.3608942032]
    kurt: [34.1278762817, 23.317024231, 12.7706069946, -1.37552082539, 0.187766551971, 11.4421482086, 17.6615943909, 17.6865501404, 17.4665317535, 16.1405029297, 13.5662021637, -0.875980615616, 12.4489908218]
    max: [-893.187316895, 191.542602539, 69.6254577637, 28.9714851379, 7.32234191895, 1.77378082275, -1.79949569702, -3.17148590088, -2.75164794922, -1.34716033936, 0.167713165283, 4.79351043701, 25.7954406738]
    mean: [-1075.57507324, 77.8442077637, 53.6396522522, 23.2306079865, -9.67154979706, -38.0466842651, -57.1967086792, -64.0259094238, -58.4696578979, -42.5902328491, -20.4599494934, 3.19142723083, 23.6958770752]
    median: [-1079.47375488, 75.7421340942, 54.2166481018, 23.5455665588, -9.66734313965, -39.234249115, -59.160118103, -66.810836792, -60.9817733765, -44.5771102905, -21.173330307, 3.28897857666, 24.9574966431]
    min: [-1119.70141602, 24.8166007996, 20.2678222656, 13.946231842, -17.9192314148, -45.1482810974, -64.3713760376, -70.7375335693, -62.8860549927, -45.9827651978, -23.4327602386, -0.136711120605, 1.34197998047]
    skew: [5.720682621, 3.96488428116, -2.49606657028, -0.123457081616, 0.520910382271, 2.90680861473, 4.02452993393, 4.23036146164, 4.25785636902, 4.09066009521, 3.55626320839, -0.299603790045, -3.65584850311]
    var: [815.385925293, 385.533721924, 43.1774902344, 19.0247116089, 28.64427948, 64.4791641235, 105.540016174, 132.2837677, 112.457641602, 65.2822799683, 17.3279476166, 1.65986967087, 22.4690628052]

SpecContrastCoeff:
    dmean: [0.0270721968263, 0.0354192554951, 0.0146094271913, 0.00851415470243, 0.00688628712669, 0.0166232418269]
    dmean2: [0.0473820343614, 0.037669479847, 0.0247108265758, 0.0165096446872, 0.0136595107615, 0.0324088484049]
    dvar: [0.000892570998985, 0.005794942379, 0.000203665389563, 6.73278846079e-05, 7.31379186618e-05, 0.000276817270787]
    dvar2: [0.00165932939854, 0.00244655855931, 0.000452043837868, 0.000141031850944, 0.00018401008856, 0.000633517687675]
    kurt: [9.9515914917, 22.6853675842, 7.76642894745, 1.51900720596, 3.12027215958, 2.39884185791]
    max: [-0.757051587105, -0.221187114716, -0.866386651993, -0.931378662586, -0.935041904449, -0.90409308672]
    mean: [-0.933408677578, -0.267913609743, -0.945173501968, -0.95837777853, -0.959305882454, -0.951726078987]
    median: [-0.946354687214, -0.244377732277, -0.953024327755, -0.963365793228, -0.962738215923, -0.959019899368]
    min: [-0.990826368332, -0.957355558872, -0.956936776638, -0.964082181454, -0.963571608067, -0.963213503361]
    skew: [2.98633360863, -4.69910478592, 2.74133944511, 1.61425709724, 2.04716253281, 1.85593748093]
    var: [0.00150614336599, 0.0142746604979, 0.000341104023391, 7.42097690818e-05, 4.91512582812e-05, 0.000208652782021]

SpecPeakAmp:
    dmean: [0.00184115022421, 3.66461681551e-05, 0.0250405557454, 0.0188221652061, 0.00359251513146]
    dmean2: [0.00283058895729, 5.72810749873e-05, 0.0495948530734, 0.0384891182184, 0.00689736707136]
    dvar: [6.91228487995e-05, 5.79324499483e-09, 0.00109180016443, 0.000939403427765, 0.000210978178075]
    dvar2: [0.000177554655238, 1.46536018875e-08, 0.0024907507468, 0.00248969253153, 0.000623087165877]
    kurt: [40.0218086243, 30.7018890381, -0.214346647263, 2.6536231041, 34.3048858643]
    max: [0.040007725358, 0.000412907276768, 0.068915784359, 0.0689163804054, 0.0689184814692]
    mean: [0.000938672630582, 5.84873996559e-05, 0.0535877980292, 0.00924859847873, 0.00198327656835]
    median: [5.20989451616e-05, 5.16414802405e-05, 0.0688948705792, 4.85290693177e-05, 2.07180964935e-05]
    min: [1.25009264593e-05, 8.61193348101e-06, 4.46891226602e-06, 2.99443991025e-06, 2.25412486543e-06]
    skew: [6.48238563538, 5.38724088669, -1.33621275425, 2.15718388557, 5.89797782898]
    var: [3.46910710505e-05, 3.22959348154e-09, 0.000817483407445, 0.000547720410395, 0.000109575965325]
