
metadata:
    version:
        essentia: "2.1-beta3"

Flux:
    dmean: 0.0134657025337
    dmean2: 0
    dvar: 0
    dvar2: 0
    kurt: -2
    max: 0.29536870122
    mean: 0.288635849953
    median: 0.288635849953
    min: 0.281902998686
    skew: 0
    var: 4.53312859463e-05

Rms:
    dmean: 0
    dmean2: 0
    dvar: 0
    dvar2: 0
    kurt: 0
    max: 0.101509027183
    mean: 0.101509027183
    median: 0.101509027183
    min: 0.101509027183
    skew: 0
    var: 0

RollOff:
    dmean: 495.263671875
    dmean2: 0
    dvar: 0
    dvar2: 0
    kurt: -2
    max: 2433.25195312
    mean: 2185.62011719
    median: 2185.62011719
    min: 1937.98828125
    skew: 0
    var: 61321.5273438

SpecCent:
    dmean: 101.809082031
    dmean2: 0
    dvar: 0
    dvar2: 0
    kurt: -2
    max: 1836.52832031
    mean: 1785.6237793
    median: 1785.6237793
    min: 1734.71923828
    skew: 0
    var: 2591.2722168

Zcr:
    dmean: 0.00048828125
    dmean2: 0
    dvar: 0
    dvar2: 0
    kurt: -2
    max: 0.0234375
    mean: 0.023193359375
    median: 0.023193359375
    min: 0.02294921875
    skew: 0
    var: 5.96046447754e-08

HarmonicAmpFreq:
    dmean: [115.523925781]
    dmean2: [0]
    dvar: [0]
    dvar2: [0]
    kurt: [-2]
    max: [1740.80322266]
    mean: [1683.04125977]
    median: [1683.04125977]
    min: [1625.27929688]
    skew: [0]
    var: [3336.44433594]

HarmonicAmpMag:
    dmean: [0.0662332326174]
    dmean2: [0]
    dvar: [0]
    dvar2: [0]
    kurt: [-2]
    max: [0.0662332326174]
    mean: [0.0331166163087]
    median: [0.0331166163087]
    min: [0]
    skew: [0]
    var: [0.00109671032988]

MfccCoeff:
    dmean: [398.920043945, 43.0568656921, 45.0942382812, 7.07704162598, 57.0779495239, 21.2082862854, 36.9064102173, 20.0419826508, 20.2331771851, 17.5900993347, 5.18208694458, 10.7270298004, 2.01438522339]
    dmean2: [0, 0, 0, 0, 0, 0, 0, 0, 0, 0, 0, 0, 0]
    dvar: [0, 0, 0, 0, 0, 0, 0, 0, 0, 0, 0, 0, 0]
    dvar2: [0, 0, 0, 0, 0, 0, 0, 0, 0, 0, 0, 0, 0]
    kurt: [-2, -2, -2, -2, -2, -2, -2, -2, -2, -2, -2, -2, -2]
    max: [-610.259155273, 69.9829330444, -95.1360015869, -35.5721817017, 82.7274780273, 35.1903877258, -9.06532096863, 0.981376647949, 20.2970695496, 9.91463851929, 0.633834838867, 8.35859680176, -0.607997894287]
    mean: [-809.719177246, 48.454498291, -117.683120728, -39.1107025146, 54.1885032654, 24.5862445831, -27.5185279846, -9.03961467743, 10.180480957, 1.11958885193, -1.95720863342, 2.99508190155, -1.61519050598]
    median: [-809.719177246, 48.454498291, -117.683120728, -39.1107025146, 54.1885032654, 24.5862445831, -27.5185279846, -9.03961467743, 10.180480957, 1.11958885193, -1.95720863342, 2.99508190155, -1.61519050598]
    min: [-1009.17919922, 26.9260673523, -140.230239868, -42.6492233276, 25.6495304108, 13.9821014404, -45.9717330933, -19.0606060028, 0.063892364502, -7.67546081543, -4.54825210571, -2.36843299866, -2.62238311768]
    skew: [0, 2.9361893894e-07, 0, 0, 8.40262472934e-08, 0, 1.55411996161e-07, 0, 0, 0, 0, 0, 0]
    var: [39784.3007812, 463.473419189, 508.372589111, 12.5211296082, 814.473022461, 112.447853088, 340.520812988, 100.420265198, 102.345367432, 77.352897644, 6.71350622177, 28.7672920227, 1.01443696022]

SpecContrastCoeff:
    dmean: [0.00543361902237, 0.0219177603722, 0.0738171935081, 0.0113174915314, 0.252403199673, 0.0257056951523]
    dmean2: [0, 0, 0, 0, 0, 0]
    dvar: [0, 0, 0, 0, 0, 0]
    dvar2: [0, 0, 0, 0, 0, 0]
    kurt: [-2, -2, -2, -2, -1.99999988079, -2]
    max: [-0.987573981285, -0.951918780804, -0.848204016685, -0.759480893612, -0.550561726093, -0.930437982082]
    mean: [-0.990290760994, -0.962877631187, -0.885112643242, -0.765139639378, -0.676763296127, -0.943290829659]
    median: [-0.990290760994, -0.962877631187, -0.885112643242, -0.765139639378, -0.676763296127, -0.943290829659]
    min: [-0.993007600307, -0.973836541176, -0.922021210194, -0.770798385143, -0.802964925766, -0.956143677235]
    skew: [-3.29087561113e-05, -8.11969039205e-06, 2.42394276029e-06, 0, -6.95019195973e-07, 0]
    var: [7.3810538197e-06, 0.000120097058243, 0.00136224448215, 3.20214021485e-05, 0.0159268435091, 0.000165195684531]

SpecPeakAmp:
    dmean: [0.0661985576153, 0.0424191728234, 0.029839431867, 0.0212537888438, 0.0151275005192]
    dmean2: [0, 0, 0, 0, 0]
    dvar: [0, 0, 0, 0, 0]
    dvar2: [0, 0, 0, 0, 0]
    kurt: [-2, -1.99999988079, -2, -2, -2]
    max: [0.0662332326174, 0.0424551479518, 0.029877377674, 0.0212945546955, 0.0151720531285]
    mean: [0.0331339538097, 0.0212455615401, 0.0149576617405, 0.0106676602736, 0.0076083028689]
    median: [0.0331339538097, 0.0212455615401, 0.0149576617405, 0.0106676602736, 0.0076083028689]
    min: [3.46770575561e-05, 3.59761652362e-05, 3.79460179829e-05, 4.07664701925e-05, 4.45530167781e-05]
    skew: [2.00647917836e-07, 1.42986451124e-07, 0, 1.42096169498e-07, 6.56808367694e-08]
    var: [0.00109556212556, 0.000449846498668, 0.00022259792604, 0.000112930880277, 5.72103162995e-05]
