
metadata:
    version:
        essentia: "2.1-beta3"

Flux:
    dmean: 0.0332341790199
    dmean2: 0.0446531139314
    dvar: 0.0115301674232
    dvar2: 0.0222412869334
    kurt: 9.34054374695
    max: 0.638239085674
    mean: 0.0435770452023
    median: 0.00144132203422
    min: 9.24002451939e-05
    skew: 3.26044201851
    var: 0.0195240080357

Rms:
    dmean: 0.0149612454697
    dmean2: 0.0129711823538
    dvar: 0.00221739360131
    dvar2: 0.000993466936052
    kurt: 21.3123607635
    max: 0.463822633028
    mean: 0.445451110601
    median: 0.461475014687
    min: 0.0800097808242
    skew: -4.57864046097
    var: 0.00415747566149

RollOff:
    dmean: 3.42573690414
    dmean2: 3.00463294983
    dvar: 272.794525146
    dvar2: 185.0703125
    kurt: 35.6806869507
    max: 495.263671875
    mean: 369.892578125
    median: 366.064453125
    min: 366.064453125
    skew: 6.01131391525
    var: 376.896484375

SpecCent:
    dmean: 4.75724649429
    dmean2: 6.93051719666
    dvar: 106.765838623
    dvar2: 105.922065735
    kurt: 36.8163223267
    max: 431.48815918
    mean: 361.006134033
    median: 359.550231934
    min: 356.23336792
    skew: 6.09904193878
    var: 117.371276855

Zcr:
    dmean: 0.000799005676527
    dmean2: 0.000919785583392
    dvar: 3.32800709657e-06
    dvar2: 1.89858008071e-06
    kurt: 17.9248485565
    max: 0.0166015625
    mean: 0.0156141491607
    median: 0.01611328125
    min: 0.0009765625
    skew: -4.22461795807
    var: 7.30608780941e-06

HarmonicAmpFreq:
    dmean: [0.0613507367671]
    dmean2: [0.0989493429661]
    dvar: [0.0537338033319]
    dvar2: [0.120888866484]
    kurt: [14.9384975433]
    max: [360.464050293]
    mean: [360.385559082]
    median: [360.457397461]
    min: [359.012207031]
    skew: [-3.98876261711]
    var: [0.0765272453427]

HarmonicAmpMag:
    dmean: [0.024770675227]
    dmean2: [0.0190557613969]
    dvar: [0.00850997492671]
    dvar2: [0.00586282461882]
    kurt: [15.7413043976]
    max: [0.634959816933]
    mean: [0.604639291763]
    median: [0.634833335876]
    min: [0]
    skew: [-4.07020330429]
    var: [0.0141043160111]

MfccCoeff:
    dmean: [41.4150047302, 10.2768497467, 34.3649902344, 14.2467136383, 6.62068605423, 6.5627913475, 5.56143569946, 5.71274900436, 3.27459335327, 3.21302771568, 1.70522654057, 0.608851194382, 1.54822468758]
    dmean2: [65.5388183594, 16.7154483795, 58.1822814941, 24.9106197357, 11.2003526688, 11.9463386536, 8.23177814484, 8.68507862091, 4.34621429443, 4.55469608307, 2.21247625351, 1.00715446472, 1.73214328289]
    dvar: [4633.30419922, 229.812240601, 308.82019043, 66.3332824707, 29.0258808136, 37.9744491577, 36.1944770813, 48.6512565613, 47.7503623962, 27.8940010071, 8.08011245728, 0.583472430706, 11.5286645889]
    dvar2: [10099.4970703, 433.16293335, 756.778869629, 155.453277588, 96.8017120361, 67.7348251343, 51.6947555542, 57.0501556396, 46.6858520508, 20.1826305389, 5.26795196533, 1.25627923012, 8.48252010345]
    kurt: [17.1473045349, 11.2513971329, -1.31050813198, -0.627374410629, 0.353167772293, 6.35612297058, 14.6814289093, 14.6381435394, 17.3979263306, 17.7968845367, 20.9715557098, 7.16959285736, 15.3659744263]
    max: [-678.490844727, 212.130615234, 106.233642578, 37.9674873352, -4.52857971191, -10.7393722534, -8.84886932373, -5.10185241699, 0.206443786621, 5.79309272766, 7.17644882202, 3.54721832275, 24.9949188232]
    mean: [-966.509521484, 168.221679688, 69.5062942505, 17.9442825317, -17.4845275879, -44.8686599731, -59.3591194153, -64.109413147, -57.6656913757, -41.9091835022, -20.3932723999, 2.7545671463, 22.6475505829]
    median: [-969.934143066, 169.286010742, 66.8529968262, 15.6884040833, -16.2869987488, -45.711681366, -60.9629745483, -65.9384918213, -60.1120071411, -43.540184021, -21.3533992767, 2.92636108398, 24.1287384033]
    min: [-1042.3293457, 115.027565002, 33.0235061646, 1.54906082153, -30.9021873474, -57.2531547546, -69.41822052, -74.4297637939, -64.6622695923, -47.9436798096, -24.1081447601, -0.899120330811, -5.22764587402]
    skew: [3.8904902935, -0.91993689537, 0.205046877265, 0.525754153728, -0.662182509899, 2.07259964943, 3.68360948563, 3.76886415482, 4.19567346573, 4.21473121643, 4.50732755661, -2.40171504021, -3.94521784782]
    var: [2905.85131836, 136.132263184, 545.114562988, 99.6928482056, 29.8537063599, 68.1054382324, 98.8027877808, 136.749221802, 119.440254211, 79.4739990234, 23.9729824066, 0.670100390911, 29.0596294403]

SpecContrastCoeff:
    dmean: [0.0462087281048, 0.032618612051, 0.017528437078, 0.00961016118526, 0.00607920251787, 0.0133782327175]
    dmean2: [0.0858413651586, 0.0320521853864, 0.0300323963165, 0.0188872981817, 0.0106777586043, 0.025718588382]
    dvar: [0.00281296786852, 0.0103621343151, 0.000328321271809, 0.000119097363495, 8.03703151178e-05, 0.000404386868468]
    dvar2: [0.00615687016398, 0.00464704306796, 0.000626912282314, 0.000239145811065, 0.000179422509973, 0.0010853628628]
    kurt: [4.89217662811, 29.0476341248, 9.94223403931, 6.5387802124, 8.99590873718, 11.6258611679]
    max: [-0.71556442976, -0.0565520189703, -0.813100337982, -0.89626032114, -0.904343426228, -0.866845071316]
    mean: [-0.931651473045, -0.0966095849872, -0.930883944035, -0.94829416275, -0.951340794563, -0.946240246296]
    median: [-0.953640937805, -0.0683165565133, -0.941081345081, -0.954675972462, -0.955177485943, -0.952916443348]
    min: [-0.987137913704, -0.943022668362, -0.945326149464, -0.955388665199, -0.95625013113, -0.954525947571]
    skew: [2.32790136337, -5.33255624771, 3.09946751595, 2.55211210251, 2.9981675148, 3.25430083275]
    var: [0.00334060657769, 0.0189503133297, 0.000647881708574, 0.00016715588572, 0.000105054612504, 0.000257644511294]

SpecPeakAmp:
    dmean: [0.00141710892785, 0.420528411865, 0.427979379892, 0.087051153183, 0.000315947487252]
    dmean2: [0.00219425046816, 0.851912677288, 0.865314900875, 0.177754685283, 0.000434045534348]
    dvar: [3.04616714857e-05, 0.0854063555598, 0.0861623361707, 0.0473489649594, 5.13011400471e-07]
    dvar2: [7.85201627878e-05, 0.0948817655444, 0.0911346673965, 0.136998906732, 8.20615639441e-07]
    kurt: [39.7103767395, -1.7792994976, -1.98393011093, 10.069685936, 18.1377277374]
    max: [0.0273129623383, 0.634924352169, 0.634959816933, 0.634954452515, 0.00400642864406]
    mean: [0.00105046213139, 0.248384460807, 0.314527213573, 0.0428473688662, 0.000272743520327]
    median: [0.000457870744867, 0.000597051810473, 0.18487071991, 0.000335983786499, 6.81339442963e-05]
    min: [8.34731617942e-05, 7.27419828763e-05, 3.63409017154e-05, 2.4031398425e-05, 1.80432944035e-05]
    skew: [6.44620132446, 0.443885982037, 0.0265294294804, 3.47399187088, 4.31259822845]
    var: [1.57327012857e-05, 0.0935942009091, 0.098600037396, 0.0250431727618, 4.9906464028e-07]
