
metadata:
    version:
        essentia: "2.1-beta3"

Flux:
    dmean: 0.0195541977882
    dmean2: 0
    dvar: 0
    dvar2: 0
    kurt: -2
    max: 0.401635050774
    mean: 0.39185795188
    median: 0.39185795188
    min: 0.382080852985
    skew: 0
    var: 9.55916621024e-05

Rms:
    dmean: 0
    dmean2: 0
    dvar: 0
    dvar2: 0
    kurt: 0
    max: 0.137192830443
    mean: 0.137192830443
    median: 0.137192830443
    min: 0.137192830443
    skew: 0
    var: 0

RollOff:
    dmean: 129.19921875
    dmean2: 0
    dvar: 0
    dvar2: 0
    kurt: -1.99999988079
    max: 645.99609375
    mean: 581.396484375
    median: 581.396484375
    min: 516.796875
    skew: 0
    var: 4173.109375

SpecCent:
    dmean: 301.274353027
    dmean2: 0
    dvar: 0
    dvar2: 0
    kurt: -1.99999988079
    max: 737.264160156
    mean: 586.626953125
    median: 586.626953125
    min: 435.989807129
    skew: 6.21673621026e-07
    var: 22691.5585938

Zcr:
    dmean: 0.00048828125
    dmean2: 0
    dvar: 0
    dvar2: 0
    kurt: -2
    max: 0.0068359375
    mean: 0.006591796875
    median: 0.006591796875
    min: 0.00634765625
    skew: 0
    var: 5.96046447754e-08

HarmonicAmpFreq:
    dmean: [86.7333679199]
    dmean2: [0]
    dvar: [0]
    dvar2: [0]
    kurt: [-2]
    max: [557.579650879]
    mean: [514.21295166]
    median: [514.21295166]
    min: [470.846282959]
    skew: [1.05369292669e-06]
    var: [1880.66931152]

HarmonicAmpMag:
    dmean: [0.12615211308]
    dmean2: [0]
    dvar: [0]
    dvar2: [0]
    kurt: [-2]
    max: [0.136102542281]
    mean: [0.0730264857411]
    median: [0.0730264857411]
    min: [0.00995042920113]
    skew: [0]
    var: [0.003978589084]

MfccCoeff:
    dmean: [413.170532227, 9.98602294922, 19.3348903656, 46.4147949219, 46.1303977966, 33.1856994629, 7.57679176331, 12.805103302, 24.3491649628, 18.6200447083, 9.04183769226, 0.304533004761, 4.89956283569]
    dmean2: [0, 0, 0, 0, 0, 0, 0, 0, 0, 0, 0, 0, 0]
    dvar: [0, 0, 0, 0, 0, 0, 0, 0, 0, 0, 0, 0, 0]
    dvar2: [0, 0, 0, 0, 0, 0, 0, 0, 0, 0, 0, 0, 0]
    kurt: [-2, -2, -2, -2.00000023842, -2, -2, -2, -2, -2, -1.99999988079, -1.99999988079, -2, -2]
    max: [-574.065429688, 157.509155273, 42.9383583069, 6.37334632874, -19.0362586975, -23.7618350983, -26.3174877167, -5.54998779297, 13.9031715393, 18.2007083893, 14.1693077087, 8.44717216492, 7.12665939331]
    mean: [-780.650695801, 152.516143799, 33.2709121704, -16.8340530396, -42.1014556885, -40.3546867371, -30.105884552, -11.952539444, 1.72858905792, 8.89068603516, 9.64838886261, 8.29490566254, 4.67687797546]
    median: [-780.650695801, 152.516143799, 33.2709121704, -16.8340530396, -42.1014556885, -40.3546867371, -30.105884552, -11.952539444, 1.72858905792, 8.89068603516, 9.64838886261, 8.29490566254, 4.67687797546]
    min: [-987.235961914, 147.523132324, 23.6034679413, -40.0414505005, -65.1666564941, -56.9475364685, -33.89427948, -18.355091095, -10.4459934235, -0.41933631897, 5.12747001648, 8.14263916016, 2.22709655762]
    skew: [0, 0, 2.70212126452e-07, 7.81305047326e-08, -2.38753472104e-07, 1.6032392125e-07, 7.36687468361e-07, 0, 0, 0, 0, 0, 0]
    var: [42677.4726562, 24.9301643372, 93.4595031738, 538.583374023, 532.003417969, 275.322692871, 14.3519439697, 40.9926681519, 148.220458984, 86.6765136719, 20.4387073517, 0.0231850873679, 6.00142908096]

SpecContrastCoeff:
    dmean: [0.0948854088783, 0.0828553438187, 0.190842330456, 0.00847321748734, 0.0264147520065, 0.0245370268822]
    dmean2: [0, 0, 0, 0, 0, 0]
    dvar: [0, 0, 0, 0, 0, 0]
    dvar2: [0, 0, 0, 0, 0, 0]
    kurt: [-2, -1.99999988079, -2, -1.99999988079, -2, -2]
    max: [-0.823434591293, -0.631116390228, -0.675324201584, -0.914413571358, -0.927982926369, -0.935044407845]
    mean: [-0.87087726593, -0.672544062138, -0.770745396614, -0.918650150299, -0.941190302372, -0.947312951088]
    median: [-0.87087726593, -0.672544062138, -0.770745396614, -0.918650150299, -0.941190302372, -0.947312951088]
    min: [-0.918320000172, -0.713971734047, -0.86616653204, -0.922886788845, -0.954397678375, -0.959581434727]
    skew: [-1.8737624714e-06, 0, 9.04439957594e-07, -2.10708330997e-05, 0, 7.26467760614e-06]
    var: [0.00225081015378, 0.00171625195071, 0.00910519901663, 1.79488524736e-05, 0.000174434782821, 0.000150516425492]

SpecPeakAmp:
    dmean: [0.135825738311, 0.039884340018, 0.0183804426342, 0.00322194211185, 0.0101322988048]
    dmean2: [0, 0, 0, 0, 0]
    dvar: [0, 0, 0, 0, 0]
    dvar2: [0, 0, 0, 0, 0]
    kurt: [-2, -1.99999988079, -2, -2, -1.99999988079]
    max: [0.136102542281, 0.0402035266161, 0.018807573244, 0.013172371313, 0.0107858777046]
    mean: [0.0681896731257, 0.0202613566071, 0.00961735192686, 0.0115614002571, 0.00571972830221]
    median: [0.0681896731257, 0.0202613566071, 0.00961735192686, 0.0115614002571, 0.00571972830221]
    min: [0.000276810926152, 0.000319188082358, 0.000427131482866, 0.00995042920113, 0.000653578550555]
    skew: [1.3937513188e-07, 1.72018147282e-07, 1.46464486761e-07, 0, -1.6393717317e-07]
    var: [0.0046121571213, 0.000397690106183, 8.44601599965e-05, 2.5952276701e-06, 2.56658713624e-05]
