
metadata:
    version:
        essentia: "2.1-beta3"

Flux:
    dmean: 6.67769199936e-06
    dmean2: 1.00652414403e-05
    dvar: 5.41505673635e-10
    dvar2: 1.16430853847e-09
    kurt: 13.8673667908
    max: 0.00012512865942
    mean: 7.92724040366e-06
    median: 1.73703870132e-06
    min: 8.42480403662e-07
    skew: 3.84928655624
    var: 5.67404845331e-10

Rms:
    dmean: 1.85668511676e-06
    dmean2: 1.86224667686e-06
    dvar: 4.27223395549e-11
    dvar2: 3.11975514866e-11
    kurt: 19.4655456543
    max: 0.000101637364423
    mean: 9.94923757389e-05
    median: 0.000101207217085
    min: 5.8801000705e-05
    skew: -4.49448633194
    var: 5.67902738724e-11

RollOff:
    dmean: 0.500772178173
    dmean2: 0.5126953125
    dvar: 10.5324554443
    dvar2: 10.7771167755
    kurt: 39.023349762
    max: 753.662109375
    mean: 732.618286133
    median: 732.12890625
    min: 732.12890625
    skew: 6.40495061874
    var: 10.2986516953

SpecCent:
    dmean: 6.63764429092
    dmean2: 9.23203659058
    dvar: 81.9753265381
    dvar2: 67.4981842041
    kurt: 12.7146472931
    max: 988.504943848
    mean: 937.965026855
    median: 935.194824219
    min: 928.561340332
    skew: 3.60341334343
    var: 130.924819946

Zcr:
    dmean: 0.00102198403329
    dmean2: 0.00125558034051
    dvar: 1.05327098936e-05
    dvar2: 9.48159686232e-06
    kurt: 17.3469905853
    max: 0.03271484375
    mean: 0.031793769449
    median: 0.03271484375
    min: 0.0146484375
    skew: -4.35522079468
    var: 1.19232681755e-05

HarmonicAmpFreq:
    dmean: [0.0409276224673]
    dmean2: [0.0419020876288]
    dvar: [0.0466406717896]
    dvar2: [0.0477103292942]
    kurt: [33.8448982239]
    max: [719.380981445]
    mean: [719.340881348]
    median: [719.380981445]
    min: [717.986755371]
    skew: [-5.86610651016]
    var: [0.0456178188324]

HarmonicAmpMag:
    dmean: [2.72011516245e-06]
    dmean2: [2.78487959804e-06]
    dvar: [1.73818667792e-10]
    dvar2: [1.77776821042e-10]
    kurt: [26.6191310883]
    max: [8.02994400146e-05]
    mean: [2.65829430646e-06]
    median: [0]
    min: [0]
    skew: [5.19266796112]
    var: [1.70032599112e-10]

MfccCoeff:
    dmean: [0.110186912119, 0.11150200665, 0.00423910468817, 0.105238802731, 0.153907954693, 0.115033529699, 0.0126175992191, 0.0963864028454, 0.148200184107, 0.115750156343, 0.0206861272454, 0.0851649791002, 0.138841673732]
    dmean2: [0.113319031894, 0.114667616785, 0.00441705621779, 0.108317784965, 0.158301949501, 0.118210203946, 0.0131534393877, 0.0993154644966, 0.152431935072, 0.118846714497, 0.0215601231903, 0.0878769978881, 0.142805740237]
    dvar: [0.269268959761, 0.276959866285, 0.000516027561389, 0.242173105478, 0.525342702866, 0.299871742725, 0.00456921150908, 0.198917075992, 0.487095862627, 0.308666884899, 0.0122780296952, 0.151430442929, 0.427525013685]
    dvar2: [0.272165179253, 0.279966503382, 0.000527047784999, 0.244644954801, 0.530971229076, 0.30331620574, 0.0046670017764, 0.200792968273, 0.492313474417, 0.312400221825, 0.0125411748886, 0.152716681361, 0.432104021311]
    kurt: [25.9604225159, 26.1381549835, 36.3957138062, 25.4207401276, 25.9662857056, 26.7900753021, 36.3993873596, 24.5899791718, 25.9662590027, 27.4121837616, 36.3986663818, 23.5712585449, 25.9662628174]
    max: [-1135.25830078, 3.2120475769, 0.149261474609, 8.01086425781e-05, -6.103515625e-05, 2.28881835938e-05, -2.67028808594e-05, 2.67864227295, 4.2525062561, 3.43089294434, 0.728412628174, -3.0517578125e-05, -3.81469726562e-05]
    mean: [-1135.36804199, 3.1011826992, 0.145066007972, -2.87716674805, -4.26330757141, -3.2486641407, -0.43187263608, 2.58243918419, 4.10508155823, 3.31621193886, 0.707875847816, -2.22418498993, -3.84595942497]
    median: [-1135.26196289, 3.20852279663, 0.149063110352, -2.97817611694, -4.41135406494, -3.35961151123, -0.443775177002, 2.67467880249, 4.24763870239, 3.42819976807, 0.727386474609, -2.30539321899, -3.97951507568]
    min: [-1138.42004395, 1.14440917969e-05, -6.103515625e-05, -2.98197555542, -4.41641235352, -3.36284637451, -0.444408416748, -5.34057617188e-05, -4.57763671875e-05, -2.28881835938e-05, -2.67028808594e-05, -2.30939483643, -3.98406982422]
    skew: [-5.13326025009, -5.14947319031, -6.1214966774, 5.0855383873, 5.13411712646, 5.20790624619, 6.12187480927, -5.011967659, -5.13411426544, -5.26399183273, -6.12179756165, 4.92240381241, 5.13411474228]
    var: [0.266554862261, 0.274129837751, 0.000506044540089, 0.239874124527, 0.520062983036, 0.296604186296, 0.00448052538559, 0.19719825685, 0.482201397419, 0.30510649085, 0.0120398849249, 0.15027795732, 0.423229604959]

SpecContrastCoeff:
    dmean: [0.0186530258507, 0.0164067018777, 0.0180610623211, 0.00940098334104, 0.00870684534311, 0.0104180667549]
    dmean2: [0.0287854447961, 0.0256252996624, 0.0259348973632, 0.0152754671872, 0.0121432524174, 0.0140128154308]
    dvar: [0.000993500114419, 0.00028671787004, 0.00133902288508, 8.78119753907e-05, 0.000165828183526, 0.000179578681127]
    dvar2: [0.00106621859595, 0.000607532332651, 0.00118633231614, 0.000122940327856, 0.000212098006159, 0.000218398650759]
    kurt: [17.8072891235, 5.15247535706, 22.0154495239, 10.0726394653, 19.6718196869, 14.0312366486]
    max: [-0.651730179787, -0.863432705402, -0.567513644695, -0.87802696228, -0.866694033146, -0.857457995415]
    mean: [-0.679884254932, -0.933572351933, -0.591929197311, -0.897509157658, -0.881136834621, -0.878310739994]
    median: [-0.673485040665, -0.936564326286, -0.585493564606, -0.896760702133, -0.878565073013, -0.87676179409]
    min: [-0.858074963093, -0.964150547981, -0.816510617733, -0.958797574043, -0.959721446037, -0.956767082214]
    skew: [-4.1892285347, 1.85217154026, -4.65904331207, -2.5057284832, -4.16010522842, -3.41537189484]
    var: [0.00113155762665, 0.000320226536132, 0.00157393992413, 0.000161589647178, 0.000199150206754, 0.000239074142883]

SpecPeakAmp:
    dmean: [2.57574555462e-07, 1.98419434128e-06, 2.36205124793e-07, 2.59800032154e-07, 9.75907937573e-07]
    dmean2: [3.21877507758e-07, 2.1238786303e-06, 3.61198146948e-07, 4.23947881245e-07, 1.0746426824e-06]
    dvar: [6.18922773275e-13, 1.4572211493e-10, 1.50955894378e-13, 1.58211497289e-13, 3.01488035925e-11]
    dvar2: [6.36416809009e-13, 1.48823467438e-10, 1.20638769157e-13, 1.97168602517e-13, 3.09057848757e-11]
    kurt: [20.7303237915, 39.010509491, 25.8286685944, 22.2530345917, 38.7967414856]
    max: [1.68718270288e-05, 8.02994400146e-05, 3.04040167975e-06, 2.77332446785e-06, 3.66655040125e-05]
    mean: [1.65925393958e-05, 1.9866843104e-06, 4.25359758083e-07, 3.83846042951e-07, 1.07024641238e-06]
    median: [1.67544712895e-05, 1.1694491775e-07, 4.39033556177e-07, 2.75781644632e-07, 1.83165184353e-07]
    min: [1.22030442071e-05, 6.04638685786e-08, 1.08923302378e-07, 9.64156541272e-08, 1.00597802088e-07]
    skew: [-4.65487194061, 6.40341711044, 4.81136703491, 4.47335290909, 6.37858963013]
    var: [6.40074365038e-13, 1.42646949808e-10, 1.92550497573e-13, 1.73127625517e-13, 2.95454251342e-11]
