
metadata:
    version:
        essentia: "2.1-beta3"

Flux:
    dmean: 0.00016286598111
    dmean2: 0.000216617147089
    dvar: 2.851657257e-07
    dvar2: 5.64864933494e-07
    kurt: 9.53835391998
    max: 0.00309370923787
    mean: 0.000214049985516
    median: 9.15684631764e-06
    min: 6.64505478198e-06
    skew: 3.28970599174
    var: 4.61244809458e-07

Rms:
    dmean: 6.6934953793e-05
    dmean2: 5.32700905751e-05
    dvar: 5.1243759458e-08
    dvar2: 2.25756302541e-08
    kurt: 20.6576557159
    max: 0.00224259728566
    mean: 0.00215943926014
    median: 0.00223805243149
    min: 0.000414525100496
    skew: -4.51444959641
    var: 9.64710551443e-08

RollOff:
    dmean: 8.80903720856
    dmean2: 8.51312637329
    dvar: 2641.24487305
    dvar2: 2375.31958008
    kurt: 39.4445838928
    max: 1098.19335938
    mean: 741.22064209
    median: 732.12890625
    min: 732.12890625
    skew: 6.41641187668
    var: 2915.79589844

SpecCent:
    dmean: 16.9976329803
    dmean2: 18.3425064087
    dvar: 6799.15332031
    dvar2: 5505.19824219
    kurt: 39.1851997375
    max: 1333.49353027
    mean: 733.954589844
    median: 719.098937988
    min: 716.21697998
    skew: 6.38886594772
    var: 8250.09863281

Zcr:
    dmean: 0.00133167614695
    dmean2: 0.00126044696663
    dvar: 1.5717892893e-05
    dvar2: 1.0548438695e-05
    kurt: 18.1366291046
    max: 0.03271484375
    mean: 0.0311957467347
    median: 0.03271484375
    min: 0.0009765625
    skew: -4.26343822479
    var: 3.09967654175e-05

HarmonicAmpFreq:
    dmean: [0.729489386082]
    dmean2: [0.74755436182]
    dvar: [22.8137435913]
    dvar2: [23.4005565643]
    kurt: [40.0214233398]
    max: [750.767883301]
    mean: [719.475280762]
    median: [718.764953613]
    min: [718.717651367]
    skew: [6.48234367371]
    var: [22.2554950714]

HarmonicAmpMag:
    dmean: [8.13466103864e-05]
    dmean2: [0.000124898375361]
    dvar: [1.38962832352e-07]
    dvar2: [3.56960327963e-07]
    kurt: [40.0223999023]
    max: [0.00179137929808]
    mean: [3.98863776354e-05]
    median: [0]
    min: [0]
    skew: [6.4824552536]
    var: [6.97213451417e-08]

MfccCoeff:
    dmean: [1.63236856461, 1.56938517094, 0.0729141235352, 1.41288948059, 1.64687657356, 0.919427514076, 0.0793224647641, 0.564736485481, 0.745200335979, 0.487037360668, 0.239010199904, 0.560175657272, 0.729661524296]
    dmean2: [2.23287320137, 2.13896775246, 0.10424875468, 1.88830173016, 2.1430170536, 1.15225923061, 0.0904686525464, 0.57960408926, 0.687741935253, 0.434508621693, 0.321328818798, 0.452306181192, 0.465115308762]
    dvar: [55.7432022095, 52.1019935608, 0.0751587152481, 41.1513824463, 58.9092979431, 20.5333271027, 0.128270164132, 8.75151157379, 13.478934288, 6.37008523941, 0.789168775082, 4.41408872604, 7.85619974136]
    dvar2: [118.40473938, 109.566635132, 0.175808086991, 83.5204925537, 111.427894592, 34.8404159546, 0.148767620325, 9.01288127899, 10.5410766602, 4.61818027496, 1.63244640827, 3.40268397331, 4.22122097015]
    kurt: [19.727273941, 19.440196991, 22.5509738922, 18.5847225189, 20.896282196, 27.6269207001, 34.5760231018, 33.6851501465, 35.6873397827, 37.5895118713, 16.6174640656, 18.7234592438, 23.7829666138]
    max: [-1093.9855957, 43.2051811218, 0.957977294922, 8.01086425781e-05, -6.103515625e-05, 2.28881835938e-05, -2.67028808594e-05, 19.1923618317, 27.219203949, 19.4517612457, 4.02360153198, -3.0517578125e-05, -3.81469726562e-05]
    mean: [-1118.16650391, 20.2680912018, 0.135442435741, -19.8259468079, -27.9696025848, -19.8178119659, -0.492722839117, 18.5651454926, 26.4183273315, 18.9140357971, 0.855407774448, -17.0419330597, -24.5174865723]
    median: [-1118.18334961, 20.2739677429, 0.149078369141, -19.9383659363, -28.2667503357, -20.1101303101, -0.443828582764, 19.1120090485, 27.2183036804, 19.4511508942, 0.727474212646, -17.8150787354, -25.4998130798]
    min: [-1138.42004395, 1.14440917969e-05, -1.12451171875, -38.9753494263, -47.9655456543, -29.2122154236, -2.69184494019, -5.34057617188e-05, -4.57763671875e-05, -2.28881835938e-05, -2.67028808594e-05, -17.8157806396, -25.500667572]
    skew: [1.22054243088, 0.85792016983, -2.79878497124, 0.259261578321, 2.23848080635, 4.33122634888, -5.8006978035, -5.8388671875, -6.01650762558, -6.21413755417, 4.21843481064, 4.34373474121, 4.84805774689]
    var: [22.3366756439, 21.0068187714, 0.0508939065039, 17.2562980652, 26.7985019684, 10.8434438705, 0.117793664336, 8.50566101074, 16.7367649078, 8.37160873413, 0.462983161211, 9.77534675598, 17.7003498077]

SpecContrastCoeff:
    dmean: [0.0498904846609, 0.024700967595, 0.0280279628932, 0.015768352896, 0.0109121762216, 0.0070315557532]
    dmean2: [0.0903988033533, 0.0447286143899, 0.0366832949221, 0.0285298321396, 0.0197342820466, 0.0120525099337]
    dvar: [0.00109333265573, 0.000723502831534, 0.00274432240985, 0.000103005608253, 3.52638671757e-05, 4.25933721999e-05]
    dvar2: [0.00262937042862, 0.00168451678474, 0.00184772303328, 0.000333284988301, 0.000115707189252, 8.5664447397e-05]
    kurt: [2.20914936066, 8.50968837738, 19.9087562561, -0.344512224197, 0.872497558594, 7.4943857193]
    max: [-0.746391832829, -0.808802366257, -0.447256505489, -0.912692189217, -0.912269055843, -0.906700670719]
    mean: [-0.819743573666, -0.945271134377, -0.483352959156, -0.938702046871, -0.929623067379, -0.922773420811]
    median: [-0.823000907898, -0.95475935936, -0.466651916504, -0.941395878792, -0.929296076298, -0.922848165035]
    min: [-0.961612284184, -0.970719397068, -0.957391023636, -0.961958408356, -0.957469940186, -0.961528420448]
    skew: [-1.04944825172, 2.95300006866, -4.46029186249, 0.434367805719, -0.61554390192, -2.20017576218]
    var: [0.00192199728917, 0.00101804826409, 0.00735425995663, 0.000129456879222, 7.30340616428e-05, 8.57749400893e-05]

SpecPeakAmp:
    dmean: [1.98264660867e-06, 1.47053617638e-06, 8.20446948637e-05, 2.35295897255e-06, 1.85429610156e-06]
    dmean2: [2.95928998639e-06, 2.47252160079e-06, 0.000126123442897, 3.82179541702e-06, 2.96718076243e-06]
    dvar: [7.67844728772e-12, 1.26845140294e-11, 1.38940720262e-07, 4.97577742897e-11, 3.15080045388e-11]
    dvar2: [9.21642276386e-12, 3.37093027103e-11, 3.56779452204e-07, 1.27480345724e-10, 8.08125857898e-11]
    kurt: [21.4571647644, 35.4345321655, 40.0222320557, 38.8675956726, 37.4947166443]
    max: [1.91459294001e-05, 1.97735480469e-05, 0.00179137929808, 3.56026030204e-05, 2.82523651549e-05]
    mean: [1.63058884937e-05, 1.78390666861e-06, 4.14033020206e-05, 2.30416776503e-06, 2.1829466732e-06]
    median: [1.66226745932e-05, 1.3343297951e-06, 1.64995208252e-06, 1.62699006978e-06, 1.52024767885e-06]
    min: [4.94647338201e-07, 4.45912064606e-07, 7.12906910394e-07, 6.10977451743e-07, 4.52654234095e-07]
    skew: [-4.30095911026, 5.95639467239, 6.48243618011, 6.34730958939, 6.19796228409]
    var: [7.61936173876e-12, 7.78376061522e-12, 6.9600758934e-08, 2.55455032128e-11, 1.59228897428e-11]
