
metadata:
    version:
        essentia: "2.1-beta3"

Flux:
    dmean: 0.00367774092592
    dmean2: 0.00490794191137
    dvar: 0.000142939723446
    dvar2: 0.000283574569039
    kurt: 9.50391674042
    max: 0.0691452696919
    mean: 0.00472871772945
    median: 0.000147066850332
    min: 1.318273371e-05
    skew: 3.28554320335
    var: 0.000231635771343

Rms:
    dmean: 0.00150388665497
    dmean2: 0.00120129424613
    dvar: 2.59286662185e-05
    dvar2: 1.14341573862e-05
    kurt: 20.729265213
    max: 0.050203230232
    mean: 0.0483430325985
    median: 0.0501094833016
    min: 0.00908625591546
    skew: -4.52125453949
    var: 4.87296529172e-05

RollOff:
    dmean: 7.83025550842
    dmean2: 7.51158237457
    dvar: 2025.24182129
    dvar2: 1787.50793457
    kurt: 39.2817726135
    max: 1055.12695312
    mean: 740.26373291
    median: 732.12890625
    min: 732.12890625
    skew: 6.39817047119
    var: 2272.82763672

SpecCent:
    dmean: 15.2927465439
    dmean2: 16.9756793976
    dvar: 5321.765625
    dvar2: 4332.29248047
    kurt: 39.2438392639
    max: 1259.95227051
    mean: 731.625061035
    median: 718.517578125
    min: 715.806030273
    skew: 6.39510440826
    var: 6402.17089844

Zcr:
    dmean: 0.00133167614695
    dmean2: 0.00126044696663
    dvar: 1.5717894712e-05
    dvar2: 1.0548438695e-05
    kurt: 18.1366291046
    max: 0.03271484375
    mean: 0.0311957467347
    median: 0.03271484375
    min: 0.0009765625
    skew: -4.26343822479
    var: 3.09967654175e-05

HarmonicAmpFreq:
    dmean: [0.503171026707]
    dmean2: [0.757432103157]
    dvar: [2.29548621178]
    dvar2: [2.17042088509]
    kurt: [34.9953575134]
    max: [728.578063965]
    mean: [718.189331055]
    median: [717.752197266]
    min: [717.744934082]
    skew: [5.90060806274]
    var: [2.61032533646]

HarmonicAmpMag:
    dmean: [0.0185837075114]
    dmean2: [0.0357927307487]
    dvar: [0.000869180774316]
    dvar2: [0.00219449144788]
    kurt: [0.113995313644]
    max: [0.0681352391839]
    mean: [0.053878724575]
    median: [0.0681251510978]
    min: [0]
    skew: [-1.43681180477]
    var: [0.000742602162063]

MfccCoeff:
    dmean: [15.7149572372, 7.84272146225, 4.86802959442, 3.78075623512, 2.05441045761, 2.87838149071, 4.12446737289, 4.92988872528, 3.5544989109, 1.76021075249, 2.0293815136, 2.63006520271, 2.2197034359]
    dmean2: [23.9165725708, 12.175737381, 8.55319595337, 6.52547502518, 2.65090513229, 4.49483203888, 7.78627920151, 8.63550758362, 5.71280384064, 2.23968696594, 3.72577691078, 4.3732624054, 2.96197414398]
    dvar: [3543.78051758, 345.824645996, 23.9708690643, 15.7566709518, 25.4560546875, 11.9389638901, 4.46455192566, 9.79266357422, 27.8169574738, 19.6685161591, 1.3217394352, 10.1848249435, 28.8114070892]
    dvar2: [8871.19042969, 768.204772949, 50.4583320618, 14.7493438721, 10.8051271439, 9.67765045166, 14.7354335785, 16.7235984802, 33.6654815674, 22.5032672882, 3.21951365471, 11.4270238876, 28.5966854095]
    kurt: [37.1832962036, 16.3754901886, 12.5449609756, 26.0369167328, 27.9875278473, 18.8851203918, -1.54021811485, 13.6240062714, 17.8238010406, 17.62915802, 1.70978307724, 14.5151901245, 15.8714427948]
    max: [-820.483215332, 119.352279663, 21.8503723145, -10.9284172058, -16.2802238464, -12.364112854, -2.60816574097, 39.1145896912, 58.3474845886, 43.4710922241, 8.36611557007, -1.26105499268, -0.628120422363]
    mean: [-1085.06616211, 50.0154876709, 3.18484067917, -41.2654800415, -60.9945640564, -45.6557579041, -6.18158960342, 33.9695854187, 52.1311836243, 39.8934783936, 6.42814588547, -27.7548427582, -43.5548858643]
    median: [-1091.6505127, 47.6986808777, 2.44241333008, -42.4366836548, -62.3219909668, -47.1037254333, -6.04374694824, 34.5847587585, 54.0740318298, 41.6145172119, 6.94635391235, -28.4197502136, -45.5202140808]
    min: [-1123.63525391, 15.2981681824, -20.2170219421, -48.2710647583, -70.9999084473, -51.792552948, -9.71331787109, 4.48089599609, 6.9754524231, 4.56803894043, 0.727626800537, -30.8084373474, -46.4599876404]
    skew: [6.14604330063, 3.36472082138, -1.0918558836, 4.73761177063, 5.06896877289, 4.25576639175, 0.0789880380034, -3.38483643532, -4.25573825836, -4.26586675644, -1.2543027401, 3.81642532349, 4.06416416168]
    var: [1646.78125, 176.476806641, 24.6003036499, 25.5131759644, 53.8909721375, 37.4868850708, 6.38377094269, 33.7690467834, 73.2882461548, 44.9275360107, 2.68933296204, 28.052022934, 69.9672164917]

SpecContrastCoeff:
    dmean: [0.0286099854857, 0.0334973856807, 0.0322426408529, 0.0131757268682, 0.00982908904552, 0.010804287158]
    dmean2: [0.0546315833926, 0.0621557682753, 0.0372760519385, 0.0243200305849, 0.0187947507948, 0.0203303210437]
    dvar: [0.00061376276426, 0.00136821519118, 0.00477164797485, 6.59373981762e-05, 0.000104064463812, 0.000166807949427]
    dvar2: [0.00155643373728, 0.00314454152249, 0.00253438064829, 0.000184938500752, 0.00018523473409, 0.000294212135486]
    kurt: [0.617660522461, 7.64536380768, 22.5623989105, -0.0769455432892, 4.99657535553, 9.38753700256]
    max: [-0.887376487255, -0.768245816231, -0.275313973427, -0.911447763443, -0.911708533764, -0.898169398308]
    mean: [-0.948045492172, -0.934515833855, -0.315188884735, -0.941127538681, -0.953289628029, -0.955706775188]
    median: [-0.960534214973, -0.948260128498, -0.29308155179, -0.945057213306, -0.958182752132, -0.961235582829]
    min: [-0.968320965767, -0.96075284481, -0.943898141384, -0.950938642025, -0.959690213203, -0.963036596775]
    skew: [1.38001358509, 2.86310577393, -4.71695232391, 0.947539925575, 2.15053272247, 2.87842679024]
    var: [0.000532511447091, 0.00182496628258, 0.0119793759659, 0.000103002726974, 9.911385132e-05, 0.000148514664033]

SpecPeakAmp:
    dmean: [4.94081141369e-05, 4.73636646348e-05, 0.0358628109097, 0.0340461693704, 0.0155171686783]
    dmean2: [8.06450334494e-05, 7.36613219487e-05, 0.0724553093314, 0.0696168616414, 0.031733058393]
    dvar: [1.91121305448e-08, 2.28029772842e-08, 0.00110368302558, 0.00115603744052, 0.000813085003756]
    dvar2: [4.92487473025e-08, 5.87041810718e-08, 0.00204913620837, 0.00204506376758, 0.00244377949275]
    kurt: [38.3595542908, 38.5313072205, -1.41500365734, -1.63576996326, 4.12477254868]
    max: [0.00073845917359, 0.000759932445362, 0.0681342259049, 0.0681352391839, 0.068134509027]
    mean: [4.99921479786e-05, 5.09915880684e-05, 0.0221126191318, 0.0242724306881, 0.00761883147061]
    median: [3.44762011082e-05, 3.44870713889e-05, 5.55768092454e-05, 5.8369445469e-05, 4.76808054373e-05]
    min: [1.05478256955e-05, 1.00397337519e-05, 1.16897435873e-05, 8.59023930389e-06, 6.84651377014e-06]
    skew: [6.28615665436, 6.30921030045, 0.746477484703, 0.603477358818, 2.4747941494]
    var: [1.09872786425e-08, 1.16263123573e-08, 0.000990441651084, 0.00106119434349, 0.000457744754385]
