
metadata:
    version:
        essentia: "2.1-beta3"

Flux:
    dmean: 0.0329953543842
    dmean2: 0.0441601648927
    dvar: 0.0116024399176
    dvar2: 0.0225293580443
    kurt: 9.30871677399
    max: 0.63659787178
    mean: 0.0434868037701
    median: 0.00133483717218
    min: 0.000233433529502
    skew: 3.25709080696
    var: 0.0195316635072

Rms:
    dmean: 0.013846565038
    dmean2: 0.0110436258838
    dvar: 0.00221165968105
    dvar2: 0.000982214929536
    kurt: 21.0108242035
    max: 0.462553590536
    mean: 0.445458829403
    median: 0.461718380451
    min: 0.0820738896728
    skew: -4.54845905304
    var: 0.00414239382371

RollOff:
    dmean: 6.36208295822
    dmean2: 6.00926589966
    dvar: 1487.55651855
    dvar2: 1279.44262695
    kurt: 39.5171012878
    max: 1012.06054688
    mean: 738.828125
    median: 732.12890625
    min: 732.12890625
    skew: 6.42548513412
    var: 1706.79602051

SpecCent:
    dmean: 12.8758306503
    dmean2: 14.6534662247
    dvar: 3456.18920898
    dvar2: 2843.38476562
    kurt: 39.3177223206
    max: 1152.48693848
    mean: 728.938598633
    median: 718.437072754
    min: 715.798034668
    skew: 6.40288925171
    var: 4110.98876953

Zcr:
    dmean: 0.00135387072805
    dmean2: 0.00130586849991
    dvar: 1.56691239681e-05
    dvar2: 1.04984119389e-05
    kurt: 18.1411933899
    max: 0.03271484375
    mean: 0.0311848949641
    median: 0.03271484375
    min: 0.0009765625
    skew: -4.26363754272
    var: 3.09689821734e-05

HarmonicAmpFreq:
    dmean: [0.597890675068]
    dmean2: [0.654722690582]
    dvar: [13.2425909042]
    dvar2: [14.2349910736]
    kurt: [39.6727981567]
    max: [718.763366699]
    mean: [717.280151367]
    median: [717.750732422]
    min: [693.942260742]
    skew: [-6.43994379044]
    var: [12.4294233322]

HarmonicAmpMag:
    dmean: [0.0285866502672]
    dmean2: [0.0378704443574]
    dvar: [0.0127393603325]
    dvar2: [0.018736584112]
    kurt: [8.68660163879]
    max: [0.627758085728]
    mean: [0.580091714859]
    median: [0.627688169479]
    min: [0]
    skew: [-3.22390961647]
    var: [0.0254799071699]

MfccCoeff:
    dmean: [33.9271850586, 23.0892047882, 37.4038467407, 7.38141012192, 7.60369920731, 6.30448484421, 2.60789847374, 2.99938821793, 3.38609719276, 2.85364747047, 1.02744209766, 1.65142130852, 2.03461456299]
    dmean2: [53.8101959229, 42.1610984802, 70.4494857788, 13.8685064316, 11.5849151611, 11.7192373276, 4.36161231995, 3.97583794594, 4.82634019852, 3.74298977852, 1.38849210739, 2.73104166985, 2.64680099487]
    dvar: [7380.18408203, 161.367919922, 413.524200439, 55.7060928345, 38.5803184509, 30.2634334564, 3.58499693871, 18.7236862183, 36.8557548523, 20.8280315399, 2.38789224625, 12.1181640625, 26.9085140228]
    dvar2: [17824.0371094, 529.173217773, 1387.6751709, 104.723731995, 69.9078445435, 70.5441589355, 7.90088605881, 19.8729667664, 32.1204299927, 13.4148616791, 2.08383774757, 18.8467998505, 30.274263382]
    kurt: [28.3566665649, -0.814185857773, -1.17016303539, 3.60920906067, 7.02013778687, 5.17389011383, 0.682915687561, 17.9655570984, 18.6357650757, 19.8791313171, 24.834394455, 10.67735672, 14.4217338562]
    max: [-582.682739258, 166.165893555, 34.3503456116, -33.9068832397, -30.5544242859, -23.7308578491, -1.69691085815, 39.9963951111, 56.0452384949, 40.6457366943, 6.54642868042, -7.99273681641, -3.14440917969]
    mean: [-963.141601562, 140.202911377, -0.588398814201, -61.8730354309, -73.0108261108, -48.5849266052, -5.08362483978, 33.4976921082, 50.1618118286, 37.3545341492, 5.09423065186, -27.6522731781, -42.4482688904]
    median: [-971.346679688, 145.387695312, -0.967178344727, -61.3266372681, -73.2264099121, -49.5720176697, -4.37316513062, 34.8786506653, 52.5539588928, 39.1875534058, 5.57804489136, -28.5812187195, -44.4061546326]
    min: [-1013.98077393, 108.095252991, -39.3136787415, -78.9005508423, -87.3654632568, -60.285243988, -11.5028991699, -0.356910705566, -0.782234191895, -3.72216033936, -7.31676292419, -31.4588890076, -46.4418678284]
    skew: [5.26676797867, -0.61785441637, -0.0394138209522, 1.1705789566, 2.06193399429, 1.7743550539, -1.1348618269, -4.03857469559, -4.29229688644, -4.38779067993, -4.72574663162, 3.42362594604, 3.90215158463]
    var: [3888.92114258, 236.563873291, 521.425354004, 70.4564743042, 95.0000686646, 45.9743614197, 6.14646673203, 38.5016288757, 87.4841995239, 54.5002937317, 4.3651061058, 21.6486663818, 62.5649299622]

SpecContrastCoeff:
    dmean: [0.0409962311387, 0.0444855839014, 0.0328389257193, 0.0158749110997, 0.0108220484108, 0.0073809446767]
    dmean2: [0.0767290517688, 0.0804774537683, 0.0344207435846, 0.0298693235964, 0.0211070217192, 0.0138525655493]
    dvar: [0.00160818372387, 0.00272412830964, 0.00851040426642, 0.000118475800264, 0.000119256597827, 0.000133995097713]
    dvar2: [0.0037529214751, 0.00692998385057, 0.00370857538655, 0.000294897181448, 0.000283982430119, 0.00036603648914]
    kurt: [2.6315908432, 7.87418937683, 27.0370426178, 0.936458587646, 1.41303062439, 7.25501060486]
    max: [-0.831902801991, -0.707854092121, -0.100385129452, -0.88657438755, -0.918180346489, -0.913500666618]
    mean: [-0.961047172546, -0.918008685112, -0.139460399747, -0.927243888378, -0.944522023201, -0.952655792236]
    median: [-0.97892165184, -0.937092363834, -0.111296884716, -0.932429432869, -0.94976747036, -0.956053197384]
    min: [-0.986423432827, -0.95267367363, -0.926950216293, -0.938576698303, -0.950652122498, -0.95720666647]
    skew: [1.88808906078, 2.880433321, -5.13658809662, 1.16191267967, 1.65475440025, 2.78298354149]
    var: [0.00144339317922, 0.0027603302151, 0.0170019678771, 0.000146784077515, 9.33666306082e-05, 8.28652773635e-05]

SpecPeakAmp:
    dmean: [0.000569553056266, 0.228585496545, 0.228164091706, 0.0575166121125, 0.0289464574307]
    dmean2: [0.000905825931113, 0.467517733574, 0.446244359016, 0.117493055761, 0.0590383633971]
    dvar: [3.28046394316e-06, 0.0908001214266, 0.0866663977504, 0.0324816852808, 0.0170685946941]
    dvar2: [8.45295380714e-06, 0.257199168205, 0.194534808397, 0.0960831642151, 0.0516637526453]
    kurt: [37.916519165, 0.24985742569, -1.52732467651, 17.5442829132, 40.0137748718]
    max: [0.00929124094546, 0.6277526021, 0.627758085728, 0.627710402012, 0.62769138813]
    mean: [0.000511015939992, 0.126122489572, 0.412869989872, 0.0284148752689, 0.0142327109352]
    median: [0.000306438276311, 0.000528476841282, 0.627648055553, 0.000431784050306, 7.818092854e-05]
    min: [2.72458892141e-05, 0.000147264814586, 8.75785117387e-05, 3.96412688133e-05, 3.24127395288e-05]
    skew: [6.2436413765, 1.49989509583, -0.667999088764, 4.4207482338, 6.48144006729]
    var: [1.79677886081e-06, 0.0628879964352, 0.0864650756121, 0.0167053416371, 0.00855388119817]
