
metadata:
    version:
        essentia: "2.1-beta3"

Flux:
    dmean: 0.0182410180569
    dmean2: 0
    dvar: 0
    dvar2: 0
    kurt: -1.99999988079
    max: 0.382393181324
    mean: 0.373272657394
    median: 0.373272657394
    min: 0.364152163267
    skew: 4.90754473503e-06
    var: 8.31836805446e-05

Rms:
    dmean: 0
    dmean2: 0
    dvar: 0
    dvar2: 0
    kurt: 0
    max: 0.131579354405
    mean: 0.131579354405
    median: 0.131579354405
    min: 0.131579354405
    skew: 0
    var: 0

RollOff:
    dmean: 279.931640625
    dmean2: 0
    dvar: 0
    dvar2: 0
    kurt: -2
    max: 1291.9921875
    mean: 1152.02636719
    median: 1152.02636719
    min: 1012.06054688
    skew: 0
    var: 19590.4316406

SpecCent:
    dmean: 139.505493164
    dmean2: 0
    dvar: 0
    dvar2: 0
    kurt: -2
    max: 1070.33117676
    mean: 1000.57843018
    median: 1000.57843018
    min: 930.825683594
    skew: 0
    var: 4865.44580078

Zcr:
    dmean: 0
    dmean2: 0
    dvar: 0
    dvar2: 0
    kurt: 0
    max: 0.0126953125
    mean: 0.0126953125
    median: 0.0126953125
    min: 0.0126953125
    skew: 0
    var: 0

HarmonicAmpFreq:
    dmean: [27.7292480469]
    dmean2: [0]
    dvar: [0]
    dvar2: [0]
    kurt: [-2]
    max: [931.765991211]
    mean: [917.901367188]
    median: [917.901367188]
    min: [904.036743164]
    skew: [0]
    var: [192.227798462]

HarmonicAmpMag:
    dmean: [0.106596514583]
    dmean2: [0]
    dvar: [0]
    dvar2: [0]
    kurt: [-2]
    max: [0.106596514583]
    mean: [0.0532982572913]
    median: [0.0532982572913]
    min: [0]
    skew: [0]
    var: [0.00284070428461]

MfccCoeff:
    dmean: [402.093566895, 8.23540496826, 27.0426883698, 65.6661224365, 2.78179168701, 44.7902069092, 29.2721576691, 11.7140846252, 23.2526187897, 9.41670799255, 8.92039394379, 9.88541603088, 0.348146438599]
    dmean2: [0, 0, 0, 0, 0, 0, 0, 0, 0, 0, 0, 0, 0]
    dvar: [0, 0, 0, 0, 0, 0, 0, 0, 0, 0, 0, 0, 0]
    dvar2: [0, 0, 0, 0, 0, 0, 0, 0, 0, 0, 0, 0, 0]
    kurt: [-1.99999988079, -2, -2, -2, -2, -1.99999988079, -2, -1.99999988079, -1.99999988079, -2, -2, -2, -1.99999988079]
    max: [-578.106018066, 133.867767334, -22.0078601837, -45.1896286011, -41.6905822754, 35.5909423828, 44.1497116089, 22.0361461639, 8.48598670959, -4.63454627991, -1.0689201355, 5.32651519775, 1.53466796875]
    mean: [-779.152832031, 129.750061035, -35.5292053223, -78.0226898193, -43.0814781189, 13.1958389282, 29.513633728, 16.1791038513, -3.14032268524, -9.34290027618, -5.52911710739, 0.383807182312, 1.36059474945]
    median: [-779.152832031, 129.750061035, -35.5292053223, -78.0226898193, -43.0814781189, 13.1958389282, 29.513633728, 16.1791038513, -3.14032268524, -9.34290027618, -5.52911710739, 0.383807182312, 1.36059474945]
    min: [-980.199584961, 125.632362366, -49.0505485535, -110.855751038, -44.4723739624, -9.19926452637, 14.8775539398, 10.3220615387, -14.7666320801, -14.0512542725, -9.98931407928, -4.55890083313, 1.18652153015]
    skew: [4.307017889e-07, 2.78654010799e-06, 1.9751971081e-07, 0, 0, 0, -1.94673049236e-07, 0, 0, 0, 0, 0, 0]
    var: [40419.8085938, 16.9554748535, 182.826751709, 1078.0098877, 1.93459129333, 501.540649414, 214.214813232, 34.3049430847, 135.171066284, 22.168598175, 19.8933563232, 24.4303627014, 0.0303014852107]

SpecContrastCoeff:
    dmean: [0.00643891096115, 0.0986322164536, 0.00989919900894, 0.239870131016, 0.0109243988991, 0.0245974063873]
    dmean2: [0, 0, 0, 0, 0, 0]
    dvar: [0, 0, 0, 0, 0, 0]
    dvar2: [0, 0, 0, 0, 0, 0]
    kurt: [-1.99999988079, -2, -2, -2, -2, -2]
    max: [-0.964494943619, -0.811827540398, -0.749179244041, -0.574770987034, -0.9202465415, -0.933916628361]
    mean: [-0.967714428902, -0.861143648624, -0.754128813744, -0.694706082344, -0.925708770752, -0.946215331554]
    median: [-0.967714428902, -0.861143648624, -0.754128813744, -0.694706082344, -0.925708770752, -0.946215331554]
    min: [-0.97093385458, -0.910459756851, -0.75907844305, -0.81464111805, -0.931170940399, -0.958514034748]
    skew: [2.77877534245e-05, 0, -1.80480692507e-05, 7.42274039567e-07, 1.63936401805e-05, 0]
    var: [1.03648935692e-05, 0.00243207858875, 2.44985349127e-05, 0.0143844205886, 2.98356226267e-05, 0.000151258107508]

SpecPeakAmp:
    dmean: [0.106463804841, 0.0525601506233, 0.0270658340305, 0.0143469525501, 0.00933302380145]
    dmean2: [0, 0, 0, 0, 0]
    dvar: [0, 0, 0, 0, 0]
    dvar2: [0, 0, 0, 0, 0]
    kurt: [-2, -2, -2, -2, -2]
    max: [0.106596514583, 0.0526974238455, 0.0272152237594, 0.0145187070593, 0.00954010803252]
    mean: [0.0533646121621, 0.0264173485339, 0.0136823067442, 0.00734523078427, 0.0048735961318]
    median: [0.0533646121621, 0.0264173485339, 0.0136823067442, 0.00734523078427, 0.0048735961318]
    min: [0.000132708955789, 0.0001372746774, 0.000149390267325, 0.000171754189068, 0.000207084216527]
    skew: [0, 1.00219075705e-07, 9.17415263757e-08, -1.15492127861e-07, 0]
    var: [0.00283363554627, 0.000690642278641, 0.000183139825822, 5.14587663929e-05, 2.17763335968e-05]
