
metadata:
    version:
        essentia: "2.1-beta3"

Flux:
    dmean: 6.76281797496e-06
    dmean2: 1.02437643363e-05
    dvar: 5.32539290443e-10
    dvar2: 1.13770382004e-09
    kurt: 13.7863311768
    max: 0.000124577942188
    mean: 7.72748535383e-06
    median: 1.58790885507e-06
    min: 6.43771045361e-07
    skew: 3.84035253525
    var: 5.66305224936e-10

Rms:
    dmean: 1.7499706928e-06
    dmean2: 1.65408368957e-06
    dvar: 4.27044025142e-11
    dvar2: 3.22959020638e-11
    kurt: 19.5486888885
    max: 0.000101435827673
    mean: 9.95020673145e-05
    median: 0.000101253812318
    min: 5.89487208345e-05
    skew: -4.50129747391
    var: 5.61859898884e-11

RollOff:
    dmean: 1.00154435635
    dmean2: 1.025390625
    dvar: 20.5633563995
    dvar2: 21.0285148621
    kurt: 17.0443572998
    max: 1464.2578125
    mean: 1443.70422363
    median: 1442.72460938
    min: 1442.72460938
    skew: 4.36379337311
    var: 20.118309021

SpecCent:
    dmean: 4.24671554565
    dmean2: 5.79625034332
    dvar: 15.8492927551
    dvar2: 12.245259285
    kurt: 16.9163532257
    max: 1584.10412598
    mean: 1548.04174805
    median: 1546.91296387
    min: 1542.36535645
    skew: 3.69640874863
    var: 44.549823761

Zcr:
    dmean: 0.00172601744998
    dmean2: 0.00192987348419
    dvar: 4.27861705248e-05
    dvar2: 3.95996503357e-05
    kurt: 17.4084129333
    max: 0.0654296875
    mean: 0.0636541172862
    median: 0.06494140625
    min: 0.0302734375
    skew: -4.38185882568
    var: 4.6015738917e-05

HarmonicAmpFreq:
    dmean: [0]
    dmean2: [0]
    dvar: [0]
    dvar2: [0]
    kurt: [-2]
    max: [1437.49121094]
    mean: [1437.49194336]
    median: [1437.49121094]
    min: [1437.49121094]
    skew: [-1]
    var: [5.36441802979e-07]

HarmonicAmpMag:
    dmean: [0]
    dmean2: [0]
    dvar: [0]
    dvar2: [0]
    kurt: [nan]
    max: [0]
    mean: [0]
    median: [0]
    min: [0]
    skew: [nan]
    var: [0]

MfccCoeff:
    dmean: [0.0690662488341, 0.0328894332051, 0.0754206478596, 0.0835216417909, 0.0189567394555, 0.0958081632853, 0.0455577746034, 0.0644194111228, 0.0884177610278, 0.00430155918002, 0.0902504175901, 0.0564789883792, 0.0509423539042]
    dmean2: [0.071044921875, 0.0338258296251, 0.0776123777032, 0.085906252265, 0.0195592250675, 0.0985735952854, 0.0467849001288, 0.0663372203708, 0.0909000560641, 0.00454602902755, 0.0928537249565, 0.0579557865858, 0.0525118522346]
    dvar: [0.101670928299, 0.0232994668186, 0.120501220226, 0.149827972054, 0.00712195644155, 0.195594832301, 0.0463539995253, 0.0863793045282, 0.169892787933, 0.000285706337309, 0.173555642366, 0.0727793723345, 0.0526531115174]
    dvar2: [0.102006435394, 0.0234114620835, 0.120793402195, 0.150492072105, 0.00706879142672, 0.19623683393, 0.0468196645379, 0.0863663181663, 0.170932739973, 0.000276706297882, 0.174125283957, 0.0737288817763, 0.0524454005063]
    kurt: [24.955198288, 25.2899169922, 24.7819843292, 25.2001342773, 22.6987133026, 24.9598503113, 26.3692245483, 24.2404174805, 25.555891037, 25.0494556427, 24.9597415924, 26.9898815155, 23.4426174164]
    max: [-1136.49121094, 0.926006317139, -6.103515625e-05, 8.01086425781e-05, 0.498901367188, 2.67531585693, 1.31735610962, -5.34057617188e-05, -4.57763671875e-05, 0.0527648925781, 2.52003860474, 1.65814971924, -3.81469726562e-05]
    mean: [-1136.56066895, 0.89306885004, -2.02079749107, -2.26257348061, 0.479555308819, 2.57913589478, 1.27209854126, -1.70123708248, -2.41765642166, 0.0477424971759, 2.42943811417, 1.60231816769, -1.31627833843]
    median: [-1136.49438477, 0.924602508545, -2.09296417236, -2.3426322937, 0.497497558594, 2.67089080811, 1.3159828186, -1.76271820068, -2.50254058838, 0.0513916015625, 2.51586532593, 1.65686798096, -1.36469650269]
    min: [-1138.42004395, 1.14440917969e-05, -2.09660339355, -2.3462638855, -6.103515625e-05, 2.28881835938e-05, -2.67028808594e-05, -1.76625061035, -2.50602722168, -0.0530776977539, -2.67028808594e-05, -3.0517578125e-05, -1.36798858643]
    skew: [-5.04383039474, -5.07378768921, 5.02872943878, 5.06581449509, -4.84559583664, -5.04448986053, -5.17012786865, 4.98086595535, 5.09745550156, -5.03597784042, -5.04447841644, -5.2259106636, 4.91069221497]
    var: [0.101296067238, 0.0231806635857, 0.120155714452, 0.149119287729, 0.00716787995771, 0.194878086448, 0.0458936206996, 0.0863398090005, 0.168819963932, 0.00029655059916, 0.172919750214, 0.0718540251255, 0.0528172142804]

SpecContrastCoeff:
    dmean: [0.020814968273, 0.0109133329242, 0.00832158327103, 0.0142571832985, 0.0066102175042, 0.00697338581085]
    dmean2: [0.0270272996277, 0.0196931157261, 0.0142409065738, 0.0184136535972, 0.00927452091128, 0.00923250243068]
    dvar: [0.0020108805038, 7.49305763748e-05, 5.07918157382e-05, 0.00117081287317, 6.04254310019e-05, 0.000119566029753]
    dvar2: [0.00209707161412, 0.000100400364317, 9.11304159672e-05, 0.000992504879832, 8.99997685337e-05, 0.000145397279994]
    kurt: [14.9185943604, 13.0040416718, -0.0169925689697, 16.3781299591, 2.21515750885, 6.14512634277]
    max: [-0.583684623241, -0.909496188164, -0.913577735424, -0.590614974499, -0.870335936546, -0.842597961426]
    mean: [-0.643395960331, -0.928118348122, -0.93759727478, -0.612490415573, -0.895296514034, -0.871751189232]
    median: [-0.635497093201, -0.925748825073, -0.937323391438, -0.604570746422, -0.897287964821, -0.872689008713]
    min: [-0.870949864388, -0.988957881927, -0.960858345032, -0.79326146841, -0.927209615707, -0.921080827713]
    skew: [-3.90021371841, -2.89533519745, 0.0619275905192, -4.21639299393, -0.080884873867, -1.68210363388]
    var: [0.00231571961194, 0.000141256299685, 0.000116438022815, 0.00142628629692, 0.000120006501675, 0.000174878645339]

SpecPeakAmp:
    dmean: [2.76519728004e-07, 8.43664196282e-08, 1.01299839628e-07, 1.05474562417e-07, 1.67792578054e-07]
    dmean2: [3.84152116339e-07, 1.01347211512e-07, 1.35828187808e-07, 1.56721100097e-07, 2.80453406276e-07]
    dvar: [4.31450746441e-13, 7.96867793648e-14, 8.68179497477e-14, 7.58845704373e-14, 8.46806484526e-14]
    dvar2: [4.21618794565e-13, 7.94925648744e-14, 9.1906517119e-14, 7.11128340459e-14, 9.6305877498e-14]
    kurt: [26.6731414795, 28.0064563751, 26.3992900848, 33.9218826294, 22.3713474274]
    max: [1.69705217559e-05, 1.8932396415e-06, 1.88417345726e-06, 1.95544248527e-06, 2.00324757316e-06]
    mean: [1.66262198036e-05, 1.51840751528e-07, 1.50127377196e-07, 1.54000460384e-07, 2.62490374325e-07]
    median: [1.67460420926e-05, 9.07925823412e-08, 9.09176804953e-08, 8.3441754839e-08, 1.69893766611e-07]
    min: [1.25141632452e-05, 5.04742843077e-08, 2.76056333348e-08, 3.30443086227e-08, 2.70858997453e-08]
    skew: [-5.13998126984, 5.29278087616, 5.13749217987, 5.80999040604, 4.38945007324]
    var: [4.74249545884e-13, 8.29993219336e-14, 8.49617888521e-14, 8.05394772684e-14, 9.08694845173e-14]
