
metadata:
    version:
        essentia: "2.1-beta3"

Flux:
    dmean: 0.000162700365763
    dmean2: 0.000214852130739
    dvar: 2.85178231252e-07
    dvar2: 5.61555168588e-07
    kurt: 9.58237457275
    max: 0.00310523132794
    mean: 0.000211513659451
    median: 5.89490809944e-06
    min: 4.85375539938e-06
    skew: 3.29453539848
    var: 4.62992630901e-07

Rms:
    dmean: 6.4993975684e-05
    dmean2: 4.87991965201e-05
    dvar: 5.18090033097e-08
    dvar2: 2.31703634057e-08
    kurt: 20.8729534149
    max: 0.00224142987281
    mean: 0.00215940945782
    median: 0.00223810272291
    min: 0.000406531005865
    skew: -4.53501033783
    var: 9.67712878719e-08

RollOff:
    dmean: 6.36208295822
    dmean2: 6.00926589966
    dvar: 1255.71704102
    dvar2: 1063.77819824
    kurt: 38.8716468811
    max: 1701.12304688
    mean: 1449.42468262
    median: 1442.72460938
    min: 1442.72460938
    skew: 6.352663517
    var: 1459.50073242

SpecCent:
    dmean: 3.64135456085
    dmean2: 4.48108482361
    dvar: 17.5098266602
    dvar2: 15.2108182907
    kurt: 24.1418132782
    max: 1467.41809082
    mean: 1435.79577637
    median: 1435.16369629
    min: 1429.99462891
    skew: 4.48383283615
    var: 28.666934967

Zcr:
    dmean: 0.00239701708779
    dmean2: 0.001953125
    dvar: 6.38399942545e-05
    dvar2: 4.20282049163e-05
    kurt: 17.7056846619
    max: 0.0654296875
    mean: 0.0623372383416
    median: 0.06494140625
    min: 0.001953125
    skew: -4.2246966362
    var: 0.000125630700495

HarmonicAmpFreq:
    dmean: [0.145552203059]
    dmean2: [0.148937135935]
    dvar: [0.910974144936]
    dvar2: [0.931655347347]
    kurt: [40.0256309509]
    max: [1437.86694336]
    mean: [1437.72473145]
    median: [1437.86694336]
    min: [1431.46264648]
    skew: [-6.48282957077]
    var: [0.89119052887]

HarmonicAmpMag:
    dmean: [7.75187629642e-08]
    dmean2: [7.93215306771e-08]
    dvar: [2.5839383801e-13]
    dvar2: [2.6425999518e-13]
    kurt: [40.022731781]
    max: [3.41082568411e-06]
    mean: [7.57961231557e-08]
    median: [0]
    min: [0]
    skew: [6.48249387741]
    var: [2.52782305721e-13]

MfccCoeff:
    dmean: [1.40857768059, 0.870760142803, 1.06138062477, 1.44200944901, 0.235899835825, 1.07877922058, 0.644919633865, 0.608092069626, 0.723272323608, 0.219603195786, 0.728931963444, 0.272619754076, 0.562369525433]
    dmean2: [1.87836682796, 1.21221709251, 1.30599749088, 1.89001142979, 0.341514408588, 1.26161074638, 0.866230785847, 0.557307243347, 0.797572314739, 0.195833563805, 0.665992736816, 0.298913478851, 0.429392695427]
    dvar: [39.1913261414, 14.9009122849, 23.6771259308, 41.5813941956, 1.13315236568, 26.1463947296, 8.39145183563, 7.86055707932, 12.9941587448, 0.696747720242, 11.334695816, 1.98333251476, 4.93350744247]
    dvar2: [79.8975524902, 33.261390686, 39.4340209961, 81.3402099609, 1.76885342598, 37.9123573303, 17.3007087708, 5.98649263382, 16.0615119934, 0.599528670311, 8.55873012543, 2.40667700768, 2.44997000694]
    kurt: [17.8976802826, 22.9421386719, 24.7159461975, 18.2961711884, 15.873260498, 29.8705024719, 18.4119739532, 32.2190666199, 33.3474617004, 18.1840114594, 32.4967689514, 35.4448776245, 26.6972160339]
    max: [-1100.61010742, 22.2002983093, -6.103515625e-05, 8.01086425781e-05, 7.86944580078, 33.1611328125, 17.4515419006, -5.34057617188e-05, -4.57763671875e-05, 7.05397987366, 24.830532074, 9.29904174805, -3.81469726562e-05]
    mean: [-1119.54016113, 8.45200443268, -21.1657905579, -21.5257492065, 7.48983430862, 25.7574138641, 8.53443241119, -19.9121265411, -20.5441818237, 6.74344682693, 24.0406551361, 8.22578525543, -18.0852336884]
    median: [-1119.41625977, 8.38230514526, -21.5722694397, -21.7467460632, 7.86903381348, 26.3590087891, 8.57323074341, -20.5685653687, -21.0857696533, 7.05351448059, 24.8295402527, 8.43479919434, -18.7744865417]
    min: [-1138.42004395, 1.14440917969e-05, -31.0450553894, -39.5846328735, -6.103515625e-05, 2.28881835938e-05, -2.67028808594e-05, -20.5695037842, -23.5732879639, -2.28881835938e-05, -2.67028808594e-05, -3.0517578125e-05, -18.7754173279]
    skew: [-0.0295292530209, 3.06023311615, 4.1198515892, 1.21109473705, -4.14443922043, -5.22621631622, 0.272107869387, 5.67330121994, 5.76607894897, -4.30224466324, -5.6990904808, -5.98114728928, 5.10353469849]
    var: [16.5062522888, 5.91624069214, 13.0168161392, 18.3357009888, 2.36427617073, 17.3530158997, 3.47629189491, 9.98976325989, 10.4601287842, 1.56901419163, 14.4994440079, 1.6282658577, 9.01994800568]

SpecContrastCoeff:
    dmean: [0.0339185260236, 0.0170418377966, 0.0119542544708, 0.0173493307084, 0.00791116151959, 0.00523466942832]
    dmean2: [0.0532384254038, 0.0271361339837, 0.0176765341312, 0.0192725490779, 0.0122461114079, 0.00766255985945]
    dvar: [0.00164096651133, 0.000215756095713, 0.000148421328049, 0.00196458958089, 1.89820548258e-05, 4.37163253082e-05]
    dvar2: [0.00257832789794, 0.000554182159249, 0.00040142875514, 0.00161876005586, 5.28969612787e-05, 4.73108302685e-05]
    kurt: [8.7667350769, 1.29451227188, 5.97651004791, 18.7732162476, -0.292784452438, 15.5690898895]
    max: [-0.692320942879, -0.898340880871, -0.889257133007, -0.475499421358, -0.907121360302, -0.908121526241]
    mean: [-0.766320288181, -0.938646972179, -0.943506002426, -0.502437531948, -0.922319889069, -0.919346392155]
    median: [-0.757744967937, -0.938495278358, -0.945222914219, -0.486747443676, -0.923000454903, -0.918537795544]
    min: [-0.992596030235, -0.99063795805, -0.960102319717, -0.883417367935, -0.936242878437, -0.962612569332]
    skew: [-2.79713487625, -0.6166690588, 1.91471087933, -4.35864782333, 0.228966370225, -3.41799736023]
    var: [0.00306732812896, 0.000324898253893, 0.000155865069246, 0.0049327458255, 4.05783794122e-05, 6.62176316837e-05]

SpecPeakAmp:
    dmean: [2.39892210629e-06, 1.68580709214e-06, 1.74283331944e-06, 1.754764412e-06, 1.88438673376e-06]
    dmean2: [3.67784355149e-06, 2.58936370301e-06, 2.64604409494e-06, 2.68267831416e-06, 2.81536904367e-06]
    dvar: [5.16974033027e-11, 4.17483166093e-11, 4.67809228855e-11, 4.86493172136e-11, 4.92984646161e-11]
    dvar2: [1.15525838895e-10, 1.08665326737e-10, 1.19913759478e-10, 1.24468185758e-10, 1.25523369476e-10]
    kurt: [22.6941642761, 39.0087585449, 39.7234802246, 39.7551765442, 39.7024841309]
    max: [4.3096661102e-05, 3.3291260479e-05, 3.3777756471e-05, 3.42352759617e-05, 3.47554778273e-05]
    mean: [1.69134746102e-05, 1.47422611008e-06, 1.37234098929e-06, 1.36296694109e-06, 1.56063083523e-06]
    median: [1.67514190252e-05, 6.82552126818e-07, 6.35979915842e-07, 6.38834535494e-07, 7.70822680352e-07]
    min: [8.61813532538e-07, 3.10404516313e-07, 1.85133472996e-07, 1.76427619181e-07, 3.06136740846e-07]
    skew: [3.05701208115, 6.36681938171, 6.44765520096, 6.45131158829, 6.4446849823]
    var: [2.15426634864e-11, 2.32837100295e-11, 2.3949682515e-11, 2.46356372802e-11, 2.5137001855e-11]
