
metadata:
    version:
        essentia: "2.1-beta3"

Flux:
    dmean: 0.00365821365267
    dmean2: 0.00482491310686
    dvar: 0.000143156343256
    dvar2: 0.000281177199213
    kurt: 9.60266113281
    max: 0.0696540027857
    mean: 0.00467154942453
    median: 6.47288252367e-05
    min: 1.63647582667e-05
    skew: 3.29675292969
    var: 0.000232906881138

Rms:
    dmean: 0.00145039509516
    dmean2: 0.0010841320036
    dvar: 2.56385719695e-05
    dvar2: 1.1426736819e-05
    kurt: 20.7522697449
    max: 0.0501816608012
    mean: 0.0483536347747
    median: 0.0501126237214
    min: 0.00936168711632
    skew: -4.52320337296
    var: 4.8044934374e-05

RollOff:
    dmean: 6.36208295822
    dmean2: 6.00926589966
    dvar: 1255.71704102
    dvar2: 1063.77819824
    kurt: 38.8716468811
    max: 1701.12304688
    mean: 1449.42468262
    median: 1442.72460938
    min: 1442.72460938
    skew: 6.352663517
    var: 1459.50073242

SpecCent:
    dmean: 5.11009931564
    dmean2: 5.8962430954
    dvar: 160.966171265
    dvar2: 130.828720093
    kurt: 36.8519439697
    max: 1532.88220215
    mean: 1437.27282715
    median: 1435.09606934
    min: 1430.05639648
    skew: 6.10899972916
    var: 215.88168335

Zcr:
    dmean: 0.00239701708779
    dmean2: 0.00196448038332
    dvar: 6.3796651375e-05
    dvar2: 4.33310706285e-05
    kurt: 18.0193023682
    max: 0.0654296875
    mean: 0.0623697899282
    median: 0.06494140625
    min: 0.001953125
    skew: -4.25463819504
    var: 0.000124405734823

HarmonicAmpFreq:
    dmean: [0.00406438671052]
    dmean2: [0.00415890710428]
    dvar: [0.000710327236447]
    dvar2: [0.000726453319658]
    kurt: [40.427734375]
    max: [1438.04675293]
    mean: [1437.87145996]
    median: [1437.86791992]
    min: [1437.86791992]
    skew: [6.52923679352]
    var: [0.000695089518558]

HarmonicAmpMag:
    dmean: [1.8389230263e-06]
    dmean2: [1.88168871773e-06]
    dvar: [1.45410419816e-10]
    dvar2: [1.48711612469e-10]
    kurt: [40.022731781]
    max: [8.09126140666e-05]
    mean: [1.79805806511e-06]
    median: [0]
    min: [0]
    skew: [6.48249387741]
    var: [1.42252570834e-10]

MfccCoeff:
    dmean: [12.7691507339, 5.10661458969, 2.4978966713, 1.478323102, 0.599724829197, 1.21866714954, 0.740392267704, 1.0674649477, 1.22431671619, 0.761116921902, 1.30271458626, 0.821647107601, 1.26665794849]
    dmean2: [18.8558998108, 7.40990066528, 3.25393605232, 1.45347750187, 0.547506630421, 1.25140416622, 0.646937608719, 1.1397010088, 1.38661468029, 0.792481422424, 1.58489143848, 1.06490397453, 1.45501244068]
    dvar: [3049.23217773, 446.572265625, 100.012428284, 26.8125629425, 2.94041442871, 18.5892105103, 2.09119009972, 13.0329809189, 11.6223640442, 2.54579210281, 22.9946937561, 2.20300483704, 16.6512756348]
    dvar2: [7664.5078125, 1114.63793945, 203.249588013, 26.1666488647, 2.27101373672, 9.2621421814, 1.13985955715, 12.3903207779, 12.4085483551, 2.2598991394, 28.7056255341, 3.773635149, 19.2034626007]
    kurt: [38.1664047241, 35.8647460938, 15.2300662994, 18.2126274109, 15.3653335571, 26.7886791229, 11.9107580185, 20.805891037, 20.4434127808, 12.6685342789, 18.3083019257, 14.8168945312, 15.0609951019]
    max: [-850.004394531, 111.726661682, -10.7711029053, -11.8774833679, 15.4357299805, 59.2304077148, 27.1583175659, -7.0994644165, -9.46927642822, 14.3265247345, 50.4676780701, 21.2050800323, -3.17849731445]
    mean: [-1096.35913086, 18.3332328796, -41.7291679382, -41.5334129333, 14.6417398453, 49.5789718628, 16.0631961823, -38.2492980957, -39.0038490295, 13.1987113953, 45.6194763184, 15.1358356476, -34.4761199951]
    median: [-1102.14916992, 15.9294548035, -41.2871513367, -41.3563308716, 15.206451416, 50.268951416, 16.0014839172, -39.4201507568, -39.8589706421, 13.8765048981, 47.2430686951, 15.4132614136, -36.0636711121]
    min: [-1128.26098633, 4.89487838745, -71.4220123291, -64.7699356079, 2.2808380127, 12.3904876709, 5.91589736938, -42.1750946045, -47.2983779907, 0.0859527587891, 7.65044784546, 4.40586853027, -36.3789329529]
    skew: [6.25965547562, 6.01194286346, 0.0713128000498, 1.46249747276, -3.99310541153, -4.84145879745, 0.612632751465, 4.62287950516, 4.43964719772, -3.63891363144, -4.38005638123, -2.99364161491, 3.99393320084]
    var: [1410.31774902, 208.703384399, 45.8717918396, 33.5112571716, 5.76858043671, 38.0985984802, 6.42916917801, 31.6600036621, 28.5024089813, 7.31629085541, 51.9816131592, 4.56153345108, 39.2797241211]

SpecContrastCoeff:
    dmean: [0.048440001905, 0.0172055345029, 0.0159563906491, 0.0216741710901, 0.0141841536388, 0.016067372635]
    dmean2: [0.0815555974841, 0.0290288645774, 0.0237244125456, 0.020745543763, 0.0221312884241, 0.0276312772185]
    dvar: [0.00157694483642, 0.000294049154036, 0.000259404070675, 0.00337369390763, 0.000113362337288, 0.000268236442935]
    dvar2: [0.00423321174458, 0.000744909397326, 0.00073186471127, 0.00248427246697, 0.000225889089052, 0.000603541324381]
    kurt: [0.640097856522, 6.60482501984, 7.81805801392, 20.510602951, 1.45166778564, 2.79834318161]
    max: [-0.829131007195, -0.90151154995, -0.859020590782, -0.317605167627, -0.88503921032, -0.885733187199]
    mean: [-0.933239221573, -0.976622521877, -0.941818892956, -0.347159981728, -0.932441055775, -0.94734197855]
    median: [-0.948054075241, -0.984346151352, -0.947704255581, -0.326973050833, -0.939422249794, -0.955867946148]
    min: [-0.995812177658, -0.989402890205, -0.957007646561, -0.8476780653, -0.944948077202, -0.959621846676]
    skew: [1.26766812801, 2.25624608994, 2.48881173134, -4.5265712738, 1.42434644699, 1.79160523415]
    var: [0.00165530771483, 0.000281315675238, 0.000335190037731, 0.00803328026086, 0.000213675113628, 0.000271256605629]

SpecPeakAmp:
    dmean: [3.93653681385e-05, 3.45825428667e-05, 3.33815951308e-05, 3.52472015948e-05, 3.59152472811e-05]
    dmean2: [6.26095061307e-05, 5.22383525094e-05, 5.10224308528e-05, 5.3231138736e-05, 5.40334076504e-05]
    dvar: [1.68203673212e-08, 1.73997580788e-08, 1.59453357185e-08, 1.84143296167e-08, 1.91978521968e-08]
    dvar2: [4.25185788799e-08, 4.47109904655e-08, 4.16312886387e-08, 4.72827217379e-08, 4.92028746635e-08]
    kurt: [39.470413208, 39.6940536499, 38.6517028809, 39.7295722961, 39.7017555237]
    max: [0.000654597766697, 0.000654743984342, 0.000657166121528, 0.000672609079629, 0.00068251095945]
    mean: [3.38646677847e-05, 2.39273049374e-05, 2.55913528235e-05, 2.47097850661e-05, 2.51505734923e-05]
    median: [1.63327513292e-05, 9.95983191387e-06, 9.83922927844e-06, 1.02071735455e-05, 1.05799936136e-05]
    min: [9.60950183071e-06, 1.30008436372e-06, 1.55416319103e-06, 2.22070048039e-06, 2.61836203208e-06]
    skew: [6.41738653183, 6.4440202713, 6.32839298248, 6.44817256927, 6.44514513016]
    var: [8.81387229867e-09, 9.07864272648e-09, 9.21395137965e-09, 9.57301615756e-09, 9.85784964769e-09]
