
metadata:
    version:
        essentia: "2.1-beta3"

Flux:
    dmean: 5.19903096574e-06
    dmean2: 7.58275837143e-06
    dvar: 3.15790282812e-10
    dvar2: 6.84387047034e-10
    kurt: 14.2150249481
    max: 9.58506789175e-05
    mean: 6.08057871432e-06
    median: 1.48713581893e-06
    min: 2.30032256354e-07
    skew: 3.8845846653
    var: 3.27330218486e-10

Rms:
    dmean: 1.26810664369e-06
    dmean2: 1.14333261081e-06
    dvar: 2.51714482591e-11
    dvar2: 1.89485441227e-11
    kurt: 19.6544780731
    max: 7.73446954554e-05
    mean: 7.58995956858e-05
    median: 7.72693310864e-05
    min: 4.46918784291e-05
    skew: -4.50913286209
    var: 3.31041305479e-11

RollOff:
    dmean: 0
    dmean2: 0
    dvar: 0
    dvar2: 0
    kurt: -2
    max: 2734.71679688
    mean: 2734.71826172
    median: 2734.71679688
    min: 2734.71679688
    skew: -1
    var: 2.14576721191e-06

SpecCent:
    dmean: 0.83986645937
    dmean2: 0.778535366058
    dvar: 0.733291566372
    dvar2: 0.423352688551
    kurt: 10.8725004196
    max: 2759.11694336
    mean: 2750.59277344
    median: 2750.53857422
    min: 2748.08227539
    skew: 2.83210206032
    var: 3.11264657974

Zcr:
    dmean: 0.0029296875
    dmean2: 0.0029064361006
    dvar: 0.000157223184942
    dvar2: 0.000147501079482
    kurt: 17.3637447357
    max: 0.12353515625
    mean: 0.12013938278
    median: 0.123046875
    min: 0.056640625
    skew: -4.3796248436
    var: 0.0001677704131

HarmonicAmpFreq:
    dmean: [0]
    dmean2: [0]
    dvar: [0]
    dvar2: [0]
    kurt: [-2]
    max: [2720.04956055]
    mean: [2720.04858398]
    median: [2720.04956055]
    min: [2720.04956055]
    skew: [1]
    var: [9.53674316406e-07]

HarmonicAmpMag:
    dmean: [0]
    dmean2: [0]
    dvar: [0]
    dvar2: [0]
    kurt: [nan]
    max: [0]
    mean: [0]
    median: [0]
    min: [0]
    skew: [nan]
    var: [0]

MfccCoeff:
    dmean: [0.0313976183534, 0.00866415351629, 0.041022721678, 0.0246695578098, 0.0313997492194, 0.0369227193296, 0.016993323341, 0.0435517765582, 0, 0.043551068753, 0.016993323341, 0.0369216576219, 0.031399037689]
    dmean2: [0.0323399119079, 0.00892566516995, 0.0422523133457, 0.0254029780626, 0.0323388241231, 0.0380292609334, 0.0175021942705, 0.0448561161757, 0, 0.0448550283909, 0.0175036471337, 0.0380283519626, 0.0323390066624]
    dvar: [0.0184725113213, 0.00140645436477, 0.0315402932465, 0.0114056663588, 0.0184764526784, 0.0255460850894, 0.00541172269732, 0.0355452895164, 0, 0.0355453453958, 0.00541146798059, 0.0255464147776, 0.0184758119285]
    dvar2: [0.0184798836708, 0.00140729511622, 0.0315595455468, 0.0114123225212, 0.0184872597456, 0.0255606882274, 0.00541482213885, 0.0355663336813, 0, 0.0355664268136, 0.00541463121772, 0.0255612842739, 0.0184867884964]
    kurt: [17.052564621, 17.0362625122, 17.0362529755, 17.0362434387, 17.0362224579, 17.0362262726, 17.036233902, 17.0362415314, nan, 17.036233902, 17.0362491608, 17.0362358093, 17.0362377167]
    max: [-1137.76635742, 1.14440917969e-05, -6.103515625e-05, 0.513721466064, 0.653686523438, 2.28881835938e-05, -2.67028808594e-05, 0.906692504883, -4.57763671875e-05, -2.28881835938e-05, 0.353771209717, 0.768676757812, -3.81469726562e-05]
    mean: [-1137.79760742, -0.171687379479, -0.81316202879, 0.489041060209, 0.622280836105, -0.731759130955, -0.336834639311, 0.863136649132, -4.57763671875e-05, -0.863215506077, 0.336773961782, 0.731751203537, -0.62236303091]
    median: [-1137.76721191, -0.180103302002, -0.853012084961, 0.513004302979, 0.652786254883, -0.767623901367, -0.353336334229, 0.90544128418, -4.57763671875e-05, -0.905517578125, 0.35327911377, 0.767612457275, -0.652862548828]
    min: [-1138.42004395, -0.180347442627, -0.854187011719, 8.01086425781e-05, -6.103515625e-05, -0.768684387207, -0.353832244873, -5.34057617188e-05, -4.57763671875e-05, -0.906768798828, -2.67028808594e-05, -3.0517578125e-05, -0.653762817383]
    skew: [-4.3651227951, 4.36232185364, 4.36232042313, -4.36231803894, -4.36231374741, 4.36231565475, 4.36231470108, -4.3623175621, nan, 4.36231565475, -4.36231803894, -4.3623175621, 4.3623175621]
    var: [0.0184466522187, 0.00140423281118, 0.0314915180206, 0.0113881463185, 0.0184485800564, 0.0255075264722, 0.00540342926979, 0.0354909449816, 0, 0.0354911647737, 0.00540319364518, 0.0255074966699, 0.0184475667775]

SpecContrastCoeff:
    dmean: [0.0209835506976, 0.032270245254, 0.0311019141227, 0.0216935575008, 0.0220860484987, 0.0297546666116]
    dmean2: [0.0313638523221, 0.056419827044, 0.0432256124914, 0.0366222560406, 0.0294383503497, 0.0485103130341]
    dvar: [0.00147060560994, 0.00103934574872, 0.000912758754566, 0.000414187059505, 0.000716392358299, 0.000985685619526]
    dvar2: [0.00174979295116, 0.0026064964477, 0.00212819012813, 0.000769300211687, 0.000947040098254, 0.00275112362579]
    kurt: [15.2430305481, 4.68500757217, 3.29451179504, 6.01257038116, 8.09369087219, 1.54004192352]
    max: [-0.6613073349, -0.749279558659, -0.738812685013, -0.80148679018, -0.596517562866, -0.738763809204]
    mean: [-0.685985147953, -0.84342455864, -0.82902598381, -0.852592229843, -0.645054280758, -0.834775745869]
    median: [-0.678098797798, -0.841184973717, -0.834756612778, -0.855321645737, -0.642961621284, -0.844725847244]
    min: [-0.878181636333, -0.986685574055, -0.976949334145, -0.963255047798, -0.791082799435, -0.922569274902]
    skew: [-4.01583003998, -1.07454288006, -0.653298020363, -1.42307150364, -2.5298614502, 0.805429577827]
    var: [0.0016603769036, 0.00137911038473, 0.00162308325525, 0.000671325426083, 0.00131569441874, 0.00125194957945]

SpecPeakAmp:
    dmean: [9.25836118881e-08, 5.57873569562e-08, 1.56726670753e-07, 1.17712545489e-07, 1.66013265357e-07]
    dmean2: [1.09897349887e-07, 7.48402726458e-08, 2.4609147431e-07, 2.08598493145e-07, 2.87446596303e-07]
    dvar: [1.13805422334e-13, 1.12650562367e-14, 2.11732876647e-14, 1.45204791387e-14, 2.9950546302e-14]
    dvar2: [1.13426744397e-13, 1.27496441071e-14, 5.62817953592e-14, 3.39401832919e-14, 7.62914376313e-14]
    kurt: [23.9375114441, 18.9447174072, -0.635959386826, 0.807109117508, 2.04541778564]
    max: [8.41704968479e-06, 1.00941633718e-06, 6.7877164156e-07, 6.17859313934e-07, 7.90686954133e-07]
    mean: [8.3095719674e-06, 3.78258590672e-07, 2.10719733218e-07, 1.48379086795e-07, 1.73761691258e-07]
    median: [8.38097366795e-06, 3.78146864932e-07, 1.80930342708e-07, 8.62915143784e-08, 1.00191606123e-07]
    min: [6.33698118691e-06, 2.36614283722e-07, 3.2835207886e-09, 8.81879547165e-09, 1.42162592809e-08]
    skew: [-4.94480800629, 3.96022295952, 0.499909579754, 1.3606865406, 1.6412050724]
    var: [1.16877780241e-13, 1.30122717546e-14, 2.85346832968e-14, 2.36464239709e-14, 3.13656639181e-14]
