
metadata:
    version:
        essentia: "2.1-beta3"

Flux:
    dmean: 0.0328881964087
    dmean2: 0.0434776321054
    dvar: 0.0116075780243
    dvar2: 0.0222741235048
    kurt: 9.42594432831
    max: 0.64187848568
    mean: 0.0429664514959
    median: 0.000577806378715
    min: 7.37008376746e-05
    skew: 3.27037763596
    var: 0.0196417309344

Rms:
    dmean: 0.0132860103622
    dmean2: 0.00998733378947
    dvar: 0.002163101919
    dvar2: 0.000968239502981
    kurt: 20.8954677582
    max: 0.462341785431
    mean: 0.445603489876
    median: 0.461646944284
    min: 0.0870438739657
    skew: -4.53735589981
    var: 0.00404639588669

RollOff:
    dmean: 7.34086465836
    dmean2: 7.01081037521
    dvar: 1748.13659668
    dvar2: 1525.20007324
    kurt: 39.1731071472
    max: 1744.18945312
    mean: 1450.3815918
    median: 1442.72460938
    min: 1442.72460938
    skew: 6.386054039
    var: 1981.56872559

SpecCent:
    dmean: 8.47382164001
    dmean2: 9.26220417023
    dvar: 1167.80969238
    dvar2: 996.085510254
    kurt: 39.0663948059
    max: 1688.75720215
    mean: 1441.1048584
    median: 1435.09277344
    min: 1431.5748291
    skew: 6.37290477753
    var: 1409.68261719

Zcr:
    dmean: 0.00239701708779
    dmean2: 0.00196448038332
    dvar: 6.3796651375e-05
    dvar2: 4.33199857071e-05
    kurt: 18.0153045654
    max: 0.0654296875
    mean: 0.0623806416988
    median: 0.06494140625
    min: 0.001953125
    skew: -4.25424051285
    var: 0.000124466765556

HarmonicAmpFreq:
    dmean: [92.858215332]
    dmean2: [177.735321045]
    dvar: [4822.53173828]
    dvar2: [12257.0615234]
    kurt: [-1.58342576027]
    max: [1442.81201172]
    mean: [1370.6607666]
    median: [1437.86755371]
    min: [1266.29736328]
    skew: [-0.420710772276]
    var: [5633.80224609]

HarmonicAmpMag:
    dmean: [0.104589827359]
    dmean2: [0.205261692405]
    dvar: [0.0514724478126]
    dvar2: [0.146188721061]
    kurt: [7.69277572632]
    max: [0.641345739365]
    mean: [0.0512504316866]
    median: [0.000248820520937]
    min: [0]
    skew: [3.0722053051]
    var: [0.0279145762324]

MfccCoeff:
    dmean: [31.1969356537, 23.3301830292, 20.0818443298, 5.42595720291, 3.24710559845, 4.94690752029, 2.29015135765, 2.51290416718, 2.88195633888, 1.56637394428, 1.91520082951, 1.38872671127, 1.7320086956]
    dmean2: [47.4526634216, 34.8535308838, 29.6109275818, 9.50964450836, 5.83065319061, 7.38547515869, 3.97361016273, 3.75319647789, 4.00898170471, 2.29657196999, 3.07127141953, 2.40835356712, 1.70711255074]
    dvar: [7827.60205078, 175.485214233, 110.741653442, 59.3333129883, 5.4370265007, 41.8222198486, 4.77881193161, 25.5094223022, 19.4772052765, 3.95931315422, 28.1889762878, 3.99625015259, 22.9376354218]
    dvar2: [18956.5507812, 368.254882812, 229.015670776, 108.368537903, 9.11046504974, 67.5750274658, 10.170589447, 36.3022422791, 20.0054016113, 9.59785175323, 49.2560539246, 10.3558034897, 16.8681716919]
    kurt: [27.2572860718, -1.12259662151, -1.24009275436, 8.94592666626, 4.36621141434, 11.5979776382, 2.50281333923, 14.0889530182, 17.7968711853, 9.47677707672, 11.5015382767, 13.6762714386, 16.8482322693]
    max: [-594.875732422, 103.762313843, -60.1489830017, -38.4733352661, 25.2846565247, 80.5745315552, 26.3111801147, -8.89970397949, -6.00940704346, 16.8113269806, 52.3236656189, 21.1609668732, 5.00812530518]
    mean: [-995.535522461, 72.9383392334, -83.5268936157, -75.904624939, 21.7613868713, 64.7785644531, 19.38763237, -43.2484321594, -42.15026474, 14.4888601303, 47.4920578003, 15.7565670013, -34.7674713135]
    median: [-1004.17871094, 76.8164749146, -81.5189208984, -77.9531021118, 22.466217041, 65.1380844116, 18.7953834534, -44.716583252, -43.5154647827, 14.9588413239, 49.0266685486, 15.8579425812, -36.5646781921]
    min: [-1023.39648438, 38.7034111023, -111.381439209, -93.5724868774, 8.7862701416, 24.6204299927, 11.5520267487, -48.4248504639, -51.51587677, 4.12665557861, 18.8686180115, 8.51873016357, -37.346660614]
    skew: [5.21395254135, -0.439407795668, -0.344433665276, 2.81072950363, -2.06194090843, -3.04475498199, -0.393753737211, 3.81229710579, 4.0865020752, -2.94941806793, -3.5885617733, -1.5414339304, 4.14260005951]
    var: [4418.71826172, 356.032897949, 264.226776123, 80.0202713013, 13.1341524124, 69.8293914795, 6.14876174927, 48.1589202881, 45.0505714417, 5.50381851196, 42.6265563965, 2.19932222366, 56.649772644]

SpecContrastCoeff:
    dmean: [0.0220633689314, 0.0186411384493, 0.0186488498002, 0.0255142804235, 0.0133197549731, 0.0118535989895]
    dmean2: [0.0374863967299, 0.0299405325204, 0.0289081316441, 0.0214647781104, 0.0210331920534, 0.0215968303382]
    dvar: [0.000619373808149, 0.000241505869781, 0.000335677410476, 0.00584170175716, 9.9280194263e-05, 0.000174508968485]
    dvar2: [0.00132402824238, 0.000498581968714, 0.000801173737273, 0.0033913529478, 0.000174620261532, 0.000433496054029]
    kurt: [5.32896900177, 4.81477308273, 5.27359485626, 22.3699417114, 0.264087677002, 2.0540971756]
    max: [-0.882598817348, -0.895191133022, -0.836290180683, -0.148477971554, -0.879966795444, -0.902635753155]
    mean: [-0.974321484566, -0.972407221794, -0.926719307899, -0.185150459409, -0.919490039349, -0.943343877792]
    median: [-0.985643148422, -0.980143010616, -0.933526277542, -0.159833624959, -0.924896895885, -0.949744224548]
    min: [-0.992544472218, -0.986863553524, -0.945937931538, -0.81799685955, -0.932702541351, -0.952783465385]
    skew: [2.32640600204, 1.99293756485, 2.28766560555, -4.6796336174, 1.08841240406, 1.7314209938]
    var: [0.000542988360394, 0.000339330872521, 0.000582929933444, 0.0121055925265, 0.000203186777071, 0.000171097140992]

SpecPeakAmp:
    dmean: [0.0170851051807, 0.000341693492373, 0.000331792776706, 0.0295282229781, 0.0586263649166]
    dmean2: [0.0262133162469, 0.000523258873727, 0.000523086870089, 0.0602670833468, 0.11978302151]
    dvar: [0.00608746428043, 1.64270761616e-06, 1.35136770041e-06, 0.0178208146244, 0.0339207015932]
    dvar2: [0.0156312771142, 4.21687082053e-06, 3.52129313796e-06, 0.0537516735494, 0.100316502154]
    kurt: [40.0225105286, 39.1774291992, 37.8894577026, 40.0159378052, 17.5453548431]
    max: [0.374765604734, 0.006354696583, 0.00607097288594, 0.641345739365, 0.641337871552]
    mean: [0.00842790491879, 0.000240783687332, 0.000260183849605, 0.014532587491, 0.0288235563785]
    median: [0.000100898454548, 9.74888534984e-05, 9.84997313935e-05, 0.000117538933409, 0.000248820520937]
    min: [1.25274282254e-05, 1.90998998733e-05, 2.06788281503e-05, 2.65922062681e-05, 3.16951227433e-05]
    skew: [6.48246717453, 6.38623094559, 6.24108123779, 6.48169374466, 4.42093801498]
    var: [0.00305008282885, 8.58026339756e-07, 7.87196256624e-07, 0.00893013179302, 0.0174492970109]
