
metadata:
    version:
        essentia: "2.1-beta3"

Flux:
    dmean: 0.0175557136536
    dmean2: 0
    dvar: 0
    dvar2: 0
    kurt: -1.99999988079
    max: 0.386393159628
    mean: 0.377615302801
    median: 0.377615302801
    min: 0.368837445974
    skew: 0
    var: 7.70507685957e-05

Rms:
    dmean: 0
    dmean2: 0
    dvar: 0
    dvar2: 0
    kurt: 0
    max: 0.132767781615
    mean: 0.132767781615
    median: 0.132767781615
    min: 0.132767781615
    skew: 0
    var: 0

RollOff:
    dmean: 516.796875
    dmean2: 0
    dvar: 0
    dvar2: 0
    kurt: -1.99999988079
    max: 2562.45117188
    mean: 2304.05273438
    median: 2304.05273438
    min: 2045.65429688
    skew: 0
    var: 66769.75

SpecCent:
    dmean: 105.60559082
    dmean2: 0
    dvar: 0
    dvar2: 0
    kurt: -2
    max: 1939.62133789
    mean: 1886.81860352
    median: 1886.81860352
    min: 1834.01574707
    skew: -3.50237928615e-06
    var: 2788.13525391

Zcr:
    dmean: 0.00048828125
    dmean2: 0
    dvar: 0
    dvar2: 0
    kurt: -2
    max: 0.025390625
    mean: 0.025146484375
    median: 0.025146484375
    min: 0.02490234375
    skew: 0
    var: 5.96046447754e-08

HarmonicAmpFreq:
    dmean: [129.302001953]
    dmean2: [0]
    dvar: [0]
    dvar2: [0]
    kurt: [-2]
    max: [1842.12329102]
    mean: [1777.47229004]
    median: [1777.47229004]
    min: [1712.82128906]
    skew: [0]
    var: [4179.75195312]

HarmonicAmpMag:
    dmean: [0.084982290864]
    dmean2: [0]
    dvar: [0]
    dvar2: [0]
    kurt: [-2]
    max: [0.084982290864]
    mean: [0.042491145432]
    median: [0.042491145432]
    min: [0]
    skew: [0]
    var: [0.00180549744982]

MfccCoeff:
    dmean: [409.664794922, 33.2951927185, 50.5190734863, 16.6562004089, 54.9399871826, 34.5018463135, 28.2885189056, 28.9296226501, 9.66899681091, 20.0086421967, 2.36284637451, 8.38600158691, 5.48331642151]
    dmean2: [0, 0, 0, 0, 0, 0, 0, 0, 0, 0, 0, 0, 0]
    dvar: [0, 0, 0, 0, 0, 0, 0, 0, 0, 0, 0, 0, 0]
    dvar2: [0, 0, 0, 0, 0, 0, 0, 0, 0, 0, 0, 0, 0]
    kurt: [-2, -1.99999988079, -2, -2, -2, -2, -2, -2, -2, -2, -2, -2, -2]
    max: [-584.218261719, 56.8638687134, -102.689422607, -20.4006462097, 87.3454284668, 30.6801509857, -15.8911762238, 12.1789188385, 14.6730384827, 9.00687217712, 0.566120147705, 6.38916778564, -0.427114486694]
    mean: [-789.05065918, 40.2162704468, -127.948959351, -28.7287464142, 59.8754348755, 13.4292287827, -30.0354347229, -2.28589248657, 9.83854007721, -0.997448921204, -0.615303039551, 2.19616699219, -3.16877269745]
    median: [-789.05065918, 40.2162704468, -127.948959351, -28.7287464142, 59.8754348755, 13.4292287827, -30.0354347229, -2.28589248657, 9.83854007721, -0.997448921204, -0.615303039551, 2.19616699219, -3.16877269745]
    min: [-993.883056641, 23.5686759949, -153.208496094, -37.0568466187, 32.4054412842, -3.82169342041, -44.1796951294, -16.7507038116, 5.00404167175, -11.0017700195, -1.79672622681, -1.99683380127, -5.9104309082]
    skew: [0, 3.17494851743e-07, 0, 0, 0, 0, -2.15694669237e-07, 0, 0, 0, 0, 0, 0]
    var: [41956.3125, 277.142456055, 638.044189453, 69.3572540283, 754.600524902, 297.594360352, 200.060073853, 209.230773926, 23.3723754883, 100.08644104, 1.39576077461, 17.5812549591, 7.51668977737]

SpecContrastCoeff:
    dmean: [0.0116792321205, 0.0171629786491, 0.0685178637505, 0.0191413164139, 0.232061684132, 0.0267848372459]
    dmean2: [0, 0, 0, 0, 0, 0]
    dvar: [0, 0, 0, 0, 0, 0]
    dvar2: [0, 0, 0, 0, 0, 0]
    kurt: [-2, -2, -1.99999988079, -2, -1.99999988079, -2]
    max: [-0.974014997482, -0.948406875134, -0.85885900259, -0.730058014393, -0.510326266289, -0.926794350147]
    mean: [-0.97985458374, -0.956988334656, -0.893117904663, -0.7396286726, -0.626357078552, -0.940186738968]
    median: [-0.97985458374, -0.956988334656, -0.893117904663, -0.7396286726, -0.626357078552, -0.940186738968]
    min: [-0.985694229603, -0.965569853783, -0.927376866341, -0.749199330807, -0.74238795042, -0.953579187393]
    skew: [-1.53071578097e-05, -1.04339833342e-05, -2.57859778685e-06, 0, -7.4522910154e-07, -6.6734783104e-06]
    var: [3.41011182172e-05, 7.36419606255e-05, 0.00117367436178, 9.15974960662e-05, 0.0134631562978, 0.000179356880835]

SpecPeakAmp:
    dmean: [0.00280825397931, 0.0849402695894, 0.0552476160228, 0.039622604847, 0.0287169869989]
    dmean2: [0, 0, 0, 0, 0]
    dvar: [0, 0, 0, 0, 0]
    dvar2: [0, 0, 0, 0, 0]
    kurt: [-1.99999988079, -2, -2, -2, -2]
    max: [0.00284593855031, 0.084982290864, 0.0552906580269, 0.0396678224206, 0.0287653505802]
    mean: [0.00144181156065, 0.0425121560693, 0.0276668500155, 0.0198565199971, 0.0144068570808]
    median: [0.00144181156065, 0.0425121560693, 0.0276668500155, 0.0198565199971, 0.0144068570808]
    min: [3.76844873244e-05, 4.20194155595e-05, 4.30418403994e-05, 4.52190433862e-05, 4.83637559228e-05]
    skew: [-1.2031293295e-07, 0, 0, 1.75449599737e-07, 0]
    var: [1.97157260118e-06, 0.00180371233728, 0.000763074785937, 0.000392487680074, 0.000206166339922]
