
metadata:
    version:
        essentia: "2.1-beta3"

Flux:
    dmean: 6.99064275977e-06
    dmean2: 1.07450450741e-05
    dvar: 5.32923039032e-10
    dvar2: 1.14063691825e-09
    kurt: 13.8381786346
    max: 0.000124752972624
    mean: 8.11170411907e-06
    median: 2.09783502214e-06
    min: 8.85219776592e-07
    skew: 3.84545946121
    var: 5.62660584791e-10

Rms:
    dmean: 1.6857358105e-06
    dmean2: 1.5702737528e-06
    dvar: 4.29949929825e-11
    dvar2: 3.24129785512e-11
    kurt: 19.5764713287
    max: 0.000101368561445
    mean: 9.95003138087e-05
    median: 0.000101255223854
    min: 5.88551120018e-05
    skew: -4.50446939468
    var: 5.63876619009e-11

RollOff:
    dmean: 1.00154435635
    dmean2: 1.025390625
    dvar: 20.5633563995
    dvar2: 21.0285148621
    kurt: 17.0410709381
    max: 2906.98242188
    mean: 2886.4296875
    median: 2885.44921875
    min: 2885.44921875
    skew: 4.36323451996
    var: 20.1182861328

SpecCent:
    dmean: 3.68434882164
    dmean2: 5.46152448654
    dvar: 11.4127254486
    dvar2: 9.10415649414
    kurt: 9.14213466644
    max: 2897.88134766
    mean: 2875.50878906
    median: 2874.26513672
    min: 2870.50146484
    skew: 2.60145640373
    var: 22.5838451385

Zcr:
    dmean: 0.00311137363315
    dmean2: 0.00313895079307
    dvar: 0.000175620487425
    dvar2: 0.000165395947988
    kurt: 17.3344306946
    max: 0.13037109375
    mean: 0.127252757549
    median: 0.13037109375
    min: 0.060546875
    skew: -4.37836170197
    var: 0.000186304736417

HarmonicAmpFreq:
    dmean: [0]
    dmean2: [0]
    dvar: [0]
    dvar2: [0]
    kurt: [-2]
    max: [2879.7590332]
    mean: [2879.75830078]
    median: [2879.7590332]
    min: [2879.7590332]
    skew: [1]
    var: [5.36441802979e-07]

HarmonicAmpMag:
    dmean: [0]
    dmean2: [0]
    dvar: [0]
    dvar2: [0]
    kurt: [nan]
    max: [0]
    mean: [0]
    median: [0]
    min: [0]
    skew: [nan]
    var: [0]

MfccCoeff:
    dmean: [0.0416912697256, 0.0160018559545, 0.0502702593803, 0.0432909578085, 0.0267649814487, 0.0578233599663, 0.00462447758764, 0.0553104504943, 0.034653775394, 0.0364981368184, 0.0544674880803, 0.00692873215303, 0.0582298450172]
    dmean2: [0.0429425910115, 0.0164845790714, 0.0517857857049, 0.0445963554084, 0.0275715421885, 0.0595670416951, 0.00476292194799, 0.0569768622518, 0.0356983020902, 0.0375991091132, 0.0561103820801, 0.00713711697608, 0.0599853880703]
    dvar: [0.033559218049, 0.0049457042478, 0.0487996935844, 0.0361954420805, 0.0138352634385, 0.0645708814263, 0.000413138594013, 0.059084482491, 0.0231915842742, 0.025727616623, 0.0572958104312, 0.00092727568699, 0.065482839942]
    dvar2: [0.0338205732405, 0.00498334923759, 0.0491756647825, 0.0364739373326, 0.0139417424798, 0.0650666877627, 0.000416339695221, 0.0595388226211, 0.0233697667718, 0.0259252898395, 0.0577361807227, 0.000934374111239, 0.0659856200218]
    kurt: [18.5997333527, 18.5943222046, 18.5944728851, 18.5945644379, 18.5947742462, 18.5946102142, 18.594959259, 18.5946044922, 18.5945472717, 18.5946025848, 18.5945663452, 18.5945205688, 18.5945892334]
    max: [-1137.43286133, 1.14440917969e-05, -6.103515625e-05, 1.02528762817, 0.633773803711, 2.28881835938e-05, 0.10950088501, 1.30977630615, -4.57763671875e-05, -2.28881835938e-05, 1.28982162476, 0.1640625, -3.81469726562e-05]
    mean: [-1137.4744873, -0.362950056791, -1.14018809795, 0.981992185116, 0.607012987137, -1.31147146225, 0.104882329702, 1.25448179245, -0.786023914814, -0.827862977982, 1.23536944389, 0.15713518858, -1.32075810432]
    median: [-1137.43493652, -0.378147125244, -1.1879196167, 1.02310562134, 0.632431030273, -1.36637115479, 0.109272003174, 1.30700302124, -0.818927764893, -0.862518310547, 1.28708648682, 0.163715362549, -1.37604904175]
    min: [-1138.42004395, -0.378955841064, -1.19044494629, 8.01086425781e-05, -6.103515625e-05, -1.36927032471, -2.67028808594e-05, -5.34057617188e-05, -0.820663452148, -0.864349365234, -2.67028808594e-05, -3.0517578125e-05, -1.37896728516]
    skew: [-4.49504232407, 4.49419975281, 4.49421548843, -4.49422359467, -4.49424123764, 4.49422597885, -4.49425601959, -4.49422597885, 4.49422216415, 4.49422502518, -4.4942240715, -4.49421882629, 4.49422550201]
    var: [0.0333668552339, 0.00491730449721, 0.0485186204314, 0.035986918956, 0.0137554891407, 0.0641993805766, 0.000410783832194, 0.0587440468371, 0.0230579450727, 0.0255794357508, 0.0569654814899, 0.000921968545299, 0.0651058480144]

SpecContrastCoeff:
    dmean: [0.0175314899534, 0.01569095999, 0.00942292157561, 0.00758682703599, 0.0106289954856, 0.00739630032331]
    dmean2: [0.0229162480682, 0.0252223070711, 0.0141570782289, 0.0110973790288, 0.0129637094215, 0.00959991570562]
    dvar: [0.00141727400478, 0.00014603305317, 0.000182240459253, 2.94360743283e-05, 0.000779832014814, 0.000129284569994]
    dvar2: [0.00137200986501, 0.000327951682266, 0.000226592208492, 9.52470945776e-05, 0.000725438352674, 0.0001275792456]
    kurt: [15.2108268738, 1.47553777695, 17.7606315613, 0.287568807602, 17.2060775757, 14.7209205627]
    max: [-0.614787399769, -0.875523507595, -0.848281025887, -0.908011198044, -0.663088083267, -0.86177867651]
    mean: [-0.655219435692, -0.912493944168, -0.865578591824, -0.929629683495, -0.678892076015, -0.878453671932]
    median: [-0.648138046265, -0.911291718483, -0.863720655441, -0.930125534534, -0.673727452755, -0.876846075058]
    min: [-0.841146409512, -0.965875506401, -0.945886492729, -0.947557747364, -0.823282063007, -0.945865809917]
    skew: [-4.00949764252, -0.547270357609, -3.82169127464, 0.423018634319, -4.29689311981, -3.53828048706]
    var: [0.00170706247445, 0.00026467355201, 0.000217796754441, 6.04408887739e-05, 0.000829017779324, 0.00017297679733]

SpecPeakAmp:
    dmean: [2.02847019182e-07, 4.25206394539e-08, 4.00845365789e-08, 3.65146064496e-08, 4.99927601538e-08]
    dmean2: [2.27509232786e-07, 5.52701600043e-08, 5.87794524165e-08, 5.27191730271e-08, 6.37071551068e-08]
    dvar: [5.84149590678e-13, 1.27706725471e-14, 7.03638061987e-15, 3.47895362624e-15, 4.4685777939e-15]
    dvar2: [5.76929779991e-13, 1.39519057318e-14, 7.6292740368e-15, 4.76268330329e-15, 5.18544718815e-15]
    kurt: [19.7500247955, 22.8331871033, 19.2288188934, 13.4788322449, 8.27847766876]
    max: [1.68974129338e-05, 7.44518956708e-07, 5.85234374739e-07, 4.62951959435e-07, 4.69909963385e-07]
    mean: [1.66001136677e-05, 9.88133450619e-08, 9.79864296369e-08, 1.14282222796e-07, 1.26921861465e-07]
    median: [1.67536381923e-05, 7.38721013249e-08, 7.99919490646e-08, 1.04114135979e-07, 1.22430193983e-07]
    min: [1.24495954879e-05, 4.01272544082e-08, 3.74569850692e-08, 3.96838117922e-08, 3.75581237222e-08]
    skew: [-4.57401180267, 4.77647542953, 4.40053939819, 3.42046070099, 2.62320017815]
    var: [5.97554828969e-13, 1.2785195774e-14, 8.13326202855e-15, 4.8280479888e-15, 6.74882521626e-15]
