
metadata:
    version:
        essentia: "2.1-beta3"

Flux:
    dmean: 0.000162620141055
    dmean2: 0.000215802152525
    dvar: 2.85811694312e-07
    dvar2: 5.64747949738e-07
    kurt: 9.56510734558
    max: 0.00310023967177
    mean: 0.000212115628528
    median: 6.88063983034e-06
    min: 5.53862764718e-06
    skew: 3.29272961617
    var: 4.6222913852e-07

Rms:
    dmean: 6.3038089138e-05
    dmean2: 4.60894661956e-05
    dvar: 5.19260971998e-08
    dvar2: 2.33333530275e-08
    kurt: 20.822971344
    max: 0.00223889341578
    mean: 0.00215941411443
    median: 0.00223862356506
    min: 0.000408896419685
    skew: -4.53010034561
    var: 9.66435464989e-08

RollOff:
    dmean: 6.36208295822
    dmean2: 6.00926589966
    dvar: 1255.71704102
    dvar2: 1063.77819824
    kurt: 38.8712425232
    max: 3143.84765625
    mean: 2892.14990234
    median: 2885.44921875
    min: 2885.44921875
    skew: 6.35261535645
    var: 1459.50073242

SpecCent:
    dmean: 1.85147368908
    dmean2: 3.47616505623
    dvar: 1.7282551527
    dvar2: 3.94322133064
    kurt: 6.91779708862
    max: 2859.91552734
    mean: 2854.91723633
    median: 2854.85083008
    min: 2849.07446289
    skew: -0.552698552608
    var: 2.02240395546

Zcr:
    dmean: 0.00446111522615
    dmean2: 0.00327034876682
    dvar: 0.000258061947534
    dvar2: 0.000174883258296
    kurt: 17.7982501984
    max: 0.13037109375
    mean: 0.124717883766
    median: 0.13037109375
    min: 0.00439453125
    skew: -4.23490667343
    var: 0.000497335742693

HarmonicAmpFreq:
    dmean: [0.299599379301]
    dmean2: [0.306566804647]
    dvar: [3.85967087746]
    dvar2: [3.94729471207]
    kurt: [39.9994888306]
    max: [2879.50390625]
    mean: [2879.20922852]
    median: [2879.50390625]
    min: [2866.3215332]
    skew: [-6.47980546951]
    var: [3.77585411072]

HarmonicAmpMag:
    dmean: [7.76593296337e-08]
    dmean2: [7.94653587377e-08]
    dvar: [2.5933178131e-13]
    dvar2: [2.65219243052e-13]
    kurt: [40.0227279663]
    max: [3.41701047546e-06]
    mean: [7.5933563437e-08]
    median: [0]
    min: [0]
    skew: [6.48249435425]
    var: [2.53699893125e-13]

MfccCoeff:
    dmean: [0.769067943096, 0.254023462534, 0.950180947781, 0.681627094746, 0.587858021259, 0.900402247906, 0.128593444824, 0.864231467247, 0.276761829853, 0.620935976505, 0.515240907669, 0.341337025166, 0.643040657043]
    dmean2: [0.908146321774, 0.299229830503, 1.11715340614, 0.795878589153, 0.681535243988, 1.03142237663, 0.143899962306, 0.957481563091, 0.30512291193, 0.649028718472, 0.533275842667, 0.319253802299, 0.610267579556]
    dvar: [12.713684082, 1.39597260952, 19.5016441345, 10.1652765274, 7.57942962646, 18.1979026794, 0.370262354612, 17.582983017, 1.85620498657, 9.91663169861, 7.04112815857, 2.48790359497, 9.32769393921]
    dvar2: [18.9954586029, 2.07107377052, 28.793800354, 14.7203826904, 10.7693691254, 25.0040969849, 0.478018552065, 22.0625686646, 2.29649448395, 10.6917877197, 7.40915679932, 2.00645065308, 7.84338855743]
    kurt: [27.7803421021, 28.1265239716, 28.1053714752, 28.7974720001, 28.9882736206, 30.0125770569, 29.5264396667, 31.4235458374, 32.4347610474, 32.3120536804, 32.93699646, 31.1189460754, 32.2217254639]
    max: [-1115.48022461, 1.14440917969e-05, -6.103515625e-05, 20.5709571838, 17.7566986084, 2.28881835938e-05, -2.67028808594e-05, 27.1622257233, -4.57763671875e-05, -2.28881835938e-05, 17.1515541077, 11.2140197754, -3.81469726562e-05]
    mean: [-1121.10986328, -5.78025865555, -21.6725482941, 15.9421224594, 13.9600820541, -22.2771644592, -3.28531455994, 23.3623962402, -7.70977258682, -19.1315174103, 16.3908061981, 10.8511762619, -20.8193798065]
    median: [-1120.70568848, -5.91572952271, -22.1853523254, 16.3257637024, 14.3049316406, -22.840965271, -3.37563705444, 23.9966678619, -7.91714477539, -19.6987228394, 16.8764457703, 11.2135467529, -21.4935569763]
    min: [-1138.42004395, -7.61043167114, -28.4333152771, 8.01086425781e-05, -6.103515625e-05, -27.5938529968, -3.90716171265, -5.34057617188e-05, -8.86695098877, -20.301399231, -2.67028808594e-05, -3.0517578125e-05, -21.4943504333]
    skew: [-4.93798971176, 4.99319076538, 5.00425434113, -5.12177991867, -5.18148851395, 5.34033632278, 5.36958503723, -5.57212209702, 5.67755937576, 5.70732927322, -5.76758146286, -5.57607889175, 5.68533802032]
    var: [8.13024330139, 0.900807857513, 12.6674575806, 6.76968383789, 5.17381954193, 12.9491767883, 0.284238696098, 13.9301118851, 1.49341309071, 9.22184658051, 6.7044005394, 3.02028155327, 10.9281787872]

SpecContrastCoeff:
    dmean: [0.0470269545913, 0.0303530916572, 0.0156881194562, 0.0135664353147, 0.0189346149564, 0.00816384609789]
    dmean2: [0.0919774919748, 0.0585516318679, 0.0284923017025, 0.0267252922058, 0.0275771208107, 0.0154406689107]
    dvar: [0.00120975717437, 0.000481472729007, 0.000152491411427, 0.000100218116131, 0.00128146086354, 3.28531277773e-05]
    dvar2: [0.00202546571381, 0.00152051565237, 0.000502845679875, 0.000315491750371, 0.001293302048, 0.00010709885828]
    kurt: [8.57536792755, 0.493281602859, 3.67866945267, -0.886114358902, 17.9864616394, 1.74476623535]
    max: [-0.688198626041, -0.886300683022, -0.914034962654, -0.919261515141, -0.521479725838, -0.900833845139]
    mean: [-0.746838390827, -0.933279156685, -0.943931162357, -0.940648496151, -0.565544068813, -0.920666158199]
    median: [-0.746434986591, -0.932281911373, -0.943510174751, -0.938667535782, -0.554516613483, -0.921688437462]
    min: [-0.976595580578, -0.996433377266, -0.994235515594, -0.965779304504, -0.857199847698, -0.938188791275]
    skew: [-2.76218795776, -0.223055958748, -0.965825676918, -0.184184983373, -4.25102853775, 0.253304183483]
    var: [0.00303978123702, 0.000487630401039, 0.000162382129929, 0.000122243262012, 0.00296551524661, 3.75182753487e-05]

SpecPeakAmp:
    dmean: [8.3508842863e-07, 9.10450182801e-07, 8.59064869019e-07, 9.1624747256e-07, 8.47241039992e-07]
    dmean2: [1.01533157704e-06, 1.47259936512e-06, 1.37416134294e-06, 1.51679296323e-06, 1.43478257542e-06]
    dvar: [5.89183389577e-12, 9.59541734263e-12, 9.45118896339e-12, 9.38724879079e-12, 8.10320213707e-12]
    dvar2: [6.38161442093e-12, 2.46377744595e-11, 2.42198101852e-11, 2.41996214734e-11, 2.12815563783e-11]
    kurt: [34.6470489502, 39.4626121521, 39.6310844421, 39.5741615295, 36.6222457886]
    max: [1.74470587808e-05, 1.54885765369e-05, 1.54417029989e-05, 1.56297028298e-05, 1.57855829457e-05]
    mean: [1.63112235896e-05, 7.62596755521e-07, 8.6963314061e-07, 8.72653458828e-07, 8.64443506998e-07]
    median: [1.66852369148e-05, 4.62478311647e-07, 5.27867484834e-07, 5.3225113561e-07, 4.99371424212e-07]
    min: [3.96437684458e-07, 1.24338001228e-07, 2.77963209783e-07, 2.29741289104e-07, 1.31931173541e-07]
    skew: [-5.89208936691, 6.41680622101, 6.4362616539, 6.42938375473, 6.11604595184]
    var: [6.15905460313e-12, 4.96095612507e-12, 4.8481769814e-12, 4.97537688132e-12, 5.27502477463e-12]
