
metadata:
    version:
        essentia: "2.1-beta3"

Flux:
    dmean: 0.00363591033965
    dmean2: 0.00479639600962
    dvar: 0.000143536235555
    dvar2: 0.00028304499574
    kurt: 9.5907459259
    max: 0.0695748329163
    mean: 0.00467521930113
    median: 7.28024897398e-05
    min: 2.52475674642e-05
    skew: 3.29552936554
    var: 0.000232649283134

Rms:
    dmean: 0.00141014519613
    dmean2: 0.00103166990448
    dvar: 2.60457054537e-05
    dvar2: 1.17311910799e-05
    kurt: 20.8264255524
    max: 0.0501234978437
    mean: 0.0483496934175
    median: 0.0501210838556
    min: 0.00919011328369
    skew: -4.53096055984
    var: 4.836664084e-05

RollOff:
    dmean: 5.87269163132
    dmean2: 5.5084939003
    dvar: 1040.40332031
    dvar2: 864.664428711
    kurt: 38.6570053101
    max: 3122.31445312
    mean: 2891.67163086
    median: 2885.44921875
    min: 2885.44921875
    skew: 6.3290553093
    var: 1228.69165039

SpecCent:
    dmean: 2.12466144562
    dmean2: 3.27457308769
    dvar: 22.1862869263
    dvar2: 15.124121666
    kurt: 37.1194610596
    max: 2892.11303711
    mean: 2855.76513672
    median: 2854.86450195
    min: 2853.69995117
    skew: 6.14864015579
    var: 31.0977516174

Zcr:
    dmean: 0.00437233643606
    dmean2: 0.00307730748318
    dvar: 0.000256028521108
    dvar2: 0.000170392013388
    kurt: 17.7951984406
    max: 0.13037109375
    mean: 0.124739579856
    median: 0.13037109375
    min: 0.00439453125
    skew: -4.23466348648
    var: 0.000497569970321

HarmonicAmpFreq:
    dmean: [0.494806468487]
    dmean2: [0.506313562393]
    dvar: [10.5278377533]
    dvar2: [10.7668447495]
    kurt: [40.0122337341]
    max: [2879.50976562]
    mean: [2879.0246582]
    median: [2879.50976562]
    min: [2857.73828125]
    skew: [-6.48127889633]
    var: [10.2992076874]

HarmonicAmpMag:
    dmean: [1.77171818905e-06]
    dmean2: [1.81292091384e-06]
    dvar: [1.34976377297e-10]
    dvar2: [1.38040662234e-10]
    kurt: [40.0227241516]
    max: [7.79555994086e-05]
    mean: [1.73234661816e-06]
    median: [0]
    min: [0]
    skew: [6.48249340057]
    var: [1.32045097079e-10]

MfccCoeff:
    dmean: [11.6073331833, 1.80861163139, 3.01477408409, 1.41838717461, 0.839668691158, 0.981110036373, 0.543443620205, 1.05743324757, 0.767656505108, 1.12088048458, 1.11201620102, 1.0166438818, 1.18985700607]
    dmean2: [17.4077720642, 2.86900687218, 4.15016508102, 1.83277213573, 0.921310424805, 0.803292393684, 0.8662545681, 0.765859901905, 1.08502328396, 1.37950658798, 1.32710015774, 1.5196839571, 1.3531908989]
    dvar: [2758.47192383, 63.7038726807, 175.809967041, 40.4199066162, 7.14215373993, 18.1540794373, 0.389389812946, 17.5143966675, 1.85583877563, 13.1818904877, 8.60416507721, 5.11999988556, 16.7419509888]
    dvar2: [6904.37695312, 169.282470703, 370.477416992, 71.161895752, 3.0343401432, 7.92351722717, 0.451388031244, 7.98196363449, 0.858978450298, 12.7858161926, 6.49758481979, 6.50739383698, 16.5410995483]
    kurt: [38.7150917053, 35.7994003296, 19.4697093964, 25.5797271729, 32.7359771729, 32.8178863525, 19.9282627106, 27.2225284576, 29.5793609619, 20.9466457367, 21.9620628357, 17.2316589355, 19.6915912628]
    max: [-865.603515625, 31.0743484497, -7.75280761719, 46.6293106079, 30.8878211975, -7.83220672607, -0.808330535889, 49.1342697144, -2.86456298828, -5.76895904541, 35.6069602966, 22.7698612213, -5.91522216797]
    mean: [-1098.04614258, -10.7685537338, -44.8677940369, 32.6008453369, 28.0823440552, -44.7681007385, -6.56384897232, 46.6489105225, -15.3710594177, -37.9216461182, 32.3502578735, 21.4434642792, -40.8281936646]
    median: [-1102.78308105, -11.8905220032, -44.6150016785, 32.785572052, 28.7321052551, -45.7603416443, -6.77095031738, 47.9346847534, -15.678276062, -39.2097854614, 33.3373680115, 22.3049106598, -42.3048057556]
    min: [-1132.14343262, -13.4402656555, -87.1953659058, 5.81706619263, 4.74504089355, -48.6337089539, -7.13478851318, 7.73494148254, -18.064994812, -39.4850082397, 5.26801681519, 2.74351501465, -43.3962211609]
    skew: [6.3130106926, 6.0395860672, -0.920830070972, -3.85498285294, -5.72280883789, 5.73389148712, 4.36381340027, -5.24509477615, 5.29961395264, 4.67501926422, -4.74801540375, -4.23903369904, 4.52180862427]
    var: [1247.32824707, 41.9396629333, 71.0761642456, 20.7465686798, 13.6237955093, 34.0861663818, 1.07038760185, 41.8262786865, 4.10559797287, 33.9184150696, 23.1446094513, 13.0305528641, 41.3795013428]

SpecContrastCoeff:
    dmean: [0.0500716343522, 0.0102540878579, 0.0108778784052, 0.0146153150126, 0.0259438380599, 0.0156064955518]
    dmean2: [0.0945061445236, 0.0179857630283, 0.0197904463857, 0.0281691104174, 0.0369926057756, 0.0313998833299]
    dvar: [0.00108800968155, 0.00024629838299, 0.000134330330184, 6.78550131852e-05, 0.00220982125029, 0.000124957281514]
    dvar2: [0.00426034722477, 0.000325357512338, 0.000223837792873, 0.000282373715891, 0.0023514542263, 0.000451744504971]
    kurt: [0.789225816727, 28.4979782104, 20.051322937, 0.280866861343, 19.9272537231, -0.700965881348]
    max: [-0.824647665024, -0.891218781471, -0.914905667305, -0.921691834927, -0.360186487436, -0.909455180168]
    mean: [-0.924769103527, -0.98820412159, -0.984756052494, -0.952647805214, -0.428771704435, -0.935059130192]
    median: [-0.93892288208, -0.9926892519, -0.989625275135, -0.955977380276, -0.414948523045, -0.940287232399]
    min: [-0.997055351734, -0.996109008789, -0.99266397953, -0.963924527168, -0.818004667759, -0.94662976265]
    skew: [1.02029848099, 5.14609718323, 4.10290193558, 0.879977524281, -4.41658067703, 0.854183375835]
    var: [0.00122888269834, 0.000250104407314, 0.000152144930325, 9.59985045483e-05, 0.00493359658867, 0.000146783728269]

SpecPeakAmp:
    dmean: [2.12828217627e-05, 1.86397119251e-05, 1.86110228242e-05, 1.85039771168e-05, 1.72003019543e-05]
    dmean2: [3.30117545673e-05, 2.99940638797e-05, 2.99865841953e-05, 2.98861250485e-05, 2.85398218693e-05]
    dvar: [4.13525791387e-09, 4.20754320274e-09, 4.20378931665e-09, 4.1376932991e-09, 3.4724125797e-09]
    dvar2: [1.06336033312e-08, 1.06724771243e-08, 1.06847064529e-08, 1.05530206795e-08, 9.07611585887e-09]
    kurt: [38.5148124695, 39.6721076965, 39.655544281, 39.5362548828, 35.8684082031]
    max: [0.000326719193254, 0.000326346693328, 0.000327258981997, 0.0003282801772, 0.00032890267903]
    mean: [2.42213336605e-05, 1.39457279147e-05, 1.39915000545e-05, 1.42774333654e-05, 1.55994639499e-05]
    median: [1.61249226949e-05, 7.12599239705e-06, 7.11497523298e-06, 7.34734294383e-06, 7.56945564717e-06]
    min: [9.45427018451e-06, 1.46003117152e-06, 1.32754939841e-06, 1.55880786679e-06, 1.54262670549e-06]
    skew: [6.30358505249, 6.44106292725, 6.43911170959, 6.42537975311, 6.04294729233]
    var: [2.1171546738e-09, 2.22716156628e-09, 2.23996932114e-09, 2.25365193174e-09, 2.34895569662e-09]
