
metadata:
    version:
        essentia: "2.1-beta3"

Flux:
    dmean: 0.0325936041772
    dmean2: 0.043050929904
    dvar: 0.0116464970633
    dvar2: 0.0224448200315
    kurt: 9.39989948273
    max: 0.640530467033
    mean: 0.0431564003229
    median: 0.000855266407598
    min: 0.000132693952764
    skew: 3.26754808426
    var: 0.0195986032486

Rms:
    dmean: 0.012970992364
    dmean2: 0.00953043904155
    dvar: 0.00221736193635
    dvar2: 0.00100582418963
    kurt: 21.0613384247
    max: 0.461806714535
    mean: 0.445529907942
    median: 0.461784571409
    min: 0.0836704224348
    skew: -4.55416107178
    var: 0.00410316232592

RollOff:
    dmean: 7.83025550842
    dmean2: 7.51158237457
    dvar: 2025.24182129
    dvar2: 1787.50793457
    kurt: 39.2808837891
    max: 3208.44726562
    mean: 2893.58569336
    median: 2885.44921875
    min: 2885.44921875
    skew: 6.39806652069
    var: 2272.82788086

SpecCent:
    dmean: 8.35140132904
    dmean2: 9.86059570312
    dvar: 1711.15234375
    dvar2: 1583.1105957
    kurt: 39.8186569214
    max: 3146.43676758
    mean: 2861.6484375
    median: 2855.17651367
    min: 2852.48950195
    skew: 6.45879650116
    var: 1847.67260742

Zcr:
    dmean: 0.00442782323807
    dmean2: 0.00323628261685
    dvar: 0.000254028476775
    dvar2: 0.000172049796674
    kurt: 17.8783187866
    max: 0.13037109375
    mean: 0.124750435352
    median: 0.13037109375
    min: 0.0048828125
    skew: -4.24239730835
    var: 0.00049215555191

HarmonicAmpFreq:
    dmean: [0.287431210279]
    dmean2: [0.294115632772]
    dvar: [3.55251789093]
    dvar2: [3.6331679821]
    kurt: [40.0232505798]
    max: [2892.15478516]
    mean: [2879.78881836]
    median: [2879.5078125]
    min: [2879.5078125]
    skew: [6.48255443573]
    var: [3.47536802292]

HarmonicAmpMag:
    dmean: [1.59347418958e-05]
    dmean2: [1.6305317331e-05]
    dvar: [1.09183879715e-08]
    dvar2: [1.11662634694e-08]
    kurt: [40.0227279663]
    max: [0.000701128679793]
    mean: [1.55806374096e-05]
    median: [0]
    min: [0]
    skew: [6.48249435425]
    var: [1.06812763079e-08]

MfccCoeff:
    dmean: [46.3952560425, 44.8939704895, 6.45805931091, 11.8780527115, 5.72903394699, 6.42704343796, 2.84597182274, 2.52610206604, 0.939793586731, 2.3035056591, 2.14879703522, 1.11441218853, 1.86308467388]
    dmean2: [81.183013916, 89.094871521, 11.9008541107, 24.0644989014, 10.6989679337, 11.7748241425, 5.61056852341, 3.73794198036, 1.24985325336, 3.69775295258, 3.68813443184, 1.85385751724, 2.39513421059]
    dvar: [5865.96289062, 346.245788574, 22.222694397, 40.7169342041, 14.613861084, 27.2936592102, 1.44750416279, 29.8678760529, 4.38619232178, 20.4518756866, 13.0338630676, 5.57146978378, 23.8987960815]
    dvar2: [13905.8154297, 1525.75195312, 27.500629425, 144.672042847, 19.8998889923, 39.0131378174, 6.13875579834, 41.5825386047, 8.11990451813, 25.9270648956, 18.9658279419, 7.14310979843, 25.4406452179]
    kurt: [22.6899147034, -1.52495479584, 18.1782360077, -0.38064289093, 6.59342002869, 9.15218544006, -0.0333912372589, 15.0239887238, 11.8853635788, 13.6607818604, 12.569401741, 11.7149267197, 16.3832950592]
    max: [-663.423217773, 23.1740531921, -67.583404541, 72.03125, 52.4075202942, -27.6020011902, -1.34035873413, 65.2086029053, -6.10252380371, -9.73922729492, 40.9473381042, 23.6643314362, -4.96549987793]
    mean: [-998.678100586, -7.53655004501, -103.900566101, 59.6706542969, 43.2728691101, -62.3071174622, -6.20511054993, 54.6447639465, -18.6862716675, -40.6786499023, 34.7329597473, 22.1861228943, -41.6767349243]
    median: [-1001.4119873, -3.48904800415, -103.511550903, 59.3925018311, 43.916934967, -63.582698822, -5.46519088745, 56.1611785889, -18.9853515625, -42.325592041, 35.991191864, 23.1630573273, -43.2515830994]
    min: [-1064.32580566, -54.5978355408, -111.135452271, 40.4961280823, 17.2682037354, -75.1714782715, -9.92765808105, 17.1677188873, -25.0357208252, -45.5686569214, 11.877368927, 6.51881790161, -47.2827568054]
    skew: [4.54841995239, -0.191119402647, 3.68000721931, -0.229120776057, -2.37407970428, 2.83964419365, -0.268006205559, -3.83631467819, 2.75957322121, 3.78173780441, -3.58566045761, -3.60821127892, 4.09543943405]
    var: [3364.9777832, 633.501708984, 43.0420913696, 59.2972183228, 42.2352218628, 61.8368911743, 3.30574536324, 54.6948013306, 6.68062210083, 40.4002227783, 23.8102531433, 12.5603513718, 49.7555656433]

SpecContrastCoeff:
    dmean: [0.0257376413792, 0.0153347579762, 0.0172175690532, 0.0227673929185, 0.0319197140634, 0.0239646732807]
    dmean2: [0.0511515289545, 0.0284516680986, 0.0318180508912, 0.045428737998, 0.0409970991313, 0.0486395098269]
    dvar: [0.000598885235377, 0.000195935092052, 0.000143066383316, 0.000146399965161, 0.00373225728981, 0.000225033130846]
    dvar2: [0.00214914907701, 0.000655343523249, 0.000372526963474, 0.000430496031186, 0.00253017921932, 0.000849688309245]
    kurt: [6.33237934113, 5.34662818909, 11.6475744247, 3.12590503693, 19.9032287598, -0.757936954498]
    max: [-0.877953529358, -0.916586220264, -0.890261411667, -0.873440444469, -0.226972311735, -0.888123333454]
    mean: [-0.972192466259, -0.985825002193, -0.978953301907, -0.938294291496, -0.284099549055, -0.921702742577]
    median: [-0.980066239834, -0.993850827217, -0.985904574394, -0.942681908607, -0.264858037233, -0.930082201958]
    min: [-0.988010406494, -0.996987402439, -0.99169421196, -0.955228328705, -0.79483962059, -0.935918211937]
    skew: [2.33888745308, 2.19414782524, 2.97669267654, 1.5697889328, -4.4140048027, 0.82429254055]
    var: [0.00046675093472, 0.000266460730927, 0.000311696319841, 0.000311203300953, 0.00839261990041, 0.000247045391006]

SpecPeakAmp:
    dmean: [7.71813647589e-05, 7.67072706367e-05, 7.54323555157e-05, 7.44946228224e-05, 6.47350752843e-05]
    dmean2: [0.000140041636769, 0.00013913710427, 0.000137204071507, 0.000135795839014, 0.000121782381029]
    dvar: [1.05503668024e-08, 1.02850785666e-08, 1.00522576929e-08, 1.02754391662e-08, 7.52949258498e-09]
    dvar2: [2.59753090148e-08, 2.52226435293e-08, 2.49767229121e-08, 2.57792329705e-08, 1.18815854933e-08]
    kurt: [20.9919776917, 20.600851059, 21.8116703033, 22.0171070099, 13.9278526306]
    max: [0.000557769089937, 0.00055307376897, 0.000562981294934, 0.000597728590947, 0.000701128679793]
    mean: [8.03722796263e-05, 7.17591319699e-05, 7.28319209884e-05, 7.62731579016e-05, 9.0178415121e-05]
    median: [7.25056161173e-05, 6.31034490652e-05, 6.49653884466e-05, 6.53953538858e-05, 6.60995865474e-05]
    min: [1.1593590898e-05, 3.37319488608e-06, 4.78184392705e-06, 8.32261321193e-06, 1.42821581903e-05]
    skew: [4.31599712372, 4.31320333481, 4.44003915787, 4.47098064423, 3.82006287575]
    var: [7.06164593467e-09, 7.28229876401e-09, 7.32178140339e-09, 8.24084533946e-09, 1.72443481716e-08]
