
metadata:
    version:
        essentia: "2.1-beta3"

Flux:
    dmean: 0.0170755982399
    dmean2: 0
    dvar: 0
    dvar2: 0
    kurt: -2
    max: 0.389512985945
    mean: 0.380975186825
    median: 0.380975186825
    min: 0.372437387705
    skew: 0
    var: 7.28940140107e-05

Rms:
    dmean: 0
    dmean2: 0
    dvar: 0
    dvar2: 0
    kurt: 0
    max: 0.133691966534
    mean: 0.133691966534
    median: 0.133691966534
    min: 0.133691966534
    skew: 0
    var: 0

RollOff:
    dmean: 925.927734375
    dmean2: 0
    dvar: 0
    dvar2: 0
    kurt: -2
    max: 2734.71679688
    mean: 2271.75292969
    median: 2271.75292969
    min: 1808.7890625
    skew: 0
    var: 214335.546875

SpecCent:
    dmean: 111.002197266
    dmean2: 0
    dvar: 0
    dvar2: 0
    kurt: -2
    max: 2372.37841797
    mean: 2316.87744141
    median: 2316.87744141
    min: 2261.3762207
    skew: -6.58033150103e-06
    var: 3080.37207031

Zcr:
    dmean: 0.00048828125
    dmean2: 0
    dvar: 0
    dvar2: 0
    kurt: -2
    max: 0.0185546875
    mean: 0.018310546875
    median: 0.018310546875
    min: 0.01806640625
    skew: 0
    var: 5.96046447754e-08

HarmonicAmpFreq:
    dmean: [0]
    dmean2: [0]
    dvar: [0]
    dvar2: [0]
    kurt: [nan]
    max: [2432.69165039]
    mean: [2432.69165039]
    median: [2432.69165039]
    min: [2432.69165039]
    skew: [nan]
    var: [0]

HarmonicAmpMag:
    dmean: [0]
    dmean2: [0]
    dvar: [0]
    dvar2: [0]
    kurt: [nan]
    max: [0]
    mean: [0]
    median: [0]
    min: [0]
    skew: [nan]
    var: [0]

MfccCoeff:
    dmean: [289.429748535, 162.315368652, 48.8504486084, 39.7682914734, 3.3178691864, 4.4456577301, 1.32147979736, 7.73110389709, 0.0694465637207, 3.34877586365, 1.80240631104, 2.02452468872, 1.23471069336]
    dmean2: [0, 0, 0, 0, 0, 0, 0, 0, 0, 0, 0, 0, 0]
    dvar: [0, 0, 0, 0, 0, 0, 0, 0, 0, 0, 0, 0, 0]
    dvar2: [0, 0, 0, 0, 0, 0, 0, 0, 0, 0, 0, 0, 0]
    kurt: [-1.99999988079, -2.00000023842, -1.99999988079, -2, -2, -2, -1.99999988079, -1.99999988079, -1.99999988079, -2, -1.99999988079, -1.99999988079, -2]
    max: [-569.29296875, 178.502044678, -88.0762329102, -21.3537864685, 16.9190502167, -6.59694671631, -13.2361602783, 10.9828891754, 3.83826828003, -2.87138366699, 0.743045806885, 5.55425643921, -1.07431030273]
    mean: [-714.0078125, 97.3443603516, -112.501457214, -41.2379302979, 15.2601156235, -8.81977558136, -13.896900177, 7.11733722687, 3.80354499817, -4.54577159882, -0.158157348633, 4.54199409485, -1.69166564941]
    median: [-714.0078125, 97.3443603516, -112.501457214, -41.2379302979, 15.2601156235, -8.81977558136, -13.896900177, 7.11733722687, 3.80354499817, -4.54577159882, -0.158157348633, 4.54199409485, -1.69166564941]
    min: [-858.722717285, 16.1866836548, -136.926681519, -61.1220779419, 13.6011810303, -11.0426044464, -14.5576400757, 3.25178527832, 3.76882171631, -6.22015953064, -1.05936050415, 3.52973175049, -2.30902099609]
    skew: [-6.18673880126e-07, 1.75380932887e-07, 0, -3.10541196313e-07, 0, 0, 0, 0, 0, 0, 0, 0, 0]
    var: [20942.3945312, 6586.56933594, 596.591552734, 395.379272461, 2.75206398964, 4.94096803665, 0.43657720089, 14.9424915314, 0.00120570627041, 2.80357503891, 0.812167108059, 1.02467501163, 0.381127625704]

SpecContrastCoeff:
    dmean: [0.12324565649, 0.0482294559479, 0.111416220665, 0.0846520066261, 0.153477013111, 0.0394554138184]
    dmean2: [0, 0, 0, 0, 0, 0]
    dvar: [0, 0, 0, 0, 0, 0]
    dvar2: [0, 0, 0, 0, 0, 0]
    kurt: [-1.99999988079, -2, -2, -1.99999988079, -2, -2]
    max: [-0.814379692078, -0.848660290241, -0.870056569576, -0.833150625229, -0.567089498043, -0.900187969208]
    mean: [-0.876002550125, -0.872775018215, -0.925764679909, -0.87547659874, -0.643828034401, -0.919915676117]
    median: [-0.876002550125, -0.872775018215, -0.925764679909, -0.87547659874, -0.643828034401, -0.919915676117]
    min: [-0.937625348568, -0.896889746189, -0.981472790241, -0.917802631855, -0.720566511154, -0.939643383026]
    skew: [1.46137995216e-06, 0, 0, -2.11101382774e-06, 1.19146659472e-06, 0]
    var: [0.00379737280309, 0.000581520085689, 0.00310339359567, 0.00179149047472, 0.0058887982741, 0.000389182416257]

SpecPeakAmp:
    dmean: [0.0025387769565, 0.0023400071077, 0.00191355741117, 0.00225954549387, 0.00309840915725]
    dmean2: [0, 0, 0, 0, 0]
    dvar: [0, 0, 0, 0, 0]
    dvar2: [0, 0, 0, 0, 0]
    kurt: [-1.99999988079, -2, -2, -2, -2]
    max: [0.00381633103825, 0.00378419156186, 0.00369859533384, 0.00233522523195, 0.00316860200837]
    mean: [0.00254694256, 0.00261418800801, 0.00274181668647, 0.00120545248501, 0.00161939742975]
    median: [0.00254694256, 0.00261418800801, 0.00274181668647, 0.00120545248501, 0.00161939742975]
    min: [0.00127755396534, 0.00144418433774, 0.00178503792267, 7.56798108341e-05, 7.01927856426e-05]
    skew: [-1.628350077e-07, -1.38636835345e-07, -1.90137143363e-07, 1.15485718766e-07, -5.9719177159e-08]
    var: [1.61134721566e-06, 1.3689084426e-06, 9.15425516723e-07, 1.2763863424e-06, 2.40003510044e-06]
