
metadata:
    version:
        essentia: "2.1-beta3"

Flux:
    dmean: 6.9316383815e-06
    dmean2: 1.0566367564e-05
    dvar: 5.37598077166e-10
    dvar2: 1.12747267078e-09
    kurt: 13.3216609955
    max: 0.000123805482872
    mean: 8.12690632301e-06
    median: 1.98196948986e-06
    min: 7.6631124557e-07
    skew: 3.79710841179
    var: 5.74942704556e-10

Rms:
    dmean: 2.36395794673e-06
    dmean2: 2.80925951301e-06
    dvar: 4.17262058239e-11
    dvar2: 3.19439023844e-11
    kurt: 18.0726299286
    max: 0.000101951198303
    mean: 9.94850415736e-05
    median: 0.00010153776384
    min: 6.01041829214e-05
    skew: -4.35020160675
    var: 5.64605376341e-11

RollOff:
    dmean: 1.00154435635
    dmean2: 1.025390625
    dvar: 20.5633563995
    dvar2: 21.0285148621
    kurt: 17.0476436615
    max: 215.33203125
    mean: 194.777603149
    median: 193.798828125
    min: 193.798828125
    skew: 4.36436223984
    var: 20.118303299

SpecCent:
    dmean: 5.72727918625
    dmean2: 8.96329784393
    dvar: 24.991060257
    dvar2: 52.9874343872
    kurt: 4.90276050568
    max: 459.175354004
    mean: 434.582519531
    median: 431.952941895
    min: 428.767944336
    skew: 2.193400383
    var: 44.6635971069

Zcr:
    dmean: 0.000340661325026
    dmean2: 0.00048828125
    dvar: 6.82374491134e-07
    dvar2: 6.35782896552e-07
    kurt: 16.5861415863
    max: 0.0087890625
    mean: 0.00820090528578
    median: 0.00830078125
    min: 0.00390625
    skew: -4.14410352707
    var: 7.3237356446e-07

HarmonicAmpFreq:
    dmean: [0.103980839252]
    dmean2: [0.130614504218]
    dvar: [0.122071444988]
    dvar2: [0.127292126417]
    kurt: [21.1344490051]
    max: [187.039550781]
    mean: [185.691421509]
    median: [185.704925537]
    min: [183.800857544]
    skew: [-2.26758003235]
    var: [0.123048119247]

HarmonicAmpMag:
    dmean: [3.66887024938e-06]
    dmean2: [3.75402510144e-06]
    dvar: [2.75372613601e-10]
    dvar2: [2.73092881642e-10]
    kurt: [22.2858009338]
    max: [0.000135116235469]
    mean: [0.000131462264108]
    median: [0.000135016132845]
    min: [3.76304524252e-05]
    skew: [-4.80968236923]
    var: [2.77935119364e-10]

MfccCoeff:
    dmean: [0.158018603921, 0.217325612903, 0.199284046888, 0.170422926545, 0.132508039474, 0.0878388136625, 0.0390958562493, 0.0112100644037, 0.0593015104532, 0.103119425476, 0.140075325966, 0.168253526092, 0.18629810214]
    dmean2: [0.162565678358, 0.223600834608, 0.205036714673, 0.17534892261, 0.136337280273, 0.0903807133436, 0.040279570967, 0.0117445448413, 0.0610268004239, 0.106103077531, 0.14411509037, 0.173090070486, 0.191662743688]
    dvar: [0.590046107769, 1.11631405354, 0.939087986946, 0.687516033649, 0.416451156139, 0.183719605207, 0.0368782542646, 0.00262199575081, 0.0814189463854, 0.248413413763, 0.460205882788, 0.665620923042, 0.817780673504]
    dvar2: [0.597003757954, 1.12946724892, 0.950078070164, 0.69544839859, 0.42112365365, 0.185656622052, 0.037176258862, 0.00268897716887, 0.0826310962439, 0.251789152622, 0.466195374727, 0.674028217793, 0.82782793045]
    kurt: [28.9672698975, 28.9779014587, 29.0117721558, 29.0784721375, 29.2042007446, 29.474155426, 30.4033889771, 22.7208633423, 27.7171459198, 28.2496376038, 28.4842529297, 28.6428413391, 28.7797355652]
    max: [-1133.61047363, 6.6160697937, 6.07012939453, 5.19731521606, 4.04985046387, 2.69696807861, 1.21887588501, -5.34057617188e-05, -4.57763671875e-05, -2.28881835938e-05, -2.67028808594e-05, -3.0517578125e-05, -3.81469726562e-05]
    mean: [-1133.76574707, 6.40250444412, 5.87428331375, 5.02979564667, 3.91952872276, 2.61051487923, 1.18030548096, -0.286880999804, -1.70618999004, -2.9973654747, -4.08982515335, -4.9267911911, -5.46875476837]
    median: [-1133.61242676, 6.61343002319, 6.06771850586, 5.19525527954, 4.04824066162, 2.69589996338, 1.21826553345, -0.297523498535, -1.76342391968, -3.09715652466, -4.22553634644, -5.08989715576, -5.64942550659]
    min: [-1138.42004395, 1.14440917969e-05, -6.103515625e-05, 8.01086425781e-05, -6.103515625e-05, 2.28881835938e-05, -2.67028808594e-05, -0.298141479492, -1.76467132568, -3.09885406494, -4.22755050659, -5.09209442139, -5.65168762207]
    skew: [-5.40562343597, -5.40657901764, -5.40968847275, -5.41581201553, -5.42737102509, -5.45223236084, -5.53836631775, 4.84839057922, 5.29163217545, 5.34001064301, 5.36140394211, 5.37589406967, 5.38842153549]
    var: [0.58322250843, 1.10341513157, 0.92830234766, 0.679715454578, 0.411839216948, 0.18179500103, 0.0365700051188, 0.00256220344454, 0.0802664235234, 0.245163246989, 0.45440492034, 0.657452702522, 0.807982981205]

SpecContrastCoeff:
    dmean: [0.0207175649703, 0.0164207462221, 0.0170384868979, 0.0147264944389, 0.0200232081115, 0.0238702017814]
    dmean2: [0.0266755670309, 0.030455974862, 0.0293748937547, 0.0220654569566, 0.0352725423872, 0.0443666167557]
    dvar: [0.0022469793912, 0.000135944981594, 0.000168136655702, 0.000297790102195, 0.000304974761093, 0.000416549184592]
    dvar2: [0.00192919024266, 0.000379971723305, 0.000330285023665, 0.00037426824565, 0.00048541589058, 0.000797612767201]
    kurt: [15.034154892, -0.909559011459, 8.54802703857, 10.7858314514, 5.01982498169, 0.952949047089]
    max: [-0.551918327808, -0.877545833588, -0.844029903412, -0.831673264503, -0.802771687508, -0.821130514145]
    mean: [-0.587954878807, -0.909277141094, -0.873814821243, -0.858739078045, -0.835305929184, -0.86037260294]
    median: [-0.575273990631, -0.908053994179, -0.874655306339, -0.855044841766, -0.836654901505, -0.866998314857]
    min: [-0.85827600956, -0.93389827013, -0.953408479691, -0.955169141293, -0.912487030029, -0.92283475399]
    skew: [-4.00432109833, 0.11747289449, -2.2401881218, -3.08655691147, -1.67470180988, -0.0207145176828]
    var: [0.00315129896626, 0.000198500871193, 0.000296025071293, 0.00045772959129, 0.000444227945991, 0.000429005391197]

SpecPeakAmp:
    dmean: [3.41471917409e-07, 8.22699803393e-05, 8.15209787106e-05, 1.32602735903e-07, 1.59316869031e-07]
    dmean2: [4.57108910723e-07, 0.000164315511938, 0.000163718068507, 1.74279037424e-07, 2.31185623534e-07]
    dvar: [2.98263204499e-13, 4.11000078415e-09, 4.33299351954e-09, 1.44991589806e-13, 4.5142546385e-14]
    dvar2: [2.88433719183e-13, 8.96224339186e-09, 9.10256847675e-09, 1.42650539818e-13, 4.43112411455e-14]
    kurt: [14.5336513519, -1.30340540409, -1.54920709133, 23.5746097565, 11.4153308868]
    max: [1.70476523635e-05, 0.000135093607241, 0.000135116235469, 2.49351637649e-06, 1.33415710479e-06]
    mean: [1.66253539646e-05, 4.27152772318e-05, 8.9135421149e-05, 2.59305465988e-07, 2.76386344922e-07]
    median: [1.67659054569e-05, 3.95903555273e-07, 0.000134993926622, 1.74180684098e-07, 2.06231149491e-07]
    min: [1.38510977195e-05, 3.12669470759e-07, 9.59950980928e-08, 1.00004058368e-07, 8.35736173599e-08]
    skew: [-3.90285015106, 0.803360104561, -0.671327054501, 4.87608480453, 3.38400244713]
    var: [3.77930407238e-13, 3.71920938491e-09, 4.07158839977e-09, 1.50649715684e-13, 6.26489691288e-14]
