
metadata:
    version:
        essentia: "2.1-beta3"

Flux:
    dmean: 0.000165813180502
    dmean2: 0.000216702945181
    dvar: 2.85122354171e-07
    dvar2: 5.56891620818e-07
    kurt: 9.78334236145
    max: 0.0031409219373
    mean: 0.000218259549001
    median: 1.46631500684e-05
    min: 5.7466859289e-06
    skew: 3.31829977036
    var: 4.62600809215e-07

Rms:
    dmean: 7.43284836062e-05
    dmean2: 6.8259309046e-05
    dvar: 4.92286638121e-08
    dvar2: 2.08806234525e-08
    kurt: 20.3626194
    max: 0.00224933749996
    mean: 0.00216032238677
    median: 0.00223682494834
    min: 0.000446648045909
    skew: -4.48724889755
    var: 9.3923034683e-08

RollOff:
    dmean: 7.34086465836
    dmean2: 7.01081037521
    dvar: 1748.13659668
    dvar2: 1525.20007324
    kurt: 39.1735305786
    max: 495.263671875
    mean: 201.455078125
    median: 193.798828125
    min: 193.798828125
    skew: 6.38610363007
    var: 1981.56872559

SpecCent:
    dmean: 21.8332023621
    dmean2: 20.4305839539
    dvar: 11853.7744141
    dvar2: 7676.54931641
    kurt: 37.5270500183
    max: 1059.94128418
    mean: 209.967346191
    median: 187.325164795
    min: 185.372924805
    skew: 6.21558618546
    var: 16922.0449219

Zcr:
    dmean: 0.000432794739027
    dmean2: 0.000522347399965
    dvar: 9.45176964251e-07
    dvar2: 6.91916682172e-07
    kurt: 19.4399089813
    max: 0.0087890625
    mean: 0.008062065579
    median: 0.00830078125
    min: 0.00048828125
    skew: -4.3345785141
    var: 1.86096008292e-06

HarmonicAmpFreq:
    dmean: [0.102369137108]
    dmean2: [0.145650461316]
    dvar: [0.0845687389374]
    dvar2: [0.164675399661]
    kurt: [11.7819309235]
    max: [186.580627441]
    mean: [185.68699646]
    median: [185.704116821]
    min: [184.885299683]
    skew: [-0.617576062679]
    var: [0.0462273694575]

HarmonicAmpMag:
    dmean: [0.000119487223856]
    dmean2: [9.47556400206e-05]
    dvar: [1.98774941396e-07]
    dvar2: [1.36111125926e-07]
    kurt: [15.9816856384]
    max: [0.00302499718964]
    mean: [0.00288093485869]
    median: [0.00302374176681]
    min: [0]
    skew: [-4.10388755798]
    var: [3.19887789146e-07]

MfccCoeff:
    dmean: [2.18654561043, 2.7307343483, 1.83654022217, 0.843588769436, 0.417494684458, 0.274216204882, 0.237725004554, 0.224314942956, 0.248825073242, 0.397361576557, 0.537691831589, 0.65066075325, 0.72910284996]
    dmean2: [3.09636449814, 3.83466148376, 2.49322581291, 1.01827156544, 0.282621502876, 0.424085408449, 0.416262954473, 0.309072613716, 0.260113924742, 0.350910097361, 0.42257001996, 0.45578622818, 0.466962844133]
    dvar: [104.74646759, 165.057388306, 78.4284362793, 20.8446178436, 3.89265370369, 2.22984147072, 1.34923160076, 0.929901480675, 1.87840473652, 3.69423890114, 5.4866528511, 6.9101896286, 8.07036972046]
    dvar2: [235.098251343, 363.766540527, 159.738937378, 31.3304748535, 1.5542396307, 3.59474182129, 3.4252011776, 2.05754542351, 2.01826238632, 2.55508446693, 2.72530198097, 2.98628973961, 4.04085302353]
    kurt: [24.1202373505, 22.3377170563, 19.5308380127, 34.2547607422, 31.5937957764, 18.2068767548, 20.9758205414, 21.2985992432, 37.2646255493, 35.7588119507, 32.1973953247, 28.1072311401, 24.8800983429]
    max: [-1079.62609863, 74.7801895142, 53.8868751526, 30.0710945129, 18.3261871338, 12.0349884033, 5.36810684204, -5.34057617188e-05, -4.57763671875e-05, -2.28881835938e-05, -2.67028808594e-05, -3.0517578125e-05, -3.81469726562e-05]
    mean: [-1116.19152832, 30.4171600342, 27.5051441193, 23.0669593811, 17.5342979431, 11.2851457596, 4.62850284576, -2.12976312637, -8.6341676712, -14.4949188232, -19.3558826447, -22.9542541504, -25.1359519958]
    median: [-1116.53479004, 30.0794792175, 27.5204811096, 23.4328041077, 18.0692138672, 11.7604980469, 4.8918800354, -2.12133026123, -8.86166381836, -14.9365844727, -20.0035152435, -23.7910766602, -26.1154899597]
    min: [-1138.42004395, 1.14440917969e-05, -6.103515625e-05, 8.01086425781e-05, -6.103515625e-05, 2.28881835938e-05, -2.536693573, -5.5352935791, -9.09711456299, -14.9370880127, -20.0040187836, -23.7916107178, -26.1160697937]
    skew: [3.23179626465, 2.5438811779, -0.29643535614, -5.62217998505, -5.64249515533, -4.4746222496, -4.69623661041, -2.78383803368, 6.18780565262, 6.01954650879, 5.65890455246, 5.26475715637, 4.96034860611]
    var: [40.8024978638, 64.4035720825, 32.2843971252, 13.0502681732, 7.83615779877, 5.02358484268, 1.69377374649, 0.377473860979, 1.75192630291, 5.03283166885, 9.43496799469, 14.2028131485, 18.1766910553]

SpecContrastCoeff:
    dmean: [0.0361695736647, 0.0129435574636, 0.0181067157537, 0.0216876231134, 0.0158576183021, 0.00927377305925]
    dmean2: [0.0405761525035, 0.024478873238, 0.0329940915108, 0.0426426269114, 0.0304975584149, 0.0169097837061]
    dvar: [0.0036907827016, 0.000317781814374, 0.000166564408573, 0.000245415169047, 0.000144739649841, 7.69766920712e-05]
    dvar2: [0.00190910615493, 0.000733618275262, 0.000532567093614, 0.000619078695308, 0.000400627992349, 0.000169383842149]
    kurt: [15.879743576, 11.7922115326, 0.621344089508, -0.420697927475, 1.62021970749, 9.56976318359]
    max: [-0.390011131763, -0.849113702774, -0.913558423519, -0.90219783783, -0.894068956375, -0.902771353722]
    mean: [-0.446313679218, -0.955410003662, -0.956146597862, -0.942173659801, -0.927464544773, -0.918223798275]
    median: [-0.42364487052, -0.963825166225, -0.961195170879, -0.946325421333, -0.929111361504, -0.917363345623]
    min: [-0.987178742886, -0.968150317669, -0.989112257957, -0.973616361618, -0.969724953175, -0.971391260624]
    skew: [-3.94958615303, 3.47373962402, 0.918957293034, 0.630847811699, -0.378112494946, -2.81520318985]
    var: [0.0105951465666, 0.000568950781599, 0.000233639948419, 0.000272980571026, 0.00018175515288, 0.000145402387716]

SpecPeakAmp:
    dmean: [8.76896301634e-05, 0.00178485317156, 0.0016691602068, 3.55817633135e-06, 2.9117604754e-06]
    dmean2: [0.000134877351229, 0.00357825891115, 0.00339444354177, 5.54312237e-06, 4.75949218526e-06]
    dvar: [1.44715713191e-07, 2.1905423182e-06, 2.20650599658e-06, 7.86429393829e-11, 5.29163692031e-11]
    dvar2: [3.71971623281e-07, 2.22935909733e-06, 2.50169341598e-06, 1.74491573968e-10, 1.34445718447e-10]
    kurt: [40.0041351318, -1.83311223984, -1.50937569141, 17.8414573669, 31.322719574]
    max: [0.00183953973465, 0.00302499718964, 0.0030244239606, 3.93002010242e-05, 3.60854573955e-05]
    mean: [5.72699282202e-05, 0.00181646563578, 0.00102922541555, 3.88487887903e-06, 3.17672515848e-06]
    median: [1.6620648239e-05, 0.00302294711582, 3.4437789509e-06, 2.51739015766e-06, 2.3663662887e-06]
    min: [5.11606003784e-06, 9.65519006968e-07, 5.64868742003e-07, 3.99282924946e-07, 3.13297988441e-07]
    skew: [6.48029184341, -0.408286720514, 0.687380313873, 4.40129232407, 5.56709671021]
    var: [7.22084863014e-08, 2.18201694224e-06, 2.00374665837e-06, 4.94959316588e-11, 2.76672035976e-11]
