
metadata:
    version:
        essentia: "2.1-beta3"

Flux:
    dmean: 0.00368352443911
    dmean2: 0.00495203677565
    dvar: 0.000142223507282
    dvar2: 0.000284796988126
    kurt: 9.39071655273
    max: 0.0686592757702
    mean: 0.00480965757743
    median: 0.000264569825958
    min: 2.92473832815e-05
    skew: 3.27239632607
    var: 0.000230361314607

Rms:
    dmean: 0.00169707287569
    dmean2: 0.00154639885295
    dvar: 2.65594844677e-05
    dvar2: 1.15031953101e-05
    kurt: 21.4149913788
    max: 0.0503601394594
    mean: 0.0483200587332
    median: 0.0501043908298
    min: 0.0079407626763
    skew: -4.58422803879
    var: 5.0571616157e-05

RollOff:
    dmean: 10.7666015625
    dmean2: 10.5162153244
    dvar: 4120.41845703
    dvar2: 3803.72119141
    kurt: 39.6428718567
    max: 645.99609375
    mean: 204.8046875
    median: 193.798828125
    min: 193.798828125
    skew: 6.43879747391
    var: 4443.53173828

SpecCent:
    dmean: 9.52678012848
    dmean2: 10.8254384995
    dvar: 2039.35534668
    dvar2: 1694.54602051
    kurt: 39.4099235535
    max: 516.234558105
    mean: 192.826782227
    median: 184.966094971
    min: 182.948440552
    skew: 6.41323328018
    var: 2394.23828125

Zcr:
    dmean: 0.000410600128816
    dmean2: 0.00048828125
    dvar: 8.88035231128e-07
    dvar2: 5.10104882778e-07
    kurt: 18.1410083771
    max: 0.0087890625
    mean: 0.008062065579
    median: 0.00830078125
    min: 0.0009765625
    skew: -4.21707487106
    var: 1.70201428773e-06

HarmonicAmpFreq:
    dmean: [0.107421524823]
    dmean2: [0.178165882826]
    dvar: [0.123828075826]
    dvar2: [0.330461114645]
    kurt: [27.8667011261]
    max: [185.728622437]
    mean: [185.632675171]
    median: [185.703964233]
    min: [183.660232544]
    skew: [-5.24217414856]
    var: [0.105394117534]

HarmonicAmpMag:
    dmean: [0.00267255795188]
    dmean2: [0.00207703537308]
    dvar: [9.85322549241e-05]
    dvar2: [6.87602732796e-05]
    kurt: [15.5796413422]
    max: [0.0677272379398]
    mean: [0.0644662305713]
    median: [0.0677025467157]
    min: [0]
    skew: [-4.05623292923]
    var: [0.000162121199537]

MfccCoeff:
    dmean: [13.0678348541, 9.79462337494, 2.21028232574, 4.44046211243, 7.30802440643, 8.69407176971, 8.57832431793, 7.1156463623, 5.05535984039, 2.93071508408, 1.56204259396, 1.92624425888, 2.27853679657]
    dmean2: [19.7557849884, 14.4180059433, 2.0793659687, 7.44544887543, 12.7136192322, 16.5291557312, 16.4852981567, 13.966553688, 9.60421276093, 5.17894792557, 1.89212608337, 2.4429974556, 2.72766566277]
    dvar: [1840.09912109, 729.552978516, 45.1468811035, 25.3727359772, 12.7708883286, 19.946439743, 17.679725647, 13.448975563, 8.08134555817, 11.471121788, 18.3284854889, 24.9440612793, 28.8632392883]
    dvar2: [4461.38232422, 1610.77905273, 31.1749153137, 25.0202999115, 43.1995582581, 61.2925491333, 65.5095291138, 44.7344245911, 22.3820552826, 16.8138637543, 19.2805309296, 24.6367702484, 28.4421844482]
    kurt: [33.5409355164, 18.3951396942, 20.0225563049, 22.3051681519, 8.0550994873, 0.433488130569, -1.52666211128, -1.5262773037, 3.74288082123, 14.10846138, 16.7665214539, 15.7753238678, 14.7033557892]
    max: [-896.114746094, 174.999145508, 92.4760131836, 64.8513946533, 47.0901222229, 28.1305541992, 12.8948402405, -1.07257080078, -2.82734680176, -1.69106292725, -0.302959442139, 0.775207519531, 1.23645019531]
    mean: [-1081.25708008, 74.2655334473, 63.5439109802, 51.1940155029, 36.2212333679, 20.8358078003, 5.90727186203, -7.47926998138, -19.0080490112, -28.303943634, -35.326675415, -39.9111938477, -42.0684356689]
    median: [-1085.03930664, 72.6308059692, 63.5607643127, 52.5435638428, 37.2999763489, 21.1150665283, 5.37143325806, -7.53782653809, -19.909286499, -29.7456130981, -36.976474762, -42.1616172791, -44.68491745]
    min: [-1124.46032715, 18.5275993347, 15.1728820801, 10.4592475891, 5.43156433105, 1.10453033447, -1.80739974976, -13.2773208618, -23.259262085, -31.4521713257, -37.7533607483, -42.8479118347, -45.514339447]
    skew: [5.67242383957, 3.1778178215, -2.77279663086, -4.03363418579, -2.26187372208, -0.690003752708, 8.05902527645e-05, -0.0474887937307, 1.64335286617, 3.74130058289, 4.16204595566, 4.03897476196, 3.89441657066]
    var: [846.915039062, 346.656951904, 77.6139297485, 49.6818695068, 44.2178077698, 35.9630966187, 26.561920166, 18.1902103424, 17.6835384369, 28.9065113068, 45.2580795288, 63.2466049194, 73.9304275513]

SpecContrastCoeff:
    dmean: [0.0479735694826, 0.0141219953075, 0.00725441100076, 0.00485610263422, 0.0057538272813, 0.010112750344]
    dmean2: [0.0656232088804, 0.0249214638025, 0.0126831568778, 0.00820004381239, 0.0102864103392, 0.0198019538075]
    dvar: [0.00731527013704, 0.000721947988495, 6.31725124549e-05, 5.45723851246e-05, 8.9458488219e-05, 0.000144622739754]
    dvar2: [0.00666452758014, 0.00162134994753, 0.000129660533275, 0.000121203367598, 0.000252395315329, 0.000382381345844]
    kurt: [17.4112854004, 9.24172401428, 3.42656755447, 7.04916000366, 5.89166259766, 4.48223304749]
    max: [-0.184511572123, -0.832571327686, -0.926336526871, -0.929230511189, -0.930465519428, -0.918009459972]
    mean: [-0.26037093997, -0.946339666843, -0.959246993065, -0.96285957098, -0.960344612598, -0.957085490227]
    median: [-0.234965249896, -0.956827521324, -0.964194238186, -0.966164588928, -0.963365256786, -0.961995661259]
    min: [-0.998076081276, -0.960593342781, -0.964827597141, -0.966874599457, -0.964950740337, -0.963360369205]
    skew: [-4.15383911133, 3.27714395523, 2.06335115433, 2.70841860771, 2.63597297668, 2.26768541336]
    var: [0.0190774090588, 0.00085112429224, 9.25825588638e-05, 6.22036895948e-05, 6.50507281534e-05, 0.000102461628558]

SpecPeakAmp:
    dmean: [0.00485365558416, 0.00352600123733, 4.93373336212e-05, 2.33114969888e-05, 2.03188246815e-05]
    dmean2: [0.00747472187504, 0.00676179211587, 7.48491147533e-05, 3.49164765794e-05, 3.19101418427e-05]
    dvar: [0.000247346499236, 0.000202877927222, 1.01229638005e-08, 2.11567141584e-09, 1.24254295741e-09]
    dvar2: [0.00063803512603, 0.000445098557975, 9.55469747765e-09, 3.05126546252e-09, 2.43871123295e-09]
    kurt: [22.9405231476, 6.9931344986, 34.3569221497, 22.1399745941, 15.4597396851]
    max: [0.0668288171291, 0.0677272379398, 0.000755663495511, 0.000297833059449, 0.000173391978024]
    mean: [0.00244320207275, 0.0621144361794, 7.39266761229e-05, 3.12020711135e-05, 2.51188976108e-05]
    median: [8.42121589812e-05, 0.0677025467157, 6.08641203144e-05, 2.23266197281e-05, 1.85840635822e-05]
    min: [1.26808354253e-05, 1.72699292307e-05, 1.09226702989e-05, 7.47730473449e-06, 6.42382474325e-06]
    skew: [4.87491798401, -2.97381806374, 5.84530162811, 4.69028568268, 4.05001783371]
    var: [0.000127731123939, 0.000326131237671, 1.13440945526e-08, 2.20005413887e-09, 1.06082964635e-09]
