
metadata:
    version:
        essentia: "2.1-beta3"

Flux:
    dmean: 0.000124444035464
    dmean2: 0.000164206052432
    dvar: 1.67056199984e-07
    dvar2: 3.28972788566e-07
    kurt: 9.58370018005
    max: 0.00237760087475
    mean: 0.000162367112353
    median: 5.06734249939e-06
    min: 3.64237052963e-06
    skew: 3.29466629028
    var: 2.71262763363e-07

Rms:
    dmean: 4.83826515847e-05
    dmean2: 3.53251780325e-05
    dvar: 3.04874596679e-08
    dvar2: 1.37530458133e-08
    kurt: 20.8638572693
    max: 0.00171429628972
    mean: 0.00165282387752
    median: 0.00171327579301
    min: 0.000312769727316
    skew: -4.53461456299
    var: 5.657991764e-08

RollOff:
    dmean: 5.87269163132
    dmean2: 6.00926589966
    dvar: 1483.00585938
    dvar2: 1516.67382812
    kurt: 40.0217323303
    max: 2993.11523438
    mean: 2740.46044922
    median: 2734.71679688
    min: 2734.71679688
    skew: 6.48237848282
    var: 1450.79956055

SpecCent:
    dmean: 1.63487100601
    dmean2: 1.46379899979
    dvar: 65.1998291016
    dvar2: 60.5491218567
    kurt: 38.6661720276
    max: 2754.67504883
    mean: 2699.43969727
    median: 2698.39746094
    min: 2692.39697266
    skew: 6.31294727325
    var: 70.4691848755

Zcr:
    dmean: 0.004150390625
    dmean2: 0.00298646441661
    dvar: 0.000227673488553
    dvar2: 0.000154164939886
    kurt: 17.8678035736
    max: 0.12353515625
    mean: 0.117816843092
    median: 0.123046875
    min: 0.00439453125
    skew: -4.24147796631
    var: 0.000440826668637

HarmonicAmpFreq:
    dmean: [0.143748894334]
    dmean2: [0.147091880441]
    dvar: [0.888541042805]
    dvar2: [0.908713042736]
    kurt: [40.0071525574]
    max: [2719.75854492]
    mean: [2719.61743164]
    median: [2719.75854492]
    min: [2713.43359375]
    skew: [-6.48069190979]
    var: [0.869244992733]

HarmonicAmpMag:
    dmean: [5.9916516193e-08]
    dmean2: [6.13099260249e-08]
    dvar: [1.5436951847e-13]
    dvar2: [1.57874093572e-13]
    kurt: [40.0227279663]
    max: [2.63632682618e-06]
    mean: [5.85850408186e-08]
    median: [0]
    min: [0]
    skew: [6.48249387741]
    var: [1.5101709759e-13]

MfccCoeff:
    dmean: [0.646015524864, 0.173098474741, 0.837408423424, 0.482723593712, 0.627491354942, 0.692624866962, 0.334335148335, 0.76644307375, 0.162318840623, 0.702986478806, 0.399225741625, 0.53389108181, 0.540335655212]
    dmean2: [0.756864309311, 0.190143674612, 0.988652408123, 0.531147420406, 0.763910710812, 0.765514612198, 0.451005011797, 0.855717837811, 0.234122693539, 0.802671015263, 0.323962002993, 0.642038345337, 0.479796022177]
    dvar: [8.80545425415, 0.68137305975, 14.7015533447, 5.29607152939, 8.07549095154, 10.8777532578, 2.2603662014, 13.2274684906, 0.499422818422, 10.938416481, 2.48583960533, 6.09963560104, 5.37138223648]
    dvar2: [12.9088783264, 0.836863338947, 22.0104789734, 6.53418874741, 13.1360092163, 13.5830135345, 4.70097160339, 16.9743232727, 0.763398885727, 14.9171924591, 1.42363083363, 9.56086730957, 3.74660944939]
    kurt: [27.1596660614, 29.6279258728, 26.7055969238, 29.6741142273, 24.4002285004, 29.7475013733, 18.6388149261, 29.7747421265, 13.3203792572, 29.4370040894, 24.8913993835, 26.9170799255, 28.2645683289]
    max: [-1119.41442871, 1.14440917969e-05, -6.103515625e-05, 14.7333259583, 18.0864105225, 2.28881835938e-05, -2.67028808594e-05, 23.3757724762, -4.57763671875e-05, -2.28881835938e-05, 12.4058036804, 15.8712482452, -3.81469726562e-05]
    mean: [-1123.90283203, -4.58625745773, -18.4197883606, 12.7598133087, 12.572889328, -18.1773757935, -4.32396173477, 19.7437076569, -4.47983694077, -17.2719516754, 11.9336748123, 11.4970760345, -16.5335102081]
    median: [-1123.546875, -4.71788406372, -18.8595924377, 13.1243171692, 12.8362884521, -18.6906051636, -4.33837509155, 20.2869510651, -4.72999572754, -17.7191696167, 12.4041252136, 11.7437744141, -17.1307106018]
    min: [-1138.42004395, -5.28096389771, -24.5411491394, 8.01086425781e-05, -6.103515625e-05, -21.1465377808, -9.02435302734, -5.34057617188e-05, -4.73075866699, -21.3185958862, -2.67028808594e-05, -3.0517578125e-05, -17.1328849792]
    skew: [-4.92896509171, 5.41761112213, 4.82375907898, -5.41905212402, -4.23128032684, 5.41775751114, -0.54842954874, -5.39841842651, 3.83333325386, 5.29559516907, -4.93596220016, -4.67937135696, 5.28695821762]
    var: [5.78379440308, 0.553464233875, 9.39354515076, 4.2801990509, 4.60670757294, 8.67340564728, 0.9280205369, 10.2226524353, 0.94085174799, 7.86121463776, 4.07636976242, 3.65121531487, 7.35344028473]

SpecContrastCoeff:
    dmean: [0.0243412721902, 0.0187795739621, 0.0129749840125, 0.00878809485584, 0.0161670893431, 0.00916099641472]
    dmean2: [0.0431173592806, 0.0289477910846, 0.021194871515, 0.0146434074268, 0.0182793531567, 0.0160626191646]
    dvar: [0.00129618041683, 0.00027261080686, 0.000136807502713, 5.06585711264e-05, 0.00172821059823, 3.7772450014e-05]
    dvar2: [0.00220844522119, 0.000510461104568, 0.000296213343972, 0.000112998539407, 0.0016388122458, 8.78046703292e-05]
    kurt: [11.0199251175, 5.07184410095, 4.12629747391, 0.759692668915, 16.1723670959, 4.66570472717]
    max: [-0.695195496082, -0.853582441807, -0.887556612492, -0.893707454205, -0.490934431553, -0.892645001411]
    mean: [-0.754247128963, -0.889553904533, -0.921241760254, -0.916570186615, -0.519803404808, -0.904096901417]
    median: [-0.743423223495, -0.884698092937, -0.920726537704, -0.914461672306, -0.503217160702, -0.901626586914]
    min: [-0.987536430359, -0.996841132641, -0.991923213005, -0.952676713467, -0.853083252907, -0.939941287041]
    skew: [-3.35126304626, -2.14824748039, -1.39174342155, -0.745647847652, -4.08122491837, -1.98832523823]
    var: [0.00304064806551, 0.000866312766448, 0.000321440427797, 0.000152309236, 0.00413535442203, 8.78007267602e-05]

SpecPeakAmp:
    dmean: [5.57810722057e-07, 6.9543347081e-07, 8.07362766864e-07, 7.81332744282e-07, 8.6248161324e-07]
    dmean2: [7.49787830046e-07, 1.09222014544e-06, 1.33824232762e-06, 1.292482807e-06, 1.37958249979e-06]
    dvar: [4.67534951726e-12, 6.9532751952e-12, 6.8932364157e-12, 5.68397585943e-12, 6.80307069359e-12]
    dvar2: [8.63677965951e-12, 1.78366349468e-11, 1.77417993491e-11, 1.48084825652e-11, 1.73227144434e-11]
    kurt: [20.29753685, 39.5110588074, 38.9953193665, 36.3938941956, 38.0372276306]
    max: [1.39393087011e-05, 1.3101199329e-05, 1.31951828735e-05, 1.31664555738e-05, 1.33089106384e-05]
    mean: [8.28186330182e-06, 5.62257469028e-07, 5.78365927595e-07, 6.67252152198e-07, 7.1928656098e-07]
    median: [8.34540242067e-06, 2.64938762484e-07, 1.79467960493e-07, 2.99814189475e-07, 3.14190629069e-07]
    min: [2.92098832233e-07, 1.16540604722e-07, 5.0719577871e-08, 4.19539603058e-08, 6.34139070144e-08]
    skew: [-2.25746965408, 6.42317581177, 6.36192750931, 6.08122730255, 6.24794101715]
    var: [2.20700974857e-12, 3.59475990641e-12, 3.66185770942e-12, 3.71187412404e-12, 3.68848701582e-12]
