
metadata:
    version:
        essentia: "2.1-beta3"

Flux:
    dmean: 0.033596470952
    dmean2: 0.0430838316679
    dvar: 0.0116349989548
    dvar2: 0.0222389884293
    kurt: 9.6312494278
    max: 0.649465680122
    mean: 0.0443189106882
    median: 0.00233624642715
    min: 0.000102524165413
    skew: 3.29462766647
    var: 0.0196605250239

Rms:
    dmean: 0.0151752801612
    dmean2: 0.013964343816
    dvar: 0.00205133645795
    dvar2: 0.000865379406605
    kurt: 20.4131565094
    max: 0.463993608952
    mean: 0.445786714554
    median: 0.461332082748
    min: 0.0950083360076
    skew: -4.49140310287
    var: 0.00392804201692

RollOff:
    dmean: 6.85147380829
    dmean2: 6.51003837585
    dvar: 1491.62805176
    dvar2: 1283.95654297
    kurt: 39.0398483276
    max: 473.73046875
    mean: 200.9765625
    median: 193.798828125
    min: 193.798828125
    skew: 6.37126064301
    var: 1710.4597168

SpecCent:
    dmean: 20.6441478729
    dmean2: 19.3253860474
    dvar: 10386.3984375
    dvar2: 6588.22021484
    kurt: 37.353843689
    max: 1007.00872803
    mean: 206.556091309
    median: 185.050216675
    min: 183.214019775
    skew: 6.19794654846
    var: 15040.5458984

Zcr:
    dmean: 0.000454989349237
    dmean2: 0.000522347399965
    dvar: 1.18556590678e-06
    dvar2: 1.04677235413e-06
    kurt: 18.1190681458
    max: 0.0087890625
    mean: 0.00802951399237
    median: 0.00830078125
    min: 0
    skew: -4.2138133049
    var: 2.17814499592e-06

HarmonicAmpFreq:
    dmean: [0.0980023443699]
    dmean2: [0.138862431049]
    dvar: [0.0742973834276]
    dvar2: [0.136395677924]
    kurt: [11.5917577744]
    max: [186.459609985]
    mean: [185.682754517]
    median: [185.703231812]
    min: [184.821258545]
    skew: [-1.53481221199]
    var: [0.0441959165037]

HarmonicAmpMag:
    dmean: [0.0244383588433]
    dmean2: [0.0193734299392]
    dvar: [0.00830466393381]
    dvar2: [0.00563772348687]
    kurt: [16.1978702545]
    max: [0.623997688293]
    mean: [0.594536781311]
    median: [0.62373906374]
    min: [0]
    skew: [-4.12276601791]
    var: [0.0134323118255]

MfccCoeff:
    dmean: [68.1944885254, 8.47043704987, 36.7257461548, 15.6127967834, 11.5000143051, 7.84835386276, 5.10854530334, 5.3449139595, 3.7453110218, 3.8682487011, 2.75187087059, 2.9942419529, 2.82789635658]
    dmean2: [122.706428528, 15.7888412476, 71.8902130127, 29.9738578796, 22.388879776, 15.1360387802, 10.0547523499, 10.1101455688, 6.44243049622, 6.32699584961, 3.96166777611, 4.0197095871, 3.50575041771]
    dvar: [7927.39208984, 71.5669021606, 464.115600586, 189.224624634, 55.4774627686, 16.8906135559, 13.4621067047, 9.04947566986, 6.94831895828, 10.5564565659, 18.4274806976, 27.8198318481, 31.0830078125]
    dvar2: [21385.3320312, 122.478652954, 1405.84069824, 513.274597168, 162.158370972, 52.4433631897, 39.944026947, 30.4910640717, 21.7077617645, 14.9825410843, 19.0880393982, 25.7431411743, 25.5107002258]
    kurt: [21.8096141815, 2.27285528183, -0.871354341507, 1.27799892426, 0.330404281616, -0.0188229084015, -0.586730241776, -0.899985074997, 4.59700393677, 9.96446609497, 13.3667049408, 13.5321292877, 14.3306732178]
    max: [-564.219604492, 187.054458618, 129.169799805, 89.7545928955, 51.2544441223, 24.7317199707, 9.62393569946, -2.8822555542, -4.02961730957, -2.46189117432, -1.90871047974, 0.810577392578, 2.49347686768]
    mean: [-967.850769043, 160.54234314, 76.8813705444, 51.4858551025, 32.6407470703, 16.5198230743, 3.64213728905, -8.66721343994, -19.1537284851, -28.5092792511, -35.5344200134, -40.3454360962, -42.3658866882]
    median: [-970.654418945, 164.009613037, 69.7767028809, 47.4998092651, 34.6981239319, 16.5729980469, 4.92509841919, -7.26537322998, -19.5310897827, -28.8190078735, -36.7839851379, -41.5770530701, -44.241985321]
    min: [-1029.76757812, 125.386772156, 33.4332923889, 14.9775733948, 10.554731369, 0.849853515625, -3.9698600769, -16.038192749, -25.8437652588, -35.4823379517, -41.6118850708, -46.9937858582, -48.4892158508]
    skew: [4.2659072876, -1.02171456814, 0.372818291187, 0.629750490189, -0.581328630447, -0.515557527542, -0.482983142138, -0.460768461227, 1.4525655508, 2.89613819122, 3.62241029739, 3.67694592476, 3.81102108955]
    var: [4909.81347656, 102.55280304, 562.782043457, 178.181869507, 69.8672409058, 28.5567417145, 13.0064382553, 12.6193580627, 14.1352434158, 31.33685112, 45.9441413879, 68.601348877, 78.9364242554]

SpecContrastCoeff:
    dmean: [0.0396350882947, 0.0169213470072, 0.0102994451299, 0.00691729784012, 0.00592328188941, 0.00598520319909]
    dmean2: [0.0427709855139, 0.0306525565684, 0.0180027186871, 0.0113972388208, 0.00992788001895, 0.0102115441114]
    dvar: [0.0116652287543, 0.0010507729603, 0.000214803949348, 0.000161888106959, 0.00011176490807, 0.000131721113576]
    dvar2: [0.00491357548162, 0.00245628110133, 0.000471831328468, 0.000419980613515, 0.000288827664917, 0.000350276037352]
    kurt: [26.1157054901, 9.35067749023, 6.12916755676, 14.347026825, 13.5447158813, 11.6090812683]
    max: [-0.026527762413, -0.773164331913, -0.892402350903, -0.890068233013, -0.900542736053, -0.904621124268]
    mean: [-0.0878839194775, -0.930569350719, -0.949762225151, -0.953954815865, -0.953211665154, -0.953621685505]
    median: [-0.0583780817688, -0.944323241711, -0.955289840698, -0.958131551743, -0.955824315548, -0.956545114517]
    min: [-0.976100564003, -0.946223855019, -0.982975065708, -0.959376752377, -0.958788454533, -0.958787024021]
    skew: [-5.0334944725, 3.24627828598, 1.953971982, 3.62911748886, 3.6165997982, 3.45796322823]
    var: [0.0219896119088, 0.00139911740553, 0.000185054377653, 0.000150959502207, 0.000107136576844, 0.000106274608697]

SpecPeakAmp:
    dmean: [0.0461974479258, 0.0523749701679, 0.000850784184877, 0.000559832202271, 0.000456691341242]
    dmean2: [0.0854277983308, 0.0963820517063, 0.00129107409157, 0.000841335568111, 0.000698068644851]
    dvar: [0.0220638103783, 0.0274982880801, 4.83621079184e-06, 3.70975772057e-06, 2.52436939263e-06]
    dvar2: [0.0638821050525, 0.0781506150961, 1.03128622868e-05, 9.16479257285e-06, 6.35976084595e-06]
    kurt: [22.3476142883, 7.04090309143, 17.4544830322, 28.5924682617, 32.6807975769]
    max: [0.623992979527, 0.623997688293, 0.00952734239399, 0.0090900901705, 0.00761271966621]
    mean: [0.0231533069164, 0.572453081608, 0.000866312766448, 0.000376540876459, 0.000300844141748]
    median: [0.000747355108615, 0.623730123043, 0.000512138940394, 8.24523012852e-05, 7.80003247201e-05]
    min: [5.7251247199e-05, 0.000205134827411, 9.54219649429e-05, 1.96917826543e-05, 1.84590044228e-05]
    skew: [4.82381248474, -2.98014116287, 4.37899589539, 5.35850811005, 5.73523139954]
    var: [0.0113398367539, 0.0273329690099, 3.16109276355e-06, 2.03861941372e-06, 1.33893240672e-06]
