
metadata:
    version:
        essentia: "2.1-beta3"

Flux:
    dmean: 0.0237503647804
    dmean2: 0
    dvar: 0
    dvar2: 0
    kurt: -2
    max: 0.411335766315
    mean: 0.399460583925
    median: 0.399460583925
    min: 0.387585401535
    skew: 0
    var: 0.00014101996203

Rms:
    dmean: 0
    dmean2: 0
    dvar: 0
    dvar2: 0
    kurt: 0
    max: 0.139915034175
    mean: 0.139915034175
    median: 0.139915034175
    min: 0.139915034175
    skew: 0
    var: 0

RollOff:
    dmean: 43.06640625
    dmean2: 0
    dvar: 0
    dvar2: 0
    kurt: -2
    max: 344.53125
    mean: 322.998046875
    median: 322.998046875
    min: 301.46484375
    skew: 0
    var: 463.678833008

SpecCent:
    dmean: 458.473358154
    dmean2: 0
    dvar: 0
    dvar2: 0
    kurt: -2
    max: 677.268493652
    mean: 448.031799316
    median: 448.031799316
    min: 218.795135498
    skew: 2.07533261687e-07
    var: 52549.453125

Zcr:
    dmean: 0
    dmean2: 0
    dvar: 0
    dvar2: 0
    kurt: 0
    max: 0.0029296875
    mean: 0.0029296875
    median: 0.0029296875
    min: 0.0029296875
    skew: 0
    var: 0

HarmonicAmpFreq:
    dmean: [29.777557373]
    dmean2: [0]
    dvar: [0]
    dvar2: [0]
    kurt: [-2]
    max: [280.45703125]
    mean: [265.568237305]
    median: [265.568237305]
    min: [250.679473877]
    skew: [3.06980609821e-06]
    var: [221.675720215]

HarmonicAmpMag:
    dmean: [0.148777842522]
    dmean2: [0]
    dvar: [0]
    dvar2: [0]
    kurt: [-2]
    max: [0.160995304585]
    mean: [0.0866063833237]
    median: [0.0866063833237]
    min: [0.0122174564749]
    skew: [-1.76752408265e-07]
    var: [0.00553371198475]

MfccCoeff:
    dmean: [424.213134766, 16.2491760254, 42.9995536804, 6.00133323669, 10.8572864532, 25.0858879089, 29.1147174835, 27.0874481201, 18.8363323212, 13.3238983154, 4.86489295959, 0.347080230713, 3.50002479553]
    dmean2: [0, 0, 0, 0, 0, 0, 0, 0, 0, 0, 0, 0, 0]
    dvar: [0, 0, 0, 0, 0, 0, 0, 0, 0, 0, 0, 0, 0]
    dvar2: [0, 0, 0, 0, 0, 0, 0, 0, 0, 0, 0, 0, 0]
    kurt: [-1.99999988079, -2, -2, -2, -2, -1.99999988079, -1.99999988079, -2, -2, -1.99999988079, -2, -2, -2]
    max: [-569.050231934, 160.503112793, 75.703125, 26.8544406891, 8.06002998352, 3.52005386353, -5.16305351257, -7.63761138916, -11.5456352234, -11.6088943481, -12.2163352966, -9.99131774902, -5.45922851562]
    mean: [-781.156799316, 152.37852478, 54.2033462524, 23.8537750244, 2.6313867569, -9.02289009094, -19.720413208, -21.1813354492, -20.9638023376, -18.2708435059, -14.6487817764, -10.1648578644, -7.20924091339]
    median: [-781.156799316, 152.37852478, 54.2033462524, 23.8537750244, 2.6313867569, -9.02289009094, -19.720413208, -21.1813354492, -20.9638023376, -18.2708435059, -14.6487817764, -10.1648578644, -7.20924091339]
    min: [-993.263366699, 144.253936768, 32.7035713196, 20.8531074524, -2.79725646973, -21.5658340454, -34.2777709961, -34.7250595093, -30.3819675446, -24.9327926636, -17.0812282562, -10.3383979797, -8.95925331116]
    skew: [0, 0, 2.94794517686e-07, -9.5303892067e-07, 0, 0, 1.97848294192e-07, 0, 2.92240883937e-07, 0, 0, 0, 0]
    var: [44989.1953125, 66.008934021, 462.24041748, 9.00399971008, 29.47016716, 157.325439453, 211.916687012, 183.4324646, 88.7018585205, 44.381565094, 5.91679573059, 0.0301161725074, 3.06254339218]

SpecContrastCoeff:
    dmean: [0.0326941013336, 0.0913973450661, 0.0361627340317, 0.0176942944527, 0.0276145339012, 0.0251394510269]
    dmean2: [0, 0, 0, 0, 0, 0]
    dvar: [0, 0, 0, 0, 0, 0]
    dvar2: [0, 0, 0, 0, 0, 0]
    kurt: [-2, -2, -2, -2, -2, -2]
    max: [-0.540496230125, -0.625347554684, -0.881094634533, -0.928986370564, -0.928684413433, -0.934238135815]
    mean: [-0.556843280792, -0.671046257019, -0.899176001549, -0.937833547592, -0.942491650581, -0.946807861328]
    median: [-0.556843280792, -0.671046257019, -0.899176001549, -0.937833547592, -0.942491650581, -0.946807861328]
    min: [-0.573190331459, -0.71674489975, -0.917257368565, -0.946680665016, -0.956298947334, -0.959377586842]
    skew: [0, 1.98222414838e-06, 0, 1.00966090031e-05, -6.47855631541e-06, 0]
    var: [0.000267226074357, 0.00208836863749, 0.000326935842168, 7.82720162533e-05, 0.000190640625078, 0.000157998001669]
