
metadata:
    version:
        essentia: "2.1-beta3"

Flux:
    dmean: 6.37597577224e-06
    dmean2: 9.29824545892e-06
    dvar: 5.33967703387e-10
    dvar2: 1.16562992591e-09
    kurt: 14.2052650452
    max: 0.000125449354528
    mean: 7.97131269792e-06
    median: 1.93149799088e-06
    min: 5.33602417363e-07
    skew: 3.87996482849
    var: 5.57766610676e-10

Rms:
    dmean: 1.93454138753e-06
    dmean2: 1.96866312763e-06
    dvar: 4.25320612063e-11
    dvar2: 3.09374782737e-11
    kurt: 19.970539093
    max: 0.000101871992229
    mean: 9.95065129246e-05
    median: 0.00010118164937
    min: 5.84354165767e-05
    skew: -4.53281831741
    var: 5.65871897951e-11

RollOff:
    dmean: 0
    dmean2: 0
    dvar: 0
    dvar2: 0
    kurt: 0
    max: 387.59765625
    mean: 387.59765625
    median: 387.59765625
    min: 387.59765625
    skew: 0
    var: 0

SpecCent:
    dmean: 5.0919175148
    dmean2: 5.52053976059
    dvar: 55.1268157959
    dvar2: 45.4570121765
    kurt: 14.3691806793
    max: 680.083496094
    mean: 629.622192383
    median: 628.260375977
    min: 620.142883301
    skew: 3.5725672245
    var: 96.9570388794

Zcr:
    dmean: 0.000545058166608
    dmean2: 0.000709170359187
    dvar: 2.80789936369e-06
    dvar2: 2.56813564192e-06
    kurt: 16.5962734222
    max: 0.01708984375
    mean: 0.0163685195148
    median: 0.0166015625
    min: 0.0078125
    skew: -4.2535443306
    var: 3.16976024806e-06

HarmonicAmpFreq:
    dmean: [0.114975333214]
    dmean2: [0.210913524032]
    dvar: [0.0862064659595]
    dvar2: [0.241391211748]
    kurt: [13.0002918243]
    max: [369.988067627]
    mean: [369.027740479]
    median: [368.970947266]
    min: [368.891265869]
    skew: [3.78571772575]
    var: [0.0496982075274]

HarmonicAmpMag:
    dmean: [1.66899881151e-05]
    dmean2: [3.04017667077e-05]
    dvar: [1.84143689186e-09]
    dvar2: [5.6062541276e-09]
    kurt: [9.07240772247]
    max: [0.000140124669997]
    mean: [0.000129973457661]
    median: [0.000140046424349]
    min: [0]
    skew: [-3.24769425392]
    var: [1.1081495721e-09]

MfccCoeff:
    dmean: [0.115271277726, 0.146648317575, 0.100908145308, 0.0351810902357, 0.0371501818299, 0.101358816028, 0.144639119506, 0.158566325903, 0.140837565064, 0.0956119298935, 0.0325863845646, 0.0356901288033, 0.0948949381709]
    dmean2: [0.119309201837, 0.151753738523, 0.104386106133, 0.0363304503262, 0.0385538749397, 0.104981921613, 0.149733409286, 0.164071038365, 0.145631700754, 0.0987365394831, 0.03343436867, 0.0372025631368, 0.0983817726374]
    dvar: [0.315558135509, 0.511429786682, 0.243485674262, 0.030480992049, 0.0314104408026, 0.240438818932, 0.494150608778, 0.598872900009, 0.477765917778, 0.224959373474, 0.0287624131888, 0.027143118903, 0.207514315844]
    dvar2: [0.319704025984, 0.518097400665, 0.246552243829, 0.03079530783, 0.0319325998425, 0.243882730603, 0.500857055187, 0.606603980064, 0.483513563871, 0.227295324206, 0.0288640223444, 0.0277488566935, 0.210751220584]
    kurt: [29.3609085083, 29.4240112305, 29.672164917, 30.9370498657, 27.3338108063, 28.6864471436, 29.1176185608, 29.495639801, 29.9915924072, 30.903049469, 34.3814315796, 23.9519023895, 27.9492092133]
    max: [-1134.89306641, 4.49250411987, 3.10665893555, 1.11137771606, -6.103515625e-05, 2.28881835938e-05, -2.67028808594e-05, -5.34057617188e-05, -4.57763671875e-05, -2.28881835938e-05, -2.67028808594e-05, 0.975517272949, 2.82219696045]
    mean: [-1135.00671387, 4.34807014465, 3.00731801987, 1.07682907581, -1.05456924438, -2.95944833755, -4.26112937927, -4.70846319199, -4.22563743591, -2.92433190346, -1.07739150524, 0.940033495426, 2.7284181118]
    median: [-1134.89599609, 4.48890304565, 3.10426330566, 1.11078262329, -1.09005737305, -3.05659484863, -4.39994430542, -4.8607635498, -4.36106872559, -3.01662445068, -1.10897064209, 0.973796844482, 2.81917953491]
    min: [-1138.42004395, 1.14440917969e-05, -6.103515625e-05, 8.01086425781e-05, -1.09132385254, -3.05945587158, -4.40369796753, -4.86462402344, -4.36416625977, -3.01821136475, -1.10981369019, -3.0517578125e-05, -3.81469726562e-05]
    skew: [-5.44170045853, -5.44765090942, -5.47055387497, -5.58830404282, 5.25696516037, 5.37990856171, 5.41944694519, 5.45425224304, 5.50013017654, 5.58511972427, 5.91890096664, -4.95594835281, -5.31270074844]
    var: [0.31143835187, 0.504798769951, 0.240429505706, 0.0301627703011, 0.0308997649699, 0.237036854029, 0.487500488758, 0.591180562973, 0.472019165754, 0.222603693604, 0.0286570377648, 0.026568448171, 0.204337462783]

SpecContrastCoeff:
    dmean: [0.0208054669201, 0.0259249731898, 0.0176572501659, 0.0109405526891, 0.00916547700763, 0.00936161540449]
    dmean2: [0.0264487713575, 0.0376613996923, 0.0328711345792, 0.0144650442526, 0.0136738019064, 0.0149208717048]
    dvar: [0.00159908202477, 0.0018806536682, 0.000194548178115, 0.000346459739376, 0.000181184412213, 0.000138572067954]
    dvar2: [0.00140307564288, 0.0016929077683, 0.000442004849901, 0.000434475863585, 0.000238052787608, 0.000199099144083]
    kurt: [14.7899837494, 15.4180526733, 4.78161811829, 11.4670848846, 12.2296237946, 8.71728134155]
    max: [-0.63905274868, -0.502859711647, -0.866920769215, -0.847330093384, -0.863569259644, -0.844849228859]
    mean: [-0.677697956562, -0.543775439262, -0.896508216858, -0.867686510086, -0.878757536411, -0.865721344948]
    median: [-0.668666005135, -0.534708738327, -0.897070765495, -0.863386869431, -0.876103758812, -0.865043878555]
    min: [-0.919180572033, -0.808588445187, -0.960336983204, -0.967498123646, -0.952444016933, -0.922782480717]
    skew: [-3.89439749718, -3.93057632446, -1.40037477016, -3.37149834633, -3.3476190567, -2.65231847763]
    var: [0.00241885753348, 0.00274217640981, 0.000236780804698, 0.000475333072245, 0.000236097170273, 0.00018714433827]

SpecPeakAmp:
    dmean: [2.15362902622e-07, 1.98384873329e-06, 9.36019375786e-07, 5.8501627791e-05, 5.85954112466e-05]
    dmean2: [2.91705504196e-07, 2.06268350667e-06, 9.92750869955e-07, 0.000116482064186, 0.000116649651318]
    dvar: [4.69215324147e-13, 1.53818693893e-10, 2.95030423703e-11, 4.73699834913e-09, 4.75636863229e-09]
    dvar2: [4.69570237728e-13, 1.57180407578e-10, 2.98623695216e-11, 1.19827809897e-08, 1.01743919956e-08]
    kurt: [37.8830947876, 39.0003700256, 38.7266616821, -0.305374383926, -1.39031362534]
    max: [1.69379472936e-05, 8.27907861094e-05, 3.65495652659e-05, 0.00014010182349, 0.000140124669997]
    mean: [1.66563095263e-05, 2.3512043299e-06, 1.20646654977e-06, 3.19009086525e-05, 9.55866853474e-05]
    median: [1.6756437617e-05, 4.43855100229e-07, 3.32159800109e-07, 8.84452830974e-08, 0.000140029922477]
    min: [1.2041530681e-05, 3.99713059096e-07, 2.63243890686e-07, 3.82942175747e-08, 6.80988421209e-08]
    skew: [-6.26730680466, 6.40222406387, 6.37068319321, 1.30161476135, -0.780774354935]
    var: [5.02134358399e-13, 1.50518389419e-10, 2.91527739449e-11, 3.42308448253e-09, 4.23778168113e-09]
