
metadata:
    version:
        essentia: "2.1-beta3"

Flux:
    dmean: 0.0001633168431
    dmean2: 0.000211726917769
    dvar: 2.85281743118e-07
    dvar2: 5.56418171982e-07
    kurt: 9.74493694305
    max: 0.00313625484705
    mean: 0.000213177860132
    median: 7.99656299932e-06
    min: 5.26618396179e-06
    skew: 3.31334733963
    var: 4.639416602e-07

Rms:
    dmean: 6.89593216521e-05
    dmean2: 5.21197362104e-05
    dvar: 5.20294989315e-08
    dvar2: 2.341729477e-08
    kurt: 20.8213710785
    max: 0.00224802014418
    mean: 0.00215965765528
    median: 0.00223800283857
    min: 0.000409258820582
    skew: -4.53112602234
    var: 9.66905062683e-08

RollOff:
    dmean: 6.36208295822
    dmean2: 6.51003837585
    dvar: 1740.47192383
    dvar2: 1779.98510742
    kurt: 40.022731781
    max: 667.529296875
    mean: 393.818359375
    median: 387.59765625
    min: 387.59765625
    skew: 6.48249435425
    var: 1702.67443848

SpecCent:
    dmean: 12.0537567139
    dmean2: 11.388958931
    dvar: 3616.22973633
    dvar2: 2987.24731445
    kurt: 39.3024787903
    max: 813.40612793
    mean: 381.43069458
    median: 370.808135986
    min: 367.738037109
    skew: 6.40110826492
    var: 4276.97607422

Zcr:
    dmean: 0.000699129945133
    dmean2: 0.000704033416696
    dvar: 3.93821756006e-06
    dvar2: 2.54278802458e-06
    kurt: 17.3521690369
    max: 0.01708984375
    mean: 0.0160481762141
    median: 0.0166015625
    min: 0.0009765625
    skew: -4.17379283905
    var: 7.91125967226e-06

HarmonicAmpFreq:
    dmean: [0.600762784481]
    dmean2: [0.953995108604]
    dvar: [2.55211019516]
    dvar2: [2.4254553318]
    kurt: [34.8558807373]
    max: [379.910339355]
    mean: [369.618347168]
    median: [369.597320557]
    min: [368.96786499]
    skew: [5.86075973511]
    var: [2.56683135033]

HarmonicAmpMag:
    dmean: [0.00140641839243]
    dmean2: [0.0027206314262]
    dvar: [2.27474652092e-06]
    dvar2: [3.46742262991e-06]
    kurt: [-1.96008706093]
    max: [0.00313701271079]
    mean: [0.00152229564264]
    median: [0.0008480171673]
    min: [0]
    skew: [0.0616356059909]
    var: [2.35701759266e-06]

MfccCoeff:
    dmean: [2.06304645538, 2.60293507576, 1.78115308285, 0.757415771484, 0.206668511033, 0.651571452618, 0.90243935585, 0.999264955521, 0.899760246277, 0.633402228355, 0.26259842515, 0.138038635254, 0.474293977022]
    dmean2: [2.77389168739, 3.4941072464, 2.38404321671, 1.02981245518, 0.171685159206, 0.68305683136, 0.859831631184, 0.830304682255, 0.647667348385, 0.397089749575, 0.23502998054, 0.104787074029, 0.312828958035]
    dvar: [84.9186325073, 135.320419312, 63.5314712524, 11.47336483, 0.766401290894, 11.5783805847, 19.549243927, 18.4307079315, 12.6088113785, 5.92736101151, 1.0840870142, 0.27296769619, 3.22440433502]
    dvar2: [175.563491821, 278.694122314, 129.906219482, 24.2431468964, 0.441297888756, 12.533118248, 16.571138382, 10.5266180038, 5.76861619949, 3.32863879204, 0.923734605312, 0.137407317758, 1.99652719498]
    kurt: [18.3540401459, 18.300359726, 18.2557258606, 19.1182155609, 30.2643127441, 34.583316803, 34.3779602051, 31.3829956055, 27.2208385468, 23.7775440216, 21.0151805878, 23.7738742828, 21.9015464783]
    max: [-1083.01550293, 70.0662612915, 48.1720924377, 20.167514801, -6.103515625e-05, 2.28881835938e-05, -2.67028808594e-05, -5.34057617188e-05, -4.57763671875e-05, -2.28881835938e-05, -2.67028808594e-05, 4.29568481445, 16.1272735596]
    mean: [-1111.54174805, 34.3106575012, 23.9997882843, 9.27015399933, -6.80754804611, -20.9804477692, -30.519449234, -33.764213562, -30.4079532623, -21.4844779968, -9.08494377136, 4.12365865707, 15.4760475159]
    median: [-1111.42456055, 34.4745292664, 24.1317176819, 9.28035354614, -7.04750061035, -21.5708999634, -31.4597549438, -34.9203872681, -31.5429172516, -22.3375015259, -9.46144676208, 4.29283905029, 16.1250839233]
    min: [-1138.42004395, 1.14440917969e-05, -6.103515625e-05, 8.01086425781e-05, -7.04832458496, -22.2491378784, -31.5182876587, -35.0126266479, -31.6583194733, -22.4627914429, -9.58193778992, -3.0517578125e-05, -3.81469726562e-05]
    skew: [0.373688846827, 0.249042257667, 0.0169175919145, 1.08199381828, 5.45977306366, 5.92249679565, 5.89274787903, 5.57067632675, 5.16710472107, 4.85861778259, 4.64220333099, -4.81785488129, -4.66445064545]
    var: [35.1322975159, 56.1812782288, 26.551361084, 4.64844989777, 1.20196282864, 10.7224712372, 22.7463207245, 29.0520324707, 25.2964076996, 13.6270370483, 2.66428089142, 0.497639089823, 7.38225221634]

SpecContrastCoeff:
    dmean: [0.0209957119077, 0.025285763666, 0.0133785614744, 0.0117498068139, 0.00688829878345, 0.00605071149766]
    dmean2: [0.0278767738491, 0.0228691287339, 0.0197904612869, 0.0200160872191, 0.0103496285155, 0.00979037489742]
    dvar: [0.000381790479878, 0.00435358984396, 0.000110382090497, 0.00010767178901, 7.34035420464e-05, 6.31489165244e-05]
    dvar2: [0.000544666138012, 0.00315389339812, 0.000261094362941, 0.000318768317811, 0.000208656885661, 0.00015875826648]
    kurt: [10.1783132553, 18.3542728424, 2.96418237686, 0.767673254013, 9.95959377289, 11.5488109589]
    max: [-0.763000547886, -0.371498882771, -0.888974845409, -0.903964936733, -0.909703910351, -0.898076593876]
    mean: [-0.819144546986, -0.41698333621, -0.941775918007, -0.928341984749, -0.923245251179, -0.919502496719]
    median: [-0.820653498173, -0.391926288605, -0.945154190063, -0.927685797215, -0.923772215843, -0.919829010963]
    min: [-0.986810266972, -0.98503947258, -0.964051008224, -0.959436357021, -0.962529540062, -0.962314546108]
    skew: [-2.62421345711, -4.27571105957, 1.48220527172, -0.400196045637, -2.30758094788, -2.16938829422]
    var: [0.00124961009715, 0.0109547730535, 0.000212908096728, 0.000103768739791, 6.55927797197e-05, 7.4931900599e-05]

SpecPeakAmp:
    dmean: [8.52320517879e-05, 1.96290420718e-06, 0.000141513664857, 0.000429790496128, 0.00158694013953]
    dmean2: [0.000131333057652, 2.80894323623e-06, 0.000217102773604, 0.000877851736732, 0.00322606461123]
    dvar: [1.45469755353e-07, 4.86246910791e-11, 4.09588238881e-07, 1.15560703762e-06, 2.40885469793e-06]
    dvar2: [3.73218540517e-07, 1.23955401499e-10, 1.05232777514e-06, 3.80123742616e-06, 3.89048500438e-06]
    kurt: [40.0166015625, 39.1206932068, 40.0132408142, 10.0699157715, -1.74724197388]
    max: [0.0018423589645, 3.54421063093e-05, 0.00307969097048, 0.00313641899265, 0.00313701271079]
    mean: [5.69548392377e-05, 2.30467776419e-06, 7.06753053237e-05, 0.000211789854802, 0.00120514095761]
    median: [1.67765356309e-05, 1.55006250679e-06, 1.50085827499e-06, 1.58534749062e-06, 1.88567616988e-06]
    min: [3.63758135791e-06, 7.15424846476e-07, 5.75284047954e-07, 4.19516624106e-07, 3.32466697728e-07]
    skew: [6.48176622391, 6.37573814392, 6.48138523102, 3.47404575348, 0.486929863691]
    var: [7.24521669326e-08, 2.52228342379e-11, 2.05799295827e-07, 6.10977508586e-07, 2.28006751968e-06]
