
metadata:
    version:
        essentia: "2.1-beta3"

Flux:
    dmean: 0.00366905611008
    dmean2: 0.00477354321629
    dvar: 0.000143255572766
    dvar2: 0.000279275525827
    kurt: 9.72275543213
    max: 0.070218577981
    mean: 0.00468809623271
    median: 8.40808570501e-05
    min: 1.476286252e-05
    skew: 3.31059193611
    var: 0.000233565398958

Rms:
    dmean: 0.00154507800471
    dmean2: 0.0011679836316
    dvar: 2.61000659521e-05
    dvar2: 1.17347472042e-05
    kurt: 20.8418464661
    max: 0.0503266267478
    mean: 0.0483521260321
    median: 0.0500886812806
    min: 0.0091249095276
    skew: -4.53300189972
    var: 4.85304626636e-05

RollOff:
    dmean: 5.87269163132
    dmean2: 6.00926589966
    dvar: 1483.00585938
    dvar2: 1516.67382812
    kurt: 40.022731781
    max: 645.99609375
    mean: 393.33984375
    median: 387.59765625
    min: 387.59765625
    skew: 6.48249483109
    var: 1450.79943848

SpecCent:
    dmean: 10.9734163284
    dmean2: 10.434217453
    dvar: 2910.95678711
    dvar2: 2421.37329102
    kurt: 39.3330802917
    max: 765.750061035
    mean: 379.288024902
    median: 370.134643555
    min: 366.814300537
    skew: 6.40427875519
    var: 3421.95898438

Zcr:
    dmean: 0.000699129945133
    dmean2: 0.000692678033374
    dvar: 3.92738047594e-06
    dvar2: 2.51983556154e-06
    kurt: 17.9561080933
    max: 0.01708984375
    mean: 0.0160481762141
    median: 0.0166015625
    min: 0.00048828125
    skew: -4.23074960709
    var: 8.25034385343e-06

HarmonicAmpFreq:
    dmean: [0.216956391931]
    dmean2: [0.222938716412]
    dvar: [1.70799028873]
    dvar2: [1.79147601128]
    kurt: [39.5881652832]
    max: [369.580810547]
    mean: [368.795654297]
    median: [368.970336914]
    min: [360.314086914]
    skew: [-6.42847824097]
    var: [1.64331018925]

HarmonicAmpMag:
    dmean: [0.00276485527866]
    dmean2: [0.00212515308522]
    dvar: [0.000106761435745]
    dvar2: [7.36688962206e-05]
    kurt: [15.5423202515]
    max: [0.0702354609966]
    mean: [0.0668553858995]
    median: [0.0702241063118]
    min: [8.04287628853e-05]
    skew: [-4.05565595627]
    var: [0.00017506806762]

MfccCoeff:
    dmean: [12.6578226089, 6.90310525894, 1.87015533447, 1.08554565907, 1.1715978384, 1.5158188343, 2.01312303543, 2.18724226952, 1.9752715826, 1.55232131481, 0.868410289288, 0.462140858173, 1.20271670818]
    dmean2: [18.3671569824, 9.27386856079, 1.91274809837, 1.43609833717, 1.52336335182, 1.77665567398, 2.2761259079, 2.65363955498, 2.26294374466, 1.81763637066, 1.01117062569, 0.668786227703, 1.41871404648]
    dvar: [2714.73925781, 599.775085449, 11.5123147964, 1.6716850996, 4.08046007156, 12.8636331558, 31.7154979706, 50.9480857849, 48.5525360107, 29.0478382111, 6.84664154053, 0.891544520855, 12.1646280289]
    dvar2: [6764.34521484, 1377.34191895, 6.72347450256, 2.00394678116, 4.9656047821, 9.82736110687, 30.2216491699, 58.3527030945, 52.0135650635, 31.9403553009, 7.16646718979, 1.54061889648, 12.8548841476]
    kurt: [37.009223938, 22.3441867828, 13.598405838, 12.615237236, 16.2386379242, 19.5416202545, 20.907037735, 18.630645752, 17.6406574249, 16.6345176697, 17.0731468201, 12.6734104156, 12.764289856]
    max: [-849.345214844, 165.612136841, 66.654083252, 22.8275794983, 1.05996704102, -5.28481292725, -7.43643188477, -5.98510742188, -2.64883422852, 0.601951599121, 2.38048934937, 6.64904785156, 28.0519104004]
    mean: [-1079.71948242, 70.5466384888, 48.0108680725, 19.4433383942, -11.9070796967, -39.2811660767, -57.9657211304, -64.6266174316, -58.874546051, -42.5261383057, -19.585395813, 5.04996061325, 26.3760604858]
    median: [-1085.74658203, 67.3761672974, 47.4866371155, 18.9327125549, -12.5294303894, -40.6753349304, -60.1026687622, -67.3605957031, -61.5784072876, -44.6900863647, -20.6177272797, 5.38220977783, 28.0373764038]
    min: [-1116.11291504, 28.6127433777, 20.7802124023, 10.5709266663, -20.2173881531, -47.8489494324, -67.6841964722, -72.235244751, -62.3929367065, -44.904258728, -21.0700130463, 0.646202087402, 1.00849914551]
    skew: [6.11797237396, 4.01611089706, -1.78591489792, -2.63554954529, 2.26874232292, 4.27638912201, 4.60851764679, 4.40660858154, 4.28797340393, 4.17709493637, 4.19716405869, -3.29613351822, -3.71899986267]
    var: [1251.25524902, 274.492492676, 30.6301593781, 3.03899717331, 6.19893598557, 38.3758049011, 83.1322479248, 121.928009033, 114.586227417, 70.2433242798, 17.7492523193, 0.794346511364, 28.1640548706]

SpecContrastCoeff:
    dmean: [0.0170681476593, 0.0281582642347, 0.00897637289017, 0.00775631470606, 0.00962936505675, 0.01769233495]
    dmean2: [0.0262040756643, 0.0204129051417, 0.01082436461, 0.0123324133456, 0.0164276063442, 0.0274751074612]
    dvar: [0.000832994992379, 0.00700151314959, 0.000101980898762, 0.000102726393379, 0.000176629429916, 0.000248731084866]
    dvar2: [0.00141198025085, 0.00373104563914, 9.32912516873e-05, 0.000175605120603, 0.000388275133446, 0.000673885864671]
    kurt: [14.1338405609, 21.789264679, 11.2463684082, 6.03711891174, 3.79871940613, -0.0141558647156]
    max: [-0.737061321735, -0.20111747086, -0.857755362988, -0.906919896603, -0.906543910503, -0.898454368114]
    mean: [-0.9312967062, -0.244044169784, -0.946683049202, -0.957940816879, -0.956611633301, -0.943236470222]
    median: [-0.940641880035, -0.215302139521, -0.953460335732, -0.963678956032, -0.963293790817, -0.952191829681]
    min: [-0.98718303442, -0.978292286396, -0.958151996136, -0.965402722359, -0.964351534843, -0.95800369978]
    skew: [3.69614243507, -4.62523365021, 3.060359478, 2.4422750473, 2.16492295265, 1.18384325504]
    var: [0.00158526585437, 0.0165741685778, 0.000322433188558, 0.000154072229634, 0.000185953453183, 0.000304383982439]

SpecPeakAmp:
    dmean: [0.00188436591998, 4.59733746538e-05, 0.0191647186875, 0.019582292065, 0.00643211603165]
    dmean2: [0.00289467698894, 6.43593157292e-05, 0.0375536121428, 0.0395842641592, 0.0131309125572]
    dvar: [7.34728746465e-05, 2.5027294015e-08, 0.000970408727881, 0.000966658466496, 0.000406733714044]
    dvar2: [0.000188651814824, 6.34178505265e-08, 0.00259239040315, 0.00301730656065, 0.00120317784604]
    kurt: [40.0220756531, 34.2120552063, -0.585421800613, 2.50493526459, 17.5429229736]
    max: [0.0412309281528, 0.000790519581642, 0.0702346935868, 0.0702354609966, 0.0702344477177]
    mean: [0.000951679539867, 5.11837279191e-05, 0.0530685633421, 0.00982506014407, 0.00317161809653]
    median: [3.57744902431e-05, 3.11659532599e-05, 0.070219039917, 3.24915199599e-05, 2.17401884584e-05]
    min: [1.02758867797e-05, 1.67105081346e-05, 1.21321118058e-05, 8.87137684913e-06, 7.02913712303e-06]
    skew: [6.48241662979, 5.876953125, -1.18923425674, 2.10757136345, 4.42050790787]
    var: [3.68734108633e-05, 1.3382021713e-08, 0.000905830471311, 0.000569136056583, 0.000209157151403]
