
metadata:
    version:
        essentia: "2.1-beta3"

Flux:
    dmean: 0.0328479819
    dmean2: 0.0428189001977
    dvar: 0.0115962270647
    dvar2: 0.0220663119107
    kurt: 9.53312778473
    max: 0.64652633667
    mean: 0.0430136732757
    median: 0.000579567567911
    min: 7.82305651228e-05
    skew: 3.2824409008
    var: 0.0196821801364

Rms:
    dmean: 0.014188606292
    dmean2: 0.0107546672225
    dvar: 0.00221239263192
    dvar2: 0.000998298055492
    kurt: 21.075044632
    max: 0.463676065207
    mean: 0.445561945438
    median: 0.461343824863
    min: 0.0834122225642
    skew: -4.55546140671
    var: 0.0041089374572

RollOff:
    dmean: 5.87269163132
    dmean2: 6.00926589966
    dvar: 1483.00585938
    dvar2: 1516.67382812
    kurt: 40.022731781
    max: 645.99609375
    mean: 393.33984375
    median: 387.59765625
    min: 387.59765625
    skew: 6.48249483109
    var: 1450.79943848

SpecCent:
    dmean: 9.8136548996
    dmean2: 9.40341091156
    dvar: 2224.09326172
    dvar2: 1867.03137207
    kurt: 39.3612709045
    max: 714.532958984
    mean: 378.023651123
    median: 370.08416748
    min: 366.812652588
    skew: 6.40704584122
    var: 2593.64331055

Zcr:
    dmean: 0.000699129945133
    dmean2: 0.000704033416696
    dvar: 3.93821756006e-06
    dvar2: 2.54278802458e-06
    kurt: 17.3521690369
    max: 0.01708984375
    mean: 0.0160481762141
    median: 0.0166015625
    min: 0.0009765625
    skew: -4.17379283905
    var: 7.91125967226e-06

HarmonicAmpFreq:
    dmean: [0.718019664288]
    dmean2: [0.73449420929]
    dvar: [21.1615962982]
    dvar2: [21.6823139191]
    kurt: [39.988910675]
    max: [369.584136963]
    mean: [368.300689697]
    median: [368.970581055]
    min: [338.119140625]
    skew: [-6.47843170166]
    var: [20.711025238]

HarmonicAmpMag:
    dmean: [0.0252353437245]
    dmean2: [0.0193448737264]
    dvar: [0.00887110177428]
    dvar2: [0.00607873406261]
    kurt: [15.7241954803]
    max: [0.647101461887]
    mean: [0.616208553314]
    median: [0.646997213364]
    min: [0.000730410742108]
    skew: [-4.07034158707]
    var: [0.014661998488]

MfccCoeff:
    dmean: [31.0822887421, 7.7234787941, 18.2694759369, 14.5895080566, 5.57457780838, 6.55628395081, 6.80376768112, 4.47189998627, 4.31010866165, 3.18876814842, 1.97756779194, 1.28214597702, 1.5918097496]
    dmean2: [42.7781562805, 13.3512229919, 19.40599823, 14.5830421448, 7.34352207184, 10.6810674667, 9.48216152191, 5.65536355972, 6.41289281845, 4.16352510452, 2.76420044899, 2.26697897911, 1.92689979076]
    dvar: [7255.60009766, 58.5532341003, 112.320198059, 30.745759964, 7.14680814743, 29.7392635345, 44.4352073669, 62.8707427979, 49.3008918762, 32.2929229736, 9.69637680054, 0.979024112225, 11.7548208237]
    dvar2: [18058.8945312, 129.518493652, 221.948059082, 120.944381714, 27.1140670776, 50.7591362, 76.5682449341, 83.9609146118, 46.3457641602, 29.6293716431, 7.94813871384, 2.71839094162, 10.449177742]
    kurt: [24.5427932739, 5.93608665466, -1.18283343315, -1.13541817665, 0.904401779175, 8.02173423767, 11.2962856293, 13.941576004, 14.6528148651, 15.1181983948, 18.0145816803, -0.393493890762, 13.5659599304]
    max: [-613.394958496, 177.796691895, 100.993835449, 41.5582771301, -1.72720336914, -10.3357315063, -11.9204940796, -7.17497253418, -1.95401763916, 4.51676940918, 7.77446365356, 5.92656707764, 28.3901939392]
    mean: [-991.319763184, 153.039627075, 75.5244979858, 17.5072536469, -19.9178295135, -47.607624054, -64.7662353516, -67.9756546021, -60.3573875427, -43.3036155701, -19.8036670685, 4.80031728745, 25.9546337128]
    median: [-999.518859863, 154.030090332, 76.7395629883, 14.3333015442, -19.5680351257, -48.4169578552, -66.6723251343, -70.8136901855, -62.573890686, -45.2128067017, -20.6870479584, 5.08553314209, 27.5389633179]
    min: [-1021.00506592, 123.92603302, 36.9487037659, -4.28702926636, -31.1605644226, -59.437953949, -76.0678329468, -76.9814758301, -68.8717880249, -49.8239898682, -23.568403244, 2.40225982666, -1.63014984131]
    skew: [4.93048763275, -0.269863694906, -0.269077092409, 0.248105317354, 0.266201019287, 2.41476106644, 3.18211126328, 3.76517653465, 3.84462547302, 3.90670728683, 4.17746448517, -0.809916853905, -3.73541474342]
    var: [4161.61523438, 55.0078544617, 378.073730469, 203.757354736, 33.4938278198, 73.3715362549, 124.908744812, 152.294204712, 134.766738892, 88.1061859131, 25.9875240326, 0.994057953358, 30.8443584442]

SpecContrastCoeff:
    dmean: [0.0331515818834, 0.0289706531912, 0.0114410677925, 0.00789168756455, 0.00680653052405, 0.0176828578115]
    dmean2: [0.0589796900749, 0.0230584088713, 0.0136345764622, 0.0122816143557, 0.0112093286589, 0.0317835696042]
    dvar: [0.00228940392844, 0.0112435622141, 0.000147355764057, 9.72121270024e-05, 0.000118235475384, 0.000612294301391]
    dvar2: [0.00536535866559, 0.0050086141564, 0.000185085460544, 0.000196485460037, 0.000255907594692, 0.00166306458414]
    kurt: [6.79653739929, 28.413318634, 11.8156232834, 8.7375087738, 11.6044902802, 4.61400461197]
    max: [-0.732121288776, -0.0460731163621, -0.821493804455, -0.887311995029, -0.890446007252, -0.863439261913]
    mean: [-0.938418388367, -0.0851600840688, -0.933959364891, -0.950073003769, -0.952376246452, -0.940866410732]
    median: [-0.959847569466, -0.0537256672978, -0.9427754879, -0.956496655941, -0.957188487053, -0.950578808784]
    min: [-0.987991333008, -0.969389617443, -0.947537600994, -0.957356333733, -0.958067297935, -0.953439891338]
    skew: [2.61087536812, -5.27223062515, 3.20958256721, 2.75460743904, 3.24390625954, 2.3477294445]
    var: [0.00236867927015, 0.0209093745798, 0.0005149950739, 0.000179237671546, 0.00015570501273, 0.000461643037852]

SpecPeakAmp:
    dmean: [0.0173265133053, 0.470399647951, 0.47060880065, 0.0299209170043, 0.0339409969747]
    dmean2: [0.0265628956258, 0.962165236473, 0.947723925114, 0.0608748607337, 0.0650060474873]
    dvar: [0.00622686790302, 0.0827296823263, 0.0823644995689, 0.0181291177869, 0.0186555609107]
    dvar2: [0.0159936863929, 0.143453583121, 0.18131300807, 0.0546840019524, 0.0551535710692]
    kurt: [40.021812439, -1.94997560978, -1.94984638691, 40.0042228699, 33.8620834351]
    max: [0.379490464926, 0.647100567818, 0.647101461887, 0.647091269493, 0.647060155869]
    mean: [0.0087123112753, 0.287898600101, 0.287664830685, 0.0148924058303, 0.0187299977988]
    median: [0.000281062239083, 0.000429879903095, 0.000384145823773, 0.000226504052989, 7.17281145626e-05]
    min: [4.62943244202e-05, 0.000155131725478, 0.000104289109004, 5.4295775044e-05, 1.9746077669e-05]
    skew: [6.48238563538, 0.22357878089, 0.223652496934, 6.48031902313, 5.85557889938]
    var: [0.00312449759804, 0.103170514107, 0.102997034788, 0.00908548664302, 0.0097175789997]
