
metadata:
    version:
        essentia: "2.1-beta3"

Flux:
    dmean: 0.0194207429886
    dmean2: 0
    dvar: 0
    dvar2: 0
    kurt: -2
    max: 0.401290684938
    mean: 0.391580313444
    median: 0.391580313444
    min: 0.38186994195
    skew: 0
    var: 9.42913175095e-05

Rms:
    dmean: 0
    dmean2: 0
    dvar: 0
    dvar2: 0
    kurt: 0
    max: 0.137094512582
    mean: 0.137094512582
    median: 0.137094512582
    min: 0.137094512582
    skew: 0
    var: 0

RollOff:
    dmean: 129.19921875
    dmean2: 0
    dvar: 0
    dvar2: 0
    kurt: -1.99999988079
    max: 667.529296875
    mean: 602.9296875
    median: 602.9296875
    min: 538.330078125
    skew: 0
    var: 4173.109375

SpecCent:
    dmean: 295.229431152
    dmean2: 0
    dvar: 0
    dvar2: 0
    kurt: -2
    max: 744.334838867
    mean: 596.720092773
    median: 596.720092773
    min: 449.105407715
    skew: 6.21786114152e-07
    var: 21790.1054688

Zcr:
    dmean: 0.00048828125
    dmean2: 0
    dvar: 0
    dvar2: 0
    kurt: -2
    max: 0.0068359375
    mean: 0.006591796875
    median: 0.006591796875
    min: 0.00634765625
    skew: 0
    var: 5.96046447754e-08

HarmonicAmpFreq:
    dmean: [91.9236450195]
    dmean2: [0]
    dvar: [0]
    dvar2: [0]
    kurt: [-2]
    max: [575.94152832]
    mean: [529.979736328]
    median: [529.979736328]
    min: [484.017883301]
    skew: [-2.01158445634e-06]
    var: [2112.48925781]

HarmonicAmpMag:
    dmean: [0.124884910882]
    dmean2: [0]
    dvar: [0]
    dvar2: [0]
    kurt: [-2]
    max: [0.134731933475]
    mean: [0.0722894743085]
    median: [0.0722894743085]
    min: [0.0098470216617]
    skew: [1.79308756287e-07]
    var: [0.00389906018972]

MfccCoeff:
    dmean: [413.160095215, 9.24713134766, 17.8427867889, 48.1370697021, 46.6420822144, 31.6481704712, 4.71354293823, 15.2868118286, 25.1494655609, 17.3551311493, 6.53914642334, 2.84320926666, 6.53685951233]
    dmean2: [0, 0, 0, 0, 0, 0, 0, 0, 0, 0, 0, 0, 0]
    dvar: [0, 0, 0, 0, 0, 0, 0, 0, 0, 0, 0, 0, 0]
    dvar2: [0, 0, 0, 0, 0, 0, 0, 0, 0, 0, 0, 0, 0]
    kurt: [-1.99999988079, -2, -2, -2, -1.99999976158, -1.99999988079, -1.99999988079, -2, -1.99999988079, -2, -2, -1.99999988079, -2]
    max: [-574.099243164, 156.710601807, 40.509098053, 4.78113365173, -20.7641963959, -25.015827179, -26.6621665955, -2.34462738037, 16.1909065247, 18.7123966217, 13.0484275818, 9.04889774323, 6.80774116516]
    mean: [-780.679321289, 152.087036133, 31.5877037048, -19.287399292, -44.0852394104, -40.8399124146, -29.0189380646, -9.98803329468, 3.6161737442, 10.0348310471, 9.77885437012, 7.62729310989, 3.539311409]
    median: [-780.679321289, 152.087036133, 31.5877037048, -19.287399292, -44.0852394104, -40.8399124146, -29.0189380646, -9.98803329468, 3.6161737442, 10.0348310471, 9.77885437012, 7.62729310989, 3.539311409]
    min: [-987.259338379, 147.463470459, 22.666311264, -43.3559341431, -67.4062805176, -56.6639976501, -31.3757095337, -17.631439209, -8.95855903625, 1.35726547241, 6.50928115845, 6.20568847656, 0.270881652832]
    skew: [4.53727238892e-07, 0, 3.4382856029e-07, -1.40081610311e-07, 7.69938850453e-08, 0, 0, 0, 0, 0, 0, 0, 0]
    var: [42675.3164062, 21.3773593903, 79.5912628174, 579.294311523, 543.87097168, 250.401672363, 5.5543718338, 58.4216537476, 158.123901367, 75.3001480103, 10.6901092529, 2.02095961571, 10.6826334]

SpecContrastCoeff:
    dmean: [0.0929732322693, 0.0494085550308, 0.191490650177, 0.0143989920616, 0.0272589921951, 0.0247253775597]
    dmean2: [0, 0, 0, 0, 0, 0]
    dvar: [0, 0, 0, 0, 0, 0]
    dvar2: [0, 0, 0, 0, 0, 0]
    kurt: [-2, -2, -1.99999988079, -2, -2, -2]
    max: [-0.83404314518, -0.643300414085, -0.657756686211, -0.907851219177, -0.927864909172, -0.934951841831]
    mean: [-0.880529761314, -0.668004691601, -0.753502011299, -0.91505074501, -0.94149440527, -0.947314500809]
    median: [-0.880529761314, -0.668004691601, -0.753502011299, -0.91505074501, -0.94149440527, -0.947314500809]
    min: [-0.927016377449, -0.692708969116, -0.849247336388, -0.922250211239, -0.955123901367, -0.959677219391]
    skew: [0, 0, 0, 1.24145653899e-05, 0, -7.28042550691e-06]
    var: [0.00216100551188, 0.000610301329289, 0.0091671673581, 5.18327433383e-05, 0.000185763157788, 0.000152836073539]

SpecPeakAmp:
    dmean: [0.134523063898, 0.0405854359269, 0.0183463394642, 0.0126532921568, 0.000857625156641]
    dmean2: [0, 0, 0, 0, 0]
    dvar: [0, 0, 0, 0, 0]
    dvar2: [0, 0, 0, 0, 0]
    kurt: [-2, -2, -2, -2, -2]
    max: [0.134731933475, 0.040863737464, 0.0186724085361, 0.0131047926843, 0.0107046468183]
    mean: [0.0674704015255, 0.0205710195005, 0.00949923880398, 0.00677814660594, 0.01027583424]
    median: [0.0674704015255, 0.0205710195005, 0.00949923880398, 0.00677814660594, 0.01027583424]
    min: [0.000208865691093, 0.000278301275102, 0.000326069362927, 0.000451500469353, 0.0098470216617]
    skew: [-1.4346339583e-07, 0, 0, 0, 0]
    var: [0.00452411407605, 0.000411794404499, 8.41470464366e-05, 4.00264507334e-05, 1.8388023193e-07]
