
metadata:
    version:
        essentia: "2.1-beta3"

Flux:
    dmean: 6.52821654512e-06
    dmean2: 9.63542152022e-06
    dvar: 5.49619072476e-10
    dvar2: 1.17633158769e-09
    kurt: 13.7546691895
    max: 0.000125221529743
    mean: 7.73097053752e-06
    median: 1.46975378357e-06
    min: 9.20222134937e-07
    skew: 3.83938717842
    var: 5.75264114122e-10

Rms:
    dmean: 1.83853671842e-06
    dmean2: 1.82447149655e-06
    dvar: 4.28985146017e-11
    dvar2: 3.2450726134e-11
    kurt: 19.4411754608
    max: 0.000101652469311
    mean: 9.94926740532e-05
    median: 0.000101234734757
    min: 5.88097027503e-05
    skew: -4.49194765091
    var: 5.68161073744e-11

RollOff:
    dmean: 0.500772178173
    dmean2: 0.5126953125
    dvar: 10.5324554443
    dvar2: 10.7771167755
    kurt: 39.0238380432
    max: 775.1953125
    mean: 754.151428223
    median: 753.662109375
    min: 753.662109375
    skew: 6.4050078392
    var: 10.2986516953

SpecCent:
    dmean: 5.39341545105
    dmean2: 7.75792312622
    dvar: 38.6890106201
    dvar2: 29.8958282471
    kurt: 18.0326881409
    max: 1006.01593018
    mean: 955.066833496
    median: 953.149169922
    min: 948.066467285
    skew: 4.04562091827
    var: 87.4234848022

Zcr:
    dmean: 0.00106740556657
    dmean2: 0.00131370907184
    dvar: 1.08259355329e-05
    dvar2: 8.99733004189e-06
    kurt: 17.3191299438
    max: 0.03369140625
    mean: 0.0327037461102
    median: 0.03369140625
    min: 0.01513671875
    skew: -4.35295009613
    var: 1.25656233649e-05

HarmonicAmpFreq:
    dmean: [2.66662025452]
    dmean2: [2.73011136055]
    dvar: [298.453674316]
    dvar2: [305.385559082]
    kurt: [39.0239143372]
    max: [739.053771973]
    mean: [736.448181152]
    median: [739.053771973]
    min: [624.427185059]
    skew: [-6.40500307083]
    var: [291.828094482]

HarmonicAmpMag:
    dmean: [1.88685908142e-06]
    dmean2: [1.93178425434e-06]
    dvar: [1.4397524839e-10]
    dvar2: [1.47316450705e-10]
    kurt: [38.9934883118]
    max: [7.96352760517e-05]
    mean: [1.8439758378e-06]
    median: [0]
    min: [0]
    skew: [6.40141439438]
    var: [1.40782163705e-10]

MfccCoeff:
    dmean: [0.119151979685, 0.119145594537, 0.00033711278229, 0.11805973202, 0.166425481439, 0.117288991809, 0.000986853265204, 0.114076301455, 0.160252854228, 0.112546347082, 0.00162151246332, 0.107280641794, 0.150134772062]
    dmean2: [0.122448146343, 0.122437976301, 0.000374930241378, 0.121312461793, 0.171016141772, 0.120525904, 0.00109536305536, 0.117225646973, 0.164672404528, 0.115653447807, 0.001807984896, 0.110247291625, 0.154275983572]
    dvar: [0.318881243467, 0.319008678198, 3.07475306727e-06, 0.31266823411, 0.622166872025, 0.30973649025, 2.7346148272e-05, 0.291346073151, 0.576872289181, 0.2857657969, 7.34680870664e-05, 0.257123321295, 0.506322920322]
    dvar2: [0.322480559349, 0.322622567415, 3.07883328787e-06, 0.316209673882, 0.629215359688, 0.313246846199, 2.75817383226e-05, 0.29464712739, 0.583409845829, 0.289002597332, 7.4094714364e-05, 0.260033577681, 0.512061536312]
    kurt: [26.1152210236, 26.1387386322, 38.3431510925, 26.0421657562, 26.1143417358, 26.2352657318, 38.38230896, 25.9413452148, 26.1143112183, 26.3378925323, 38.3806915283, 25.8305950165, 26.1143417358]
    max: [-1134.97631836, 3.44529342651, 0.0127258300781, 8.01086425781e-05, -6.103515625e-05, 2.28881835938e-05, -2.67028808594e-05, 3.28566741943, 4.63182449341, 3.26756286621, 0.0622215270996, -3.0517578125e-05, -3.81469726562e-05]
    mean: [-1135.09411621, 3.32744002342, 0.0114406235516, -3.29057693481, -4.64568376541, -3.28219389915, -0.0342591032386, 3.17282581329, 4.47327470779, 3.15619111061, 0.0560753569007, -2.9770116806, -4.19090461731]
    median: [-1134.97851562, 3.44301986694, 0.0116882324219, -3.40507125854, -4.80711364746, -3.39599609375, -0.0349998474121, 3.28342819214, 4.62871551514, 3.26540374756, 0.0572891235352, -3.08099746704, -4.33652877808]
    min: [-1138.42004395, 1.14440917969e-05, -6.103515625e-05, -3.4073600769, -4.81033325195, -3.39824676514, -0.0380058288574, -5.34057617188e-05, -4.57763671875e-05, -2.28881835938e-05, -2.67028808594e-05, -3.08312225342, -4.33943939209]
    skew: [-5.14752149582, -5.14955282211, -6.31821632385, 5.1409277916, 5.14736795425, 5.15817689896, 6.32330513, -5.13192415237, -5.14736509323, -5.16735935211, -6.32309484482, 5.12205076218, 5.14736557007]
    var: [0.315468788147, 0.315586060286, 3.10190603159e-06, 0.309315413237, 0.615493834019, 0.306412190199, 2.74646608887e-05, 0.288222432137, 0.570684552193, 0.282699227333, 7.37676018616e-05, 0.254368513823, 0.500891447067]

SpecContrastCoeff:
    dmean: [0.0267918221653, 0.0165120884776, 0.0152261313051, 0.00846724025905, 0.0102356607094, 0.00712823029608]
    dmean2: [0.0391090586782, 0.0275816470385, 0.0207062102854, 0.0133858295158, 0.0169325098395, 0.0109633449465]
    dvar: [0.00237278989516, 0.00019714240625, 0.00116695440374, 8.46474649734e-05, 0.000186884819414, 5.54107755306e-05]
    dvar2: [0.00264099286869, 0.000577221566346, 0.00119223282672, 0.000147502418258, 0.000257252133451, 9.13779585971e-05]
    kurt: [16.0159626007, 0.770052194595, 21.6570415497, 5.68099403381, 15.3911590576, 7.80886077881]
    max: [-0.635296225548, -0.876591205597, -0.573295116425, -0.871558845043, -0.861969530582, -0.87437325716]
    mean: [-0.670611321926, -0.913072168827, -0.594834148884, -0.899866044521, -0.883058786392, -0.890068113804]
    median: [-0.663339018822, -0.914498448372, -0.587780475616, -0.898594081402, -0.882131099701, -0.890630960464]
    min: [-0.913699746132, -0.95396977663, -0.803672552109, -0.944835007191, -0.958109855652, -0.931482970715]
    skew: [-4.05208921432, 0.125416785479, -4.63160657883, -1.32472658157, -3.5096013546, -2.17344450951]
    var: [0.00237646582536, 0.00019357529527, 0.00137493154034, 0.000120985292597, 0.000204795214813, 8.7507905846e-05]

SpecPeakAmp:
    dmean: [3.09890509698e-07, 1.74053369051e-07, 2.0117324766e-06, 1.96076015868e-07, 1.79976140657e-07]
    dmean2: [4.02211981054e-07, 2.39305819605e-07, 2.18757600123e-06, 2.91035092914e-07, 2.63171983761e-07]
    dvar: [7.51313399515e-13, 2.05684387166e-13, 1.42001813086e-10, 1.10006479566e-13, 8.65428334464e-14]
    dvar2: [6.78365621055e-13, 2.31987687524e-13, 1.45194620216e-10, 1.22374929201e-13, 9.29904685697e-14]
    kurt: [16.7280025482, 26.9170589447, 39.0086936951, 19.6708850861, 15.9366054535]
    max: [1.69533668668e-05, 3.02046942124e-06, 7.96352760517e-05, 2.26393103731e-06, 2.06756180887e-06]
    mean: [1.65676719917e-05, 2.26522530511e-07, 2.18350396608e-06, 2.7801488045e-07, 3.55872089131e-07]
    median: [1.67516009242e-05, 1.0405562989e-07, 4.31859348282e-07, 1.32556579047e-07, 3.2578307696e-07]
    min: [1.23866084323e-05, 4.6566647427e-08, 9.47591018985e-08, 8.45230516688e-08, 5.42222373667e-08]
    skew: [-4.30281305313, 5.07808685303, 6.40319347382, 4.20962285995, 3.88005614281]
    var: [8.05173310837e-13, 2.16209645673e-13, 1.39530650922e-10, 1.27249935849e-13, 1.1139639287e-13]
