
metadata:
    version:
        essentia: "2.1-beta3"

Flux:
    dmean: 0.000163419943419
    dmean2: 0.000218580753426
    dvar: 2.84728685074e-07
    dvar2: 5.64336062325e-07
    kurt: 9.50178623199
    max: 0.00308655621484
    mean: 0.000213074934436
    median: 8.17330146674e-06
    min: 3.25006044477e-06
    skew: 3.28532767296
    var: 4.61031447685e-07

Rms:
    dmean: 6.79274016875e-05
    dmean2: 5.43750320503e-05
    dvar: 5.27089696334e-08
    dvar2: 2.34778223529e-08
    kurt: 20.9892692566
    max: 0.00224304781295
    mean: 0.00215889373794
    median: 0.00223770458251
    min: 0.000387402251363
    skew: -4.54661846161
    var: 9.85270460774e-08

RollOff:
    dmean: 5.87269163132
    dmean2: 5.5084939003
    dvar: 1251.16650391
    dvar2: 1058.76257324
    kurt: 39.4301986694
    max: 1012.06054688
    mean: 759.8828125
    median: 753.662109375
    min: 753.662109375
    skew: 6.4159412384
    var: 1455.37902832

SpecCent:
    dmean: 11.1430549622
    dmean2: 13.1351251602
    dvar: 2256.63623047
    dvar2: 1902.29943848
    kurt: 39.4386787415
    max: 1086.28613281
    mean: 748.013977051
    median: 740.390441895
    min: 736.699707031
    skew: 6.41556739807
    var: 2618.49243164

Zcr:
    dmean: 0.00139825989027
    dmean2: 0.00135128991678
    dvar: 1.55686375365e-05
    dvar2: 9.34642230277e-06
    kurt: 17.836812973
    max: 0.03369140625
    mean: 0.0320963524282
    median: 0.03369140625
    min: 0.00146484375
    skew: -4.23361539841
    var: 3.21642583003e-05

HarmonicAmpFreq:
    dmean: [1.21948099136]
    dmean2: [1.23432815075]
    dvar: [62.5449333191]
    dvar2: [62.5710487366]
    kurt: [40.0133628845]
    max: [739.606811523]
    mean: [738.401733398]
    median: [739.606811523]
    min: [685.949645996]
    skew: [-6.48139095306]
    var: [62.534576416]

HarmonicAmpMag:
    dmean: [8.11715945019e-05]
    dmean2: [0.000124624566524]
    dvar: [1.38365479074e-07]
    dvar2: [3.55409042641e-07]
    kurt: [40.022480011]
    max: [0.00178730604239]
    mean: [3.97859548684e-05]
    median: [0]
    min: [0]
    skew: [6.48246383667]
    var: [6.94053454708e-08]

MfccCoeff:
    dmean: [1.97931468487, 2.11677694321, 0.531961619854, 0.93007850647, 1.45421302319, 0.972205221653, 0.0691673979163, 0.570144355297, 0.799687564373, 0.56035131216, 0.0625965818763, 0.53777140379, 0.750195324421]
    dmean2: [2.73390936852, 2.94495415688, 0.816072702408, 1.12594437599, 1.80711734295, 1.19307148457, 0.104947470129, 0.581519246101, 0.735461473465, 0.446496337652, 0.095601812005, 0.39964401722, 0.501399457455]
    dvar: [77.0168228149, 88.054901123, 5.92891979218, 18.7602176666, 44.417591095, 20.1033153534, 0.0956740826368, 9.09972953796, 14.0907621384, 5.36259794235, 0.0762654468417, 4.5809469223, 8.28696346283]
    dvar2: [169.242416382, 196.300186157, 15.2217197418, 29.8464984894, 75.8198471069, 33.1927223206, 0.244560644031, 9.238322258, 10.8491020203, 2.7885260582, 0.197333201766, 2.14573121071, 4.16679859161]
    kurt: [21.3947601318, 22.8035144806, 40.0222511292, 27.0692214966, 23.928861618, 25.396396637, 39.7854537964, 34.4001998901, 33.2410354614, 29.404384613, 39.4240608215, 27.5102481842, 24.3973178864]
    max: [-1087.4206543, 54.0150566101, 11.6960449219, 8.01086425781e-05, -6.103515625e-05, 2.28881835938e-05, 0.0350685119629, 19.720621109, 27.5991325378, 19.2882633209, 0.0574607849121, -3.0517578125e-05, -3.81469726562e-05]
    mean: [-1117.80432129, 20.6717605591, 0.270515263081, -19.9554328918, -28.1554145813, -19.7642002106, -0.0652895644307, 19.1610832214, 26.7376708984, 18.6187953949, 0.0237019006163, -17.9206295013, -24.8682937622]
    median: [-1117.9005127, 20.5078849792, 0.0116882324219, -20.3647575378, -28.6617393494, -20.145866394, -0.0349998474121, 19.7203006744, 27.5985984802, 19.2878360748, 0.0572853088379, -18.5903396606, -25.8560905457]
    min: [-1138.42004395, 1.14440917969e-05, -0.0135498046875, -27.8693313599, -42.3996276855, -28.6824760437, -1.50323104858, -5.34057617188e-05, -4.57763671875e-05, -2.28881835938e-05, -1.29735183716, -18.5906295776, -25.8566093445]
    skew: [2.49684119225, 3.01399850845, 6.48243761063, 4.63031339645, 3.85171937943, 4.2502617836, -6.45354270935, -5.90713882446, -5.77313613892, -5.37199687958, -6.41437387466, 5.18787813187, 4.89616203308]
    var: [30.6894836426, 34.9672317505, 2.96689653397, 10.982213974, 23.5569820404, 11.1767282486, 0.0471233278513, 8.96722507477, 17.7392368317, 9.11626625061, 0.0399423614144, 8.73035049438, 17.9182357788]

SpecContrastCoeff:
    dmean: [0.0486853457987, 0.0189138874412, 0.0255861449987, 0.0100197577849, 0.010070473887, 0.00921823922545]
    dmean2: [0.0871793925762, 0.0340711250901, 0.0312535502017, 0.0188298914582, 0.0185231864452, 0.0171003527939]
    dvar: [0.0012818579562, 0.000383871782105, 0.00295868446119, 5.30117431481e-05, 7.46035584598e-05, 8.36582403281e-05]
    dvar2: [0.00280157872476, 0.000930522510316, 0.0021569270175, 0.000117713563668, 0.00019360218721, 0.000174033935764]
    kurt: [3.35203027725, 8.45457077026, 20.8672275543, -0.944811105728, 1.39400863647, 5.36115646362]
    max: [-0.739409327507, -0.848999559879, -0.45114082098, -0.92068707943, -0.906725108624, -0.894373357296]
    mean: [-0.817650258541, -0.950112044811, -0.484315156937, -0.937539756298, -0.929160296917, -0.923471748829]
    median: [-0.822720468044, -0.956021130085, -0.467410475016, -0.937662601471, -0.930166900158, -0.923232674599]
    min: [-0.976919531822, -0.975814163685, -0.962286770344, -0.951143980026, -0.955797433853, -0.965155124664]
    skew: [-1.18089997768, 2.81684327126, -4.55252313614, 0.190758690238, -0.331344693899, -1.49510288239]
    var: [0.00181523663923, 0.000536278937943, 0.00725027872249, 5.94698831264e-05, 8.63791719894e-05, 0.000127470775624]

SpecPeakAmp:
    dmean: [2.91332776214e-06, 8.18128537503e-05, 1.90973901226e-06, 1.92609240912e-06, 1.76224284587e-06]
    dmean2: [3.84556869903e-06, 0.00012565740326, 2.99956604977e-06, 3.0322139537e-06, 2.77932576864e-06]
    dvar: [7.42937378284e-11, 1.38326967658e-07, 3.55577026157e-11, 3.03488796594e-11, 2.8349060946e-11]
    dvar2: [1.73298764228e-10, 3.55101207106e-07, 8.99960800327e-11, 7.55563459021e-11, 7.1485276032e-11]
    kurt: [27.2543048859, 40.0222663879, 38.7065315247, 37.9660758972, 38.4831924438]
    max: [5.20490721101e-05, 0.00178730604239, 3.01307863992e-05, 2.8308646506e-05, 2.7021884307e-05]
    mean: [1.71609499375e-05, 4.09189960919e-05, 1.93439586837e-06, 2.03996046366e-06, 1.96601308744e-06]
    median: [1.66793888638e-05, 1.24480845898e-06, 1.3296232737e-06, 1.42399414926e-06, 1.36383687277e-06]
    min: [3.06195215671e-06, 4.47451753871e-07, 3.65987858686e-07, 2.61779945276e-07, 2.05118084295e-07]
    skew: [4.5239443779, 6.48243999481, 6.32932567596, 6.24374103546, 6.30207490921]
    var: [3.34425508119e-11, 6.93155399745e-08, 1.83524376252e-11, 1.60725859705e-11, 1.45309797181e-11]
