
metadata:
    version:
        essentia: "2.1-beta3"

Flux:
    dmean: 0.00367729878053
    dmean2: 0.00492380093783
    dvar: 0.0001428679534
    dvar2: 0.0002829770674
    kurt: 9.49227905273
    max: 0.0691111907363
    mean: 0.00471327360719
    median: 0.00013063471124
    min: 1.22337414723e-05
    skew: 3.28409910202
    var: 0.000231695667026

Rms:
    dmean: 0.00151637941599
    dmean2: 0.00121123506688
    dvar: 2.63077254203e-05
    dvar2: 1.16889677884e-05
    kurt: 20.9542961121
    max: 0.0502170845866
    mean: 0.0483372583985
    median: 0.0501002073288
    min: 0.00874579232186
    skew: -4.54301214218
    var: 4.92567924084e-05

RollOff:
    dmean: 6.36208295822
    dmean2: 6.00926589966
    dvar: 1487.55651855
    dvar2: 1279.44262695
    kurt: 39.5171394348
    max: 1033.59375
    mean: 760.36126709
    median: 753.662109375
    min: 753.662109375
    skew: 6.4254899025
    var: 1706.79614258

SpecCent:
    dmean: 12.7736444473
    dmean2: 14.6654167175
    dvar: 3280.53149414
    dvar2: 2739.84106445
    kurt: 39.4070129395
    max: 1159.01611328
    mean: 749.280456543
    median: 739.760986328
    min: 736.225646973
    skew: 6.412504673
    var: 3843.1628418

Zcr:
    dmean: 0.00137606530916
    dmean2: 0.00130586849991
    dvar: 1.56193727889e-05
    dvar2: 9.42275073612e-06
    kurt: 17.8315086365
    max: 0.03369140625
    mean: 0.0321072041988
    median: 0.03369140625
    min: 0.00146484375
    skew: -4.23326683044
    var: 3.21934530803e-05

HarmonicAmpFreq:
    dmean: [1.18899810314]
    dmean2: [1.6133351326]
    dvar: [27.1527996063]
    dvar2: [28.4609718323]
    kurt: [39.3587112427]
    max: [739.606201172]
    mean: [738.00189209]
    median: [738.515258789]
    min: [703.938598633]
    skew: [-6.40277814865]
    var: [26.5770606995]

HarmonicAmpMag:
    dmean: [0.024913745001]
    dmean2: [0.0487286001444]
    dvar: [0.00103385769762]
    dvar2: [0.00244947010651]
    kurt: [-0.668239593506]
    max: [0.068512506783]
    mean: [0.0511276870966]
    median: [0.0685016736388]
    min: [0]
    skew: [-1.1375297308]
    var: [0.000863026245497]

MfccCoeff:
    dmean: [15.0235013962, 7.93132352829, 3.41772818565, 2.53613567352, 1.62416315079, 3.37253856659, 3.97831058502, 4.17507886887, 2.61471390724, 2.38439249992, 2.5954720974, 2.8854227066, 2.08597016335]
    dmean2: [22.5097732544, 11.7782058716, 5.77309322357, 4.03298473358, 1.82491636276, 5.50201320648, 7.07006216049, 6.50766324997, 3.74978542328, 3.59970736504, 4.6146402359, 4.4158654213, 2.59397721291]
    dvar: [3371.88989258, 475.166229248, 11.5444459915, 14.4324378967, 24.9209842682, 9.89470672607, 4.24610996246, 9.47306632996, 25.0855026245, 15.2535104752, 1.78515231609, 10.75989151, 28.4229011536]
    dvar2: [8447.56152344, 1104.78503418, 25.8650989532, 11.804233551, 14.454331398, 11.3486452103, 13.8752450943, 10.7762355804, 23.4696502686, 16.7706623077, 5.19405317307, 10.1657657623, 26.4253692627]
    kurt: [37.5502090454, 23.8923492432, 9.7481546402, 23.7299938202, 22.2773971558, 12.9290390015, -1.47376346588, 17.5108356476, 19.7781124115, 17.3731842041, -1.4256824255, 16.2451457977, 16.5938892365]
    max: [-829.346496582, 134.618377686, 13.9107666016, -9.69617843628, -15.2699394226, -12.2213363647, 2.40115737915, 42.1137313843, 58.8295097351, 40.8101806641, 2.43790817261, -0.919593811035, -0.0287780761719]
    mean: [-1090.17053223, 44.6842269897, 0.995059549809, -39.4570732117, -55.9230422974, -39.3836021423, -1.29435622692, 35.4038124084, 49.4486312866, 34.1897964478, 0.17416331172, -31.74741745, -43.4085197449]
    median: [-1096.92163086, 41.6054801941, 0.543395996094, -40.2058486938, -56.4153442383, -39.9212608337, -1.10480880737, 36.7699241638, 51.614200592, 35.7100906372, 0.354465484619, -32.9622612, -45.4712333679]
    min: [-1123.60559082, 15.5959587097, -13.0153198242, -49.5723953247, -72.5289611816, -49.4168968201, -5.03498458862, 2.67788696289, 5.07973098755, 3.28363800049, -2.56855392456, -35.1236381531, -46.0390892029]
    skew: [6.19344043732, 4.56253480911, -0.305311918259, 4.14368534088, 3.83285832405, 3.03860139847, -0.042627364397, -3.90903067589, -4.44399499893, -4.12770748138, -0.203579083085, 4.00278139114, 4.1422457695]
    var: [1592.89099121, 236.647140503, 10.806183815, 25.8525333405, 50.1350975037, 29.8474292755, 6.50810337067, 36.4322814941, 65.9318771362, 34.0717430115, 2.7546350956, 35.3488235474, 69.3375091553]

SpecContrastCoeff:
    dmean: [0.0263785291463, 0.0231792610139, 0.0312431082129, 0.0137961711735, 0.0118002798408, 0.013358942233]
    dmean2: [0.0491532720625, 0.0416762493551, 0.0339776426554, 0.025698967278, 0.0216401033103, 0.0237920340151]
    dvar: [0.000601260224357, 0.000812311831396, 0.0050366576761, 9.43637642195e-05, 0.000150826468598, 0.000314310280373]
    dvar2: [0.00115196988918, 0.00179324729834, 0.00293840537779, 0.000180179369636, 0.000267438503215, 0.000422468787292]
    kurt: [3.89256286621, 8.67583751678, 23.2411270142, 0.248177051544, 6.21423339844, 19.2041664124]
    max: [-0.859894156456, -0.803334236145, -0.275936901569, -0.905154168606, -0.899262428284, -0.853462040424]
    mean: [-0.950074911118, -0.938246071339, -0.314909875393, -0.939182817936, -0.952012300491, -0.954373657703]
    median: [-0.961077988148, -0.947398543358, -0.293437004089, -0.945378959179, -0.958172678947, -0.961933910847]
    min: [-0.976758897305, -0.964417159557, -0.951066851616, -0.949875950813, -0.95943915844, -0.963213384151]
    skew: [2.00128746033, 3.03181576729, -4.78326272964, 1.08913016319, 2.36273097992, 4.06500434875]
    var: [0.000550147902686, 0.001101150061, 0.0120616899803, 0.000138030736707, 0.000146261445479, 0.00032419100171]

SpecPeakAmp:
    dmean: [5.86268615734e-05, 5.98839797021e-05, 0.0360589772463, 0.0186816230416, 0.0342792011797]
    dmean2: [9.33572155191e-05, 9.3239294074e-05, 0.0728570744395, 0.0381756424904, 0.0701264813542]
    dvar: [3.89403211898e-08, 4.37302212219e-08, 0.00111631909385, 0.000927170913201, 0.00116944883484]
    dvar2: [1.00064561082e-07, 1.11747880283e-07, 0.00229109893553, 0.00202205311507, 0.00271816272289]
    kurt: [39.3815689087, 39.5435791016, -1.01352310181, 0.249931097031, -0.886384487152]
    max: [0.00102009112015, 0.00104049465153, 0.0685102567077, 0.0685122236609, 0.068512506783]
    mean: [5.47958443349e-05, 5.38163621968e-05, 0.0191809944808, 0.0137540074065, 0.0183107722551]
    median: [3.37596320605e-05, 3.16395235131e-05, 3.93183327105e-05, 5.4118623666e-05, 4.91787686769e-05]
    min: [1.04965165519e-05, 4.74544276585e-06, 8.73872886586e-06, 6.22846891929e-06, 4.86953103973e-06]
    skew: [6.40663290024, 6.42578220367, 0.976451635361, 1.49994897842, 1.05525445938]
    var: [2.13370103808e-08, 2.22502301028e-08, 0.000918956589885, 0.000749457860366, 0.00091631122632]
