
metadata:
    version:
        essentia: "2.1-beta3"

Flux:
    dmean: 0.00278487149626
    dmean2: 0.00367015600204
    dvar: 8.39634158183e-05
    dvar2: 0.000165013028891
    kurt: 9.57799530029
    max: 0.0532533302903
    mean: 0.00355265196413
    median: 1.85118860827e-05
    min: 8.29648070066e-06
    skew: 3.29378008842
    var: 0.000136590577313

Rms:
    dmean: 0.00108110520523
    dmean2: 0.000788640289102
    dvar: 1.52318652908e-05
    dvar2: 6.87450665282e-06
    kurt: 20.8303432465
    max: 0.0383745655417
    mean: 0.0370061732829
    median: 0.038358297199
    min: 0.00706356717274
    skew: -4.53146982193
    var: 2.82754936052e-05

RollOff:
    dmean: 5.87269163132
    dmean2: 6.00926589966
    dvar: 1483.00585938
    dvar2: 1516.67382812
    kurt: 40.0217323303
    max: 2993.11523438
    mean: 2740.46044922
    median: 2734.71679688
    min: 2734.71679688
    skew: 6.48237848282
    var: 1450.79956055

SpecCent:
    dmean: 2.19384765625
    dmean2: 2.00087428093
    dvar: 136.687240601
    dvar2: 126.84161377
    kurt: 39.3821754456
    max: 2780.28686523
    mean: 2699.98876953
    median: 2698.31542969
    min: 2693.18481445
    skew: 6.40512657166
    var: 147.648178101

Zcr:
    dmean: 0.004150390625
    dmean2: 0.00295239826664
    dvar: 0.000230296092923
    dvar2: 0.000156934387633
    kurt: 17.7861499786
    max: 0.12353515625
    mean: 0.11777343601
    median: 0.123046875
    min: 0.00390625
    skew: -4.2335691452
    var: 0.000445520592621

HarmonicAmpFreq:
    dmean: [0.0401444882154]
    dmean2: [0.0410780794919]
    dvar: [0.069297939539]
    dvar2: [0.0708711594343]
    kurt: [40.0657310486]
    max: [2719.75732422]
    mean: [2719.71850586]
    median: [2719.75732422]
    min: [2717.9909668]
    skew: [-6.48746728897]
    var: [0.0677931830287]

HarmonicAmpMag:
    dmean: [1.36551273044e-06]
    dmean2: [1.39726876114e-06]
    dvar: [8.01788774263e-11]
    dvar2: [8.19991227696e-11]
    kurt: [40.0227241516]
    max: [6.00825587753e-05]
    mean: [1.33516800815e-06]
    median: [0]
    min: [0]
    skew: [6.48249340057]
    var: [7.84376383289e-11]

MfccCoeff:
    dmean: [10.2231750488, 2.01340579987, 2.88857126236, 1.05031442642, 0.735885381699, 0.99132579565, 0.35058516264, 1.09139060974, 0.262107491493, 0.972525537014, 0.677250087261, 0.665439665318, 0.942693650723]
    dmean2: [15.2892751694, 3.20465946198, 3.90881729126, 1.26427507401, 0.609519064426, 0.680968880653, 0.300653666258, 0.655712366104, 0.223584368825, 0.772499799728, 0.68768620491, 0.56284481287, 0.950692117214]
    dvar: [2201.09838867, 85.1622238159, 193.426620483, 30.7384338379, 14.1213741302, 19.6507053375, 2.48320937157, 21.9079723358, 0.893144071102, 17.6275959015, 7.22619581223, 8.61872291565, 14.4896430969]
    dvar2: [5459.66455078, 226.006790161, 393.238677979, 45.9512252808, 8.62639808655, 7.79762506485, 1.57565701008, 9.77928256989, 0.716358006001, 13.0044994354, 7.28899717331, 6.77859544754, 14.514424324]
    kurt: [37.8626937866, 36.5133132935, 19.5451469421, 34.2558250427, 36.7195930481, 30.9360198975, 33.58852005, 27.2958641052, 13.8063240051, 23.0463809967, 18.5963611603, 22.6610584259, 19.2068405151]
    max: [-893.00402832, 37.8055458069, -4.95970153809, 39.5268745422, 35.8919715881, -4.32726287842, -1.90208053589, 49.9228134155, -0.0580444335938, -4.57585906982, 24.9914360046, 31.6883029938, -2.99047088623]
    mean: [-1096.69274902, -10.003156662, -48.4091033936, 31.1027774811, 33.5269546509, -43.9344558716, -14.1016206741, 48.0955085754, -6.57296800613, -42.886806488, 23.9797744751, 30.2532844543, -34.878162384]
    median: [-1100.56652832, -11.3325386047, -48.429485321, 31.5894203186, 34.2953681946, -45.2117881775, -14.3605270386, 49.5891647339, -6.91986846924, -44.3218307495, 24.9858665466, 31.2383823395, -36.2896080017]
    min: [-1134.59289551, -11.3847541809, -89.6740112305, 2.97917556763, 3.69947814941, -45.4614524841, -17.1626052856, 4.87553405762, -6.92791748047, -44.7236862183, 1.79220962524, 3.56539916992, -36.2921867371]
    skew: [6.19249486923, 6.11345100403, 0.366456001997, -5.63068342209, -6.12829780579, 5.57644462585, 5.65672016144, -5.2468752861, 3.84461712837, 4.87735795975, -4.38621711731, -4.84964752197, 4.45973920822]
    var: [968.111816406, 54.238407135, 79.8179397583, 19.3945941925, 21.0538730621, 40.4066200256, 3.67652916908, 51.489730835, 1.73866474628, 45.0176429749, 17.1690349579, 22.1370544434, 34.8879051208]

SpecContrastCoeff:
    dmean: [0.0266528241336, 0.0122935473919, 0.0066850441508, 0.00628161849454, 0.0184069518, 0.00601329049096]
    dmean2: [0.0275346096605, 0.0177576206625, 0.00826617144048, 0.00545557169244, 0.0164075307548, 0.00564636755735]
    dvar: [0.000486957113026, 0.000168459300767, 5.83638939133e-05, 2.89845920634e-05, 0.0030680259224, 2.35213265114e-05]
    dvar2: [0.00100754899904, 0.000246956653427, 6.11807117821e-05, 6.22304796707e-05, 0.00274729984812, 3.17084777635e-05]
    kurt: [0.374560594559, 1.16305065155, 3.64686965942, 0.746872663498, 16.8611660004, -0.590472698212]
    max: [-0.767343342304, -0.922459721565, -0.934051930904, -0.909517467022, -0.339447140694, -0.907278299332]
    mean: [-0.877447962761, -0.974241316319, -0.978474915028, -0.947332322598, -0.373109728098, -0.934801995754]
    median: [-0.886489152908, -0.981194853783, -0.983058393002, -0.949821054935, -0.353713393211, -0.940749526024]
    min: [-0.997847259045, -0.995433568954, -0.990846216679, -0.960906147957, -0.817929923534, -0.947561919689]
    skew: [0.267229408026, 1.47331309319, 1.69863772392, 0.922486484051, -4.14079856873, 0.863838255405]
    var: [0.00235660327598, 0.000321934174281, 0.000123758320115, 0.000129134801682, 0.00710731605068, 0.000138270464959]

SpecPeakAmp:
    dmean: [1.221783441e-05, 1.22798401208e-05, 1.21950342873e-05, 1.21428520288e-05, 1.11374538392e-05]
    dmean2: [1.84361961146e-05, 1.85153039638e-05, 1.83941847354e-05, 1.83911361091e-05, 1.73736516444e-05]
    dvar: [2.91676816033e-09, 2.90878943154e-09, 2.88035417739e-09, 2.85310752801e-09, 2.42919906412e-09]
    dvar2: [7.50511564007e-09, 7.50041539987e-09, 7.44101180672e-09, 7.39997529919e-09, 6.46342268595e-09]
    kurt: [39.8709259033, 39.9239234924, 39.90076828, 39.7744750977, 36.0955963135]
    max: [0.000265506852884, 0.000263589754468, 0.000263316178462, 0.000264837639406, 0.00026631608489]
    mean: [1.40150132211e-05, 7.66638368077e-06, 7.65455661167e-06, 7.84512485552e-06, 8.92060415936e-06]
    median: [8.48902800499e-06, 1.84306043138e-06, 1.69863164956e-06, 1.74638341832e-06, 1.73321768671e-06]
    min: [5.24968936588e-06, 3.84932349107e-07, 3.01874877096e-07, 3.89003332657e-07, 4.79994696434e-07]
    skew: [6.46449279785, 6.47089624405, 6.46821069717, 6.45377492905, 6.0708117485]
    var: [1.44000489311e-09, 1.49027712393e-09, 1.48763179553e-09, 1.50537915466e-09, 1.58079860313e-09]
