
metadata:
    version:
        essentia: "2.1-beta3"

Flux:
    dmean: 0.0330251045525
    dmean2: 0.0439484268427
    dvar: 0.0115545904264
    dvar2: 0.0222881436348
    kurt: 9.37109947205
    max: 0.63929861784
    mean: 0.0434007011354
    median: 0.00117306865286
    min: 0.00015127423103
    skew: 3.26404356956
    var: 0.0195505414158

Rms:
    dmean: 0.0137542271987
    dmean2: 0.0109080728143
    dvar: 0.0021508699283
    dvar2: 0.000946161686443
    kurt: 20.9321613312
    max: 0.462670505047
    mean: 0.445571124554
    median: 0.461658596992
    min: 0.0861566364765
    skew: -4.5399684906
    var: 0.00406030192971

RollOff:
    dmean: 8.31964683533
    dmean2: 8.01235485077
    dvar: 2639.08959961
    dvar2: 2372.81176758
    kurt: 39.7261161804
    max: 1119.7265625
    mean: 762.27532959
    median: 753.662109375
    min: 753.662109375
    skew: 6.44867944717
    var: 2913.96386719

SpecCent:
    dmean: 17.3797836304
    dmean2: 18.5986976624
    dvar: 6957.17236328
    dvar2: 5642.27783203
    kurt: 39.1724967957
    max: 1361.3137207
    mean: 754.362060547
    median: 739.438476562
    min: 735.741210938
    skew: 6.38740873337
    var: 8456.64648438

Zcr:
    dmean: 0.00143155187834
    dmean2: 0.00141942221671
    dvar: 1.62167762028e-05
    dvar2: 1.02776575659e-05
    kurt: 17.8345031738
    max: 0.03369140625
    mean: 0.0320963524282
    median: 0.03369140625
    min: 0.00146484375
    skew: -4.23492479324
    var: 3.21960505971e-05

HarmonicAmpFreq:
    dmean: [0.681132912636]
    dmean2: [0.701505422592]
    dvar: [16.9829788208]
    dvar2: [16.0948524475]
    kurt: [39.6813163757]
    max: [767.205627441]
    mean: [739.223266602]
    median: [738.51550293]
    min: [738.509521484]
    skew: [6.44292259216]
    var: [17.8668193817]

HarmonicAmpMag:
    dmean: [0.0287346728146]
    dmean2: [0.038074657321]
    dvar: [0.0128800459206]
    dvar2: [0.0189274474978]
    kurt: [8.69432544708]
    max: [0.631230115891]
    mean: [0.583320438862]
    median: [0.631147861481]
    min: [0]
    skew: [-3.22515296936]
    var: [0.0257523618639]

MfccCoeff:
    dmean: [32.4254112244, 22.3781414032, 38.1408042908, 6.34579801559, 8.28102397919, 5.43863582611, 2.04372024536, 3.42306423187, 3.0125374794, 2.79305005074, 1.2638604641, 2.02898383141, 2.0643620491]
    dmean2: [50.2862358093, 40.5557823181, 67.6773910522, 11.1713581085, 12.1569471359, 8.95934677124, 3.57575345039, 5.32594203949, 4.75897550583, 4.57457733154, 2.28528690338, 2.49888181686, 2.24357414246]
    dvar: [7439.39550781, 173.616119385, 340.963165283, 26.8763446808, 35.9076423645, 16.1323127747, 5.11533546448, 20.9412822723, 31.2645072937, 13.1515769958, 0.999634325504, 13.9644613266, 29.586681366]
    dvar2: [17524.3085938, 459.01461792, 1128.93127441, 40.8775253296, 69.3373947144, 33.5982284546, 13.9578866959, 41.4702568054, 50.6183128357, 17.9907131195, 2.4310426712, 11.4903612137, 22.3623504639]
    kurt: [27.6371059418, -0.756065607071, -1.36553633213, 3.92623996735, 6.80131053925, 4.39455509186, 0.768057823181, 13.1903419495, 15.0370578766, 13.7974700928, 0.838875055313, 16.3402709961, 17.6770591736]
    max: [-580.839538574, 149.146026611, 31.0689430237, -36.6691970825, -33.0191764832, -21.4988098145, 5.04208755493, 46.2038955688, 55.8011360168, 36.5845947266, 0.653179168701, -0.329154968262, 2.45324707031]
    mean: [-969.582458496, 131.872116089, -4.48483562469, -62.0536117554, -69.4687347412, -42.9527587891, 0.18271869421, 35.0943374634, 47.7243537903, 31.9911460876, -0.873963773251, -31.2502307892, -42.1177864075]
    median: [-979.110046387, 136.486053467, -6.80215454102, -60.7282180786, -68.7174377441, -43.3877220154, 0.808048248291, 36.3055839539, 49.6720924377, 33.4006652832, -0.935138702393, -32.5821342468, -44.1717033386]
    min: [-1004.83850098, 95.6020965576, -41.8980827332, -75.9295425415, -95.4332885742, -54.5861473083, -7.25930595398, 5.07061004639, 8.40287399292, 4.54504394531, -3.54618453979, -35.227519989, -45.8233909607]
    skew: [5.2347574234, -0.699615299702, 0.0540962852538, 0.606594860554, 0.99038040638, 1.08011329174, -0.958070158958, -3.37896990776, -3.91927409172, -3.68661379814, -0.92725020647, 4.04319763184, 4.22668457031]
    var: [4123.98388672, 264.873199463, 584.693969727, 42.3856239319, 72.550453186, 28.7203292847, 6.24416685104, 37.4458351135, 62.2818908691, 31.0595569611, 0.958203017712, 34.7548561096, 69.1585159302]

SpecContrastCoeff:
    dmean: [0.0394701734185, 0.0315978787839, 0.0324326790869, 0.0188193973154, 0.0119985723868, 0.00732148112729]
    dmean2: [0.072003133595, 0.053867701441, 0.0323509499431, 0.0345733724535, 0.0234622508287, 0.0143071478233]
    dvar: [0.00158701720648, 0.00184355501551, 0.00852322671562, 0.000241378307692, 0.000148973369505, 0.000142513235915]
    dvar2: [0.00374706997536, 0.0041815158911, 0.00376722426154, 0.000655419949908, 0.000367064814782, 0.000425887614256]
    kurt: [2.46719789505, 9.25356578827, 26.3278694153, 5.68955421448, 0.864224672318, 5.00214385986]
    max: [-0.832296133041, -0.7131472826, -0.100909657776, -0.857423305511, -0.909124970436, -0.915021181107]
    mean: [-0.960778355598, -0.918316543102, -0.140222877264, -0.924868583679, -0.942909598351, -0.951983988285]
    median: [-0.979043841362, -0.933679938316, -0.112114138901, -0.931524753571, -0.949657320976, -0.956195056438]
    min: [-0.986836373806, -0.945866584778, -0.934273064137, -0.937413811684, -0.950547277927, -0.957241714001]
    skew: [1.81816315651, 3.1303730011, -5.0683722496, 2.09166622162, 1.48441874981, 2.40038061142]
    var: [0.00141953793354, 0.00224948348477, 0.0175215881318, 0.000245229864959, 0.000134696951136, 0.000100684061181]

SpecPeakAmp:
    dmean: [0.000219497887883, 0.172142252326, 0.286737322807, 0.0290479380637, 0.115040190518]
    dmean2: [0.000344554282492, 0.352198123932, 0.566036462784, 0.0592835731804, 0.235261321068]
    dvar: [1.01657740004e-07, 0.0788409039378, 0.0942151471972, 0.0172397494316, 0.0591742396355]
    dvar2: [2.73477610335e-07, 0.190440863371, 0.188648313284, 0.0521331876516, 0.166927918792]
    kurt: [20.1864528656, 1.6127705574, -1.52709174156, 40.0176010132, 6.34724617004]
    max: [0.00174753856845, 0.63122177124, 0.631230115891, 0.631209254265, 0.631195604801]
    mean: [0.000290744181257, 0.0986029654741, 0.415156841278, 0.0145302582532, 0.0563463531435]
    median: [0.000266850693151, 0.000473617372336, 0.631128847599, 0.000440379226347, 0.000111105488031]
    min: [2.11518363358e-05, 0.000276474893326, 0.000201466769795, 5.67080678593e-05, 4.69550250273e-05]
    skew: [4.08562898636, 1.90072667599, -0.668212473392, 6.48188877106, 2.88912415504]
    var: [6.63125305778e-08, 0.0522407069802, 0.0874331817031, 0.0086435386911, 0.032235763967]
