
metadata:
    version:
        essentia: "2.1-beta3"

Flux:
    dmean: 0.0180463790894
    dmean2: 0
    dvar: 0
    dvar2: 0
    kurt: -2
    max: 0.393949449062
    mean: 0.384926259518
    median: 0.384926259518
    min: 0.375903069973
    skew: 0
    var: 8.14179511508e-05

Rms:
    dmean: 0
    dmean2: 0
    dvar: 0
    dvar2: 0
    kurt: 0
    max: 0.134984955192
    mean: 0.134984955192
    median: 0.134984955192
    min: 0.134984955192
    skew: 0
    var: 0

RollOff:
    dmean: 258.3984375
    dmean2: 0
    dvar: 0
    dvar2: 0
    kurt: -1.99999988079
    max: 1313.52539062
    mean: 1184.32617188
    median: 1184.32617188
    min: 1055.12695312
    skew: 0
    var: 16692.4375

SpecCent:
    dmean: 227.036804199
    dmean2: 0
    dvar: 0
    dvar2: 0
    kurt: -2
    max: 1148.62194824
    mean: 1035.10351562
    median: 1035.10351562
    min: 921.585144043
    skew: 8.1177336142e-07
    var: 12886.4277344

Zcr:
    dmean: 0
    dmean2: 0
    dvar: 0
    dvar2: 0
    kurt: 0
    max: 0.0126953125
    mean: 0.0126953125
    median: 0.0126953125
    min: 0.0126953125
    skew: 0
    var: 0

HarmonicAmpFreq:
    dmean: [37.8420410156]
    dmean2: [0]
    dvar: [0]
    dvar2: [0]
    kurt: [-2]
    max: [957.335205078]
    mean: [938.41418457]
    median: [938.41418457]
    min: [919.493164062]
    skew: [0]
    var: [358.005004883]

HarmonicAmpMag:
    dmean: [0.10960457474]
    dmean2: [0]
    dvar: [0]
    dvar2: [0]
    kurt: [-2]
    max: [0.10960457474]
    mean: [0.05480228737]
    median: [0.05480228737]
    min: [0]
    skew: [0]
    var: [0.00300329062156]

MfccCoeff:
    dmean: [413.528930664, 1.63202667236, 30.4136772156, 63.8818511963, 7.77529525757, 44.7475891113, 27.0022773743, 13.273607254, 24.6019802094, 8.1947517395, 11.494269371, 9.26665306091, 1.61688232422]
    dmean2: [0, 0, 0, 0, 0, 0, 0, 0, 0, 0, 0, 0, 0]
    dvar: [0, 0, 0, 0, 0, 0, 0, 0, 0, 0, 0, 0, 0]
    dvar2: [0, 0, 0, 0, 0, 0, 0, 0, 0, 0, 0, 0, 0]
    kurt: [-2, -2, -2, -2, -1.99999988079, -2, -2, -1.99999988079, -2, -1.99999988079, -2, -2, -2]
    max: [-568.846374512, 117.477981567, -32.2783203125, -50.2648849487, -38.036190033, 35.938659668, 42.032081604, 21.0825691223, 7.08374595642, -5.3048286438, 1.93829727173, 5.50595092773, 1.45416259766]
    mean: [-775.610839844, 116.661972046, -47.4851608276, -82.2058105469, -41.9238357544, 13.564866066, 28.5309429169, 14.4457654953, -5.21724414825, -9.40220451355, -3.80883741379, 0.872624397278, 0.645721435547]
    median: [-775.610839844, 116.661972046, -47.4851608276, -82.2058105469, -41.9238357544, 13.564866066, 28.5309429169, 14.4457654953, -5.21724414825, -9.40220451355, -3.80883741379, 0.872624397278, 0.645721435547]
    min: [-982.375305176, 115.845954895, -62.6919975281, -114.146736145, -45.8114852905, -8.80892753601, 15.0298042297, 7.80896186829, -17.5182342529, -13.4995803833, -9.5559720993, -3.76070213318, -0.162719726562]
    skew: [0, -1.39861595017e-05, 3.81843960895e-07, 0, -1.46077024965e-06, 0, 0, 0, 0, 0, 0, 0, 0]
    var: [42751.5429688, 0.665877819061, 231.247940063, 1020.22271729, 15.1138038635, 500.586669922, 182.28074646, 44.0471611023, 151.314361572, 16.7884883881, 33.0295562744, 21.4677143097, 0.65357708931]

SpecContrastCoeff:
    dmean: [0.0182092785835, 0.1057035923, 0.00705254077911, 0.238955140114, 0.0189443230629, 0.0261057019234]
    dmean2: [0, 0, 0, 0, 0, 0]
    dvar: [0, 0, 0, 0, 0, 0]
    dvar2: [0, 0, 0, 0, 0, 0]
    kurt: [-2, -2, -2, -2, -1.99999988079, -1.99999988079]
    max: [-0.948196470737, -0.795369446278, -0.750548183918, -0.565057218075, -0.919340610504, -0.932260334492]
    mean: [-0.957301139832, -0.848221242428, -0.754074454308, -0.684534788132, -0.928812742233, -0.945313215256]
    median: [-0.957301139832, -0.848221242428, -0.754074454308, -0.684534788132, -0.928812742233, -0.945313215256]
    min: [-0.966405749321, -0.901073038578, -0.757600724697, -0.804012358189, -0.938284933567, -0.958366036415]
    skew: [9.82884375844e-06, 0, 0, 0, -9.43087616179e-06, 6.85013083057e-06]
    var: [8.28944612294e-05, 0.00279331230558, 1.24345824588e-05, 0.0142748896033, 8.97218415048e-05, 0.0001703769085]

SpecPeakAmp:
    dmean: [0.109517090023, 0.055856436491, 0.0303538776934, 0.0165541935712, 0.0108562428504]
    dmean2: [0, 0, 0, 0, 0]
    dvar: [0, 0, 0, 0, 0]
    dvar2: [0, 0, 0, 0, 0]
    kurt: [-2, -2, -2, -2, -2]
    max: [0.10960457474, 0.055950306356, 0.0304598975927, 0.016679758206, 0.0110106468201]
    mean: [0.0548460297287, 0.0280220881104, 0.015282958746, 0.0084026614204, 0.00558252539486]
    median: [0.0548460297287, 0.0280220881104, 0.015282958746, 0.0084026614204, 0.00558252539486]
    min: [8.74816541909e-05, 9.3871698482e-05, 0.000106019506347, 0.000125564343762, 0.000154404071509]
    skew: [-8.86266633415e-08, 1.25254047134e-07, 0, 0, 0]
    var: [0.00299849850126, 0.000779985333793, 0.000230339472182, 6.85103295837e-05, 2.94645014947e-05]
