
metadata:
    version:
        essentia: "2.1-beta3"

Flux:
    dmean: 6.54107998344e-06
    dmean2: 9.7165848274e-06
    dvar: 5.39033151448e-10
    dvar2: 1.15309262139e-09
    kurt: 13.71900177
    max: 0.000124633050291
    mean: 7.75945954956e-06
    median: 1.52414281729e-06
    min: 7.95783137164e-07
    skew: 3.83481740952
    var: 5.69675029372e-10

Rms:
    dmean: 1.7514234969e-06
    dmean2: 1.68292308445e-06
    dvar: 4.31081594032e-11
    dvar2: 3.23662138757e-11
    kurt: 19.422290802
    max: 0.000101394347439
    mean: 9.94943329715e-05
    median: 0.000101302081021
    min: 5.88657348999e-05
    skew: -4.49038124084
    var: 5.66980386252e-11

RollOff:
    dmean: 1.00154435635
    dmean2: 1.025390625
    dvar: 20.5633563995
    dvar2: 21.0285148621
    kurt: 17.0510482788
    max: 1507.32421875
    mean: 1486.7689209
    median: 1485.79101562
    min: 1485.79101562
    skew: 4.36493968964
    var: 20.1182975769

SpecCent:
    dmean: 4.52918624878
    dmean2: 6.34116029739
    dvar: 17.1589603424
    dvar2: 16.0663700104
    kurt: 17.9091377258
    max: 1624.09460449
    mean: 1586.13720703
    median: 1584.72399902
    min: 1580.85192871
    skew: 3.94792699814
    var: 48.4001846313

Zcr:
    dmean: 0.00181686051656
    dmean2: 0.00209263386205
    dvar: 4.53252869193e-05
    dvar2: 4.26347651228e-05
    kurt: 17.4054775238
    max: 0.0673828125
    mean: 0.0654740780592
    median: 0.06689453125
    min: 0.03125
    skew: -4.3836016655
    var: 4.85162127006e-05

HarmonicAmpFreq:
    dmean: [0]
    dmean2: [0]
    dvar: [0]
    dvar2: [0]
    kurt: [-2]
    max: [1479.55932617]
    mean: [1479.55883789]
    median: [1479.55932617]
    min: [1479.55932617]
    skew: [1]
    var: [2.38418579102e-07]

HarmonicAmpMag:
    dmean: [0]
    dmean2: [0]
    dvar: [0]
    dvar2: [0]
    kurt: [nan]
    max: [0]
    mean: [0]
    median: [0]
    min: [0]
    skew: [nan]
    var: [0]

MfccCoeff:
    dmean: [0.0906897261739, 0.0394570976496, 0.103625275195, 0.10277326405, 0.0397338867188, 0.125792741776, 0.0376934669912, 0.100495807827, 0.0979818329215, 0.0385073274374, 0.118496209383, 0.03452514112, 0.0935095846653]
    dmean2: [0.0932878777385, 0.0405876524746, 0.106612429023, 0.10573759675, 0.0408950075507, 0.129418507218, 0.0387852974236, 0.103398822248, 0.100805558264, 0.039655957371, 0.121911183, 0.0355566106737, 0.0962279215455]
    dvar: [0.168419256806, 0.031869340688, 0.21990275383, 0.216225728393, 0.0323630720377, 0.324015021324, 0.028995083645, 0.206898421049, 0.196415752172, 0.0304044317454, 0.287506341934, 0.0241814777255, 0.179185330868]
    dvar2: [0.169813752174, 0.0321313552558, 0.221730366349, 0.218007862568, 0.0326377488673, 0.326698958874, 0.0292224455625, 0.208634763956, 0.198017030954, 0.0306723676622, 0.289887845516, 0.024358311668, 0.180702373385]
    kurt: [20.4498348236, 20.4031925201, 20.4742412567, 20.4166965485, 20.646030426, 20.4512500763, 20.1529941559, 20.5334129333, 20.3563251495, 20.9023914337, 20.4512443542, 19.8765296936, 20.5993938446]
    max: [-1136.1072998, 1.00510787964, -6.103515625e-05, 8.01086425781e-05, 1.01765441895, 3.20796966553, 0.953937530518, -5.34057617188e-05, -4.57763671875e-05, 0.9912109375, 3.02178573608, 0.866157531738, -3.81469726562e-05]
    mean: [-1136.19677734, 0.966150105, -2.54180049896, -2.51720952988, 0.978541612625, 3.08382344246, 0.916470944881, -2.46858358383, -2.39614439011, 0.953442633152, 2.90484476089, 0.831648409367, -2.30047941208]
    median: [-1136.10888672, 1.00439071655, -2.6422958374, -2.61681747437, 1.01707458496, 3.20578765869, 0.952953338623, -2.56606292725, -2.49104309082, 0.990711212158, 3.01973724365, 0.864933013916, -2.39117431641]
    min: [-1138.42004395, 1.14440917969e-05, -2.64404296875, -2.61869430542, -6.103515625e-05, 2.28881835938e-05, -2.67028808594e-05, -2.5676651001, -2.49304199219, -2.28881835938e-05, -2.67028808594e-05, -3.0517578125e-05, -2.39259338379]
    skew: [-4.65219926834, -4.64831972122, 4.65440368652, 4.6494808197, -4.66911888123, -4.65243434906, -4.62692165375, 4.65947055817, 4.6443066597, -4.69111061096, -4.65243339539, -4.60331201553, 4.66512155533]
    var: [0.167019233108, 0.0316044948995, 0.218075767159, 0.21442912519, 0.0320942178369, 0.321325093508, 0.0287570636719, 0.205178752542, 0.194788366556, 0.0301526412368, 0.285118669271, 0.0239886660129, 0.177695691586]

SpecContrastCoeff:
    dmean: [0.0216125864536, 0.0172532554716, 0.0139754135162, 0.0140535980463, 0.00865848921239, 0.00834290776402]
    dmean2: [0.0300757549703, 0.0244082007557, 0.0202638227493, 0.0183465667069, 0.0133714750409, 0.0116827804595]
    dvar: [0.00174738920759, 0.000312824442517, 0.000216473912587, 0.00103146024048, 3.28475725837e-05, 7.55849177949e-05]
    dvar2: [0.00184760487173, 0.000352876202669, 0.000317632016959, 0.000937531585805, 0.000101760437246, 0.000102977421193]
    kurt: [15.4495754242, 10.2275295258, 7.46940994263, 17.4967899323, 4.5479426384, 11.3922891617]
    max: [-0.614897966385, -0.856804966927, -0.872761428356, -0.605305671692, -0.885249137878, -0.862031280994]
    mean: [-0.657523751259, -0.88577580452, -0.895318090916, -0.630677163601, -0.898117303848, -0.873528540134]
    median: [-0.647963285446, -0.881687164307, -0.891968727112, -0.624248862267, -0.897170841694, -0.872256398201]
    min: [-0.873286485672, -0.992139816284, -0.965532302856, -0.807236731052, -0.929607152939, -0.926254689693]
    skew: [-4.02546691895, -2.98311686516, -2.55233192444, -4.26330804825, -1.58595454693, -3.02113461494]
    var: [0.00204257899895, 0.000557528284844, 0.000323501590174, 0.00117022613995, 5.82649990974e-05, 0.000117973424494]

SpecPeakAmp:
    dmean: [2.70483837994e-07, 6.92470578656e-08, 7.25745152863e-08, 1.42079684906e-07, 1.89153766428e-07]
    dmean2: [3.36235871146e-07, 8.5982904352e-08, 8.51399093449e-08, 2.35721842046e-07, 3.16412894108e-07]
    dvar: [6.38032758137e-13, 4.43895002136e-14, 7.56221054201e-14, 5.84599304187e-14, 5.21044016581e-14]
    dvar2: [5.97801972854e-13, 4.49659434036e-14, 7.79871569341e-14, 7.94864933422e-14, 6.58856649793e-14]
    kurt: [17.1749572754, 24.2010669708, 27.4588489532, 22.2923927307, 15.5603141785]
    max: [1.69068298419e-05, 1.68222231878e-06, 1.75896229848e-06, 1.58219404511e-06, 1.5702590872e-06]
    mean: [1.65846759046e-05, 4.15208148752e-07, 1.31148340188e-07, 1.83039915669e-07, 2.66403844762e-07]
    median: [1.67517882801e-05, 3.73727004899e-07, 7.85481546473e-08, 1.06166311298e-07, 1.7779413497e-07]
    min: [1.25420501718e-05, 2.95620850466e-07, 4.84941296008e-08, 4.78331365628e-08, 6.64537722628e-08]
    skew: [-4.34803342819, 4.92039966583, 5.25843381882, 4.49229240417, 3.46576786041]
    var: [6.86375273024e-13, 4.76271989512e-14, 7.33911155047e-14, 5.8983369675e-14, 5.97859503332e-14]
