
metadata:
    version:
        essentia: "2.1-beta3"

Flux:
    dmean: 0.00016241602134
    dmean2: 0.000215723761357
    dvar: 2.85227031327e-07
    dvar2: 5.63788432828e-07
    kurt: 9.54112052917
    max: 0.00309555255808
    mean: 0.000212620943785
    median: 7.16592967365e-06
    min: 5.6899430092e-06
    skew: 3.28987073898
    var: 4.6193301273e-07

Rms:
    dmean: 6.55900003039e-05
    dmean2: 4.99309317092e-05
    dvar: 5.23705345756e-08
    dvar2: 2.33618990819e-08
    kurt: 20.9644489288
    max: 0.00224106619135
    mean: 0.00215913401917
    median: 0.00223836535588
    min: 0.000395465787733
    skew: -4.5436258316
    var: 9.77176242145e-08

RollOff:
    dmean: 7.34086465836
    dmean2: 7.01081037521
    dvar: 1748.13659668
    dvar2: 1525.20007324
    kurt: 39.1740150452
    max: 1787.25585938
    mean: 1493.44641113
    median: 1485.79101562
    min: 1485.79101562
    skew: 6.38616132736
    var: 1981.56872559

SpecCent:
    dmean: 7.92720174789
    dmean2: 9.61248111725
    dvar: 933.295349121
    dvar2: 820.900695801
    kurt: 39.4846687317
    max: 1695.09899902
    mean: 1481.65917969
    median: 1476.82897949
    min: 1473.77124023
    skew: 6.41936779022
    var: 1041.92077637

Zcr:
    dmean: 0.00249689281918
    dmean2: 0.00212345574982
    dvar: 6.62610254949e-05
    dvar2: 4.44887482445e-05
    kurt: 18.0347824097
    max: 0.0673828125
    mean: 0.0642035603523
    median: 0.06689453125
    min: 0.00244140625
    skew: -4.25654125214
    var: 0.000129960637423

HarmonicAmpFreq:
    dmean: [0.198347613215]
    dmean2: [0.202960342169]
    dvar: [1.69169616699]
    dvar2: [1.73010206223]
    kurt: [40.0319595337]
    max: [1488.50537109]
    mean: [1479.97155762]
    median: [1479.77807617]
    min: [1479.77807617]
    skew: [6.48356246948]
    var: [1.65495812893]

HarmonicAmpMag:
    dmean: [7.26872357859e-08]
    dmean2: [7.43776382706e-08]
    dvar: [2.27187667008e-13]
    dvar2: [2.32345392925e-13]
    kurt: [40.0227241516]
    max: [3.19823834616e-06]
    mean: [7.10719660901e-08]
    median: [0]
    min: [0]
    skew: [6.48249340057]
    var: [2.22253855944e-13]

MfccCoeff:
    dmean: [1.22069203854, 0.599005937576, 1.23200857639, 1.33561623096, 0.246378466487, 1.21203148365, 0.494197487831, 0.648376464844, 0.664572477341, 0.234627380967, 0.744373857975, 0.224912464619, 0.581618130207]
    dmean2: [1.58184671402, 0.792042553425, 1.55809700489, 1.71859633923, 0.239927783608, 1.45560276508, 0.634899377823, 0.673613607883, 0.702829062939, 0.206416547298, 0.658760428429, 0.166853621602, 0.477521598339]
    dvar: [29.7249011993, 7.07177305222, 30.8773975372, 35.7654151917, 1.48861169815, 31.6241569519, 4.89985609055, 11.2888555527, 11.5091133118, 1.08971333504, 11.07791996, 0.782691597939, 5.94391202927]
    dvar2: [56.6585960388, 14.1530675888, 55.3295097351, 66.9848403931, 1.34348070621, 49.3505134583, 9.14100265503, 11.9850559235, 12.7729816437, 0.736930847168, 7.62164354324, 0.373295545578, 3.32485818863]
    kurt: [18.7604789734, 17.7701034546, 21.2225513458, 19.3705101013, 33.436000824, 27.1996746063, 19.5047569275, 33.6023483276, 33.4474563599, 31.6607170105, 31.7535057068, 26.681804657, 29.7685623169]
    max: [-1104.70922852, 16.169506073, -6.103515625e-05, 8.01086425781e-05, 8.38871765137, 36.1737365723, 13.7714118958, -5.34057617188e-05, -4.57763671875e-05, 7.99301338196, 25.3336601257, 7.64311981201, -3.81469726562e-05]
    mean: [-1119.2701416, 8.39008331299, -21.7702484131, -21.7244853973, 8.13603210449, 26.3270072937, 8.09764099121, -20.7676734924, -20.4905185699, 7.73123216629, 24.5072154999, 7.3625869751, -19.1198253632]
    median: [-1119.03076172, 8.4620475769, -22.1214790344, -22.02085495, 8.3885345459, 26.8937835693, 8.21019363403, -21.3717880249, -21.074256897, 7.99275398254, 25.3333244324, 7.64293670654, -19.8008232117]
    min: [-1138.42004395, 1.14440917969e-05, -34.9266471863, -37.1684341431, -6.103515625e-05, 2.28881835938e-05, -2.67028808594e-05, -21.8234786987, -22.0690307617, -2.28881835938e-05, -2.67028808594e-05, -3.0517578125e-05, -19.8012199402]
    skew: [-1.82051825523, -0.559764802456, 3.06253242493, 2.21253633499, -5.80821943283, -4.72746944427, -2.29374670982, 5.82999372482, 5.81074380875, -5.6072716713, -5.6178355217, -5.10458469391, 5.40940093994]
    var: [13.5694847107, 3.04237389565, 15.3245306015, 16.7091636658, 1.63914597034, 19.0396347046, 2.30140137672, 10.6561145782, 10.3961496353, 1.51777338982, 15.2307186127, 1.49594795704, 9.5571346283]

SpecContrastCoeff:
    dmean: [0.0467130281031, 0.0203862413764, 0.0155909210443, 0.0202235151082, 0.00664687296376, 0.00698076467961]
    dmean2: [0.0810181051493, 0.0334577597678, 0.0250007044524, 0.0229926984757, 0.0107642533258, 0.0119930477813]
    dvar: [0.00186936149839, 0.000245700910455, 0.000120718126709, 0.00206210603938, 1.56492951646e-05, 4.97507026012e-05]
    dvar2: [0.00372906238772, 0.000602568208706, 0.000365240877727, 0.00168143946212, 5.02870389028e-05, 0.000132072818815]
    kurt: [6.04864215851, 0.351994991302, 2.88371992111, 19.1867790222, -0.930126428604, 9.16465854645]
    max: [-0.70384657383, -0.893445193768, -0.901942551136, -0.480088680983, -0.915602326393, -0.911508381367]
    mean: [-0.768573760986, -0.942960977554, -0.948575496674, -0.515670537949, -0.925239622593, -0.924083888531]
    median: [-0.769765377045, -0.943482995033, -0.950993478298, -0.499503672123, -0.926083803177, -0.924505233765]
    min: [-0.979432106018, -0.988404870033, -0.967686295509, -0.910835504532, -0.937342226505, -0.956864953041]
    skew: [-2.2123105526, 0.00900879409164, 1.46108949184, -4.40001630783, -0.0567124709487, -1.95087981224]
    var: [0.00292571051978, 0.000379115343094, 0.000186569843208, 0.00524207763374, 2.93989760394e-05, 4.75923225167e-05]

SpecPeakAmp:
    dmean: [1.6672761376e-06, 1.45637454807e-06, 1.51507333612e-06, 1.46846821281e-06, 1.52640632223e-06]
    dmean2: [2.46277977567e-06, 2.28785938816e-06, 2.36175969803e-06, 2.28429507843e-06, 2.38503798755e-06]
    dvar: [1.79937002798e-11, 2.59930132973e-11, 2.89817406185e-11, 3.02014663278e-11, 3.06514466586e-11]
    dvar2: [3.37432894126e-11, 6.84409959262e-11, 7.49439676984e-11, 7.83895101608e-11, 7.86147466569e-11]
    kurt: [18.9510192871, 38.6515808105, 39.582447052, 39.6794548035, 39.558971405]
    max: [2.80082404061e-05, 2.6562705898e-05, 2.68438252533e-05, 2.69692427537e-05, 2.72905526799e-05]
    mean: [1.65722685779e-05, 1.34884726322e-06, 1.31068270548e-06, 1.3061755908e-06, 1.26695920244e-06]
    median: [1.67080779647e-05, 7.32219746169e-07, 7.62066576954e-07, 7.1840753435e-07, 6.51545803976e-07]
    min: [7.49822618218e-07, 2.52147543733e-07, 2.59943902847e-07, 1.8131511581e-07, 2.27076426995e-07]
    skew: [-2.06175923347, 6.32617902756, 6.43080425262, 6.44197940826, 6.42830371857]
    var: [8.99592900172e-12, 1.46848973953e-11, 1.4893355646e-11, 1.50281852934e-11, 1.5475268636e-11]
