
metadata:
    version:
        essentia: "2.1-beta3"

Flux:
    dmean: 0.00366192660294
    dmean2: 0.00487779919058
    dvar: 0.000142962846439
    dvar2: 0.000282255496131
    kurt: 9.52966022491
    max: 0.0693058818579
    mean: 0.00468397047371
    median: 8.89370348887e-05
    min: 2.03984618565e-05
    skew: 3.28835368156
    var: 0.000232283113291

Rms:
    dmean: 0.00146864552516
    dmean2: 0.00111871026456
    dvar: 2.63036163233e-05
    dvar2: 1.17696608868e-05
    kurt: 21.0100898743
    max: 0.050175037235
    mean: 0.048340972513
    median: 0.0501145683229
    min: 0.00881285499781
    skew: -4.54816579819
    var: 4.90257625643e-05

RollOff:
    dmean: 7.83025550842
    dmean2: 7.51158237457
    dvar: 2025.24182129
    dvar2: 1787.50793457
    kurt: 39.2821998596
    max: 1808.7890625
    mean: 1493.92504883
    median: 1485.79101562
    min: 1485.79101562
    skew: 6.39822053909
    var: 2272.82763672

SpecCent:
    dmean: 10.5878105164
    dmean2: 12.2483587265
    dvar: 2206.23803711
    dvar2: 1967.32507324
    kurt: 39.6583480835
    max: 1810.96386719
    mean: 1484.12902832
    median: 1476.52050781
    min: 1471.69787598
    skew: 6.44004917145
    var: 2438.10839844

Zcr:
    dmean: 0.00251908740029
    dmean2: 0.00212345574982
    dvar: 6.68432621751e-05
    dvar2: 4.43445860583e-05
    kurt: 17.5719127655
    max: 0.0673828125
    mean: 0.0641710087657
    median: 0.06689453125
    min: 0.00244140625
    skew: -4.21183252335
    var: 0.000131898297695

HarmonicAmpFreq:
    dmean: [0.337088853121]
    dmean2: [0.344928115606]
    dvar: [4.88604259491]
    dvar2: [4.99696731567]
    kurt: [40.0300559998]
    max: [1494.61096191]
    mean: [1480.10803223]
    median: [1479.77905273]
    min: [1479.77905273]
    skew: [6.48334217072]
    var: [4.77993297577]

HarmonicAmpMag:
    dmean: [1.61383422892e-06]
    dmean2: [1.65136520991e-06]
    dvar: [1.11991811658e-10]
    dvar2: [1.14534291773e-10]
    kurt: [40.0227203369]
    max: [7.10087042535e-05]
    mean: [1.57797126121e-06]
    median: [0]
    min: [0]
    skew: [6.48249340057]
    var: [1.09559701589e-10]

MfccCoeff:
    dmean: [13.146320343, 3.62001252174, 2.5962305069, 1.50971710682, 0.870264947414, 1.20930373669, 1.0150437355, 1.3813419342, 1.44316744804, 1.20341825485, 1.36099505424, 1.18774831295, 1.67160594463]
    dmean2: [19.5344219208, 5.23986530304, 3.345038414, 1.60880827904, 1.11075174809, 1.10783231258, 1.32924771309, 1.58636403084, 1.67284870148, 1.74699354172, 1.59848630428, 1.71678376198, 2.25558686256]
    dvar: [3287.15551758, 206.470565796, 120.976226807, 23.3642520905, 2.53587889671, 20.2123336792, 1.49142575264, 13.0998373032, 12.357717514, 1.91581833363, 24.5894908905, 2.0515973568, 16.1858253479]
    dvar2: [8259.45898438, 506.088745117, 248.812133789, 18.8051929474, 2.07086110115, 8.54057025909, 1.00616967678, 11.7252960205, 10.4119138718, 2.1509885788, 28.8470458984, 1.8766156435, 18.9288024902]
    kurt: [38.4482078552, 33.2715606689, 16.4425468445, 23.9327144623, 25.2626342773, 29.3266677856, 15.8770866394, 22.1717891693, 21.1965923309, 19.3911991119, 18.5484085083, 13.8089179993, 17.3805027008]
    max: [-839.724487305, 78.9337539673, -10.2203369141, -10.1535758972, 18.0877990723, 58.3590393066, 20.8354530334, -7.45546722412, -7.21234130859, 16.2049503326, 50.9282493591, 15.6056690216, -3.54916381836]
    mean: [-1094.9666748, 17.9600124359, -43.3636703491, -42.5586357117, 15.6976118088, 51.0747337341, 15.7300167084, -39.8312454224, -39.3592185974, 14.563334465, 46.507068634, 14.1432590485, -35.7582588196]
    median: [-1100.75793457, 16.4600944519, -42.9306755066, -42.7416763306, 16.1475372314, 51.9863586426, 15.9677467346, -41.0287475586, -40.5211257935, 15.0986423492, 48.2477073669, 14.6804733276, -37.3177909851]
    min: [-1129.17224121, 4.10087203979, -76.6016311646, -60.8978347778, 3.35328674316, 11.1722564697, 3.6064491272, -44.8609008789, -43.7994308472, 1.94560241699, 6.59839248657, 2.05539703369, -38.2215385437]
    skew: [6.28858661652, 5.66452312469, -0.12617072463, 3.45193219185, -4.85003089905, -5.29776239395, -3.56612229347, 4.74330091476, 4.66162395477, -4.30762529373, -4.39946842194, -3.71637153625, 4.2466173172]
    var: [1508.76184082, 92.2221908569, 52.9054031372, 31.6842765808, 4.30532360077, 42.0044898987, 5.48342466354, 32.7510566711, 33.3616905212, 5.26126909256, 56.4995918274, 6.010887146, 37.8743019104]

SpecContrastCoeff:
    dmean: [0.0523877590895, 0.0169243197888, 0.0177026409656, 0.0247790440917, 0.0151013722643, 0.0132948048413]
    dmean2: [0.089621886611, 0.0306057874113, 0.0280600804836, 0.0251320376992, 0.0273827183992, 0.0244108904153]
    dvar: [0.00129643932451, 0.000184282573173, 0.000227496173466, 0.0034876645077, 0.000113340218377, 0.000144245786942]
    dvar2: [0.00440056016669, 0.000495822750963, 0.000532444857527, 0.00221024476923, 0.000196163062355, 0.000308680202579]
    kurt: [0.0111119747162, 1.68225622177, 9.12610626221, 21.2597694397, -0.577158689499, 0.852329730988]
    max: [-0.845426261425, -0.929694473743, -0.84900033474, -0.323631882668, -0.901294946671, -0.919695973396]
    mean: [-0.938252091408, -0.978193581104, -0.94390308857, -0.362705856562, -0.93110615015, -0.9513463974]
    median: [-0.948953032494, -0.98316681385, -0.948492944241, -0.341316223145, -0.936270773411, -0.957973182201]
    min: [-0.992523133755, -0.989901542664, -0.960131883621, -0.890760302544, -0.942596435547, -0.960080742836]
    skew: [0.995251834393, 1.45955467224, 2.78651618958, -4.59990215302, 0.87592959404, 1.43708598614]
    var: [0.00141385348979, 0.000191200277186, 0.000431482010754, 0.00876320805401, 0.000146954349475, 0.000138279079692]

SpecPeakAmp:
    dmean: [3.10486429953e-05, 2.69394186034e-05, 2.78511706711e-05, 2.81945413008e-05, 2.84218986053e-05]
    dmean2: [5.14780003869e-05, 4.30847248936e-05, 4.38739189121e-05, 4.42177006335e-05, 4.44632169092e-05]
    dvar: [8.58784332536e-09, 8.03951305528e-09, 9.03195296331e-09, 9.34946964293e-09, 9.84173720298e-09]
    dvar2: [2.17925713031e-08, 2.14091517847e-08, 2.35822827932e-08, 2.43289193236e-08, 2.55726106957e-08]
    kurt: [38.8711891174, 37.8948020935, 39.4024963379, 39.3526916504, 39.4948043823]
    max: [0.00047161927796, 0.000472012558021, 0.000472797488328, 0.000477570312796, 0.00048827540013]
    mean: [3.02564567392e-05, 2.22218022827e-05, 2.11180213228e-05, 2.13902821997e-05, 2.17957294808e-05]
    median: [1.79665585165e-05, 1.15012680908e-05, 1.15706925499e-05, 1.16079136205e-05, 1.17992285595e-05]
    min: [1.0278845366e-05, 1.55948350766e-06, 1.95164443539e-06, 2.46628769673e-06, 2.91740207103e-06]
    skew: [6.34642457962, 6.24347305298, 6.40972137451, 6.40445756912, 6.4206905365]
    var: [4.4878563088e-09, 4.71651651068e-09, 4.67052663211e-09, 4.76686601303e-09, 4.97619456752e-09]
