
metadata:
    version:
        essentia: "2.1-beta3"

Flux:
    dmean: 0.032861892134
    dmean2: 0.0437603071332
    dvar: 0.0115803442895
    dvar2: 0.0223316457123
    kurt: 9.35629558563
    max: 0.638913869858
    mean: 0.0431010611355
    median: 0.000760008348152
    min: 0.000121993507491
    skew: 3.26233291626
    var: 0.0195825621486

Rms:
    dmean: 0.0134610533714
    dmean2: 0.0102913333103
    dvar: 0.0022226171568
    dvar2: 0.00100148678757
    kurt: 21.2055206299
    max: 0.462286472321
    mean: 0.445484757423
    median: 0.46170720458
    min: 0.0815598145127
    skew: -4.56741905212
    var: 0.00413333810866

RollOff:
    dmean: 8.31964683533
    dmean2: 8.01235485077
    dvar: 2322.94506836
    dvar2: 2070.88134766
    kurt: 39.3711357117
    max: 1830.32226562
    mean: 1494.40344238
    median: 1485.79101562
    min: 1485.79101562
    skew: 6.40817022324
    var: 2584.23657227

SpecCent:
    dmean: 12.4870796204
    dmean2: 14.0359592438
    dvar: 3420.26879883
    dvar2: 3053.26098633
    kurt: 39.677230835
    max: 1893.92687988
    mean: 1486.0994873
    median: 1476.57299805
    min: 1470.96533203
    skew: 6.44250011444
    var: 3795.35717773

Zcr:
    dmean: 0.00251908740029
    dmean2: 0.00210074498318
    dvar: 6.68432621751e-05
    dvar2: 4.37418675574e-05
    kurt: 17.576051712
    max: 0.0673828125
    mean: 0.0641601532698
    median: 0.06689453125
    min: 0.00244140625
    skew: -4.21227884293
    var: 0.000131833774503

HarmonicAmpFreq:
    dmean: [49.3208885193]
    dmean2: [100.538894653]
    dvar: [6388.30908203]
    dvar2: [18524.9082031]
    kurt: [2.85979652405]
    max: [1494.96508789]
    mean: [1456.55383301]
    median: [1480.24145508]
    min: [1280.43408203]
    skew: [-2.1855494976]
    var: [3760.60717773]

HarmonicAmpMag:
    dmean: [0.259813040495]
    dmean2: [0.531647145748]
    dvar: [0.0974182635546]
    dvar2: [0.2048689574]
    kurt: [-1.74579775333]
    max: [0.635151088238]
    mean: [0.395256876945]
    median: [0.635096311569]
    min: [0]
    skew: [-0.504184067249]
    var: [0.094761967659]

MfccCoeff:
    dmean: [31.4282169342, 31.87150383, 25.2791614532, 6.59085130692, 3.20666265488, 4.43226289749, 3.22780060768, 1.77511250973, 2.87236499786, 1.75528335571, 2.03068637848, 1.06674587727, 1.53720021248]
    dmean2: [49.8965988159, 54.5792617798, 42.6531600952, 10.4860067368, 5.99457120895, 6.37027454376, 5.04596662521, 2.85681033134, 5.08938741684, 2.34611105919, 2.52802085876, 1.862596035, 1.63148069382]
    dvar: [7626.95117188, 390.25604248, 155.633041382, 53.6294212341, 6.50469827652, 31.6055469513, 6.2767124176, 20.9352970123, 17.7634887695, 6.49873924255, 32.4554672241, 2.20070362091, 20.9365406036]
    dvar2: [18854.7753906, 879.651062012, 428.625946045, 85.8291397095, 11.9091701508, 32.2517967224, 10.5393390656, 45.2387733459, 36.9395332336, 3.43152737617, 37.021774292, 3.36815547943, 16.8558273315]
    kurt: [30.2652740479, -0.303175449371, -1.22171747684, 6.56222724915, 4.87026309967, 15.8614444733, 12.2253904343, 11.8360185623, 10.0494527817, 26.3465118408, 15.9474105835, 9.63695240021, 17.8997764587]
    max: [-598.196289062, 142.567749023, -64.2638092041, -36.1436538696, 27.2764015198, 76.1004867554, 21.7547645569, -21.2787895203, -19.931137085, 17.4404582977, 52.5644493103, 15.3224334717, 1.73820495605]
    mean: [-985.460327148, 75.6454696655, -89.3777313232, -73.1418914795, 24.0772190094, 63.6417541504, 17.1207199097, -44.4539642334, -41.0799484253, 15.2340660095, 46.9417686462, 13.9359836578, -35.3276977539]
    median: [-991.922119141, 82.5417556763, -85.0243377686, -75.3833694458, 24.4567756653, 64.0169448853, 18.0814552307, -45.4622497559, -42.2066726685, 16.0338459015, 48.7338829041, 14.4134063721, -37.0913963318]
    min: [-1026.23522949, 37.5543174744, -118.362228394, -92.5366897583, 11.7894687653, 18.9964981079, -2.06135177612, -50.2732086182, -49.1475753784, -8.14394378662, 4.67119979858, 5.61671447754, -37.5475273132]
    skew: [5.46140956879, 0.0907978713512, -0.315801978111, 2.20279216766, -2.14368200302, -3.73621702194, -3.03426027298, 3.49141168594, 3.07624292374, -4.98794984818, -4.05054759979, -3.24524950981, 4.26088619232]
    var: [3898.37475586, 551.288269043, 291.57635498, 84.8774871826, 11.6062889099, 72.2713088989, 14.464056015, 24.3379821777, 22.1266517639, 15.14412117, 67.2100143433, 3.91036844254, 47.6565284729]

SpecContrastCoeff:
    dmean: [0.0259542893618, 0.0216113943607, 0.0226829778403, 0.0280524305999, 0.0187338162214, 0.0122093567625]
    dmean2: [0.0461933389306, 0.0382379926741, 0.0344304479659, 0.0259265322238, 0.0337688140571, 0.0237091965973]
    dvar: [0.000781824404839, 0.000374119525077, 0.000415285758208, 0.0060106809251, 0.000167186575709, 0.000194906024262]
    dvar2: [0.00175033370033, 0.000959024182521, 0.000927544431761, 0.00290781119838, 0.000380625511752, 0.000463492295239]
    kurt: [4.47605657578, 4.70214319229, 10.2062921524, 23.8030853271, -0.28715968132, 1.58608961105]
    max: [-0.881218791008, -0.897057771683, -0.790928959846, -0.156613111496, -0.879560351372, -0.909969329834]
    mean: [-0.97398775816, -0.973334491253, -0.929101645947, -0.197541177273, -0.916094899178, -0.94536024332]
    median: [-0.985683083534, -0.980564415455, -0.936708569527, -0.171327054501, -0.922349870205, -0.952113449574]
    min: [-0.990520656109, -0.987346827984, -0.949341595173, -0.864286124706, -0.929511666298, -0.954372167587]
    skew: [2.22958040237, 1.99025511742, 3.04032897949, -4.8216958046, 0.938444077969, 1.67632067204]
    var: [0.00067325681448, 0.000333548057824, 0.000859011139255, 0.0130147775635, 0.000208383615245, 0.000150453168317]

SpecPeakAmp:
    dmean: [0.000205646356335, 0.000267741444986, 0.231120929122, 0.144527062774, 0.259838968515]
    dmean2: [0.000321177707519, 0.000461983814603, 0.47287902236, 0.295637786388, 0.531470894814]
    dvar: [3.34300693794e-07, 2.77961731854e-07, 0.0932020843029, 0.0706994906068, 0.0972850099206]
    dvar2: [8.62935905843e-07, 7.23282482795e-07, 0.226493120193, 0.17501398921, 0.204604685307]
    kurt: [35.0772972107, 27.9622383118, -0.214296579361, 2.65380001068, -0.886369228363]
    max: [0.00291411182843, 0.00292420666665, 0.635151088238, 0.635135114193, 0.63514739275]
    mean: [0.000176233137609, 0.000257821840933, 0.141352593899, 0.0850133523345, 0.169603407383]
    median: [0.000114187656436, 0.000126464306959, 0.000142589138704, 0.00042001157999, 0.000401959463488]
    min: [2.16317002923e-05, 4.55947520095e-05, 4.79364171042e-05, 5.18724082212e-05, 3.98472475354e-05]
    skew: [5.95031356812, 5.08608388901, 1.33629655838, 2.15725803375, 1.05528044701]
    var: [1.81261995635e-07, 1.90722531102e-07, 0.0696608126163, 0.04655598104, 0.07880089432]
