
metadata:
    version:
        essentia: "2.1-beta3"

Flux:
    dmean: 0.0172654390335
    dmean2: 0
    dvar: 0
    dvar2: 0
    kurt: -2
    max: 0.391383051872
    mean: 0.382750332355
    median: 0.382750332355
    min: 0.374117612839
    skew: 0
    var: 7.45238430682e-05

Rms:
    dmean: 0
    dmean2: 0
    dvar: 0
    dvar2: 0
    kurt: 0
    max: 0.13422960043
    mean: 0.13422960043
    median: 0.13422960043
    min: 0.13422960043
    skew: 0
    var: 0

RollOff:
    dmean: 581.396484375
    dmean2: 0
    dvar: 0
    dvar2: 0
    kurt: -2
    max: 2648.58398438
    mean: 2357.88574219
    median: 2357.88574219
    min: 2067.1875
    skew: 0
    var: 84505.46875

SpecCent:
    dmean: 40.0932617188
    dmean2: 0
    dvar: 0
    dvar2: 0
    kurt: -2
    max: 1886.50061035
    mean: 1866.45397949
    median: 1866.45397949
    min: 1846.40734863
    skew: 0
    var: 401.867401123

Zcr:
    dmean: 0
    dmean2: 0
    dvar: 0
    dvar2: 0
    kurt: 0
    max: 0.025390625
    mean: 0.025390625
    median: 0.025390625
    min: 0.025390625
    skew: 0
    var: 0

HarmonicAmpFreq:
    dmean: [136.460571289]
    dmean2: [0]
    dvar: [0]
    dvar2: [0]
    kurt: [-2]
    max: [1883.66320801]
    mean: [1815.43286133]
    median: [1815.43286133]
    min: [1747.20263672]
    skew: [2.65633093477e-06]
    var: [4655.37207031]

HarmonicAmpMag:
    dmean: [0.0830047279596]
    dmean2: [0]
    dvar: [0]
    dvar2: [0]
    kurt: [-2]
    max: [0.0830047279596]
    mean: [0.0415023639798]
    median: [0.0415023639798]
    min: [0]
    skew: [0]
    var: [0.00172244617715]

MfccCoeff:
    dmean: [383.616882324, 63.6560249329, 38.4585952759, 22.5106658936, 47.9135475159, 38.9410324097, 21.7708282471, 31.8204860687, 3.53286743164, 20.2163410187, 7.61183357239, 5.63718605042, 7.87137794495]
    dmean2: [0, 0, 0, 0, 0, 0, 0, 0, 0, 0, 0, 0, 0]
    dvar: [0, 0, 0, 0, 0, 0, 0, 0, 0, 0, 0, 0, 0]
    dvar2: [0, 0, 0, 0, 0, 0, 0, 0, 0, 0, 0, 0, 0]
    kurt: [-2, -2, -1.99999988079, -2, -1.99999988079, -2, -2, -2, -2, -1.99999988079, -1.99999988079, -2, -2]
    max: [-589.795776367, 110.222137451, -99.3952102661, -9.044506073, 87.7606658936, 26.709154129, -22.2609481812, 18.5449619293, 12.4342689514, 6.27859687805, 4.05125045776, 5.60287475586, -0.549226760864]
    mean: [-781.604248047, 78.3941268921, -118.624511719, -20.2998390198, 63.803894043, 7.23863697052, -33.1463623047, 2.63471889496, 10.6678352356, -3.82957363129, 0.24533367157, 2.78428173065, -4.48491573334]
    median: [-781.604248047, 78.3941268921, -118.624511719, -20.2998390198, 63.803894043, 7.23863697052, -33.1463623047, 2.63471889496, 10.6678352356, -3.82957363129, 0.24533367157, 2.78428173065, -4.48491573334]
    min: [-973.412658691, 46.5661125183, -137.853805542, -31.5551719666, 39.8471183777, -12.231880188, -44.0317764282, -13.2755241394, 8.90140151978, -13.9377441406, -3.56058311462, -0.0343112945557, -8.42060470581]
    skew: [4.95980827964e-07, -1.81728367465e-07, 5.83712164826e-07, 0, -2.48589685725e-07, 0, 0, 0, 0, 0, 0, 0, 0]
    var: [36790.4765625, 1013.0223999, 369.765869141, 126.682518005, 573.927001953, 379.101013184, 118.492240906, 253.13583374, 3.12028813362, 102.175109863, 14.4850025177, 7.94446659088, 15.4896478653]

SpecContrastCoeff:
    dmean: [0.00746476650238, 0.00870341062546, 0.0521667599678, 0.0196449160576, 0.168199926615, 0.022612631321]
    dmean2: [0, 0, 0, 0, 0, 0]
    dvar: [0, 0, 0, 0, 0, 0]
    dvar2: [0, 0, 0, 0, 0, 0]
    kurt: [-2, -2, -1.99999988079, -2, -1.99999988079, -2]
    max: [-0.987170696259, -0.974572062492, -0.89787787199, -0.734018266201, -0.485801547766, -0.92307728529]
    mean: [-0.99090307951, -0.978923797607, -0.923961281776, -0.743840694427, -0.569901525974, -0.934383630753]
    median: [-0.99090307951, -0.978923797607, -0.923961281776, -0.743840694427, -0.569901525974, -0.934383630753]
    min: [-0.994635462761, -0.983275473118, -0.950044631958, -0.753663182259, -0.65400147438, -0.945689916611]
    skew: [0, 2.05205396924e-05, 3.38261497745e-06, -9.08724541659e-06, 5.38214578683e-07, 7.94452989794e-06]
    var: [1.39306848723e-05, 1.89373386092e-05, 0.000680342665873, 9.64806822594e-05, 0.00707280356437, 0.000127832783619]

SpecPeakAmp:
    dmean: [0.00606342591345, 0.0829210206866, 0.0540761835873, 0.0387147888541, 0.0280271787196]
    dmean2: [0, 0, 0, 0, 0]
    dvar: [0, 0, 0, 0, 0]
    dvar2: [0, 0, 0, 0, 0]
    kurt: [-2, -2, -2, -2, -2]
    max: [0.00614235177636, 0.0830047279596, 0.0541606396437, 0.0388008020818, 0.0281155239791]
    mean: [0.00311063881963, 0.0415442176163, 0.02712254785, 0.0194434076548, 0.0141019346192]
    median: [0.00311063881963, 0.0415442176163, 0.02712254785, 0.0194434076548, 0.0141019346192]
    min: [7.89258338045e-05, 8.37076295284e-05, 8.44577225507e-05, 8.60126601765e-05, 8.83461616468e-05]
    skew: [0, 0, 1.38036313047e-07, 0, 1.23931968687e-07]
    var: [9.19128342503e-06, 0.00171897397377, 0.000731058360543, 0.000374708732124, 0.000196380671696]
