
metadata:
    version:
        essentia: "2.1-beta3"

Flux:
    dmean: 6.54051791571e-06
    dmean2: 9.51771016844e-06
    dvar: 5.40219702305e-10
    dvar2: 1.16476606138e-09
    kurt: 13.8177528381
    max: 0.000124828788103
    mean: 7.72149087425e-06
    median: 1.58423063112e-06
    min: 6.98721578374e-07
    skew: 3.84387254715
    var: 5.68069313811e-10

Rms:
    dmean: 1.67538973983e-06
    dmean2: 1.55620989517e-06
    dvar: 4.28717200629e-11
    dvar2: 3.23204518704e-11
    kurt: 19.5799713135
    max: 0.000101383695437
    mean: 9.94997099042e-05
    median: 0.00010126476991
    min: 5.88831135246e-05
    skew: -4.50464773178
    var: 5.62957250261e-11

RollOff:
    dmean: 0.500772178173
    dmean2: 0.5126953125
    dvar: 10.5324554443
    dvar2: 10.7771167755
    kurt: 39.0359954834
    max: 2993.11523438
    mean: 2972.06982422
    median: 2971.58203125
    min: 2971.58203125
    skew: 6.40643072128
    var: 10.2986545563

SpecCent:
    dmean: 3.87130951881
    dmean2: 6.62059402466
    dvar: 6.81444311142
    dvar2: 14.183177948
    kurt: 10.3438978195
    max: 2973.55126953
    mean: 2955.05419922
    median: 2955.02978516
    min: 2949.69189453
    skew: 2.48830771446
    var: 14.4606771469

Zcr:
    dmean: 0.00348610104993
    dmean2: 0.00377836683765
    dvar: 0.000183721698704
    dvar2: 0.000168823768036
    kurt: 17.4052219391
    max: 0.13427734375
    mean: 0.130903765559
    median: 0.13427734375
    min: 0.0615234375
    skew: -4.38099431992
    var: 0.000198557521799

HarmonicAmpFreq:
    dmean: [0]
    dmean2: [0]
    dvar: [0]
    dvar2: [0]
    kurt: [-2]
    max: [2963.88964844]
    mean: [2963.89038086]
    median: [2963.88964844]
    min: [2963.88964844]
    skew: [-1]
    var: [5.36441802979e-07]

HarmonicAmpMag:
    dmean: [0]
    dmean2: [0]
    dvar: [0]
    dvar2: [0]
    kurt: [nan]
    max: [0]
    mean: [0]
    median: [0]
    min: [0]
    skew: [nan]
    var: [0]

MfccCoeff:
    dmean: [0.048725925386, 0.0187008883804, 0.0587424337864, 0.050593174994, 0.0312783867121, 0.0675705298781, 0.00540480483323, 0.0646358728409, 0.0404946953058, 0.0426518656313, 0.0636497288942, 0.00809798110276, 0.0680462121964]
    dmean2: [0.0499500110745, 0.0191614069045, 0.0602017343044, 0.0518515445292, 0.0320565365255, 0.0692487433553, 0.00553894042969, 0.0662405863404, 0.041500274092, 0.0437111631036, 0.0652304142714, 0.00829969160259, 0.0697368457913]
    dvar: [0.0501407124102, 0.00738947000355, 0.0729106664658, 0.0540799945593, 0.0206715185195, 0.0964735969901, 0.000617343350314, 0.0882766097784, 0.0346497632563, 0.0384390614927, 0.0856034085155, 0.00138545921072, 0.0978368967772]
    dvar2: [0.0506802164018, 0.00746865803376, 0.0736928358674, 0.0546607077122, 0.0208930633962, 0.0975062027574, 0.000623944331892, 0.0892227813601, 0.0350208617747, 0.0388506799936, 0.0865207016468, 0.00140023860149, 0.0988854467869]
    kurt: [21.5996646881, 21.577753067, 21.5779666901, 21.5775775909, 21.5777568817, 21.5779895782, 21.5775794983, 21.5779151917, 21.5778541565, 21.5778751373, 21.5779571533, 21.5772800446, 21.5779190063]
    max: [-1137.13244629, 1.14440917969e-05, -6.103515625e-05, 1.33720779419, 0.826629638672, 2.28881835938e-05, 0.142841339111, 1.70832061768, -4.57763671875e-05, -2.28881835938e-05, 1.68228530884, 0.213989257812, -3.81469726562e-05]
    mean: [-1137.18054199, -0.475703507662, -1.49437224865, 1.2870285511, 0.795605063438, -1.71888554096, 0.137474760413, 1.6442040205, -1.03018808365, -1.08503234386, 1.61914587021, 0.205960020423, -1.73104023933]
    median: [-1137.13330078, -0.49393081665, -1.55162811279, 1.33633804321, 0.82608795166, -1.7847442627, 0.142742156982, 1.70720291138, -1.06966018677, -1.12660598755, 1.68118286133, 0.213851928711, -1.79736709595]
    min: [-1138.42004395, -0.494251251221, -1.55264282227, 8.01086425781e-05, -6.103515625e-05, -1.78591156006, -2.67028808594e-05, -5.34057617188e-05, -1.07035827637, -1.12734222412, -2.67028808594e-05, -3.0517578125e-05, -1.79853820801]
    skew: [-4.75267457962, 4.74927854538, 4.74929714203, -4.74926328659, -4.74928045273, 4.74930047989, -4.7492647171, -4.74929237366, 4.74928760529, 4.74928998947, -4.74929761887, -4.7492389679, 4.74929523468]
    var: [0.0496636405587, 0.00731854280457, 0.0722120776772, 0.0535619035363, 0.0204735286534, 0.0955504253507, 0.000611432013102, 0.0874315202236, 0.0343181490898, 0.0380711592734, 0.0847840383649, 0.00137224863283, 0.0968999415636]

SpecContrastCoeff:
    dmean: [0.0136373415589, 0.0187351983041, 0.0151413483545, 0.010772687383, 0.0102459592745, 0.00597508857027]
    dmean2: [0.0161514487118, 0.0266729276627, 0.0249947085977, 0.0177419930696, 0.0144614139572, 0.00899689644575]
    dvar: [0.00151027960237, 0.000401626748499, 0.000365151121514, 0.000162297059433, 0.000565017806366, 7.89606783655e-05]
    dvar2: [0.0014264411293, 0.000437971903011, 0.00053713703528, 0.000275996106211, 0.000642278348096, 0.000105865612568]
    kurt: [15.5011901855, 7.91068458557, 9.59030914307, 10.3658008575, 18.1323394775, 11.9334077835]
    max: [-0.640611469746, -0.829071462154, -0.854506850243, -0.876726567745, -0.665588438511, -0.868398725986]
    mean: [-0.665846049786, -0.869911253452, -0.885006129742, -0.901969194412, -0.684242963791, -0.887214481831]
    median: [-0.655214905739, -0.868594825268, -0.881657958031, -0.900614798069, -0.679887473583, -0.887497544289]
    min: [-0.86155629158, -0.982966423035, -0.978834569454, -0.964669823647, -0.817078828812, -0.943879783154]
    skew: [-4.050157547, -2.39947986603, -2.72760510445, -2.65888881683, -4.29816579819, -2.59413075447]
    var: [0.001665399177, 0.000691024877597, 0.000421526754508, 0.000175195891643, 0.000634440570138, 0.000128632600536]

SpecPeakAmp:
    dmean: [2.59690210669e-07, 1.05680300067e-07, 1.81343398253e-06, 1.63747085935e-06, 9.55134623837e-07]
    dmean2: [3.11046647994e-07, 1.20810526028e-07, 3.62898958883e-06, 3.28350029122e-06, 1.81736118066e-06]
    dvar: [6.01449445803e-13, 1.45682863559e-13, 2.74907288773e-12, 2.68327786206e-12, 2.22661537645e-12]
    dvar2: [5.79165730132e-13, 1.43453852313e-13, 5.56264669743e-12, 3.69662547101e-12, 6.56321568274e-12]
    kurt: [19.692024231, 17.5223140717, -1.40692806244, -1.97496557236, 2.36460924149]
    max: [1.69016147993e-05, 2.0987940843e-06, 3.61516686098e-06, 3.59231398761e-06, 3.57277758667e-06]
    mean: [1.65894416568e-05, 1.79084295837e-07, 1.25949225094e-06, 1.89765239611e-06, 5.99779752974e-07]
    median: [1.67435173353e-05, 9.34437025535e-08, 1.56535179485e-07, 2.08575102079e-06, 1.14899862069e-07]
    min: [1.22673218357e-05, 6.26047835794e-08, 5.27617523005e-08, 6.21170315185e-08, 4.93020664294e-08]
    skew: [-4.55961418152, 4.38732910156, 0.744407176971, -0.0193835794926, 2.07066321373]
    var: [6.47848257245e-13, 1.4937491077e-13, 2.50162846167e-12, 2.74539202136e-12, 1.38222777408e-12]
