
metadata:
    version:
        essentia: "2.1-beta3"

Flux:
    dmean: 0.0001626432786
    dmean2: 0.000214730302105
    dvar: 2.85869617755e-07
    dvar2: 5.63392518416e-07
    kurt: 9.59791660309
    max: 0.00310789071955
    mean: 0.000211758437217
    median: 6.41086808173e-06
    min: 4.38985944129e-06
    skew: 3.29643535614
    var: 4.63018210439e-07

Rms:
    dmean: 6.39068894088e-05
    dmean2: 4.77585890621e-05
    dvar: 5.20073299981e-08
    dvar2: 2.33874573041e-08
    kurt: 20.877494812
    max: 0.00223957747221
    mean: 0.00215946976095
    median: 0.00223850598559
    min: 0.000407647254178
    skew: -4.53600168228
    var: 9.66605213648e-08

RollOff:
    dmean: 6.36208295822
    dmean2: 6.00926589966
    dvar: 1255.71704102
    dvar2: 1063.77819824
    kurt: 38.8733482361
    max: 3229.98046875
    mean: 2978.27954102
    median: 2971.58203125
    min: 2971.58203125
    skew: 6.35286474228
    var: 1459.50073242

SpecCent:
    dmean: 6.22889852524
    dmean2: 9.35088157654
    dvar: 261.944610596
    dvar2: 239.317108154
    kurt: 38.5320205688
    max: 3050.78271484
    mean: 2939.01977539
    median: 2936.67675781
    min: 2932.94262695
    skew: 6.30510663986
    var: 288.944976807

Zcr:
    dmean: 0.00479403417557
    dmean2: 0.00378134078346
    dvar: 0.000266511488007
    dvar2: 0.000175920751644
    kurt: 17.8180046082
    max: 0.13427734375
    mean: 0.128342017531
    median: 0.13427734375
    min: 0.0048828125
    skew: -4.2364654541
    var: 0.000523174647242

HarmonicAmpFreq:
    dmean: [0.191234245896]
    dmean2: [0.195681557059]
    dvar: [1.57253277302]
    dvar2: [1.60823321342]
    kurt: [40.0374603271]
    max: [2963.95849609]
    mean: [2963.7722168]
    median: [2963.95849609]
    min: [2955.54418945]
    skew: [-6.48419761658]
    var: [1.53838276863]

HarmonicAmpMag:
    dmean: [7.81141906714e-08]
    dmean2: [7.99307997568e-08]
    dvar: [2.62378552045e-13]
    dvar2: [2.68335185885e-13]
    kurt: [40.022731781]
    max: [3.43702436112e-06]
    mean: [7.63783205571e-08]
    median: [0]
    min: [0]
    skew: [6.48249435425]
    var: [2.56680500422e-13]

MfccCoeff:
    dmean: [0.761313676834, 0.281882554293, 0.912361681461, 0.743111670017, 0.486785531044, 0.942699968815, 0.154656499624, 0.835977017879, 0.51458132267, 0.503786802292, 0.676251351833, 0.161933720112, 0.595314264297]
    dmean2: [0.889486610889, 0.317424684763, 1.07480072975, 0.837215662003, 0.602292060852, 1.06560051441, 0.116668701172, 0.958409845829, 0.493005096912, 0.61239695549, 0.673724710941, 0.254420429468, 0.604561448097]
    dvar: [12.328792572, 1.7756831646, 17.5375385284, 12.347454071, 4.74697303772, 19.832277298, 0.319661825895, 15.3677530289, 5.86186170578, 5.24438905716, 11.102560997, 0.424941271544, 8.98722457886]
    dvar2: [17.7291736603, 2.31287288666, 25.7762565613, 16.0922927856, 7.93986749649, 26.0330162048, 0.225383073092, 20.8879642487, 5.04974031448, 8.29172229767, 10.5529470444, 1.0487844944, 8.89217472076]
    kurt: [28.3513946533, 30.0219192505, 27.8937988281, 30.104888916, 23.939081192, 30.2095146179, 18.5176830292, 30.0498695374, 30.7725448608, 26.9641628265, 31.7901039124, 18.7109870911, 32.6832771301]
    max: [-1115.85998535, 1.14440917969e-05, -6.103515625e-05, 22.623752594, 13.8332977295, 2.28881835938e-05, 4.77177810669, 25.2970676422, -4.57763671875e-05, -2.28881835938e-05, 22.1725273132, 1.65563964844, -3.81469726562e-05]
    mean: [-1120.85180664, -7.18540763855, -20.5721683502, 18.9539527893, 9.3716583252, -23.9400634766, 4.56039857864, 20.6090183258, -16.1461849213, -10.5887670517, 21.4296264648, -2.10265493393, -19.0507507324]
    median: [-1120.42224121, -7.37840652466, -21.0620613098, 19.4617195129, 9.55104064941, -24.5746574402, 4.7703742981, 21.1340427399, -16.6812667847, -10.8065414429, 22.1051597595, -2.2767868042, -19.630947113]
    min: [-1138.42004395, -8.57564163208, -26.8862724304, 8.01086425781e-05, -6.103515625e-05, -28.6993370056, -2.67028808594e-05, -5.34057617188e-05, -16.6817474365, -14.6949462891, -2.67028808594e-05, -2.27964782715, -19.7709159851]
    skew: [-5.09671592712, 5.40932655334, 4.99898195267, -5.41671037674, -4.01259040833, 5.4195599556, -4.31258058548, -5.36259794235, 5.55274009705, 4.65492916107, -5.65776634216, 4.34289264679, 5.74342489243]
    var: [8.28633594513, 1.34792041779, 11.4568653107, 9.365691185, 2.59586906433, 14.9135513306, 0.700798749924, 11.0768451691, 6.72957086563, 3.09580898285, 11.6657629013, 0.47647446394, 9.09198665619]

SpecContrastCoeff:
    dmean: [0.0349879637361, 0.0235235262662, 0.0170900374651, 0.0133208539337, 0.0181250050664, 0.00473019201308]
    dmean2: [0.0619915798306, 0.0407246761024, 0.0281425472349, 0.0234147589654, 0.0255866553634, 0.00838195346296]
    dvar: [0.00143803702667, 0.000226417643717, 0.000100841090898, 0.000123709498439, 0.0013872772688, 1.66034224094e-05]
    dvar2: [0.00236835936084, 0.000702840741724, 0.000339774094755, 0.000218292843783, 0.00163212430198, 5.09344063175e-05]
    kurt: [9.53039932251, 0.42201256752, 3.44197320938, -0.886191129684, 17.6907119751, 1.18268871307]
    max: [-0.688525676727, -0.911922752857, -0.909953832626, -0.91290396452, -0.515360474586, -0.910107493401]
    mean: [-0.746378779411, -0.943454325199, -0.933820843697, -0.93953359127, -0.563212573528, -0.922652840614]
    median: [-0.739892244339, -0.94207072258, -0.933450877666, -0.936008214951, -0.55163371563, -0.923194110394]
    min: [-0.978805720806, -0.995809018612, -0.992723822594, -0.96821308136, -0.860945224762, -0.931078851223]
    skew: [-3.06112504005, -0.575413525105, -1.23633551598, -0.176157251, -4.23313713074, 0.86389195919]
    var: [0.00308395456523, 0.000292642158456, 0.0002221200848, 0.000179387629032, 0.00315196835436, 1.55464622367e-05]

SpecPeakAmp:
    dmean: [9.32098714657e-07, 8.0674021774e-07, 8.09129744539e-07, 8.22617550966e-07, 7.18863304883e-07]
    dmean2: [1.20869287912e-06, 1.26417535284e-06, 1.25329154343e-06, 1.31785782287e-06, 1.16760020319e-06]
    dvar: [5.39216327838e-12, 8.10211706753e-12, 7.94502744844e-12, 7.83765066736e-12, 6.15627991293e-12]
    dvar2: [4.82152685832e-12, 2.075555873e-11, 2.02311761094e-11, 2.03152720341e-11, 1.61128055343e-11]
    kurt: [31.6942672729, 39.2813911438, 39.256690979, 39.3094558716, 35.7312011719]
    max: [1.75948734977e-05, 1.42547132782e-05, 1.42849266922e-05, 1.43255683724e-05, 1.41049649756e-05]
    mean: [1.62764008564e-05, 8.01495389169e-07, 8.24833591651e-07, 8.36538617932e-07, 8.60310933604e-07]
    median: [1.67518519447e-05, 4.76690900086e-07, 5.21827757893e-07, 5.09300207341e-07, 4.86318810999e-07]
    min: [3.53033016154e-07, 1.50147798195e-07, 2.62970900167e-07, 2.43632030106e-07, 1.56217268454e-07]
    skew: [-5.59226512909, 6.3965921402, 6.39375257492, 6.39827728271, 6.02280569077]
    var: [6.43660385408e-12, 4.14934059334e-12, 4.15479543131e-12, 4.17008007986e-12, 4.20501914539e-12]
