
metadata:
    version:
        essentia: "2.1-beta3"

Flux:
    dmean: 0.00365617265925
    dmean2: 0.00483019370586
    dvar: 0.000143225930515
    dvar2: 0.000282373017399
    kurt: 9.57265090942
    max: 0.0694979354739
    mean: 0.00467601232231
    median: 7.74258078309e-05
    min: 1.80053993972e-05
    skew: 3.29337239265
    var: 0.000232558319112

Rms:
    dmean: 0.00143221567851
    dmean2: 0.00106981361751
    dvar: 2.61021832557e-05
    dvar2: 1.17152931125e-05
    kurt: 20.8850269318
    max: 0.0501416139305
    mean: 0.0483471564949
    median: 0.0501182936132
    min: 0.00907710660249
    skew: -4.53638458252
    var: 4.85579585074e-05

RollOff:
    dmean: 5.87269163132
    dmean2: 5.5084939003
    dvar: 1040.40332031
    dvar2: 864.664428711
    kurt: 38.6594696045
    max: 3208.44726562
    mean: 2977.80102539
    median: 2971.58203125
    min: 2971.58203125
    skew: 6.32934761047
    var: 1228.69165039

SpecCent:
    dmean: 3.91186523438
    dmean2: 6.9067440033
    dvar: 4.09427595139
    dvar2: 11.03079319
    kurt: 2.77420330048
    max: 2947.47143555
    mean: 2936.58251953
    median: 2936.66650391
    min: 2930.36303711
    skew: 0.918887615204
    var: 8.11376571655

Zcr:
    dmean: 0.00477183936164
    dmean2: 0.0037472746335
    dvar: 0.000268186908215
    dvar2: 0.00017913254851
    kurt: 17.8145179749
    max: 0.13427734375
    mean: 0.128363713622
    median: 0.13427734375
    min: 0.0048828125
    skew: -4.236140728
    var: 0.000523421273101

HarmonicAmpFreq:
    dmean: [0.588145852089]
    dmean2: [0.601823687553]
    dvar: [14.8743686676]
    dvar2: [15.2120513916]
    kurt: [40.0335197449]
    max: [2963.95898438]
    mean: [2963.38549805]
    median: [2963.95898438]
    min: [2938.08056641]
    skew: [-6.48374223709]
    var: [14.5513458252]

HarmonicAmpMag:
    dmean: [1.72489455963e-06]
    dmean2: [1.76500839189e-06]
    dvar: [1.27936231054e-10]
    dvar2: [1.30840685508e-10]
    kurt: [40.0227279663]
    max: [7.58953610784e-05]
    mean: [1.68656356436e-06]
    median: [0]
    min: [0]
    skew: [6.48249340057]
    var: [1.25157842423e-10]

MfccCoeff:
    dmean: [10.9399690628, 2.78597545624, 3.14623236656, 1.46231949329, 0.521210849285, 1.25584769249, 0.195332273841, 1.13520896435, 0.823657810688, 0.652913153172, 1.16371309757, 0.0438164807856, 1.10758662224]
    dmean2: [16.3336582184, 4.44170236588, 4.28652763367, 1.7527962923, 0.37273272872, 0.724950492382, 0.277352184057, 0.708634793758, 0.570868492126, 0.766408324242, 1.260461092, 0.0513193011284, 1.24923396111]
    dvar: [2510.23046875, 163.125015259, 223.894042969, 59.1525115967, 5.25929403305, 28.2221870422, 0.795253753662, 22.1693286896, 11.0167093277, 8.46997928619, 24.1456413269, 0.026035843417, 21.4590835571]
    dvar2: [6215.75048828, 433.417053223, 461.606109619, 88.1211242676, 3.51067328453, 13.7588596344, 1.22121369839, 12.8342666626, 7.04729890823, 10.2220754623, 26.5394420624, 0.0278629343957, 24.8398456573]
    kurt: [37.6674232483, 36.168510437, 19.4713439941, 34.2501220703, 23.8010005951, 26.2692604065, 16.9154319763, 24.6464519501, 23.3262176514, 19.4756660461, 19.3694267273, 29.7893028259, 18.6385688782]
    max: [-873.993774414, 51.1743736267, -6.80084228516, 56.4704780579, 25.6097145081, -7.49457550049, 7.40718460083, 51.9822616577, -4.09327697754, -4.3469619751, 49.1052207947, 2.14184570312, -6.00028610229]
    mean: [-1090.77294922, -15.3210248947, -51.6764755249, 44.8773155212, 24.690076828, -56.5451889038, 7.08679866791, 50.167224884, -34.0826835632, -28.6238555908, 47.2469139099, 1.00401580334, -43.8830833435]
    median: [-1094.80700684, -17.1913032532, -51.6959037781, 45.5730323792, 25.4605293274, -58.3010826111, 7.4061164856, 51.7816848755, -35.2630844116, -29.6513900757, 49.0382652283, 0.985885620117, -45.577922821]
    min: [-1132.75061035, -17.2289009094, -97.3478393555, 5.76295852661, 3.58283996582, -58.4662742615, 0.508045196533, 6.89508247375, -35.2635726929, -29.8597488403, 6.06927871704, 0.580379486084, -45.7180137634]
    skew: [6.16427755356, 6.07912778854, -0.124750964344, -5.63656902313, -4.94627666473, 5.14921188354, -4.2763004303, -4.99903488159, 4.85698652267, 4.55330038071, -4.50711536407, 4.95299577713, 4.42567968369]
    var: [1099.28881836, 105.401603699, 91.1765594482, 37.5122871399, 13.3730239868, 67.7562103271, 1.74628651142, 54.7531776428, 27.0985412598, 20.718996048, 58.7692260742, 0.0340366140008, 51.0773887634]

SpecContrastCoeff:
    dmean: [0.0617050044239, 0.0140012120828, 0.0120262112468, 0.0156003395095, 0.0253411959857, 0.01923917979]
    dmean2: [0.118461489677, 0.0243745520711, 0.0217789430171, 0.028678111732, 0.034129332751, 0.0360390432179]
    dvar: [0.00251621869393, 0.000287185976049, 0.000131021166453, 7.42026822991e-05, 0.0023141966667, 0.000182900621439]
    dvar2: [0.00672241486609, 0.000387198437238, 0.000206966476981, 0.000227282056585, 0.00238939072005, 0.000460176263005]
    kurt: [2.52042722702, 9.18773078918, 9.62389850616, -0.851926088333, 18.9855632782, 1.97258090973]
    max: [-0.739006876945, -0.905719995499, -0.92677539587, -0.928431630135, -0.363339781761, -0.870023965836]
    mean: [-0.912167131901, -0.985074460506, -0.984381616116, -0.955352008343, -0.4287532866, -0.930932879448]
    median: [-0.930958747864, -0.99243491888, -0.989900588989, -0.958091676235, -0.414838254452, -0.937609732151]
    min: [-0.99755191803, -0.996720314026, -0.992951154709, -0.967225968838, -0.815316081047, -0.945458650589]
    skew: [1.47041511536, 2.95913243294, 2.73261523247, 0.590009987354, -4.31415653229, 1.53484392166]
    var: [0.00223734579049, 0.00030947101186, 0.000142615579534, 0.000115123038995, 0.00497792940587, 0.000302035739878]

SpecPeakAmp:
    dmean: [2.40258941631e-05, 2.0076859073e-05, 2.00042049983e-05, 1.98466095753e-05, 1.87566965906e-05]
    dmean2: [3.79303928639e-05, 3.21468833135e-05, 3.20469334838e-05, 3.18178827001e-05, 3.08873677568e-05]
    dvar: [5.16904608006e-09, 5.29030197427e-09, 5.27851540255e-09, 5.19411802458e-09, 4.48434844813e-09]
    dvar2: [1.34231319393e-08, 1.34768347593e-08, 1.34619018155e-08, 1.32915891626e-08, 1.1741746242e-08]
    kurt: [38.9973449707, 39.796875, 39.782333374, 39.6918754578, 36.7855567932]
    max: [0.000363879022188, 0.000363558385288, 0.000364205159713, 0.000364717910998, 0.000366062915418]
    mean: [2.4491439035e-05, 1.40223019116e-05, 1.40177462526e-05, 1.42352564581e-05, 1.55316338351e-05]
    median: [1.58531256602e-05, 6.68455595587e-06, 6.76319268678e-06, 6.70966119287e-06, 6.92123512636e-06]
    min: [9.0789017122e-06, 8.56583483255e-07, 1.02702585991e-06, 1.18490925161e-06, 1.20031461393e-06]
    skew: [6.36088323593, 6.45567369461, 6.45399522781, 6.44362306595, 6.13678789139]
    var: [2.64963562202e-09, 2.78404543863e-09, 2.79490564026e-09, 2.80258616314e-09, 2.90524759805e-09]
