
metadata:
    version:
        essentia: "2.1-beta3"

Flux:
    dmean: 0.025521652773
    dmean2: 0.0351125150919
    dvar: 0.0067727509886
    dvar2: 0.0133206015453
    kurt: 9.14402580261
    max: 0.481650352478
    mean: 0.0337346866727
    median: 0.00159117463045
    min: 5.80094238103e-05
    skew: 3.23834848404
    var: 0.011380944401

Rms:
    dmean: 0.0135667202994
    dmean2: 0.0135055473074
    dvar: 0.0013988961
    dvar2: 0.000621060316917
    kurt: 21.8910923004
    max: 0.356505155563
    mean: 0.340626001358
    median: 0.353035539389
    min: 0.0485293902457
    skew: -4.63413476944
    var: 0.00261733075604

RollOff:
    dmean: 17.1286849976
    dmean2: 17.0262527466
    dvar: 11203.7353516
    dvar2: 10773.6992188
    kurt: 39.8774795532
    max: 904.39453125
    mean: 189.4921875
    median: 172.265625
    min: 172.265625
    skew: 6.46560382843
    var: 11635.2480469

SpecCent:
    dmean: 33.8281822205
    dmean2: 33.2331581116
    dvar: 31589.2207031
    dvar2: 24245.6992188
    kurt: 38.8503036499
    max: 1512.35498047
    mean: 198.578384399
    median: 165.21723938
    min: 162.110076904
    skew: 6.35323286057
    var: 39774.890625

Zcr:
    dmean: 0.000499378540553
    dmean2: 0.000681322650053
    dvar: 6.77202194765e-07
    dvar2: 4.00759830654e-07
    kurt: 16.2594337463
    max: 0.0078125
    mean: 0.00715060764924
    median: 0.00732421875
    min: 0.00048828125
    skew: -3.99025273323
    var: 1.59110538789e-06

HarmonicAmpFreq:
    dmean: [0.0891290158033]
    dmean2: [0.122701957822]
    dvar: [0.104972034693]
    dvar2: [0.208703041077]
    kurt: [18.2138805389]
    max: [166.923858643]
    mean: [165.968856812]
    median: [165.977584839]
    min: [164.915466309]
    skew: [-0.688694000244]
    var: [0.0465216599405]

HarmonicAmpMag:
    dmean: [0.0189850665629]
    dmean2: [0.0146484542638]
    dvar: [0.00493169762194]
    dvar2: [0.00342189567164]
    kurt: [15.6094379425]
    max: [0.483611106873]
    mean: [0.460344046354]
    median: [0.483398646116]
    min: [0]
    skew: [-4.05551767349]
    var: [0.00821595359594]

MfccCoeff:
    dmean: [57.7939338684, 17.3177776337, 25.3798694611, 18.7881641388, 7.7548122406, 7.25264930725, 4.44704866409, 2.9940469265, 2.99725246429, 2.131264925, 2.21475028992, 1.89324712753, 2.01738166809]
    dmean2: [94.4002532959, 31.4488697052, 43.6063079834, 32.969165802, 13.3629970551, 12.6103019714, 7.31084060669, 4.80233812332, 5.38314962387, 3.32609534264, 2.94368195534, 2.13216876984, 2.28391027451]
    dvar: [7017.37158203, 150.619812012, 205.163192749, 153.129882812, 49.2618865967, 20.1011123657, 8.64552211761, 3.8529586792, 2.61665177345, 3.55908727646, 8.74841213226, 16.9113864899, 22.1241931915]
    dvar2: [16217.7412109, 311.220245361, 557.722595215, 389.560455322, 80.464263916, 27.0154800415, 14.4595222473, 11.8602714539, 6.8412361145, 5.1559176445, 5.8514509201, 11.1065607071, 16.2274875641]
    kurt: [21.0279636383, 2.18510437012, 1.0361790657, 2.32345247269, 7.58667564392, 7.8637638092, 8.84537792206, 3.71509790421, -1.36572146416, 12.3265485764, 18.1261444092, 16.2854938507, 14.6272506714]
    max: [-593.033691406, 168.336486816, 129.116333008, 89.1154022217, 62.6605262756, 39.4129333496, 24.6516304016, 11.5226612091, -1.19788360596, -0.43187713623, 3.07030105591, 3.71726226807, 2.40041351318]
    mean: [-986.540039062, 156.867507935, 90.754119873, 61.2370872498, 46.6276702881, 31.1137313843, 18.4133663177, 6.93498039246, -4.62960195541, -14.4927196503, -23.6096534729, -30.9882984161, -36.4239311218]
    median: [-991.931945801, 164.108306885, 89.809387207, 55.9965591431, 47.6669807434, 32.2589111328, 18.3689155579, 7.78389167786, -4.14793395996, -15.4025039673, -24.6250514984, -32.6860771179, -38.2986106873]
    min: [-1039.85998535, 104.237678528, 28.9272193909, 3.58760452271, 2.98442077637, -3.6974105835, -6.23906707764, -4.29293823242, -7.54254150391, -18.0800018311, -26.6333675385, -33.5005455017, -39.7555198669]
    skew: [4.33127498627, -1.49203658104, -0.768448591232, -0.504274249077, -2.28516411781, -2.41701459885, -2.62918925285, -1.47557461262, -0.0482657179236, 3.17588973045, 4.15981721878, 4.06093931198, 3.88426756859]
    var: [4801.68994141, 202.111541748, 413.031738281, 253.517105103, 104.295043945, 59.1833648682, 29.5478076935, 8.59357643127, 3.923589468, 7.84531259537, 23.9781951904, 43.7728996277, 58.7373924255]

SpecContrastCoeff:
    dmean: [0.0377479195595, 0.0153725594282, 0.00937040522695, 0.00528310099617, 0.00398253975436, 0.0040015373379]
    dmean2: [0.0360515601933, 0.0271183196455, 0.017450125888, 0.00991942454129, 0.00683322083205, 0.00719392579049]
    dvar: [0.0106800636277, 0.000884439446963, 0.000191996892681, 6.98475923855e-05, 3.05827779812e-05, 3.23666135955e-05]
    dvar2: [0.00407165335491, 0.0022888565436, 0.000544805661775, 0.000191379484022, 8.03183211247e-05, 8.46335315146e-05]
    kurt: [23.5775051117, 10.7388429642, 12.1113033295, 4.74869918823, 8.28898715973, 6.41994476318]
    max: [-0.045772831887, -0.817196011543, -0.891928553581, -0.926090240479, -0.931343972683, -0.9362809062]
    mean: [-0.106399834156, -0.933284819126, -0.952421486378, -0.956924200058, -0.956274747849, -0.957599043846]
    median: [-0.072343416512, -0.942460477352, -0.957832157612, -0.960017621517, -0.957560002804, -0.958957254887]
    min: [-0.997741639614, -0.960726976395, -0.958240568638, -0.961349964142, -0.960440397263, -0.961607575417]
    skew: [-4.77912282944, 3.38399958611, 3.2525639534, 2.39369535446, 2.85149383545, 2.70105338097]
    var: [0.0233108438551, 0.00069381960202, 0.000145413810969, 6.62316888338e-05, 3.08192575176e-05, 3.06303772959e-05]

SpecPeakAmp:
    dmean: [0.0343037284911, 0.134988799691, 0.132277429104, 0.000411749148043, 0.000281144893961]
    dmean2: [0.0527789220214, 0.272554576397, 0.270376175642, 0.000645804218948, 0.000402019737521]
    dvar: [0.0125012099743, 0.0456850267947, 0.0462043136358, 1.01747320969e-06, 8.61292221543e-07]
    dvar2: [0.0322921462357, 0.110136456788, 0.122615426779, 2.22173048314e-06, 2.01414582079e-06]
    kurt: [23.1004600525, -0.0990915298462, 2.65326213837, 16.6702213287, 22.1967182159]
    max: [0.476772159338, 0.483611106873, 0.483601182699, 0.00438570557162, 0.00426681246608]
    mean: [0.0173787903041, 0.379305392504, 0.0650218427181, 0.0003005117469, 0.000210080703255]
    median: [0.000544203503523, 0.483317643404, 0.00038640407729, 6.60857404e-05, 5.72361605009e-05]
    min: [0.000115038594231, 0.000140892152558, 8.99076039786e-05, 1.56129135576e-05, 1.41799355333e-05]
    skew: [4.88833856583, -1.36682760715, 2.15703248978, 4.23877859116, 4.8045334816]
    var: [0.00646999431774, 0.0383104495704, 0.0269536301494, 7.03531839008e-07, 5.18922604442e-07]
