
metadata:
    version:
        essentia: "2.1-beta3"

Flux:
    dmean: 0.0249513145536
    dmean2: 0.0328948758543
    dvar: 0.00680517870933
    dvar2: 0.0130658345297
    kurt: 9.40088272095
    max: 0.490742117167
    mean: 0.0327103473246
    median: 0.000151179468958
    min: 6.60547157167e-05
    skew: 3.26734232903
    var: 0.0115138702095

Rms:
    dmean: 0.00991186872125
    dmean2: 0.007244694978
    dvar: 0.00128591805696
    dvar2: 0.000583018059842
    kurt: 20.9966487885
    max: 0.353559762239
    mean: 0.341026633978
    median: 0.353413164616
    min: 0.0654528662562
    skew: -4.54772758484
    var: 0.00238374946639

RollOff:
    dmean: 6.36208295822
    dmean2: 6.51003837585
    dvar: 1740.47192383
    dvar2: 1779.98510742
    kurt: 40.0218048096
    max: 3014.6484375
    mean: 2740.93896484
    median: 2734.71679688
    min: 2734.71679688
    skew: 6.48238706589
    var: 1702.67443848

SpecCent:
    dmean: 2.98696064949
    dmean2: 2.83023142815
    dvar: 286.153533936
    dvar2: 261.580474854
    kurt: 39.6867141724
    max: 2818.00683594
    mean: 2700.95507812
    median: 2698.30126953
    min: 2695.53271484
    skew: 6.44339990616
    var: 312.613586426

Zcr:
    dmean: 0.00410600146279
    dmean2: 0.00289562135004
    dvar: 0.000228018325288
    dvar2: 0.000154632769409
    kurt: 17.8727436066
    max: 0.12353515625
    mean: 0.117795139551
    median: 0.123046875
    min: 0.00439453125
    skew: -4.24202728271
    var: 0.000440588511992

HarmonicAmpFreq:
    dmean: [0.0365988984704]
    dmean2: [0.0374500378966]
    dvar: [0.0575976148248]
    dvar2: [0.0589052140713]
    kurt: [39.9304695129]
    max: [2721.36669922]
    mean: [2719.79296875]
    median: [2719.75634766]
    min: [2719.75634766]
    skew: [6.47181415558]
    var: [0.0563474707305]

HarmonicAmpMag:
    dmean: [1.27188650367e-05]
    dmean2: [1.30146518131e-05]
    dvar: [6.95608992629e-09]
    dvar2: [7.11400938158e-09]
    kurt: [40.0227165222]
    max: [0.000559630047064]
    mean: [1.24362231873e-05]
    median: [0]
    min: [0]
    skew: [6.48249340057]
    var: [6.80502454387e-09]

MfccCoeff:
    dmean: [22.8095722198, 2.41172266006, 2.07076501846, 1.3454041481, 1.93401861191, 1.99815106392, 1.28345513344, 2.16188883781, 0.857173740864, 2.12545418739, 1.33337712288, 1.29202926159, 1.82466089725]
    dmean2: [32.9231491089, 3.18271374702, 1.80089306831, 1.18717622757, 2.59081506729, 2.64532613754, 1.09988057613, 2.65138816833, 0.579933285713, 2.40818810463, 1.6008194685, 1.86185133457, 1.82065987587]
    dvar: [8071.22998047, 72.5725784302, 39.9074478149, 11.8309774399, 35.6243858337, 45.534740448, 6.37693834305, 62.5139312744, 0.603512823582, 59.2095832825, 14.1073417664, 26.1246509552, 33.8819236755]
    dvar2: [20230.9375, 127.8828125, 32.4646911621, 14.1620922089, 63.3919639587, 72.3263397217, 7.8581571579, 84.3660964966, 0.573348879814, 69.8012008667, 23.7358646393, 43.9813079834, 36.2223701477]
    kurt: [31.3174743652, 17.3644676208, 25.2937049866, 18.0030250549, 9.60551929474, 12.5244340897, 13.5378475189, 12.6240730286, 3.39045286179, 12.8347482681, 10.0933179855, 10.7694549561, 13.0467910767]
    max: [-649.477355957, 18.6773014069, -62.262386322, 54.1407318115, 64.475112915, -25.7861289978, -5.13393783569, 74.6081542969, 1.09809875488, -7.96253967285, 33.2234458923, 46.1235733032, -2.03955841064]
    mean: [-1064.22094727, -17.2978820801, -79.2941131592, 47.4455184937, 54.4831123352, -66.2052230835, -24.6467018127, 71.1565704346, -5.79178857803, -62.2933006287, 30.5325584412, 43.9086227417, -44.7622184753]
    median: [-1077.6159668, -17.4646492004, -77.9421234131, 48.4225158691, 55.7718086243, -68.6150512695, -25.2506027222, 74.2263336182, -6.24505615234, -65.4581069946, 31.9032402039, 46.033416748, -47.1257133484]
    min: [-1077.91540527, -61.9404983521, -127.129608154, 25.0951576233, 27.689868927, -72.0581665039, -27.5024642944, 19.3433170319, -7.73135375977, -65.6183853149, 9.49301338196, 14.3412780762, -47.9178733826]
    skew: [5.61421203613, -1.21638250351, -4.58512592316, -3.98993682861, -3.20902228355, 3.7149002552, 3.5569691658, -3.73809814453, 1.44400751591, 3.73895215988, -3.36209893227, -3.4914700985, 3.74754047394]
    var: [4403.34521484, 78.9453048706, 64.9592590332, 16.7725658417, 44.6108932495, 79.9566650391, 15.250330925, 124.874694824, 3.0051753521, 131.185073853, 26.49284935, 51.2728424072, 78.782951355]

SpecContrastCoeff:
    dmean: [0.0171171519905, 0.00799759291112, 0.00711975712329, 0.00809680763632, 0.0224193073809, 0.00859432853758]
    dmean2: [0.0245727915317, 0.0101891420782, 0.00775378802791, 0.00815999507904, 0.0162189789116, 0.00806170329452]
    dvar: [0.000473928172141, 0.000120523429359, 7.93193466961e-05, 9.12401301321e-05, 0.00473430706188, 5.75154081162e-05]
    dvar2: [0.00128796277568, 0.000164929588209, 7.80035843491e-05, 0.000225725598284, 0.00327032105997, 9.58155287663e-05]
    kurt: [2.73312664032, 3.02336597443, 3.2458524704, 1.035841465, 17.3698539734, 0.389240980148]
    max: [-0.874219179153, -0.939935445786, -0.930643677711, -0.889949083328, -0.200870424509, -0.889971017838]
    mean: [-0.958313405514, -0.987250030041, -0.980526983738, -0.936148166656, -0.238469734788, -0.929322123528]
    median: [-0.968461334705, -0.993600308895, -0.986607909203, -0.941448867321, -0.214630454779, -0.93636739254]
    min: [-0.996919751167, -0.996867656708, -0.991287589073, -0.952528119087, -0.781980335712, -0.942908108234]
    skew: [1.65235745907, 1.93105757236, 1.77692115307, 1.16541719437, -4.18018579483, 1.27790391445]
    var: [0.000552545010578, 0.000198134206585, 0.000172148254933, 0.000233112790738, 0.0102832047269, 0.000237244094023]

SpecPeakAmp:
    dmean: [9.28235967876e-05, 9.2454298283e-05, 9.19896338019e-05, 9.13153417059e-05, 8.22966612759e-05]
    dmean2: [0.000139089432196, 0.000138981326018, 0.000138399846037, 0.000137993745739, 0.000129104810185]
    dvar: [1.66475317087e-07, 1.66080184272e-07, 1.63798191011e-07, 1.61787511388e-07, 1.32904816041e-07]
    dvar2: [4.2931213784e-07, 4.28805293495e-07, 4.23688987894e-07, 4.20472588303e-07, 3.55246982053e-07]
    kurt: [39.9494514465, 39.9396629333, 39.8912658691, 39.7006492615, 34.3367576599]
    max: [0.00200019241311, 0.00199636607431, 0.00199200888164, 0.0020049107261, 0.00201953807846]
    mean: [6.26139008091e-05, 5.88978909946e-05, 5.87448230362e-05, 6.01939136686e-05, 7.0453126682e-05]
    median: [1.85972712643e-05, 1.44732148328e-05, 1.38592367875e-05, 1.41395112223e-05, 1.42637854879e-05]
    min: [5.03430646859e-06, 2.58256136476e-06, 1.91358435586e-06, 2.23087408813e-06, 2.60299839283e-06]
    skew: [6.47384262085, 6.47271537781, 6.46711921692, 6.44551372528, 5.89976406097]
    var: [8.5395825522e-08, 8.53958326275e-08, 8.50736157076e-08, 8.62766071918e-08, 9.28654486643e-08]
