
metadata:
    version:
        essentia: "2.1-beta3"

Flux:
    dmean: 0.0327825397253
    dmean2: 0.0434486605227
    dvar: 0.0116157056764
    dvar2: 0.0223993714899
    kurt: 9.37172985077
    max: 0.639480054379
    mean: 0.0430377535522
    median: 0.000661220226903
    min: 0.000106627885543
    skew: 3.26418948174
    var: 0.0195950046182

Rms:
    dmean: 0.0131389144808
    dmean2: 0.00982328969985
    dvar: 0.00220688572153
    dvar2: 0.000992888235487
    kurt: 21.0487098694
    max: 0.461972892284
    mean: 0.445522040129
    median: 0.461775779724
    min: 0.0836649015546
    skew: -4.55217885971
    var: 0.00410368433222

RollOff:
    dmean: 5.38330078125
    dmean2: 5.0077214241
    dvar: 1035.3737793
    dvar2: 859.147521973
    kurt: 39.3201751709
    max: 3208.44726562
    mean: 2977.32250977
    median: 2971.58203125
    min: 2971.58203125
    skew: 6.40394306183
    var: 1224.11218262

SpecCent:
    dmean: 3.8855035305
    dmean2: 6.75886297226
    dvar: 3.96236634254
    dvar2: 11.7724142075
    kurt: 7.14275836945
    max: 2951.60668945
    mean: 2936.82836914
    median: 2936.39282227
    min: 2932.93896484
    skew: 2.04600310326
    var: 10.5647964478

Zcr:
    dmean: 0.00478293700144
    dmean2: 0.00375863001682
    dvar: 0.000269570882665
    dvar2: 0.000180671762791
    kurt: 17.8915843964
    max: 0.13427734375
    mean: 0.128352865577
    median: 0.13427734375
    min: 0.00439453125
    skew: -4.24363136292
    var: 0.000526105985045

HarmonicAmpFreq:
    dmean: [0.53117787838]
    dmean2: [0.5435308218]
    dvar: [12.1324472427]
    dvar2: [12.4078826904]
    kurt: [40.0252227783]
    max: [2963.96044922]
    mean: [2963.44140625]
    median: [2963.96044922]
    min: [2940.58862305]
    skew: [-6.48278284073]
    var: [11.8689670563]

HarmonicAmpMag:
    dmean: [1.57975537149e-05]
    dmean2: [1.61649386428e-05]
    dvar: [1.07311954878e-08]
    dvar2: [1.09748192756e-08]
    kurt: [40.022731781]
    max: [0.000695092370734]
    mean: [1.5446497855e-05]
    median: [0]
    min: [0]
    skew: [6.48249387741]
    var: [1.04981472404e-08]

MfccCoeff:
    dmean: [43.0529632568, 34.6506309509, 4.5703458786, 11.0364971161, 4.97159147263, 5.57890892029, 2.6294901371, 2.17927455902, 2.45538449287, 2.37449288368, 2.47413468361, 0.515650510788, 1.75445902348]
    dmean2: [71.6124725342, 64.1913833618, 7.19680309296, 19.3570766449, 8.9069814682, 9.48212432861, 4.80159759521, 3.26724171638, 3.16541624069, 3.12035322189, 4.32220411301, 0.775834202766, 2.34958767891]
    dvar: [6534.18603516, 312.048706055, 20.6328125, 37.1506919861, 21.824256897, 64.5582962036, 3.92859745026, 36.4258766174, 20.9154071808, 17.7019577026, 32.5576095581, 1.42979598045, 30.6496810913]
    dvar2: [15707.9140625, 1135.27172852, 19.4000663757, 115.927711487, 44.6194076538, 99.9394760132, 10.0156993866, 58.5413169861, 20.463968277, 11.8707475662, 54.4689598083, 1.78970849514, 43.2994003296]
    kurt: [28.3183574677, -1.40359795094, 19.9805908203, 5.69573307037, 5.80286979675, 10.8871679306, 1.57850646973, 12.5305023193, 17.7410697937, 19.97813797, 11.3897228241, 32.59009552, 13.5452651978]
    max: [-622.726135254, 28.9729213715, -62.0314445496, 87.7629547119, 45.9777107239, -29.3454551697, 11.7321510315, 66.639251709, -1.46569061279, 6.1418094635, 55.8466148376, 8.54006958008, -9.57384872437]
    mean: [-995.94329834, -13.0061798096, -108.023742676, 73.9589996338, 38.5378494263, -76.1752243042, 9.85569381714, 58.3426475525, -38.4745254517, -30.7423782349, 50.8717384338, 1.18721687794, -45.3636665344]
    median: [-999.658691406, -6.48884963989, -108.805541992, 74.716255188, 38.4263496399, -78.4276885986, 10.7629432678, 59.9039154053, -39.7643241882, -32.3341217041, 52.9371910095, 1.11273956299, -47.1583976746]
    min: [-1047.81970215, -48.2811660767, -115.005523682, 31.6971473694, 16.4344501495, -88.444152832, 2.899061203, 22.622674942, -43.3544540405, -34.0808792114, 19.7556419373, 0.33203125, -50.4424095154]
    skew: [5.15796709061, -0.222653627396, 4.25201320648, -1.76235258579, -2.17229485512, 3.36806631088, -1.43940985203, -3.67149019241, 4.18630027771, 4.41112327576, -3.5744202137, 5.56604194641, 3.82459497452]
    var: [3726.80126953, 516.614074707, 67.6324462891, 97.4055786133, 30.1504878998, 112.316360474, 4.37370681763, 61.3596801758, 47.362701416, 43.8467445374, 52.304058075, 1.35167956352, 56.0281906128]

SpecContrastCoeff:
    dmean: [0.0254332292825, 0.0144151654094, 0.0145286535844, 0.0187696032226, 0.0281537119299, 0.0217879321426]
    dmean2: [0.0457275621593, 0.0233956165612, 0.0253010466695, 0.0343022234738, 0.0322997607291, 0.0415213629603]
    dvar: [0.000773916894104, 0.000519517227076, 0.000225057534408, 0.000110957473225, 0.00392764061689, 0.000246408191742]
    dvar2: [0.00189043942373, 0.00064955704147, 0.000308259535814, 0.000312032992952, 0.00286853313446, 0.0006414008094]
    kurt: [4.81368923187, 14.7077102661, 12.205953598, -0.339433908463, 19.6168346405, 0.0376636981964]
    max: [-0.872750282288, -0.860856771469, -0.895940244198, -0.905625939369, -0.226576566696, -0.877562522888]
    mean: [-0.970122516155, -0.986426115036, -0.981444299221, -0.944472908974, -0.283118128777, -0.920012652874]
    median: [-0.981355011463, -0.995682358742, -0.988507807255, -0.94993698597, -0.263677150011, -0.926929652691]
    min: [-0.998072504997, -0.997309625149, -0.991948604584, -0.959428191185, -0.775857388973, -0.934653222561]
    skew: [2.27433633804, 3.70300555229, 3.15823173523, 0.812721729279, -4.38544082642, 1.13150334358]
    var: [0.000673953210935, 0.000588702852838, 0.000286266993498, 0.000203162198886, 0.00786083098501, 0.000264801899903]

SpecPeakAmp:
    dmean: [0.00016991920711, 0.000169928287505, 0.000168856509845, 0.000166890225955, 0.00015527587675]
    dmean2: [0.000275027967291, 0.00027310004225, 0.000271665601758, 0.000268888077699, 0.000257023406448]
    dvar: [3.52086289013e-07, 3.53632714223e-07, 3.50650708469e-07, 3.43077800835e-07, 2.90175307782e-07]
    dvar2: [9.0214427928e-07, 9.05824720121e-07, 8.99331439541e-07, 8.83403345142e-07, 7.66388041029e-07]
    kurt: [39.7038040161, 39.6935539246, 39.686164856, 39.565864563, 35.986366272]
    max: [0.00297341961414, 0.00298089557327, 0.0029788617976, 0.0029773497954, 0.00298710912466]
    mean: [0.000128504281747, 0.000120044336654, 0.000120517324831, 0.000122502300655, 0.000134474583319]
    median: [7.32631015126e-05, 6.05689783697e-05, 6.02891523158e-05, 6.05621717114e-05, 6.09088274359e-05]
    min: [1.06700581455e-05, 2.64465279542e-06, 6.22305606157e-06, 8.71718384587e-06, 1.00257620943e-05]
    skew: [6.44459962845, 6.44346141815, 6.44261312485, 6.42884397507, 6.05548715591]
    var: [1.84631005595e-07, 1.86727604046e-07, 1.86416656334e-07, 1.86223530818e-07, 1.94429588873e-07]
