
metadata:
    version:
        essentia: "2.1-beta3"

Flux:
    dmean: 0.0172258019447
    dmean2: 0
    dvar: 0
    dvar2: 0
    kurt: -2
    max: 0.387301892042
    mean: 0.37868899107
    median: 0.37868899107
    min: 0.370076090097
    skew: 0
    var: 7.41820622352e-05

Rms:
    dmean: 0
    dmean2: 0
    dvar: 0
    dvar2: 0
    kurt: 0
    max: 0.133042082191
    mean: 0.133042082191
    median: 0.133042082191
    min: 0.133042082191
    skew: 0
    var: 0

RollOff:
    dmean: 925.927734375
    dmean2: 0
    dvar: 0
    dvar2: 0
    kurt: -2
    max: 2777.78320312
    mean: 2314.81933594
    median: 2314.81933594
    min: 1851.85546875
    skew: 0
    var: 214335.546875

SpecCent:
    dmean: 41.4943847656
    dmean2: 0
    dvar: 0
    dvar2: 0
    kurt: -2
    max: 2378.44262695
    mean: 2357.6953125
    median: 2357.6953125
    min: 2336.94824219
    skew: 1.76601570274e-05
    var: 430.445983887

Zcr:
    dmean: 0.00048828125
    dmean2: 0
    dvar: 0
    dvar2: 0
    kurt: -2
    max: 0.0185546875
    mean: 0.018310546875
    median: 0.018310546875
    min: 0.01806640625
    skew: 0
    var: 5.96046447754e-08

HarmonicAmpFreq:
    dmean: [0]
    dmean2: [0]
    dvar: [0]
    dvar2: [0]
    kurt: [nan]
    max: [2497.08276367]
    mean: [2497.08276367]
    median: [2497.08276367]
    min: [2497.08276367]
    skew: [nan]
    var: [0]

HarmonicAmpMag:
    dmean: [0]
    dmean2: [0]
    dvar: [0]
    dvar2: [0]
    kurt: [nan]
    max: [0]
    mean: [0]
    median: [0]
    min: [0]
    skew: [nan]
    var: [0]

MfccCoeff:
    dmean: [294.136413574, 140.640029907, 37.7286834717, 53.6632461548, 7.55591392517, 0.0117969512939, 3.72831535339, 8.01614379883, 0.376893997192, 2.78702926636, 1.55254173279, 1.86440849304, 2.4150352478]
    dmean2: [0, 0, 0, 0, 0, 0, 0, 0, 0, 0, 0, 0, 0]
    dvar: [0, 0, 0, 0, 0, 0, 0, 0, 0, 0, 0, 0, 0]
    dvar2: [0, 0, 0, 0, 0, 0, 0, 0, 0, 0, 0, 0, 0]
    kurt: [-2, -1.99999988079, -2, -2, -2, -2, -2, -2, -2, -2, -2, -2, -1.99999988079]
    max: [-562.978881836, 179.782348633, -89.1527709961, -5.53228759766, 25.1854305267, -8.56351280212, -10.0420322418, 14.145401001, 2.66428184509, -3.40747833252, 2.16713905334, 4.72490501404, -1.36630249023]
    mean: [-710.047119141, 109.462333679, -108.017112732, -32.363910675, 21.4074745178, -8.56941127777, -11.9061899185, 10.1373291016, 2.4758348465, -4.8009929657, 1.39086818695, 3.79270076752, -2.57382011414]
    median: [-710.047119141, 109.462333679, -108.017112732, -32.363910675, 21.4074745178, -8.56941127777, -11.9061899185, 10.1373291016, 2.4758348465, -4.8009929657, 1.39086818695, 3.79270076752, -2.57382011414]
    min: [-857.11529541, 39.1423187256, -126.881454468, -59.1955337524, 17.6295166016, -8.57530975342, -13.7703475952, 6.12925720215, 2.2873878479, -6.19450759888, 0.614597320557, 2.860496521, -3.78133773804]
    skew: [6.28743578091e-07, 0, 0, 0, -7.42811096188e-07, 0, 0, 0, 0, 0, 0, 0, 0]
    var: [21629.0585938, 4944.90429688, 355.86340332, 719.935974121, 14.2729587555, 3.47920140484e-05, 3.47508382797, 16.0646400452, 0.0355122722685, 1.94188308716, 0.602596461773, 0.869004786015, 1.45809876919]

SpecContrastCoeff:
    dmean: [0.0513733625412, 0.0805141329765, 0.116556823254, 0.0908372402191, 0.150077283382, 0.0413901209831]
    dmean2: [0, 0, 0, 0, 0, 0]
    dvar: [0, 0, 0, 0, 0, 0]
    dvar2: [0, 0, 0, 0, 0, 0]
    kurt: [-2, -2, -2, -2, -2, -2]
    max: [-0.890413403511, -0.820603728294, -0.865069150925, -0.834193825722, -0.553918302059, -0.893185019493]
    mean: [-0.916100084782, -0.860860824585, -0.923347592354, -0.879612445831, -0.628956913948, -0.913880109787]
    median: [-0.916100084782, -0.860860824585, -0.923347592354, -0.879612445831, -0.628956913948, -0.913880109787]
    min: [-0.941786766052, -0.901117861271, -0.981625974178, -0.925031065941, -0.703995585442, -0.934575140476]
    skew: [0, 2.17469505515e-06, 1.54388987994e-06, 0, -1.20540596527e-06, 4.36102982349e-06]
    var: [0.000659805606119, 0.00162063143216, 0.00339637324214, 0.00206285109743, 0.00563079770654, 0.000428285507951]

SpecPeakAmp:
    dmean: [0.00221004826017, 0.000501993577927, 0.000313400058076, 0.000165802193806, 0.0010729257483]
    dmean2: [0, 0, 0, 0, 0]
    dvar: [0, 0, 0, 0, 0]
    dvar2: [0, 0, 0, 0, 0]
    kurt: [-2, -2, -2.00000023842, -2, -2]
    max: [0.00285911816172, 0.0035147794988, 0.00364439073019, 0.00393610354513, 0.00477925268933]
    mean: [0.00175409403164, 0.00326378270984, 0.00348769081756, 0.00385320233181, 0.0042427899316]
    median: [0.00175409403164, 0.00326378270984, 0.00348769081756, 0.00385320233181, 0.0042427899316]
    min: [0.000649069843348, 0.00301278592087, 0.00333099067211, 0.00377030135132, 0.00370632694103]
    skew: [-1.23420164755e-07, 0, -2.1978478344e-06, 4.1865091589e-06, -6.74159196024e-07]
    var: [1.22107849165e-06, 6.29993905932e-08, 2.45549003353e-08, 6.87259227306e-09, 2.87792431664e-07]
