
metadata:
    version:
        essentia: "2.1-beta3"

Flux:
    dmean: 5.08884886585e-06
    dmean2: 7.5470147749e-06
    dvar: 3.24755000669e-10
    dvar2: 7.02882807513e-10
    kurt: 14.1389961243
    max: 9.60373436101e-05
    mean: 5.88368129684e-06
    median: 1.09091115519e-06
    min: 6.66960318085e-08
    skew: 3.87940883636
    var: 3.32273208947e-10

Rms:
    dmean: 1.9726028313e-06
    dmean2: 2.42843680098e-06
    dvar: 2.50512683514e-11
    dvar2: 1.97287342713e-11
    kurt: 19.2437286377
    max: 7.79581387178e-05
    mean: 7.58994210628e-05
    median: 7.72325292928e-05
    min: 4.46715239377e-05
    skew: -4.45411872864
    var: 3.3622927359e-11

RollOff:
    dmean: 1.00154435635
    dmean2: 1.025390625
    dvar: 20.5633563995
    dvar2: 21.0285148621
    kurt: 17.0476436615
    max: 193.798828125
    mean: 173.244400024
    median: 172.265625
    min: 172.265625
    skew: 4.36436223984
    var: 20.118303299

SpecCent:
    dmean: 7.76438713074
    dmean2: 12.9981737137
    dvar: 41.3636627197
    dvar2: 63.5441665649
    kurt: 6.32899570465
    max: 497.643737793
    mean: 465.701293945
    median: 464.857086182
    min: 457.770141602
    skew: 2.19278335571
    var: 57.324131012

Zcr:
    dmean: 0.000408793595852
    dmean2: 0.000616164412349
    dvar: 4.31706638437e-07
    dvar2: 3.07214094164e-07
    kurt: 14.8953914642
    max: 0.0078125
    mean: 0.00730202393606
    median: 0.00732421875
    min: 0.00341796875
    skew: -3.82184576988
    var: 6.17228749888e-07

HarmonicAmpFreq:
    dmean: [0.088234834373]
    dmean2: [0.0986575186253]
    dvar: [0.113007947803]
    dvar2: [0.105625167489]
    kurt: [24.8776893616]
    max: [165.998931885]
    mean: [165.904037476]
    median: [165.977111816]
    min: [163.856109619]
    skew: [-5.02756738663]
    var: [0.122975118458]

HarmonicAmpMag:
    dmean: [2.89663853437e-06]
    dmean2: [2.96261373478e-06]
    dvar: [1.72223582617e-10]
    dvar2: [1.70299496727e-10]
    kurt: [22.4744682312]
    max: [0.000105014623841]
    mean: [0.000102138736111]
    median: [0.000104957827716]
    min: [2.76065547951e-05]
    skew: [-4.82583475113]
    var: [1.74300490707e-10]

MfccCoeff:
    dmean: [0.0820284113288, 0.11378017813, 0.107180573046, 0.0964540019631, 0.082032315433, 0.0644513517618, 0.0443959794939, 0.0226314458996, 0, 0.0226317998022, 0.0443940274417, 0.0644506439567, 0.0820303633809]
    dmean2: [0.0841122567654, 0.116686865687, 0.109920680523, 0.0989183709025, 0.0841282457113, 0.0660981684923, 0.0455322265625, 0.0232089813799, 0, 0.0232095271349, 0.0455278679729, 0.0660961717367, 0.0841258838773]
    dvar: [0.152180701494, 0.292794674635, 0.259802609682, 0.210426688194, 0.152188971639, 0.0939471200109, 0.04457475245, 0.0115844802931, 0, 0.0115846982226, 0.0445749163628, 0.0939478948712, 0.152187258005]
    dvar2: [0.153678894043, 0.295691400766, 0.262372285128, 0.212504863739, 0.153693646193, 0.0948767513037, 0.0450153537095, 0.0116990618408, 0, 0.011699160561, 0.0450157485902, 0.0948773995042, 0.153691932559]
    kurt: [26.1365318298, 26.1397190094, 26.139421463, 26.1392021179, 26.1394538879, 26.1393642426, 26.1392612457, 26.1394805908, nan, 26.1393470764, 26.1393642426, 26.1393127441, 26.1394386292]
    max: [-1136.03918457, 3.30237960815, 3.11071777344, 2.7996711731, 2.38081359863, 1.87065887451, 1.28848648071, 0.65682220459, -4.57763671875e-05, -2.28881835938e-05, -2.67028808594e-05, -3.0517578125e-05, -3.81469726562e-05]
    mean: [-1136.12023926, 3.19003820419, 3.00486755371, 2.70443511009, 2.29981708527, 1.80700862408, 1.2446461916, 0.634476423264, -4.57763671875e-05, -0.634556829929, -1.24470698833, -1.80702018738, -2.29990434647]
    median: [-1136.04016113, 3.30099105835, 3.109375, 2.79851150513, 2.37980651855, 1.86985778809, 1.28793716431, 0.656547546387, -4.57763671875e-05, -0.656623840332, -1.28799819946, -1.86986923218, -2.37989425659]
    min: [-1138.42004395, 1.14440917969e-05, -6.103515625e-05, 8.01086425781e-05, -6.103515625e-05, 2.28881835938e-05, -2.67028808594e-05, -5.34057617188e-05, -4.57763671875e-05, -0.65690612793, -1.28854751587, -1.87066650391, -2.38090515137]
    skew: [-5.14912939072, -5.14960050583, -5.14956903458, -5.14954519272, -5.14957427979, -5.14956521988, -5.14955425262, -5.14957666397, nan, 5.14956474304, 5.14956569672, 5.14955997467, 5.14957237244]
    var: [0.150762557983, 0.290053427219, 0.257371425629, 0.208459317684, 0.150765255094, 0.09306833148, 0.0441574566066, 0.0114761320874, 0, 0.0114763136953, 0.0441578775644, 0.0930688306689, 0.150763750076]

SpecContrastCoeff:
    dmean: [0.021908974275, 0.0357449986041, 0.0114494366571, 0.0099767614156, 0.00969947874546, 0.00888270232826]
    dmean2: [0.0232999585569, 0.0652837380767, 0.0170181170106, 0.013351987116, 0.0138582959771, 0.0129744578153]
    dvar: [0.00297700450756, 0.000586799636949, 0.000160524708917, 0.000417980132625, 0.000134911213536, 9.95407972368e-05]
    dvar2: [0.00249827397056, 0.00146578322165, 0.00018218709738, 0.000341331964592, 0.000177197041921, 0.00013290993229]
    kurt: [14.2270450592, -0.0986886024475, 10.5305891037, 17.8602199554, 8.99776172638, 10.2959289551]
    max: [-0.529584169388, -0.840435802937, -0.859480202198, -0.811605513096, -0.853862524033, -0.849978685379]
    mean: [-0.56631308794, -0.908185243607, -0.886283695698, -0.832240104675, -0.873159468174, -0.865618944168]
    median: [-0.551422417164, -0.912797451019, -0.883363008499, -0.827240347862, -0.873029708862, -0.864789307117]
    min: [-0.871697127819, -0.942043364048, -0.966590166092, -0.95781981945, -0.949804902077, -0.919393777847]
    skew: [-3.89183807373, 0.734815299511, -2.83729219437, -4.24196052551, -2.62169909477, -2.99066734314]
    var: [0.00407408503816, 0.000675862946082, 0.000287524395389, 0.000566760834772, 0.000279988627881, 0.000163181466633]

SpecPeakAmp:
    dmean: [2.9002347901e-07, 5.16034087923e-05, 4.8859292292e-05, 7.34494989274e-08, 1.16982867837e-07]
    dmean2: [3.75466015612e-07, 0.000102691621578, 9.99676558422e-05, 9.93419817519e-08, 1.86407191904e-07]
    dvar: [6.11168884598e-13, 2.62310617671e-09, 2.73018296859e-09, 5.77595629203e-14, 5.84147259643e-14]
    dvar2: [5.94268829025e-13, 6.36031582957e-09, 6.7728427311e-09, 5.41064487322e-14, 7.51141567023e-14]
    kurt: [29.735244751, -0.678429841995, -0.306017875671, 35.5655937195, 26.2762832642]
    max: [1.3420471987e-05, 0.000105014623841, 0.00010500488861, 1.75723107532e-06, 1.6157320033e-06]
    mean: [8.45835984364e-06, 7.83212526585e-05, 2.39898217842e-05, 1.57204695483e-07, 1.80114881232e-07]
    median: [8.4207567852e-06, 0.000104935796116, 1.14841888887e-07, 1.12749773962e-07, 1.14765974502e-07]
    min: [6.66328151055e-06, 1.09521678837e-07, 3.83908620449e-08, 5.50465095728e-08, 5.59122135257e-08]
    skew: [4.98792934418, -1.12132692337, 1.30145072937, 6.01001167297, 4.95673179626]
    var: [6.54350813985e-13, 1.96798621843e-09, 1.92900673213e-09, 6.21590452721e-14, 5.75430951803e-14]
