
metadata:
    version:
        essentia: "2.1-beta3"

Flux:
    dmean: 0.000125332488096
    dmean2: 0.0001710462966
    dvar: 1.66761424225e-07
    dvar2: 3.34863699436e-07
    kurt: 9.35108184814
    max: 0.00233640847728
    mean: 0.00016543037782
    median: 9.17703528103e-06
    min: 4.10589382227e-06
    skew: 3.26817107201
    var: 2.6864205438e-07

Rms:
    dmean: 6.57925993437e-05
    dmean2: 6.53691167827e-05
    dvar: 3.27082609886e-08
    dvar2: 1.44276048886e-08
    kurt: 21.6135749817
    max: 0.00172821001615
    mean: 0.00165111536626
    median: 0.0017109309556
    min: 0.000241602610913
    skew: -4.60730791092
    var: 6.13957453766e-08

RollOff:
    dmean: 16.1499023438
    dmean2: 16.0247097015
    dvar: 9887.42480469
    dvar2: 9469.68066406
    kurt: 39.8587837219
    max: 861.328125
    mean: 188.53515625
    median: 172.265625
    min: 172.265625
    skew: 6.4634513855
    var: 10307.1796875

SpecCent:
    dmean: 33.3474845886
    dmean2: 32.6720466614
    dvar: 30481.3828125
    dvar2: 23155.4335938
    kurt: 38.7783813477
    max: 1495.5645752
    mean: 200.251281738
    median: 167.130264282
    min: 164.177597046
    skew: 6.34560918808
    var: 38698.3203125

Zcr:
    dmean: 0.000521573179867
    dmean2: 0.000726744183339
    dvar: 6.65380298415e-07
    dvar2: 3.7007103515e-07
    kurt: 16.1823749542
    max: 0.0078125
    mean: 0.00716145848855
    median: 0.00732421875
    min: 0.00048828125
    skew: -3.9794344902
    var: 1.60005390626e-06

HarmonicAmpFreq:
    dmean: [0.55613809824]
    dmean2: [0.601817309856]
    dvar: [10.977519989]
    dvar2: [12.2690000534]
    kurt: [39.7685546875]
    max: [167.004608154]
    mean: [165.516815186]
    median: [165.97857666]
    min: [144.747253418]
    skew: [-6.45162963867]
    var: [9.83318138123]

HarmonicAmpMag:
    dmean: [9.27573055378e-05]
    dmean2: [7.17101793271e-05]
    dvar: [1.18224349421e-07]
    dvar2: [8.26323400815e-08]
    kurt: [15.4290313721]
    max: [0.00234443182126]
    mean: [0.00223090592772]
    median: [0.00234342529438]
    min: [2.21666186917e-06]
    skew: [-4.04088544846]
    var: [1.9529809947e-07]

MfccCoeff:
    dmean: [1.78971171379, 2.31857705116, 1.76190745831, 1.06086277962, 0.636113941669, 0.46686398983, 0.280840098858, 0.233728408813, 0.219858169556, 0.293114066124, 0.440867722034, 0.558522999287, 0.641062378883]
    dmean2: [2.40332603455, 3.084389925, 2.26429152489, 1.24324321747, 0.560830771923, 0.399206459522, 0.511201381683, 0.392026692629, 0.275908887386, 0.262510091066, 0.346968233585, 0.411432147026, 0.441876351833]
    dvar: [64.2898025513, 108.528289795, 64.5337982178, 26.4853820801, 8.04117488861, 3.29258966446, 2.20376038551, 1.10694789886, 0.732003986835, 1.49061501026, 2.97612214088, 4.63635587692, 5.98277282715]
    dvar2: [131.441207886, 216.89503479, 118.028968811, 37.4165153503, 5.08397865295, 2.57571935654, 4.19935703278, 2.90755939484, 1.32344090939, 1.0220310688, 1.51082491875, 2.21764039993, 2.95461153984]
    kurt: [18.5234222412, 18.6470737457, 21.8740463257, 33.1114501953, 34.2481880188, 21.8680839539, 17.2738037109, 23.6852302551, 13.0234336853, 27.8213310242, 26.6581554413, 25.7378177643, 24.4798431396]
    max: [-1089.87915039, 63.6824417114, 50.5795631409, 33.784412384, 22.8903808594, 17.0016784668, 10.5230140686, 4.10041809082, -4.57763671875e-05, -2.28881835938e-05, -2.67028808594e-05, -3.0517578125e-05, -3.81469726562e-05]
    mean: [-1114.15490723, 33.449092865, 30.9308547974, 26.9887962341, 21.9352531433, 16.1075286865, 9.82845020294, 3.40164852142, -2.87649965286, -8.70802497864, -13.8047266006, -17.9168128967, -20.8648757935]
    median: [-1114.0378418, 33.6847648621, 31.3400917053, 27.5828742981, 22.6277160645, 16.7566680908, 10.2988929749, 3.61132049561, -2.94508361816, -9.0277557373, -14.3332424164, -18.614402771, -21.695400238]
    min: [-1138.42004395, 1.14440917969e-05, -6.103515625e-05, 8.01086425781e-05, -6.103515625e-05, 2.28881835938e-05, -2.67028808594e-05, -2.90879821777, -5.08988952637, -9.03590393066, -14.3396663666, -18.6189727783, -21.6981315613]
    skew: [-0.0186789520085, -0.714104175568, -2.88340139389, -5.60917186737, -5.86239814758, -4.72690486908, -4.37335395813, -4.91980409622, 1.96312069893, 5.24675607681, 5.09981155396, 5.01119661331, 4.89676094055]
    var: [26.780954361, 46.3163414001, 30.8580245972, 18.1164264679, 11.7623634338, 8.16254806519, 4.35070943832, 1.19680905342, 0.390985667706, 2.05723905563, 5.25949335098, 9.02000617981, 12.5719947815]

SpecContrastCoeff:
    dmean: [0.0275291912258, 0.0144896628335, 0.0195401534438, 0.0163960084319, 0.00974432751536, 0.00770628871396]
    dmean2: [0.027153076604, 0.0266280453652, 0.0366440191865, 0.0307594947517, 0.0164881367236, 0.013533923775]
    dvar: [0.00398791348562, 0.000258176150965, 0.000239159489865, 0.000135125170345, 5.84120825806e-05, 5.90620438743e-05]
    dvar2: [0.00258533400483, 0.000646523665637, 0.000635492790025, 0.000321882718708, 0.000126914179418, 0.000131337917992]
    kurt: [15.2296104431, 6.45535469055, 0.369029283524, -0.664585828781, 1.90206384659, 5.19927310944]
    max: [-0.409418076277, -0.882037341595, -0.914561569691, -0.917453706264, -0.914781332016, -0.907309114933]
    mean: [-0.454532593489, -0.95446562767, -0.954889535904, -0.943221986294, -0.935031950474, -0.930356502533]
    median: [-0.426133841276, -0.961157619953, -0.960892319679, -0.944653749466, -0.933649480343, -0.930139958858]
    min: [-0.999391496181, -0.974720299244, -0.971874117851, -0.965216517448, -0.966913223267, -0.9652582407]
    skew: [-3.90927791595, 2.49471354485, 1.19607877731, 0.283398807049, -1.00871574879, -1.40049850941]
    var: [0.0110904872417, 0.000296798767522, 0.000211066755583, 0.000158537208335, 0.000100376157206, 9.18249061215e-05]

SpecPeakAmp:
    dmean: [6.35543328826e-05, 0.00104938435834, 0.00106570334174, 1.94855601876e-06, 1.77539072865e-06]
    dmean2: [9.60899124038e-05, 0.00210770964622, 0.00217815116048, 3.02616763292e-06, 2.83196163764e-06]
    dvar: [7.8137212256e-08, 1.32446996304e-06, 1.35517029776e-06, 1.99090032654e-11, 1.64435912803e-11]
    dvar2: [2.00756574031e-07, 2.16103353523e-06, 1.8849746084e-06, 4.65357370694e-11, 3.99394857464e-11]
    kurt: [39.9813842773, -1.97182643414, -1.98208022118, 23.8135795593, 30.5665359497]
    max: [0.00135078805033, 0.00234416639432, 0.00234443182126, 2.22732924158e-05, 2.09285663004e-05]
    mean: [3.87146210414e-05, 0.00110882136505, 0.00109576690011, 2.52392169386e-06, 2.2995600375e-06]
    median: [8.67119342729e-06, 2.70392120001e-05, 2.62282410404e-05, 1.89344643786e-06, 1.78139055151e-06]
    min: [2.21666186917e-06, 6.83028133608e-07, 4.33833577063e-07, 3.19912402347e-07, 2.55691276152e-07]
    skew: [6.47763681412, 0.117433510721, 0.133571833372, 4.86315584183, 5.46313047409]
    var: [3.91446661752e-08, 1.33888363507e-06, 1.36267306061e-06, 1.15751436214e-11, 8.96411243845e-12]
