
metadata:
    version:
        essentia: "2.1-beta3"

Flux:
    dmean: 0.00286029628478
    dmean2: 0.00378471682779
    dvar: 8.3804676251e-05
    dvar2: 0.000164834229508
    kurt: 9.63993835449
    max: 0.053412836045
    mean: 0.00366613105871
    median: 0.00017043967091
    min: 1.39685807881e-05
    skew: 3.30136823654
    var: 0.000136094953632

Rms:
    dmean: 0.00141234754119
    dmean2: 0.00138219550718
    dvar: 1.4409673895e-05
    dvar2: 6.0144325289e-06
    kurt: 20.4608440399
    max: 0.0386873967946
    mean: 0.0370062552392
    median: 0.0383071787655
    min: 0.00740836840123
    skew: -4.49313402176
    var: 2.79307460005e-05

RollOff:
    dmean: 8.80903720856
    dmean2: 8.51312637329
    dvar: 2641.24487305
    dvar2: 2375.31958008
    kurt: 39.4445724487
    max: 538.330078125
    mean: 181.357421875
    median: 172.265625
    min: 172.265625
    skew: 6.41641044617
    var: 2915.79541016

SpecCent:
    dmean: 25.0957870483
    dmean2: 23.7494945526
    dvar: 14625.0166016
    dvar2: 9376.64648438
    kurt: 37.4316825867
    max: 1138.55908203
    mean: 190.519882202
    median: 165.359588623
    min: 162.11579895
    skew: 6.20572137833
    var: 21077.3574219

Zcr:
    dmean: 0.00053267047042
    dmean2: 0.000760810333304
    dvar: 7.34959428428e-07
    dvar2: 5.46725061668e-07
    kurt: 18.8655719757
    max: 0.0078125
    mean: 0.00719401054084
    median: 0.00732421875
    min: 0.00048828125
    skew: -4.23384380341
    var: 1.47713512888e-06

HarmonicAmpFreq:
    dmean: [0.113663069904]
    dmean2: [0.153414353728]
    dvar: [0.146396026015]
    dvar2: [0.293261706829]
    kurt: [12.863193512]
    max: [167.157089233]
    mean: [165.960372925]
    median: [165.977584839]
    min: [164.922393799]
    skew: [-0.00389153580181]
    var: [0.072156123817]

HarmonicAmpMag:
    dmean: [0.00207775924355]
    dmean2: [0.00163108424749]
    dvar: [5.97079379077e-05]
    dvar2: [4.10927568737e-05]
    kurt: [15.7584285736]
    max: [0.0524807944894]
    mean: [0.0499612875283]
    median: [0.052457228303]
    min: [0]
    skew: [-4.07902050018]
    var: [9.70570545178e-05]

MfccCoeff:
    dmean: [14.2509212494, 6.63363218307, 2.22130799294, 1.95105707645, 3.23399829865, 4.15783119202, 4.57614421844, 4.28308677673, 3.63085627556, 3.0037176609, 2.41520905495, 1.79515576363, 1.60919570923]
    dmean2: [21.2251739502, 9.26015090942, 2.76496195793, 2.69044518471, 5.74718999863, 7.26757049561, 8.19506454468, 7.7093911171, 6.48488378525, 4.9422082901, 3.51164960861, 2.27931499481, 1.68776082993]
    dvar: [3215.30566406, 433.346984863, 30.9067211151, 25.1393203735, 31.9764709473, 21.4478168488, 15.5835227966, 6.73912334442, 3.78530597687, 2.71246170998, 6.21311235428, 13.830780983, 21.3127002716]
    dvar2: [8021.31201172, 938.190307617, 30.6751308441, 29.5786552429, 59.4340133667, 36.6955184937, 29.151714325, 14.1478643417, 10.1996850967, 5.56907844543, 4.90713214874, 11.3042840958, 18.5571746826]
    kurt: [37.105304718, 14.8084983826, 14.2748069763, 18.1925849915, 15.3904190063, 11.2044038773, 6.87328147888, 0.881226301193, -1.6511092186, 5.8086938858, 14.7721843719, 15.5543937683, 15.0477027893]
    max: [-831.854248047, 143.557876587, 89.1715698242, 69.9968414307, 55.8931159973, 40.021484375, 25.5001296997, 12.3071460724, -0.648712158203, -2.30516052246, -1.76014328003, -0.83863067627, 0.0755767822266]
    mean: [-1080.42651367, 73.7324523926, 65.9462432861, 57.5062980652, 46.481880188, 34.2842636108, 21.3034229279, 8.49738883972, -3.67964720726, -14.588850975, -23.9155349731, -31.2859916687, -36.5769538879]
    median: [-1086.34936523, 71.8733291626, 66.8907165527, 58.6849212646, 48.2716560364, 35.8326416016, 22.615436554, 8.96878242493, -3.6858215332, -14.6236724854, -24.7940883636, -32.8141136169, -38.428478241]
    min: [-1122.95959473, 20.927898407, 18.2838745117, 14.3924598694, 9.90409851074, 5.51987457275, 0.118049621582, -2.50184631348, -7.30236816406, -17.4660186768, -26.385641098, -33.6141014099, -39.1098747253]
    skew: [6.11899471283, 1.78482496738, -3.17186617851, -4.17263650894, -4.00798606873, -3.33009290695, -2.53005766869, -1.04271638393, -0.109587229788, 1.84924697876, 3.73565530777, 4.00281143188, 3.95301556587]
    var: [1455.1237793, 202.097793579, 92.3057403564, 65.8228759766, 62.6656265259, 42.5491485596, 28.6838550568, 12.709982872, 5.7378320694, 7.95438432693, 18.4307937622, 35.0531196594, 51.8482055664]

SpecContrastCoeff:
    dmean: [0.0369845665991, 0.0111623918638, 0.00835248548537, 0.00709578115493, 0.00814420543611, 0.0107817770913]
    dmean2: [0.0362863503397, 0.0211537666619, 0.015845714137, 0.0137488162145, 0.0159442741424, 0.0211917366832]
    dvar: [0.00666542490944, 0.00031781263533, 0.000114827904326, 0.000134405796416, 0.000212341255974, 0.000162405471201]
    dvar2: [0.00299401301891, 0.000638485013042, 0.000235911953496, 0.000329569040332, 0.000562034896575, 0.00037708072341]
    kurt: [18.5122375488, 10.0632734299, 3.43804216385, 5.10160255432, 6.05324554443, 1.61474514008]
    max: [-0.217092528939, -0.851792871952, -0.925186932087, -0.920332074165, -0.911295950413, -0.923239350319]
    mean: [-0.271094590425, -0.945286750793, -0.961549639702, -0.962642669678, -0.959427118301, -0.957600414753]
    median: [-0.240823939443, -0.954221725464, -0.966006994247, -0.967220664024, -0.964267969131, -0.963708817959]
    min: [-0.983440160751, -0.955413103104, -0.985859930515, -0.968111932278, -0.965485811234, -0.965383350849]
    skew: [-4.25061702728, 3.28277158737, 1.69408166409, 2.50402140617, 2.69498372078, 1.74138021469]
    var: [0.0168966315687, 0.000501138099935, 0.0001154881611, 0.000130409855046, 0.000158322349307, 0.00013210902398]

SpecPeakAmp:
    dmean: [0.00377394095995, 0.019390322268, 0.0191239379346, 5.01707399962e-05, 4.10752509197e-05]
    dmean2: [0.00580646982417, 0.0392811410129, 0.0391025468707, 7.86968957982e-05, 6.49753419566e-05]
    dvar: [0.000149688494275, 0.000624985666946, 0.000634533760604, 1.68216711671e-08, 1.54816230946e-08]
    dvar2: [0.000386696134228, 0.00139224843588, 0.00154303933959, 4.17618792881e-08, 3.91954131373e-08]
    kurt: [22.4715538025, -0.813539505005, 0.840969324112, 28.7891597748, 34.7939834595]
    max: [0.0516825281084, 0.0524797327816, 0.0524807944894, 0.000636329699773, 0.000614535354543]
    mean: [0.00191358290613, 0.0388185754418, 0.00938510522246, 4.87218603666e-05, 3.91039393435e-05]
    median: [5.9203710407e-05, 0.0524463579059, 4.11676046497e-05, 2.65904363914e-05, 2.02646369871e-05]
    min: [9.96455673885e-06, 1.71782394318e-05, 1.00748666227e-05, 7.16458271199e-06, 5.57408247914e-06]
    skew: [4.83455324173, -1.0783444643, 1.6854404211, 5.33806848526, 5.9238615036]
    var: [7.74835571065e-05, 0.000515598803759, 0.000401533237891, 9.21395582054e-09, 8.03808664074e-09]
