
metadata:
    version:
        essentia: "2.1-beta3"

Flux:
    dmean: 0.0259685628116
    dmean2: 0.0333741493523
    dvar: 0.00681342603639
    dvar2: 0.0128335952759
    kurt: 9.74402332306
    max: 0.50076520443
    mean: 0.0337477885187
    median: 0.00156774721108
    min: 8.38434134494e-05
    skew: 3.30737042427
    var: 0.011564956978

Rms:
    dmean: 0.0125951673836
    dmean2: 0.012200971134
    dvar: 0.00109936238732
    dvar2: 0.000432196276961
    kurt: 19.9035892487
    max: 0.356498867273
    mean: 0.341358363628
    median: 0.353041559458
    min: 0.0804398879409
    skew: -4.43412017822
    var: 0.00220286287367

RollOff:
    dmean: 5.87269163132
    dmean2: 5.5084939003
    dvar: 1040.40332031
    dvar2: 864.664428711
    kurt: 38.6582298279
    max: 409.130859375
    mean: 178.486328125
    median: 172.265625
    min: 172.265625
    skew: 6.32920122147
    var: 1228.69165039

SpecCent:
    dmean: 17.9033946991
    dmean2: 17.2757549286
    dvar: 6343.65429688
    dvar2: 3679.63330078
    kurt: 36.5806694031
    max: 825.359008789
    mean: 182.690750122
    median: 165.308883667
    min: 162.11088562
    skew: 6.11961698532
    var: 9792.20996094

Zcr:
    dmean: 0.00053267047042
    dmean2: 0.000726744183339
    dvar: 8.8668053877e-07
    dvar2: 7.47105218579e-07
    kurt: 17.5956726074
    max: 0.0078125
    mean: 0.00715060764924
    median: 0.00732421875
    min: 0
    skew: -4.12740135193
    var: 1.75005118308e-06

HarmonicAmpFreq:
    dmean: [0.0720689967275]
    dmean2: [0.0864431709051]
    dvar: [0.0532207004726]
    dvar2: [0.0546249188483]
    kurt: [17.5208530426]
    max: [166.074234009]
    mean: [165.929443359]
    median: [165.977508545]
    min: [164.786331177]
    skew: [-4.38288784027]
    var: [0.054275278002]

HarmonicAmpMag:
    dmean: [0.0189731344581]
    dmean2: [0.0150119010359]
    dvar: [0.00499609392136]
    dvar2: [0.00338695454411]
    kurt: [16.1696052551]
    max: [0.483601778746]
    mean: [0.460712820292]
    median: [0.483389735222]
    min: [0]
    skew: [-4.1205239296]
    var: [0.00808278284967]

MfccCoeff:
    dmean: [55.8088150024, 16.8823165894, 24.931060791, 18.3203163147, 7.39431715012, 6.92287874222, 4.22916936874, 2.96315288544, 3.00199866295, 1.92723035812, 2.03785037994, 1.74753069878, 2.01348257065]
    dmean2: [93.9744338989, 31.0346870422, 44.2841262817, 33.8129043579, 13.727856636, 12.6281337738, 7.38680696487, 4.92350101471, 5.43541002274, 3.31035637856, 3.07012152672, 2.2667658329, 2.41309070587]
    dvar: [7236.453125, 135.752914429, 222.432861328, 176.428939819, 64.3949661255, 23.9078922272, 9.35603427887, 3.49576044083, 2.60603761673, 2.81659030914, 5.89207029343, 14.3960504532, 23.9075260162]
    dvar2: [19442.5019531, 288.059570312, 579.029724121, 358.204864502, 143.835220337, 47.9947433472, 21.1899032593, 12.0748720169, 6.86647129059, 4.32475328445, 6.07777738571, 13.4448032379, 21.8850879669]
    kurt: [25.0806713104, 0.559614181519, 0.332025527954, 0.848685741425, 5.82486629486, 4.1765255928, 5.83645439148, 1.45845651627, -1.24742877483, 4.9475069046, 12.1940956116, 13.713098526, 14.8788795471]
    max: [-601.8984375, 189.352661133, 128.96307373, 89.0998077393, 62.656085968, 39.4010925293, 24.6815223694, 11.4895496368, -1.12769317627, -6.03680419922, -4.53323745728, -1.66472625732, 2.76133728027]
    mean: [-988.220336914, 157.600341797, 91.4910736084, 61.8238563538, 47.0746078491, 31.4461593628, 18.6032161713, 7.01541662216, -4.64968347549, -14.6291980743, -23.7990589142, -31.125995636, -36.4234313965]
    median: [-991.836364746, 164.107910156, 89.9440307617, 56.2010040283, 47.6996650696, 32.1568145752, 18.1263923645, 7.7700138092, -4.49044799805, -15.4319534302, -24.5934658051, -32.6780357361, -38.288066864]
    min: [-1039.91418457, 115.265357971, 38.3077926636, 15.9387397766, 13.6000518799, 6.00353240967, -0.00486373901367, -1.50881195068, -8.33818817139, -18.9531784058, -26.6320552826, -33.4984550476, -39.7718772888]
    skew: [4.69025421143, -0.850955247879, -0.451467037201, -0.00112757959869, -1.77059197426, -1.73146390915, -2.02711296082, -0.880346298218, -0.0877962559462, 1.99089038372, 3.5126721859, 3.81194281578, 3.91447138786]
    var: [4214.81689453, 197.169677734, 350.856170654, 219.622329712, 78.8402252197, 43.167137146, 21.823595047, 6.9625287056, 3.96323180199, 5.29942035675, 16.3598270416, 36.0319595337, 59.2763137817]

SpecContrastCoeff:
    dmean: [0.0375221222639, 0.0122452862561, 0.00807865615934, 0.00401812372729, 0.00383098702878, 0.00373289128765]
    dmean2: [0.0361319109797, 0.0225743204355, 0.014579587616, 0.00691245868802, 0.00538720097393, 0.00596601469442]
    dvar: [0.01035063155, 0.000583532848395, 0.000153503089678, 4.4630280172e-05, 3.43200335919e-05, 4.63910182589e-05]
    dvar2: [0.00436658551916, 0.00124914117623, 0.000350176327629, 8.43172456371e-05, 5.36754814675e-05, 9.68613458099e-05]
    kurt: [22.3468666077, 7.58568382263, 9.51631832123, 3.82854604721, 6.47595787048, 5.39036655426]
    max: [-0.04672299698, -0.804178237915, -0.891254663467, -0.921265184879, -0.92407554388, -0.929653167725]
    mean: [-0.106008611619, -0.930079638958, -0.952127993107, -0.956180930138, -0.955233871937, -0.956775724888]
    median: [-0.0722849220037, -0.942347824574, -0.957835376263, -0.960029661655, -0.957541584969, -0.958753883839]
    min: [-0.972466886044, -0.942969441414, -0.958201110363, -0.96135610342, -0.960326194763, -0.961856544018]
    skew: [-4.66229057312, 2.97175145149, 2.99325823784, 2.26040434837, 2.76275706291, 2.61360764503]
    var: [0.0226585995406, 0.000970659137238, 0.000167755133589, 9.44792482187e-05, 7.17317161616e-05, 5.79126790399e-05]

SpecPeakAmp:
    dmean: [0.0350205749273, 0.156928449869, 0.132358804345, 0.00049960706383, 0.00032076149364]
    dmean2: [0.0538786686957, 0.317335128784, 0.270515888929, 0.000793517858256, 0.00048062420683]
    dvar: [0.012843250297, 0.0498439781368, 0.0461828485131, 1.81589177828e-06, 1.24977452742e-06]
    dvar2: [0.0331754349172, 0.119270913303, 0.122373133898, 4.51103687737e-06, 3.19155037687e-06]
    kurt: [22.1008453369, -0.0989451408386, 2.65318822861, 26.6286563873, 31.9716682434]
    max: [0.476634919643, 0.483601778746, 0.48359900713, 0.00642979284748, 0.00535992486402]
    mean: [0.0177960600704, 0.379328399897, 0.0650446712971, 0.000344069063431, 0.000226455216762]
    median: [0.000540242821444, 0.483309209347, 0.000381905119866, 8.13103106339e-05, 6.72525493428e-05]
    min: [7.23697230569e-05, 0.000180150309461, 0.000105638006062, 4.16676957684e-05, 2.30863988691e-05]
    skew: [4.80266523361, -1.36686050892, 2.15700149536, 5.13677692413, 5.67227554321]
    var: [0.0066695837304, 0.0382867455482, 0.0269503295422, 1.03053810108e-06, 6.67426206746e-07]
