
metadata:
    version:
        essentia: "2.1-beta3"

Flux:
    dmean: 0.0173599421978
    dmean2: 0
    dvar: 0
    dvar2: 0
    kurt: -2
    max: 0.296869039536
    mean: 0.288189053535
    median: 0.288189053535
    min: 0.279509097338
    skew: 5.17180706083e-06
    var: 7.53419008106e-05

Rms:
    dmean: 0
    dmean2: 0
    dvar: 0
    dvar2: 0
    kurt: 0
    max: 0.101452000439
    mean: 0.101452000439
    median: 0.101452000439
    min: 0.101452000439
    skew: 0
    var: 0

RollOff:
    dmean: 64.599609375
    dmean2: 0
    dvar: 0
    dvar2: 0
    kurt: -1.99999988079
    max: 322.998046875
    mean: 290.698242188
    median: 290.698242188
    min: 258.3984375
    skew: 0
    var: 1043.27734375

SpecCent:
    dmean: 0.356948852539
    dmean2: 0
    dvar: 0
    dvar2: 0
    kurt: -2
    max: 210.071563721
    mean: 209.893096924
    median: 209.893096924
    min: 209.714614868
    skew: -0.000128231637063
    var: 0.031853120774

Zcr:
    dmean: 0
    dmean2: 0
    dvar: 0
    dvar2: 0
    kurt: 0
    max: 0.0029296875
    mean: 0.0029296875
    median: 0.0029296875
    min: 0.0029296875
    skew: 0
    var: 0

HarmonicAmpFreq:
    dmean: [34.2351531982]
    dmean2: [0]
    dvar: [0]
    dvar2: [0]
    kurt: [-1.99999988079]
    max: [250.9425354]
    mean: [233.824951172]
    median: [233.824951172]
    min: [216.707382202]
    skew: [1.36292294428e-06]
    var: [293.011413574]

HarmonicAmpMag:
    dmean: [0.102249443531]
    dmean2: [0]
    dvar: [0]
    dvar2: [0]
    kurt: [-1.99999988079]
    max: [0.111554943025]
    mean: [0.0604302212596]
    median: [0.0604302212596]
    min: [0.00930549576879]
    skew: [-1.08899854467e-07]
    var: [0.00261373724788]

MfccCoeff:
    dmean: [191.693481445, 124.572692871, 32.719329834, 8.89915084839, 20.6767921448, 27.5638198853, 34.8366355896, 23.7311172485, 17.1986846924, 11.2006912231, 6.42102050781, 4.85991668701, 0.300575256348]
    dmean2: [0, 0, 0, 0, 0, 0, 0, 0, 0, 0, 0, 0, 0]
    dvar: [0, 0, 0, 0, 0, 0, 0, 0, 0, 0, 0, 0, 0]
    dvar2: [0, 0, 0, 0, 0, 0, 0, 0, 0, 0, 0, 0, 0]
    kurt: [-2, -2, -2, -2, -2, -2, -2, -2, -2, -2, -2, -2, -2]
    max: [-835.85949707, 265.604766846, 100.148071289, 49.7556915283, 27.0710334778, 7.3454284668, 4.94217300415, -5.23785400391, -7.46365356445, -9.73999023438, -11.5915737152, -9.68768310547, -9.74697494507]
    mean: [-931.706237793, 203.31842041, 83.7884063721, 45.3061141968, 16.7326374054, -6.43648147583, -12.4761447906, -17.1034126282, -16.0629959106, -15.3403358459, -14.8020839691, -12.117641449, -9.89726257324]
    median: [-931.706237793, 203.31842041, 83.7884063721, 45.3061141968, 16.7326374054, -6.43648147583, -12.4761447906, -17.1034126282, -16.0629959106, -15.3403358459, -14.8020839691, -12.117641449, -9.89726257324]
    min: [-1027.55297852, 141.032073975, 67.4287414551, 40.8565406799, 6.39424133301, -20.2183914185, -29.8944625854, -28.9689712524, -24.6623382568, -20.9406814575, -18.012594223, -14.5475997925, -10.0475502014]
    skew: [0, 0, 0, 1.29904924506e-06, 0, 0, 0, 0, 0, 0, 0, 0, 0]
    var: [9186.59765625, 3879.58886719, 267.638641357, 19.7987213135, 106.88243103, 189.941040039, 303.397796631, 140.791488647, 73.9486923218, 31.3638706207, 10.3073759079, 5.90469741821, 0.0225863717496]

SpecContrastCoeff:
    dmean: [0.138663709164, 0.0616679787636, 0.00452518463135, 0.00466567277908, 0.00776898860931, 0.0215172767639]
    dmean2: [0, 0, 0, 0, 0, 0]
    dvar: [0, 0, 0, 0, 0, 0]
    dvar2: [0, 0, 0, 0, 0, 0]
    kurt: [-2, -2, -1.99999988079, -2, -1.99999988079, -1.99999988079]
    max: [-0.61517482996, -0.664597690105, -0.886379301548, -0.905342817307, -0.905084848404, -0.90581715107]
    mean: [-0.684506654739, -0.69543170929, -0.888641893864, -0.907675623894, -0.908969342709, -0.916575789452]
    median: [-0.684506654739, -0.69543170929, -0.888641893864, -0.907675623894, -0.908969342709, -0.916575789452]
    min: [-0.753838539124, -0.726265668869, -0.890904486179, -0.910008490086, -0.912853837013, -0.927334427834]
    skew: [-1.30991452352e-06, 2.88531964543e-06, 0, -3.83378646802e-05, 0, 0]
    var: [0.00480690598488, 0.000950734945945, 5.11932375957e-06, 5.44212571185e-06, 1.50892956299e-05, 0.000115748298413]

SpecPeakAmp:
    dmean: [0.111033730209, 0.013688207604, 0.00208703940734, 0.00447577936575, 0.00325150694698]
    dmean2: [0, 0, 0, 0, 0]
    dvar: [0, 0, 0, 0, 0]
    dvar2: [0, 0, 0, 0, 0]
    kurt: [-2, -2, -2, -2, -2]
    max: [0.111554943025, 0.0146868294105, 0.00930549576879, 0.00472250347957, 0.00341013330035]
    mean: [0.0560380779207, 0.00784272514284, 0.00826197583228, 0.0024846137967, 0.00178437982686]
    median: [0.0560380779207, 0.00784272514284, 0.00826197583228, 0.0024846137967, 0.00178437982686]
    min: [0.000521214387845, 0.000998621573672, 0.00721845636144, 0.000246724142926, 0.000158626251505]
    skew: [0, 2.21636085485e-07, 6.83921484779e-07, 0, -1.55023428761e-07]
    var: [0.00308212242089, 4.68417565571e-05, 1.08893345896e-06, 5.00815031046e-06, 2.64307459474e-06]
