
metadata:
    version:
        essentia: "2.1-beta3"

Flux:
    dmean: 5.2618229347e-06
    dmean2: 7.8126495282e-06
    dvar: 3.22122356566e-10
    dvar2: 6.97106761205e-10
    kurt: 14.2716369629
    max: 9.61940968409e-05
    mean: 6.09875132795e-06
    median: 1.43842430589e-06
    min: 5.40834946605e-07
    skew: 3.89336562157
    var: 3.29906546526e-10

Rms:
    dmean: 1.62789638125e-06
    dmean2: 1.76429216481e-06
    dvar: 2.4731312484e-11
    dvar2: 1.87054954859e-11
    kurt: 19.2610912323
    max: 7.77997483965e-05
    mean: 7.58907772251e-05
    median: 7.71927734604e-05
    min: 4.4810010877e-05
    skew: -4.46768569946
    var: 3.33340091641e-11

RollOff:
    dmean: 0.500772178173
    dmean2: 0.5126953125
    dvar: 10.5324459076
    dvar2: 10.7771072388
    kurt: 39.0233154297
    max: 366.064453125
    mean: 345.020629883
    median: 344.53125
    min: 344.53125
    skew: 6.40494251251
    var: 10.298661232

SpecCent:
    dmean: 5.55314731598
    dmean2: 8.56957817078
    dvar: 9.68964481354
    dvar2: 25.4321117401
    kurt: 5.92011928558
    max: 680.444702148
    mean: 657.504699707
    median: 657.02911377
    min: 650.367736816
    skew: 1.77917921543
    var: 27.8531970978

Zcr:
    dmean: 0.00061319040833
    dmean2: 0.000906808010768
    dvar: 1.95273810277e-06
    dvar2: 1.66406437074e-06
    kurt: 16.4950752258
    max: 0.01513671875
    mean: 0.0146151455119
    median: 0.01513671875
    min: 0.00732421875
    skew: -4.22689628601
    var: 2.26928636948e-06

HarmonicAmpFreq:
    dmean: [0.342679768801]
    dmean2: [0.644898176193]
    dvar: [0.205007553101]
    dvar2: [0.424780160189]
    kurt: [3.17020750046]
    max: [330.551849365]
    mean: [328.930419922]
    median: [328.735656738]
    min: [328.446258545]
    skew: [1.92459118366]
    var: [0.179727420211]

HarmonicAmpMag:
    dmean: [3.71610913135e-05]
    dmean2: [7.31477848603e-05]
    dvar: [2.41445952121e-09]
    dvar2: [5.93449156483e-09]
    kurt: [0.119933366776]
    max: [0.0001054192835]
    mean: [8.34232341731e-05]
    median: [0.00010537738126]
    min: [0]
    skew: [-1.42673504353]
    var: [1.71809722005e-09]

MfccCoeff:
    dmean: [0.106323242188, 0.138400763273, 0.104552514851, 0.0543553568423, 0.00425471831113, 0.0610408335924, 0.107585817575, 0.136333376169, 0.142976626754, 0.126917645335, 0.0912901386619, 0.0423702858388, 0.0123482635245]
    dmean2: [0.109107606113, 0.142012819648, 0.107304893434, 0.0558471679688, 0.00443304143846, 0.0625119879842, 0.110271632671, 0.139808297157, 0.146695822477, 0.130307331681, 0.0938511788845, 0.0437318719923, 0.0128686083481]
    dvar: [0.241862401366, 0.409781783819, 0.233424246311, 0.0626729279757, 0.00041449489072, 0.0808141157031, 0.249479606748, 0.39919963479, 0.437543600798, 0.343164652586, 0.176030799747, 0.0368925370276, 0.00349072180688]
    dvar2: [0.244610622525, 0.41445595026, 0.236078619957, 0.0633811056614, 0.000419283343945, 0.081752166152, 0.252355337143, 0.403778851032, 0.442539125681, 0.347059100866, 0.178007304668, 0.0372950769961, 0.00353156705387]
    kurt: [22.6505527496, 22.6302318573, 22.5587348938, 22.3128929138, 29.3103981018, 23.1506004333, 22.9083652496, 22.777141571, 22.6482601166, 22.4726867676, 22.1523685455, 21.1553478241, 29.3115692139]
    max: [-1135.54650879, 3.73936080933, 2.8193359375, 1.45582962036, -6.103515625e-05, 2.28881835938e-05, -2.67028808594e-05, -5.34057617188e-05, -4.57763671875e-05, -2.28881835938e-05, -2.67028808594e-05, -3.0517578125e-05, 0.372123718262]
    mean: [-1135.65087891, 3.60338497162, 2.71661663055, 1.40243220329, -0.123809121549, -1.61239349842, -2.82320261002, -3.56439566612, -3.72449016571, -3.28963184357, -2.34429621696, -1.0550301075, 0.359087496996]
    median: [-1135.54736328, 3.73824691772, 2.81843566895, 1.45528030396, -0.127815246582, -1.67205047607, -2.92827987671, -3.69742202759, -3.86383056641, -3.41315460205, -2.43297576904, -1.09597396851, 0.370704650879]
    min: [-1138.42004395, 1.14440917969e-05, -6.103515625e-05, 8.01086425781e-05, -0.128311157227, -1.67235565186, -2.92890548706, -3.69834136963, -3.8649597168, -3.41432952881, -2.43399429321, -1.09671020508, -3.81469726562e-05]
    skew: [-4.84239768982, -4.84044027328, -4.8342218399, -4.81287765503, 5.43709039688, 4.88576555252, 4.86464834213, 4.85321569443, 4.84200334549, 4.8267493248, 4.79896020889, 4.71285676956, -5.43719911575]
    var: [0.239342391491, 0.405506819487, 0.231005087495, 0.0620363466442, 0.000409721309552, 0.0799356251955, 0.246816456318, 0.394983291626, 0.432972162962, 0.339631259441, 0.174267232418, 0.0365567803383, 0.00345060438849]

SpecContrastCoeff:
    dmean: [0.0256735999137, 0.0239997804165, 0.0111994566396, 0.00886123534292, 0.00858106464148, 0.0080458233133]
    dmean2: [0.0386390686035, 0.0335339829326, 0.0178187638521, 0.0137618975714, 0.0126502020285, 0.0126728415489]
    dvar: [0.000950353976805, 0.00170011119917, 0.000135960654006, 0.000116520190204, 0.0001551843161, 5.70111405978e-05]
    dvar2: [0.000934571202379, 0.00182582542766, 0.000248899654252, 0.000151432715938, 0.000132987624966, 9.32633556658e-05]
    kurt: [15.7385177612, 15.3248977661, 3.65902709961, 12.3749008179, 18.1489181519, 14.3855228424]
    max: [-0.669099628925, -0.527324199677, -0.878094255924, -0.864463746548, -0.829372406006, -0.858892202377]
    mean: [-0.723805725574, -0.562875390053, -0.898177564144, -0.881911277771, -0.850262224674, -0.875615656376]
    median: [-0.723021745682, -0.555178284645, -0.898397088051, -0.879939317703, -0.847868323326, -0.87510740757]
    min: [-0.927215218544, -0.780982494354, -0.941255688667, -0.94609349966, -0.938304245472, -0.930039465427]
    skew: [-3.66926431656, -3.98856854439, -1.28603565693, -3.15290689468, -3.99307489395, -3.09965920448]
    var: [0.00151248381007, 0.00204433570616, 0.000152659384185, 0.00017043222033, 0.000260629341938, 0.000108827553049]

SpecPeakAmp:
    dmean: [2.03899020335e-07, 1.48177957726e-06, 1.40952397487e-05, 4.89940102852e-05, 4.40658041043e-05]
    dmean2: [2.70535082336e-07, 1.54140627728e-06, 2.69405391009e-05, 0.000100268072856, 8.77020720509e-05]
    dvar: [1.87758622127e-13, 8.54441170595e-11, 1.22305765515e-09, 2.74951572621e-09, 2.68808442172e-09]
    dvar2: [1.59260842361e-13, 8.75725811311e-11, 3.10509973289e-09, 6.29115604056e-09, 6.79799061487e-09]
    kurt: [15.3354797363, 39.0128974915, 5.77612018585, -1.67856431007, -1.39047896862]
    max: [8.57372469909e-06, 6.15072058281e-05, 0.00010537946946, 0.000105407540104, 0.0001054192835]
    mean: [8.28056545288e-06, 1.54165684307e-06, 1.03230568129e-05, 3.8463218516e-05, 3.37015626428e-05]
    median: [8.38324285724e-06, 1.37992770988e-07, 1.63038151868e-07, 2.12951135836e-07, 2.61317154582e-07]
    min: [6.11062978351e-06, 7.53205853243e-08, 9.71177982478e-08, 1.01469851188e-07, 9.51946006467e-08]
    skew: [-4.04721784592, 6.40370512009, 2.76689958572, 0.566920399666, 0.780699789524]
    var: [2.23495863743e-13, 8.36351404798e-11, 9.11964170847e-10, 2.55927501414e-09, 2.3986841402e-09]
