
metadata:
    version:
        essentia: "2.1-beta3"

Flux:
    dmean: 0.000124941405375
    dmean2: 0.000169140650542
    dvar: 1.66600500506e-07
    dvar2: 3.32504839662e-07
    kurt: 9.416929245
    max: 0.00234660622664
    mean: 0.000164862707607
    median: 8.6111786004e-06
    min: 4.42143209511e-06
    skew: 3.27575039864
    var: 2.68938862291e-07

Rms:
    dmean: 5.58959291084e-05
    dmean2: 4.7724963224e-05
    dvar: 2.93757480563e-08
    dvar2: 1.23058097046e-08
    kurt: 20.7126064301
    max: 0.0017215993721
    mean: 0.00165254354943
    median: 0.00171211222187
    min: 0.000312218035106
    skew: -4.51585912704
    var: 5.67932154638e-08

RollOff:
    dmean: 9.29842853546
    dmean2: 9.01389884949
    dvar: 3338.43969727
    dvar2: 3045.88623047
    kurt: 39.7850570679
    max: 753.662109375
    mean: 354.1015625
    median: 344.53125
    min: 344.53125
    skew: 6.45529460907
    var: 3638.44750977

SpecCent:
    dmean: 19.1128768921
    dmean2: 19.6644592285
    dvar: 8544.62207031
    dvar2: 6586.8046875
    kurt: 38.8193016052
    max: 1034.09301758
    mean: 348.303283691
    median: 330.998382568
    min: 327.528900146
    skew: 6.34959745407
    var: 10841.9990234

Zcr:
    dmean: 0.000799005676527
    dmean2: 0.000953851733357
    dvar: 3.33884463544e-06
    dvar2: 2.18406285057e-06
    kurt: 17.7197685242
    max: 0.01513671875
    mean: 0.0143120661378
    median: 0.01513671875
    min: 0.00048828125
    skew: -4.20484924316
    var: 6.5678732426e-06

HarmonicAmpFreq:
    dmean: [0.247061982751]
    dmean2: [0.473021745682]
    dvar: [0.189420744777]
    dvar2: [0.492990136147]
    kurt: [1.87381410599]
    max: [329.828063965]
    mean: [328.89465332]
    median: [328.734863281]
    min: [328.722930908]
    skew: [1.94682598114]
    var: [0.141519904137]

HarmonicAmpMag:
    dmean: [0.000520530389622]
    dmean2: [0.000946554879192]
    dvar: [8.63629452397e-07]
    dvar2: [2.28263047575e-06]
    kurt: [2.5455083847]
    max: [0.00235397834331]
    mean: [0.00203075399622]
    median: [0.00235295109451]
    min: [0]
    skew: [-2.09249210358]
    var: [5.9833269006e-07]

MfccCoeff:
    dmean: [1.73116505146, 2.18991565704, 1.51108086109, 0.652957558632, 0.114850476384, 0.598861694336, 0.764275193214, 0.797176897526, 0.820483803749, 0.712471544743, 0.506853163242, 0.233547210693, 0.0947021171451]
    dmean2: [2.3452630043, 2.9556760788, 2.014149189, 0.845485270023, 0.157868146896, 0.737847268581, 0.857531070709, 0.772164463997, 0.688197493553, 0.535608351231, 0.363891810179, 0.179860308766, 0.122645534575]
    dvar: [60.0271224976, 96.1821975708, 46.026424408, 8.71597957611, 0.268964976072, 7.9395570755, 14.7615289688, 15.4377145767, 12.3806180954, 8.12689113617, 3.77791047096, 0.738128125668, 0.163369223475]
    dvar2: [125.269920349, 199.100021362, 92.7040023804, 16.4795970917, 0.554649114609, 12.7349014282, 18.4114742279, 13.2814626694, 7.10413169861, 3.82694983482, 1.7800797224, 0.363460063934, 0.207264706492]
    kurt: [18.8114204407, 18.6312446594, 18.4511833191, 19.6630878448, 18.8893909454, 29.2762031555, 35.5460510254, 35.6118240356, 31.791809082, 27.9708900452, 25.3822937012, 22.9034137726, 18.7567825317]
    max: [-1091.96777344, 59.0256729126, 41.3122291565, 18.354221344, -6.103515625e-05, 2.28881835938e-05, -2.67028808594e-05, -5.34057617188e-05, -4.57763671875e-05, -2.28881835938e-05, -2.67028808594e-05, -3.0517578125e-05, 3.93029785156]
    mean: [-1116.30749512, 28.6678123474, 21.3361930847, 10.6182670593, -1.56960511208, -13.1190624237, -22.1261386871, -27.2127609253, -27.7293624878, -23.8182830811, -16.3453521729, -6.71928787231, 3.3710334301]
    median: [-1116.25463867, 28.7661247253, 21.4761047363, 10.7489051819, -1.56033325195, -13.3518447876, -22.664024353, -28.0174179077, -28.6662216187, -24.6984786987, -16.9881496429, -7.00247955322, 3.48694610596]
    min: [-1138.42004395, 1.14440917969e-05, -6.103515625e-05, 8.01086425781e-05, -3.14196777344, -18.268409729, -25.3599472046, -28.3223342896, -28.853767395, -24.7186965942, -16.9910793304, -7.00979614258, -3.81469726562e-05]
    skew: [0.640689313412, 0.373206943274, -0.476550966501, -2.0864572525, -0.0197907257825, 4.8445315361, 5.98055171967, 6.01461172104, 5.6117939949, 5.23331165314, 4.97812223434, 4.73416566849, -4.44861268997]
    var: [24.5288848877, 39.5967330933, 19.497631073, 4.00270271301, 0.111214317381, 4.57091617584, 11.764374733, 17.7797870636, 19.4735946655, 15.2955265045, 7.56287240982, 1.34831440449, 0.412144035101]

SpecContrastCoeff:
    dmean: [0.0399836562574, 0.0327214486897, 0.015861576423, 0.0133042130619, 0.00937393028289, 0.00948365963995]
    dmean2: [0.065594099462, 0.0398396998644, 0.0277766734362, 0.0232205316424, 0.0147920530289, 0.0161774605513]
    dvar: [0.0008936994127, 0.00330266356468, 0.000121645651234, 0.00010731988732, 6.76202544128e-05, 6.67196072754e-05]
    dvar2: [0.0018294644542, 0.00185122422408, 0.000319455371937, 0.00030821247492, 0.000165104414918, 0.000184868549695]
    kurt: [6.36836338043, 18.746673584, -0.0373330116272, 0.188667535782, 2.15403413773, 5.49325942993]
    max: [-0.744697988033, -0.41045281291, -0.916196525097, -0.914547741413, -0.909314215183, -0.904016494751]
    mean: [-0.810106575489, -0.458634346724, -0.948865532875, -0.942726373672, -0.9318343997, -0.926476955414]
    median: [-0.819935619831, -0.439432382584, -0.952317118645, -0.94424200058, -0.93138563633, -0.926438808441]
    min: [-0.976063787937, -0.98687016964, -0.963504910469, -0.962530434132, -0.962307274342, -0.964133560658]
    skew: [-1.51218211651, -4.303565979, 0.829463005066, 0.618122518063, -0.672507345676, -0.908341646194]
    var: [0.00140612898394, 0.00935644935817, 0.000143350116559, 0.000113487432827, 8.60783693497e-05, 8.265816723e-05]

SpecPeakAmp:
    dmean: [6.36699260212e-05, 1.82191104159e-06, 0.000319762388244, 0.00119119556621, 0.00117659196258]
    dmean2: [9.82140190899e-05, 2.82242558569e-06, 0.000600545667112, 0.00242221797816, 0.00240622437559]
    dvar: [7.87512632883e-08, 1.30367305493e-11, 6.41316660221e-07, 1.35502671128e-06, 1.37944618928e-06]
    dvar2: [2.02152705242e-07, 3.18232107333e-11, 1.80001302397e-06, 3.14332169182e-06, 2.43987619797e-06]
    kurt: [40.0162773132, 18.8447589874, 10.0733356476, -1.34772384167, -1.9821075201]
    max: [0.00135499564931, 1.78076152224e-05, 0.00235352083109, 0.0023537396919, 0.00235397834331]
    mean: [3.81876161555e-05, 2.31781700677e-06, 0.000158623050083, 0.000747849291656, 0.00109980208799]
    median: [8.18591070129e-06, 1.83212171123e-06, 1.94403855858e-06, 2.19822845793e-06, 1.26467120936e-05]
    min: [2.563422413e-06, 6.17036505446e-07, 4.98094550494e-07, 3.67327487538e-07, 2.92576856964e-07]
    skew: [6.48172998428, 4.36313152313, 3.47441029549, 0.795748591423, 0.133596822619]
    var: [3.94116703717e-08, 8.33485277324e-12, 3.40252512387e-07, 1.17277875233e-06, 1.37451309001e-06]
