
metadata:
    version:
        essentia: "2.1-beta3"

Flux:
    dmean: 0.00284515228122
    dmean2: 0.00374877685681
    dvar: 8.3661339886e-05
    dvar2: 0.000163986318512
    kurt: 9.67994594574
    max: 0.0535390563309
    mean: 0.00363918207586
    median: 0.000141489334055
    min: 1.14496488095e-05
    skew: 3.30588245392
    var: 0.000136195638333

Rms:
    dmean: 0.00126288004685
    dmean2: 0.00110688002314
    dvar: 1.51076446855e-05
    dvar2: 6.69699193168e-06
    kurt: 20.7967338562
    max: 0.0385355204344
    mean: 0.0370004139841
    median: 0.038329411298
    min: 0.00704007875174
    skew: -4.52974891663
    var: 2.83580793621e-05

RollOff:
    dmean: 10.7666015625
    dmean2: 10.5162153244
    dvar: 4541.94482422
    dvar2: 4213.48388672
    kurt: 39.8453178406
    max: 818.26171875
    mean: 355.537109375
    median: 344.53125
    min: 344.53125
    skew: 6.46209859848
    var: 4876.29882812

SpecCent:
    dmean: 23.3981952667
    dmean2: 23.7334270477
    dvar: 13533.3154297
    dvar2: 10352.2226562
    kurt: 38.8271026611
    max: 1213.71704102
    mean: 351.859802246
    median: 329.999420166
    min: 326.630706787
    skew: 6.35057973862
    var: 17122.1210938

Zcr:
    dmean: 0.000787908385973
    dmean2: 0.000931140966713
    dvar: 3.17764283864e-06
    dvar2: 2.20469405576e-06
    kurt: 17.7169017792
    max: 0.01513671875
    mean: 0.0143229169771
    median: 0.01513671875
    min: 0.00048828125
    skew: -4.20278310776
    var: 6.56975589663e-06

HarmonicAmpFreq:
    dmean: [0.0583267211914]
    dmean2: [0.094136081636]
    dvar: [0.0468380786479]
    dvar2: [0.101582996547]
    kurt: [14.332452774]
    max: [330.098846436]
    mean: [328.802429199]
    median: [328.732452393]
    min: [328.724517822]
    skew: [3.93007516861]
    var: [0.0718729272485]

HarmonicAmpMag:
    dmean: [0.00207721372135]
    dmean2: [0.00161604059394]
    dvar: [6.01082429057e-05]
    dvar2: [4.14410969825e-05]
    kurt: [15.7023963928]
    max: [0.052688550204]
    mean: [0.0501626171172]
    median: [0.0526754669845]
    min: [0]
    skew: [-4.07241249084]
    var: [9.80151817203e-05]

MfccCoeff:
    dmean: [14.4850654602, 7.60841798782, 4.1753115654, 3.9499130249, 4.01583385468, 4.0312962532, 4.08136701584, 3.65084290504, 2.84186768532, 2.00828146935, 1.56287121773, 1.04441022873, 1.03652119637]
    dmean2: [21.665189743, 11.0156373978, 6.32739448547, 6.27921581268, 6.93804073334, 6.38492012024, 6.05299043655, 5.27855682373, 3.73809528351, 2.29992341995, 1.75217008591, 1.53016483784, 1.73686766624]
    dvar: [3121.015625, 421.199920654, 21.0186347961, 6.89558839798, 5.67094087601, 5.89062786102, 15.5150690079, 29.4701766968, 34.7139320374, 27.6284732819, 11.5809230804, 2.00516819954, 6.11709737778]
    dvar2: [7761.60449219, 907.431884766, 22.6272392273, 11.2357416153, 13.0604925156, 7.91469860077, 11.0643463135, 25.4373531342, 30.3283042908, 26.4494857788, 10.5493984222, 3.70209383965, 11.187953949]
    kurt: [36.9106407166, 14.606256485, 9.96654224396, 6.03638839722, 0.484120845795, 11.1379842758, 18.8806095123, 18.8658313751, 19.2383403778, 18.6033535004, 19.8411693573, 14.7437229156, 9.86179828644]
    max: [-837.787841797, 137.079177856, 74.6265563965, 39.233997345, 2.90625, -8.67330169678, -9.86804199219, -8.18547821045, -4.87944030762, -1.50275421143, 0.730976104736, 1.35257720947, 16.1705703735]
    mean: [-1082.78540039, 66.2732162476, 46.8303222656, 22.2296524048, -5.43968391418, -30.4698982239, -48.840297699, -57.4106178284, -55.454536438, -44.0013084412, -25.9630203247, -5.06354045868, 14.6750125885]
    median: [-1088.73632812, 64.2261123657, 47.0168800354, 22.30676651, -5.18823242188, -30.8605766296, -49.8979110718, -59.242729187, -57.638053894, -45.7510299683, -27.0431575775, -5.25206756592, 15.6319351196]
    min: [-1125.9552002, 15.5214653015, 9.8938293457, 2.55595779419, -14.7387657166, -34.3577842712, -52.9018936157, -62.7262115479, -61.0068435669, -49.2100067139, -30.8278713226, -10.1360702515, -0.103988647461]
    skew: [6.09351444244, 2.01882863045, -1.696803689, -0.791017472744, -0.122598044574, 2.80822038651, 4.18819665909, 4.34610652924, 4.40124797821, 4.33020973206, 4.37304782867, 1.33620417118, -3.31577324867]
    var: [1417.09716797, 204.603347778, 72.4028778076, 26.3753852844, 9.70548915863, 19.3689079285, 50.4110832214, 82.9086380005, 85.9336929321, 61.4937515259, 22.9387283325, 1.7201846838, 12.6252412796]

SpecContrastCoeff:
    dmean: [0.0440251380205, 0.0375381670892, 0.0133281135932, 0.0101131647825, 0.0107365017757, 0.0162069369107]
    dmean2: [0.075230166316, 0.041907928884, 0.0228113308549, 0.0172721873969, 0.0183642935008, 0.028888374567]
    dvar: [0.00125466112513, 0.00570910144597, 0.000130765663926, 0.000138835108373, 0.000284183537588, 0.000392093294067]
    dvar2: [0.00214997702278, 0.00315070082434, 0.000185588098248, 0.000230264573474, 0.000491854734719, 0.00070470321225]
    kurt: [5.6941652298, 21.7749500275, 3.78142404556, 6.44555568695, 11.3520994186, 9.4548406601]
    max: [-0.699810326099, -0.234217137098, -0.890337646008, -0.901596307755, -0.875394582748, -0.860740840435]
    mean: [-0.779331982136, -0.28714710474, -0.947760522366, -0.957725167274, -0.95659840107, -0.952549517155]
    median: [-0.788067817688, -0.263967365026, -0.955237030983, -0.964226007462, -0.963486552238, -0.960919439793]
    min: [-0.945375561714, -0.984463870525, -0.959085941315, -0.965531289577, -0.964086294174, -0.963630318642]
    skew: [-1.26537597179, -4.62359905243, 2.03456711769, 2.51697278023, 3.22521352768, 2.86288785934]
    var: [0.00148202676792, 0.0149981165305, 0.00027489772765, 0.000179942988325, 0.000271558645181, 0.000370437395759]

SpecPeakAmp:
    dmean: [0.00144191307481, 0.00239356211387, 0.0143731832504, 0.0123221818358, 4.20750475314e-05]
    dmean2: [0.00221420824528, 0.0036774049513, 0.029364079237, 0.0248666200787, 6.0202084569e-05]
    dvar: [4.21157528763e-05, 0.000115798138722, 0.000547603762243, 0.00048279541079, 1.502143121e-08]
    dvar2: [0.000108125372208, 0.000297549908282, 0.00132545817178, 0.00132017722353, 2.94183575278e-08]
    kurt: [40.0198020935, 40.0100746155, 0.250360965729, 3.8974032402, 17.7844982147]
    max: [0.0312398783863, 0.0518613569438, 0.0526884831488, 0.052688550204, 0.000559388310649]
    mean: [0.000739055045415, 0.00120669708122, 0.0421728231013, 0.00621713418514, 4.23815909016e-05]
    median: [4.62035241071e-05, 4.01661345677e-05, 0.0526719391346, 4.06671861128e-05, 2.00032063731e-05]
    min: [1.07021796794e-05, 1.79038706847e-05, 1.33033472594e-05, 9.84060534392e-06, 7.83848281571e-06]
    skew: [6.48214817047, 6.48100757599, -1.50007712841, 2.41041731834, 4.42361736298]
    var: [2.1143907361e-05, 5.83243672736e-05, 0.000441264477558, 0.0002744042431, 1.09287121575e-08]
