
metadata:
    version:
        essentia: "2.1-beta3"

Flux:
    dmean: 0.013076454401
    dmean2: 0
    dvar: 0
    dvar2: 0
    kurt: -1.99999988079
    max: 0.298261135817
    mean: 0.291722893715
    median: 0.291722893715
    min: 0.285184681416
    skew: 6.81310439177e-06
    var: 4.27484119427e-05

Rms:
    dmean: 0
    dmean2: 0
    dvar: 0
    dvar2: 0
    kurt: 0
    max: 0.102365806699
    mean: 0.102365806699
    median: 0.102365806699
    min: 0.102365806699
    skew: 0
    var: 0

RollOff:
    dmean: 882.861328125
    dmean2: 0
    dvar: 0
    dvar2: 0
    kurt: -2
    max: 2583.984375
    mean: 2142.55371094
    median: 2142.55371094
    min: 1701.12304688
    skew: 0
    var: 194861.03125

SpecCent:
    dmean: 118.368896484
    dmean2: 0
    dvar: 0
    dvar2: 0
    kurt: -2
    max: 2252.90820312
    mean: 2193.72363281
    median: 2193.72363281
    min: 2134.53930664
    skew: 6.21800654699e-06
    var: 3502.79882812

Zcr:
    dmean: 0
    dmean2: 0
    dvar: 0
    dvar2: 0
    kurt: 0
    max: 0.0166015625
    mean: 0.0166015625
    median: 0.0166015625
    min: 0.0166015625
    skew: 0
    var: 0

HarmonicAmpFreq:
    dmean: [0]
    dmean2: [0]
    dvar: [0]
    dvar2: [0]
    kurt: [nan]
    max: [2295.3112793]
    mean: [2295.3112793]
    median: [2295.3112793]
    min: [2295.3112793]
    skew: [nan]
    var: [0]

HarmonicAmpMag:
    dmean: [0]
    dmean2: [0]
    dvar: [0]
    dvar2: [0]
    kurt: [nan]
    max: [0]
    mean: [0]
    median: [0]
    min: [0]
    skew: [nan]
    var: [0]

MfccCoeff:
    dmean: [288.711303711, 148.516159058, 60.877456665, 41.4386825562, 7.53021240234, 4.82811164856, 0.76270866394, 6.40453720093, 2.25377845764, 2.38792610168, 0.734071731567, 3.4473285675, 0.635103225708]
    dmean2: [0, 0, 0, 0, 0, 0, 0, 0, 0, 0, 0, 0, 0]
    dvar: [0, 0, 0, 0, 0, 0, 0, 0, 0, 0, 0, 0, 0]
    dvar2: [0, 0, 0, 0, 0, 0, 0, 0, 0, 0, 0, 0, 0]
    kurt: [-2, -1.99999988079, -2, -2, -2, -1.99999988079, -2, -1.99999988079, -2, -2, -2, -2, -2]
    max: [-596.007629395, 175.347381592, -71.7788848877, -27.7292022705, 17.6156158447, -0.711799621582, -15.9358596802, 7.89398574829, 7.20099449158, -2.27271270752, -1.5372505188, 5.67129707336, 0.940483093262]
    mean: [-740.36328125, 101.089302063, -102.21761322, -48.4485435486, 13.8505096436, -3.12585544586, -16.3172149658, 4.69171714783, 6.07410526276, -3.46667575836, -1.90428638458, 3.94763278961, 0.622931480408]
    median: [-740.36328125, 101.089302063, -102.21761322, -48.4485435486, 13.8505096436, -3.12585544586, -16.3172149658, 4.69171714783, 6.07410526276, -3.46667575836, -1.90428638458, 3.94763278961, 0.622931480408]
    min: [-884.718933105, 26.8312263489, -132.656341553, -69.1678848267, 10.0854034424, -5.53991127014, -16.6985683441, 1.48944854736, 4.94721603394, -4.6606388092, -2.27132225037, 2.22396850586, 0.305379867554]
    skew: [0, 1.52633177208e-07, 0, 0, 0, 0, 7.52301775719e-06, 0, 0, 0, 0, 0, 0]
    var: [20838.5546875, 5514.26171875, 926.516174316, 429.291107178, 14.176024437, 5.82766532898, 0.145431131124, 10.254524231, 1.26987934113, 1.425547719, 0.134715333581, 2.97101855278, 0.100839026272]

SpecContrastCoeff:
    dmean: [0.117008805275, 0.0517840981483, 0.112719833851, 0.052891433239, 0.150904178619, 0.0353655219078]
    dmean2: [0, 0, 0, 0, 0, 0]
    dvar: [0, 0, 0, 0, 0, 0]
    dvar2: [0, 0, 0, 0, 0, 0]
    kurt: [-2, -2, -2, -2, -2, -1.99999988079]
    max: [-0.820112466812, -0.849440157413, -0.874743998051, -0.85156416893, -0.596883833408, -0.908140361309]
    mean: [-0.87861686945, -0.87533223629, -0.931103944778, -0.878009915352, -0.672335922718, -0.925823092461]
    median: [-0.87861686945, -0.87533223629, -0.931103944778, -0.878009915352, -0.672335922718, -0.925823092461]
    min: [-0.937121272087, -0.901224255562, -0.987463831902, -0.904455602169, -0.747788012028, -0.943505883217]
    skew: [0, 3.45815783476e-06, 1.54441045197e-06, 3.39299526786e-06, 0, -5.01706563227e-06]
    var: [0.00342276506126, 0.000670398236252, 0.00317644025199, 0.000699375930708, 0.00569301797077, 0.00031268002931]

SpecPeakAmp:
    dmean: [0.00168137997389, 0.00169659685344, 0.00130671728402, 0.0020475438796, 0.00282083917409]
    dmean2: [0, 0, 0, 0, 0]
    dvar: [0, 0, 0, 0, 0]
    dvar2: [0, 0, 0, 0, 0]
    kurt: [-1.99999988079, -1.99999988079, -2, -2, -2]
    max: [0.00285917171277, 0.00301666441374, 0.00292649795301, 0.00210635154508, 0.00287504820153]
    mean: [0.00201848172583, 0.00216836598702, 0.002273139311, 0.00108257960528, 0.00146462861449]
    median: [0.00201848172583, 0.00216836598702, 0.002273139311, 0.00108257960528, 0.00146462861449]
    min: [0.00117779173888, 0.0013200675603, 0.00161978066899, 5.8807690948e-05, 5.42090128874e-05]
    skew: [0, 0, 0, 0, 0]
    var: [7.06759635705e-07, 7.19610227407e-07, 4.26877505788e-07, 1.04810897028e-06, 1.98928341888e-06]
