
metadata:
    version:
        essentia: "2.1-beta3"

Flux:
    dmean: 0.0255837421864
    dmean2: 0.0336591489613
    dvar: 0.00676431646571
    dvar2: 0.0128714535385
    kurt: 9.53376102448
    max: 0.494504779577
    mean: 0.0334062762558
    median: 0.00116424588487
    min: 1.92638490262e-05
    skew: 3.28266143799
    var: 0.0114892274141

Rms:
    dmean: 0.0115124173462
    dmean2: 0.00998370442539
    dvar: 0.00127431482542
    dvar2: 0.000566205417272
    kurt: 21.1318969727
    max: 0.355102211237
    mean: 0.341019332409
    median: 0.353218704462
    min: 0.0640238001943
    skew: -4.55989265442
    var: 0.00239946041256

RollOff:
    dmean: 3.91512775421
    dmean2: 4.00617742538
    dvar: 659.113708496
    dvar2: 674.077148438
    kurt: 40.022731781
    max: 516.796875
    mean: 348.359375
    median: 344.53125
    min: 344.53125
    skew: 6.48249340057
    var: 644.799804688

SpecCent:
    dmean: 8.75069141388
    dmean2: 10.6247434616
    dvar: 1084.24987793
    dvar2: 887.878479004
    kurt: 39.2057647705
    max: 572.106872559
    mean: 335.562469482
    median: 329.750610352
    min: 326.623352051
    skew: 6.38833713531
    var: 1283.93054199

Zcr:
    dmean: 0.000765713804867
    dmean2: 0.000874364108313
    dvar: 2.89784497909e-06
    dvar2: 1.50323569414e-06
    kurt: 17.724275589
    max: 0.01513671875
    mean: 0.0143120661378
    median: 0.01513671875
    min: 0.00048828125
    skew: -4.2027425766
    var: 6.55727535559e-06

HarmonicAmpFreq:
    dmean: [0.0515740141273]
    dmean2: [0.0558911710978]
    dvar: [0.0385659709573]
    dvar2: [0.0393778346479]
    kurt: [19.766336441]
    max: [329.828094482]
    mean: [328.773986816]
    median: [328.732269287]
    min: [328.67364502]
    skew: [4.5802989006]
    var: [0.0385606363416]

HarmonicAmpMag:
    dmean: [0.0189481005073]
    dmean2: [0.0147266723216]
    dvar: [0.00499682733789]
    dvar2: [0.00341369700618]
    kurt: [15.9486351013]
    max: [0.485517054796]
    mean: [0.46246406436]
    median: [0.485398262739]
    min: [0]
    skew: [-4.09403419495]
    var: [0.00819464679807]

MfccCoeff:
    dmean: [39.0176010132, 8.53618717194, 31.5537433624, 19.6233692169, 5.65394878387, 7.53615617752, 5.65941810608, 4.83051919937, 4.80481243134, 3.02247214317, 2.91465902328, 1.80740177631, 1.84846842289]
    dmean2: [62.2724113464, 14.407371521, 53.3680114746, 33.581615448, 10.0957517624, 13.2819862366, 8.98247528076, 7.35266542435, 7.066842556, 4.12534379959, 4.26594877243, 3.26808524132, 3.01511406898]
    dvar: [5780.02294922, 117.937042236, 249.470397949, 103.22277832, 15.6300811768, 43.5569114685, 38.6089630127, 41.4667701721, 37.1221199036, 30.951335907, 12.5334501266, 3.38544559479, 5.79971551895]
    dvar2: [14455.8544922, 240.318084717, 699.61541748, 269.166687012, 36.8610115051, 95.9904632568, 54.1712226868, 46.2401275635, 35.9473800659, 29.6266613007, 11.6826267242, 4.98776245117, 10.571557045]
    kurt: [23.3633480072, 12.8332052231, -1.41631364822, -1.03867971897, 0.205423116684, 4.33531188965, 12.1440620422, 14.0006523132, 15.6282100677, 17.8373222351, 20.1384468079, 11.4035711288, 6.86021900177]
    max: [-663.736083984, 180.047561646, 108.106811523, 44.3323249817, -1.18954467773, -7.01972198486, -8.44724273682, -7.07963562012, -2.3298034668, 2.98327636719, 5.85787582397, 5.43534851074, 16.8478393555]
    mean: [-988.493469238, 153.755905151, 71.9298248291, 20.6945819855, -11.7897844315, -38.1131973267, -53.9150886536, -59.2913856506, -56.0911941528, -43.7404441833, -25.7486972809, -5.12562513351, 14.4796504974]
    median: [-993.920715332, 155.049499512, 68.5344543457, 18.9425697327, -10.616104126, -38.2553215027, -55.4995193481, -60.8908462524, -57.8181686401, -45.3909225464, -26.2753505707, -4.8436126709, 15.5654945374]
    min: [-1046.74560547, 108.008460999, 42.1924781799, 1.25774002075, -22.6406822205, -50.3973350525, -63.253868103, -68.3756866455, -64.5341720581, -49.7378768921, -30.9189968109, -9.85301971436, 1.22864532471]
    skew: [4.65773630142, -2.14851713181, 0.126206934452, 0.391075462103, -0.619285464287, 1.58637177944, 3.29929685593, 3.70107460022, 3.88665986061, 4.1965880394, 4.28483724594, 2.16979598999, -2.7793571949]
    var: [3117.11108398, 83.3785552979, 433.500335693, 178.151367188, 22.6343212128, 66.5082397461, 88.279083252, 110.547927856, 108.101699829, 75.7265090942, 31.7878856659, 4.54651641846, 12.5335121155]

SpecContrastCoeff:
    dmean: [0.0609825886786, 0.0344893485308, 0.0151662705466, 0.00787730142474, 0.00534788705409, 0.0082469759509]
    dmean2: [0.107897005975, 0.0355297364295, 0.0251216217875, 0.0137433940545, 0.00862838607281, 0.0149580920115]
    dvar: [0.00296690384857, 0.00967308785766, 0.000306192232529, 8.44643946039e-05, 7.5000236393e-05, 0.000227046999498]
    dvar2: [0.0057383319363, 0.00443124072626, 0.000708844745532, 0.000168568018125, 0.000150445994223, 0.000606223999057]
    kurt: [5.28678798676, 27.7017021179, 7.12306118011, 7.33054733276, 11.6880779266, 10.8831357956]
    max: [-0.60894882679, -0.071929551661, -0.855142354965, -0.897192180157, -0.903473377228, -0.892021775246]
    mean: [-0.731795668602, -0.11659733206, -0.936921954155, -0.950915515423, -0.953093886375, -0.952216863632]
    median: [-0.753482580185, -0.0893260613084, -0.945935964584, -0.957049489021, -0.956597745419, -0.957182347775]
    min: [-0.989629566669, -0.943351566792, -0.949282407761, -0.957365632057, -0.957780659199, -0.958577394485]
    skew: [-0.948327839375, -5.19782304764, 2.70699214935, 2.54518175125, 3.30791687965, 3.28941750526]
    var: [0.00375969731249, 0.0185072664171, 0.000446371705038, 0.000141306984005, 0.000101091543911, 0.000168124955962]

SpecPeakAmp:
    dmean: [0.0132985385135, 0.286852002144, 0.286252051592, 0.0255722422153, 0.000255645747529]
    dmean2: [0.0204174108803, 0.586848735809, 0.574516773224, 0.0489257201552, 0.000365459942259]
    dvar: [0.00360615248792, 0.056719943881, 0.0566154681146, 0.010506269522, 5.92955757384e-07]
    dvar2: [0.00925970450044, 0.0933115780354, 0.101011827588, 0.0309365801513, 1.31166336814e-06]
    kurt: [40.0205917358, -1.94998157024, -1.98200929165, 33.6776008606, 18.2434387207]
    max: [0.289042532444, 0.485515892506, 0.485517054796, 0.485464245081, 0.00341698830016]
    mean: [0.00677932100371, 0.216070070863, 0.226756334305, 0.0142122656107, 0.000220762711251]
    median: [0.000384827377275, 0.000825384922791, 0.00391373876482, 0.000226701449719, 7.28651648387e-05]
    min: [0.000103320890048, 9.11758033908e-05, 5.28707787453e-05, 3.77762444259e-05, 2.32313686865e-05]
    skew: [6.48224067688, 0.223586291075, 0.133636310697, 5.83807420731, 4.45229434967]
    var: [0.00181078410242, 0.0580305941403, 0.0583948940039, 0.00548103265464, 3.9226782178e-07]
