
metadata:
    version:
        essentia: "2.1-beta3"

Flux:
    dmean: 0.0159353017807
    dmean2: 0
    dvar: 0
    dvar2: 0
    kurt: -1.99999988079
    max: 0.296735882759
    mean: 0.288768231869
    median: 0.288768231869
    min: 0.280800580978
    skew: 0
    var: 6.34834577795e-05

Rms:
    dmean: 0
    dmean2: 0
    dvar: 0
    dvar2: 0
    kurt: 0
    max: 0.10191103816
    mean: 0.10191103816
    median: 0.10191103816
    min: 0.10191103816
    skew: 0
    var: 0

RollOff:
    dmean: 107.666015625
    dmean2: 0
    dvar: 0
    dvar2: 0
    kurt: -2
    max: 602.9296875
    mean: 549.096679688
    median: 549.096679688
    min: 495.263671875
    skew: 0
    var: 2897.99267578

SpecCent:
    dmean: 443.267578125
    dmean2: 0
    dvar: 0
    dvar2: 0
    kurt: -2
    max: 865.726135254
    mean: 644.092346191
    median: 644.092346191
    min: 422.458557129
    skew: 0
    var: 49121.5351562

Zcr:
    dmean: 0.00048828125
    dmean2: 0
    dvar: 0
    dvar2: 0
    kurt: -2
    max: 0.005859375
    mean: 0.005615234375
    median: 0.005615234375
    min: 0.00537109375
    skew: 0
    var: 5.96046447754e-08

HarmonicAmpFreq:
    dmean: [62.4064331055]
    dmean2: [0]
    dvar: [0]
    dvar2: [0]
    kurt: [-2]
    max: [505.844451904]
    mean: [474.641235352]
    median: [474.641235352]
    min: [443.438018799]
    skew: [0]
    var: [973.64074707]

HarmonicAmpMag:
    dmean: [0.0982799679041]
    dmean2: [0]
    dvar: [0]
    dvar2: [0]
    kurt: [-2]
    max: [0.106277450919]
    mean: [0.0571374669671]
    median: [0.0571374669671]
    min: [0.00799748487771]
    skew: [0]
    var: [0.00241473806091]

MfccCoeff:
    dmean: [416.021850586, 6.31430053711, 26.0651454926, 36.998966217, 42.6726112366, 38.0545120239, 18.5930595398, 0.794107437134, 17.3869476318, 18.4800987244, 13.0347232819, 4.46612930298, 1.8998336792]
    dmean2: [0, 0, 0, 0, 0, 0, 0, 0, 0, 0, 0, 0, 0]
    dvar: [0, 0, 0, 0, 0, 0, 0, 0, 0, 0, 0, 0, 0]
    dvar2: [0, 0, 0, 0, 0, 0, 0, 0, 0, 0, 0, 0, 0]
    kurt: [-2, -2, -2, -2, -2, -2, -1.99999988079, -2, -1.99999988079, -1.99999988079, -2, -1.99999988079, -2]
    max: [-594.029785156, 133.917877197, 35.332157135, -2.67004776001, -24.5938682556, -28.1154727936, -31.562084198, -24.7034988403, -1.9789276123, 8.60900306702, 9.78346633911, 6.916015625, 4.03311920166]
    mean: [-802.040710449, 130.760726929, 22.2995834351, -21.1695308685, -45.9301757812, -47.1427268982, -40.8586120605, -25.1005516052, -10.6724014282, -0.631046295166, 3.26610469818, 4.68295097351, 3.08320236206]
    median: [-802.040710449, 130.760726929, 22.2995834351, -21.1695308685, -45.9301757812, -47.1427268982, -40.8586120605, -25.1005516052, -10.6724014282, -0.631046295166, 3.26610469818, 4.68295097351, 3.08320236206]
    min: [-1010.05163574, 127.60357666, 9.26701164246, -39.6690139771, -67.2664794922, -66.1699829102, -50.1551437378, -25.4976062775, -19.3658752441, -9.87109565735, -3.25125694275, 2.44988632202, 2.13328552246]
    skew: [0, 0, 1.65440113165e-07, 0, 2.51352048508e-07, -1.41765852391e-07, -6.07725553436e-07, -7.20108027963e-06, 0, 0, 0, 0, 0]
    var: [43268.546875, 9.96759796143, 169.847961426, 342.230865479, 455.237915039, 362.036437988, 86.4254608154, 0.157651662827, 75.5764846802, 85.3785095215, 42.4760017395, 4.98657751083, 0.902342021465]

SpecContrastCoeff:
    dmean: [0.164191067219, 0.182477235794, 0.180898010731, 0.00512182712555, 0.0287684798241, 0.0247318148613]
    dmean2: [0, 0, 0, 0, 0, 0]
    dvar: [0, 0, 0, 0, 0, 0]
    dvar2: [0, 0, 0, 0, 0, 0]
    kurt: [-2, -2, -1.99999988079, -1.99999988079, -2, -1.99999988079]
    max: [-0.597119688988, -0.593764543533, -0.728372573853, -0.926843285561, -0.929266393185, -0.935328841209]
    mean: [-0.679215192795, -0.68500316143, -0.818821549416, -0.929404199123, -0.943650603294, -0.947694778442]
    median: [-0.679215192795, -0.68500316143, -0.818821549416, -0.929404199123, -0.943650603294, -0.947694778442]
    min: [-0.761310756207, -0.776241779327, -0.909270584583, -0.931965112686, -0.958034873009, -0.960060656071]
    skew: [-1.10461473923e-06, 0, -1.0226149243e-06, 0, -6.22639981884e-06, 7.21462083675e-06]
    var: [0.00673967693001, 0.00832448527217, 0.00818102248013, 6.5582780735e-06, 0.000206906363019, 0.000152915657964]

SpecPeakAmp:
    dmean: [0.106252960861, 0.0305608157068, 0.0158993527293, 0.00401177164167, 0.0091998251155]
    dmean2: [0, 0, 0, 0, 0]
    dvar: [0, 0, 0, 0, 0]
    dvar2: [0, 0, 0, 0, 0]
    kurt: [-2, -2, -1.99999988079, -2.00000023842, -2]
    max: [0.106277450919, 0.0306535195559, 0.0161032676697, 0.0120092565194, 0.0100944917649]
    mean: [0.0531509704888, 0.0153731117025, 0.00815359130502, 0.0100033711642, 0.00549457920715]
    median: [0.0531509704888, 0.0153731117025, 0.00815359130502, 0.0100033711642, 0.00549457920715]
    min: [2.44925067818e-05, 9.27040091483e-05, 0.000203914154554, 0.00799748487771, 0.000894666940439]
    skew: [9.70481082163e-08, 0, -1.69716102505e-07, -7.15310989108e-07, 1.82507832847e-07]
    var: [0.0028224226553, 0.000233490864048, 6.31973598502e-05, 4.0235781853e-06, 2.11591941479e-05]
