
metadata:
    version:
        essentia: "2.1-beta3"

Flux:
    dmean: 5.53473546461e-06
    dmean2: 8.35554601508e-06
    dvar: 3.1620270291e-10
    dvar2: 6.90813239945e-10
    kurt: 14.2752532959
    max: 9.57274532993e-05
    mean: 6.48898321742e-06
    median: 2.09903600989e-06
    min: 5.84028498452e-07
    skew: 3.89000868797
    var: 3.22458781898e-10

Rms:
    dmean: 1.41381701724e-06
    dmean2: 1.41938130582e-06
    dvar: 2.47657606228e-11
    dvar2: 1.85536724873e-11
    kurt: 19.4340400696
    max: 7.74159489083e-05
    mean: 7.58967216825e-05
    median: 7.72663770476e-05
    min: 4.48708597105e-05
    skew: -4.48813772202
    var: 3.30063407161e-11

RollOff:
    dmean: 1.00154435635
    dmean2: 1.025390625
    dvar: 20.5633563995
    dvar2: 21.0285148621
    kurt: 17.0477027893
    max: 689.0625
    mean: 668.508056641
    median: 667.529296875
    min: 667.529296875
    skew: 4.36437177658
    var: 20.118303299

SpecCent:
    dmean: 4.79418516159
    dmean2: 6.5245013237
    dvar: 64.5509033203
    dvar2: 60.0645980835
    kurt: 12.9801702499
    max: 976.235839844
    mean: 931.073425293
    median: 928.577148438
    min: 926.037902832
    skew: 3.70479607582
    var: 98.3549118042

Zcr:
    dmean: 0.000885719491635
    dmean2: 0.00106956844684
    dvar: 8.73006410984e-06
    dvar2: 7.81374637882e-06
    kurt: 17.6423511505
    max: 0.0302734375
    mean: 0.0291969999671
    median: 0.02978515625
    min: 0.013671875
    skew: -4.38926124573
    var: 9.57553402259e-06

HarmonicAmpFreq:
    dmean: [2.79824757576]
    dmean2: [2.8648724556]
    dvar: [321.789733887]
    dvar2: [329.260192871]
    kurt: [39.0137863159]
    max: [660.391235352]
    mean: [656.436584473]
    median: [659.112915039]
    min: [540.066589355]
    skew: [-6.4038066864]
    var: [314.965118408]

HarmonicAmpMag:
    dmean: [1.45461422107e-06]
    dmean2: [1.48924789301e-06]
    dvar: [8.71780980738e-11]
    dvar2: [8.92021873033e-11]
    kurt: [39.0157394409]
    max: [6.19620695943e-05]
    mean: [1.42155477079e-06]
    median: [0]
    min: [0]
    skew: [6.40404415131]
    var: [8.52437703758e-11]

MfccCoeff:
    dmean: [0.0813556015491, 0.0864747539163, 0.0151643976569, 0.0633388757706, 0.109806507826, 0.101520627737, 0.0433338955045, 0.0354781039059, 0.0951239988208, 0.106597192585, 0.0654449462891, 0.00743830483407, 0.0736412256956]
    dmean2: [0.0838012695312, 0.089043751359, 0.0155843095854, 0.0653156116605, 0.113128297031, 0.104510717094, 0.044537499547, 0.0367678701878, 0.0981158316135, 0.109767735004, 0.0672700032592, 0.00814219843596, 0.0761535316706]
    dvar: [0.133448839188, 0.150672912598, 0.00454280292615, 0.0814499557018, 0.243676781654, 0.207309365273, 0.0371271967888, 0.0263591334224, 0.183979392052, 0.229002177715, 0.084913700819, 0.00191134004854, 0.111948132515]
    dvar2: [0.134468466043, 0.151808813214, 0.00456866296008, 0.0821303427219, 0.245591387153, 0.208835691214, 0.0373398065567, 0.0266511049122, 0.185540229082, 0.23073451221, 0.0854222550988, 0.00198216293938, 0.11305360496]
    kurt: [19.6141319275, 19.4932308197, 17.9856548309, 20.2362613678, 19.7746963501, 19.3303127289, 18.0636577606, 22.9775333405, 20.3736782074, 19.5080356598, 18.2399921417, 38.9930152893, 21.7645702362]
    max: [-1136.3972168, 2.14362716675, 0.354644775391, 8.01086425781e-05, -6.103515625e-05, 2.28881835938e-05, -2.67028808594e-05, 0.954566955566, 2.41539382935, 2.64360046387, 1.54956436157, -3.0517578125e-05, -3.81469726562e-05]
    mean: [-1136.47753906, 2.05797791481, 0.339562863111, -1.54000854492, -2.63571310043, -2.40349340439, -0.974387407303, 0.91942769289, 2.32150912285, 2.53803491592, 1.4845161438, -0.282354861498, -1.85932147503]
    median: [-1136.39916992, 2.1415977478, 0.354278564453, -1.60120773315, -2.74178314209, -2.50174713135, -1.01639938354, 0.953453063965, 2.41342163086, 2.64112091064, 1.5479888916, -0.288681030273, -1.93012237549]
    min: [-1138.42004395, 1.14440917969e-05, -6.103515625e-05, -1.60255050659, -2.74433898926, -2.50409698486, -1.01746749878, -5.34057617188e-05, -4.57763671875e-05, -2.28881835938e-05, -2.67028808594e-05, -0.293144226074, -1.93210601807]
    skew: [-4.58158969879, -4.57057380676, -4.44278478622, 4.63398361206, 4.59455680847, 4.55670690536, 4.44936943054, -4.87063360214, -4.64574050903, -4.57183122635, -4.46426820755, 6.40128850937, 4.76536941528]
    var: [0.132613524795, 0.149742737412, 0.00452135130763, 0.0808980539441, 0.242111384869, 0.206051692367, 0.0369488634169, 0.026126652956, 0.182716026902, 0.227579653263, 0.0844888016582, 0.00185432063881, 0.111063368618]

SpecContrastCoeff:
    dmean: [0.0285487063229, 0.0223052091897, 0.0222084019333, 0.0119964573532, 0.0152354445308, 0.0156213352457]
    dmean2: [0.0436594299972, 0.0338369160891, 0.0333620607853, 0.0195134002715, 0.023519968614, 0.0245884750038]
    dvar: [0.00178094801959, 0.00138182856608, 0.00130824255757, 0.000211268474231, 0.000315542012686, 0.000335736229317]
    dvar2: [0.00248353881761, 0.00167481496464, 0.001344295335, 0.000287415110506, 0.000324070744682, 0.000395079230657]
    kurt: [13.4510364532, 17.144739151, 16.5956192017, 17.7025127411, 12.2741851807, 9.18838596344]
    max: [-0.660991966724, -0.57407283783, -0.590136110783, -0.852456986904, -0.843247890472, -0.821657717228]
    mean: [-0.709672987461, -0.617561757565, -0.63037198782, -0.875931799412, -0.864239275455, -0.853746950626]
    median: [-0.704254627228, -0.612481355667, -0.625514566898, -0.873334169388, -0.860246777534, -0.852818548679]
    min: [-0.911189138889, -0.82362651825, -0.841047942638, -0.964944720268, -0.960537791252, -0.941726028919]
    skew: [-3.56158685684, -4.0797328949, -4.00867891312, -3.55934143066, -3.40032529831, -2.74089622498]
    var: [0.00178481533658, 0.00154730933718, 0.00165629712865, 0.000265088892775, 0.000422926881583, 0.000448929873528]

SpecPeakAmp:
    dmean: [1.54405157105e-07, 8.55444994841e-08, 9.44361033817e-08, 1.60419472195e-06, 2.13621504486e-07]
    dmean2: [2.00801707706e-07, 1.18623489698e-07, 1.39055018167e-07, 1.77808226454e-06, 3.41262591519e-07]
    dvar: [1.82533052258e-13, 3.30765891564e-14, 4.91257696415e-14, 8.66210853046e-11, 6.49363646622e-14]
    dvar2: [1.81185334748e-13, 3.45087185823e-14, 5.70201234861e-14, 8.91202805997e-11, 6.17435451183e-14]
    kurt: [21.3199596405, 25.396818161, 29.1175460815, 39.0021400452, 23.3885784149]
    max: [8.47524734127e-06, 1.43191630286e-06, 1.46365596265e-06, 6.19620695943e-05, 2.05571768674e-06]
    mean: [8.2909809862e-06, 2.73051483646e-07, 1.31725357733e-07, 1.59622038609e-06, 2.66907250079e-07]
    median: [8.38270170789e-06, 2.39440424821e-07, 7.64544907383e-08, 1.02422291093e-07, 2.39099790633e-07]
    min: [5.89909041082e-06, 1.50173121938e-07, 3.00247435803e-08, 4.76309338637e-08, 6.46065245746e-08]
    skew: [-4.6872177124, 4.97149610519, 5.29840993881, 6.40240907669, 4.4609541893]
    var: [1.85201734591e-13, 3.85543749433e-14, 4.72847909644e-14, 8.47663467196e-11, 9.40664850158e-14]
