
metadata:
    version:
        essentia: "2.1-beta3"

Flux:
    dmean: 0.000124767902889
    dmean2: 0.000166332887602
    dvar: 1.66978324501e-07
    dvar2: 3.30981208663e-07
    kurt: 9.52094459534
    max: 0.00236445711926
    mean: 0.000164034790942
    median: 7.14901807441e-06
    min: 4.39556333731e-06
    skew: 3.28773450851
    var: 2.69972332489e-07

Rms:
    dmean: 5.17025364388e-05
    dmean2: 4.13894958911e-05
    dvar: 3.01660030289e-08
    dvar2: 1.31861579433e-08
    kurt: 20.8231086731
    max: 0.00171675882302
    mean: 0.00165264611132
    median: 0.00171293143649
    min: 0.000310249713948
    skew: -4.52981042862
    var: 5.68323628158e-08

RollOff:
    dmean: 4.89390993118
    dmean2: 4.50694942474
    dvar: 671.567932129
    dvar2: 529.632141113
    kurt: 38.0067481995
    max: 861.328125
    mean: 672.79296875
    median: 667.529296875
    min: 667.529296875
    skew: 6.25828123093
    var: 827.523620605

SpecCent:
    dmean: 5.35574483871
    dmean2: 7.22052717209
    dvar: 292.511077881
    dvar2: 251.936187744
    kurt: 38.8504333496
    max: 787.35925293
    mean: 663.003967285
    median: 660.309326172
    min: 657.566833496
    skew: 6.34627962112
    var: 356.356567383

Zcr:
    dmean: 0.00123180041555
    dmean2: 0.00115824851673
    dvar: 1.35626432893e-05
    dvar2: 9.65898016148e-06
    kurt: 17.9788818359
    max: 0.0302734375
    mean: 0.0286349821836
    median: 0.02978515625
    min: 0.0009765625
    skew: -4.24724531174
    var: 2.61005370703e-05

HarmonicAmpFreq:
    dmean: [1.89159882069]
    dmean2: [1.93699038029]
    dvar: [153.632537842]
    dvar2: [157.347946167]
    kurt: [40.0231246948]
    max: [659.752868652]
    mean: [657.847290039]
    median: [659.692626953]
    min: [576.582763672]
    skew: [-6.48254013062]
    var: [150.088470459]

HarmonicAmpMag:
    dmean: [6.21493672952e-05]
    dmean2: [9.54220668063e-05]
    dvar: [8.1113491035e-08]
    dvar2: [2.08357107567e-07]
    kurt: [40.0224189758]
    max: [0.00136857666075]
    mean: [3.04701770801e-05]
    median: [0]
    min: [0]
    skew: [6.48245716095]
    var: [4.06939868469e-08]

MfccCoeff:
    dmean: [1.63023519516, 1.86283183098, 0.771098732948, 0.404932200909, 1.10810673237, 1.09795153141, 0.542944550514, 0.149403318763, 0.577683448792, 0.726564645767, 0.529065728188, 0.163810387254, 0.389901340008]
    dmean2: [2.22954893112, 2.56483078003, 1.11942100525, 0.425771325827, 1.33892071247, 1.329236269, 0.651429533958, 0.147219985723, 0.580539345741, 0.660474956036, 0.412550270557, 0.241355895996, 0.327269345522]
    dvar: [53.4568595886, 69.3878860474, 11.6664161682, 4.85598993301, 27.8768138885, 26.5069885254, 6.11061143875, 0.834295034409, 9.68043231964, 11.422750473, 4.36427307129, 0.389428526163, 3.20948386192]
    dvar2: [114.507301331, 150.886245728, 28.0933380127, 5.29069662094, 43.8104324341, 42.0572357178, 9.54743003845, 0.786878347397, 9.47451210022, 8.48692321777, 2.25785589218, 0.856920659542, 1.90500795841]
    kurt: [19.7730846405, 20.708738327, 33.4985809326, 36.9362068176, 28.9330291748, 27.6580181122, 25.6436309814, 39.8255081177, 36.4507751465, 33.2685775757, 26.3359909058, 15.0240726471, 34.2591514587]
    max: [-1095.20251465, 48.7928581238, 18.3232116699, 8.01086425781e-05, -6.103515625e-05, 2.28881835938e-05, -2.67028808594e-05, 6.37516784668, 20.9798851013, 25.2104434967, 17.3119468689, 1.43063354492, -3.81469726562e-05]
    mean: [-1119.32165527, 20.5419559479, 4.31036567688, -13.7578468323, -24.9114971161, -23.8817977905, -11.4118976593, 6.22340631485, 20.4039039612, 24.4194469452, 16.6706752777, 1.27721524239, -14.1174411774]
    median: [-1119.33740234, 20.4752616882, 4.1171875, -14.1211051941, -25.407283783, -24.3655776978, -11.66796875, 6.37478637695, 20.97864151, 25.2088718414, 17.3108024597, 1.43044281006, -14.5670280457]
    min: [-1138.42004395, 1.14440917969e-05, -6.103515625e-05, -14.6085014343, -34.2173423767, -33.2064628601, -15.7870864868, -5.34057617188e-05, -4.57763671875e-05, -2.28881835938e-05, -2.67028808594e-05, -1.73760223389, -14.5678749084]
    skew: [1.56091558933, 2.10353350639, 5.51976060867, 6.15363550186, 4.88352584839, 4.70571947098, 4.56132221222, -6.45963907242, -6.10658836365, -5.77249193192, -5.06810188293, -3.99408507347, 5.86459779739]
    var: [21.4570655823, 27.6492271423, 4.86720466614, 4.46688985825, 16.5449047089, 15.5581092834, 3.68636608124, 0.882286131382, 9.88716602325, 14.7878427505, 7.71671962738, 0.362116396427, 4.87158060074]

SpecContrastCoeff:
    dmean: [0.0472026616335, 0.0331935249269, 0.0304562672973, 0.00961383525282, 0.0127311404794, 0.00735795637593]
    dmean2: [0.0842746049166, 0.0463333614171, 0.0440176688135, 0.0175250023603, 0.0231551397592, 0.0133217684925]
    dvar: [0.00109364383388, 0.00243270187639, 0.00221622455865, 4.79248265037e-05, 6.8269779149e-05, 5.94594166614e-05]
    dvar2: [0.00247217831202, 0.00161612068769, 0.00231095426716, 0.000163899894687, 0.00019385345513, 0.000143431869219]
    kurt: [1.88596057892, 18.1791973114, 18.1701660156, 0.0485372543335, -0.281212568283, 9.20635318756]
    max: [-0.770840346813, -0.489934533834, -0.498285144567, -0.921146690845, -0.912647128105, -0.906722664833]
    mean: [-0.855654418468, -0.534453988075, -0.53943914175, -0.941381514072, -0.930623471737, -0.921837508678]
    median: [-0.859678864479, -0.518996834755, -0.525457859039, -0.942271232605, -0.932014524937, -0.920267522335]
    min: [-0.980392456055, -0.985622227192, -0.933643221855, -0.952750384808, -0.954863965511, -0.962391495705]
    skew: [-0.680567026138, -4.23816251755, -4.23561668396, 0.668386936188, 0.176316559315, -2.55370974541]
    var: [0.00151304341853, 0.00697579234838, 0.00532758934423, 5.46191986359e-05, 8.55560720083e-05, 7.95255764388e-05]

SpecPeakAmp:
    dmean: [6.32884693914e-05, 1.77869003437e-06, 1.34752008307e-06, 1.25414487684e-06, 1.23965287457e-06]
    dmean2: [9.71504996414e-05, 2.84545035356e-06, 2.14330202652e-06, 1.98226439352e-06, 1.90499963537e-06]
    dvar: [8.03814899086e-08, 2.57281817378e-11, 1.18235872482e-11, 1.06286776255e-11, 9.94788886682e-12]
    dvar2: [2.06098818012e-07, 6.42195532863e-11, 2.91965826515e-11, 2.62427423542e-11, 2.4106759991e-11]
    kurt: [40.0190696716, 38.1829223633, 36.3450584412, 34.8008460999, 30.1654701233]
    max: [0.00136857666075, 2.59421922237e-05, 1.78932150448e-05, 1.67996877281e-05, 1.60838917509e-05]
    mean: [3.84236409445e-05, 1.66069469287e-06, 1.49213565237e-06, 1.50597622905e-06, 1.70901898855e-06]
    median: [8.38521373225e-06, 1.1681762544e-06, 1.2044019968e-06, 1.10089047212e-06, 1.2506021676e-06]
    min: [2.58127261077e-06, 2.40861709244e-07, 2.46433273787e-07, 1.72069121618e-07, 1.33064361307e-07]
    skew: [6.48205947876, 6.26831579208, 6.05930948257, 5.90469789505, 5.45265579224]
    var: [4.02132336319e-08, 1.36965022657e-11, 6.39423843735e-12, 5.67563053847e-12, 5.37965158531e-12]
