
metadata:
    version:
        essentia: "2.1-beta3"

Flux:
    dmean: 0.00282849394716
    dmean2: 0.00370915676467
    dvar: 8.37440093164e-05
    dvar2: 0.000164181590662
    kurt: 9.66964435577
    max: 0.0535013340414
    mean: 0.00362189835869
    median: 0.000116445691674
    min: 1.14970789582e-05
    skew: 3.30472326279
    var: 0.000136234899401

Rms:
    dmean: 0.00115770765115
    dmean2: 0.000935611140449
    dvar: 1.52062566485e-05
    dvar2: 6.81524807078e-06
    kurt: 20.8677845001
    max: 0.038428671658
    mean: 0.0370001643896
    median: 0.0383428186178
    min: 0.00701048318297
    skew: -4.53594350815
    var: 2.8342987207e-05

RollOff:
    dmean: 8.31964683533
    dmean2: 8.01235485077
    dvar: 2322.94506836
    dvar2: 2070.88134766
    kurt: 39.3706932068
    max: 1012.06054688
    mean: 676.142578125
    median: 667.529296875
    min: 667.529296875
    skew: 6.40811920166
    var: 2584.23681641

SpecCent:
    dmean: 14.8563299179
    dmean2: 16.3244667053
    dvar: 5439.19970703
    dvar2: 4603.54492188
    kurt: 39.496837616
    max: 1196.93908691
    mean: 672.246948242
    median: 659.660949707
    min: 657.081176758
    skew: 6.42293453217
    var: 6295.49658203

Zcr:
    dmean: 0.00119850854389
    dmean2: 0.00110147160012
    dvar: 1.26627855934e-05
    dvar2: 8.12944199424e-06
    kurt: 17.9927349091
    max: 0.0302734375
    mean: 0.0286241322756
    median: 0.02978515625
    min: 0.0009765625
    skew: -4.24826288223
    var: 2.6059558877e-05

HarmonicAmpFreq:
    dmean: [0.998877763748]
    dmean2: [1.37291765213]
    dvar: [18.1867084503]
    dvar2: [19.07670784]
    kurt: [39.2528839111]
    max: [689.008483887]
    mean: [661.06628418]
    median: [660.66015625]
    min: [659.692871094]
    skew: [6.38994312286]
    var: [17.9060554504]

HarmonicAmpMag:
    dmean: [0.0189989227802]
    dmean2: [0.0371757633984]
    dvar: [0.000601515115704]
    dvar2: [0.00160141650122]
    kurt: [-0.663207530975]
    max: [0.0522459857166]
    mean: [0.0390031300485]
    median: [0.0522378757596]
    min: [0]
    skew: [-1.14002299309]
    var: [0.000501609698404]

MfccCoeff:
    dmean: [13.214056015, 6.46595001221, 1.69515991211, 1.46739757061, 1.66792881489, 2.40062499046, 2.46996641159, 2.33557629585, 2.38138699532, 1.6186350584, 2.07546520233, 1.76512598991, 2.37574625015]
    dmean2: [19.8296909332, 9.54086780548, 2.86489200592, 1.81644034386, 1.53563475609, 2.99096107483, 3.95112013817, 3.97256779671, 3.55196428299, 1.78993737698, 3.02776885033, 3.23210716248, 3.59490394592]
    dvar: [2928.26586914, 474.952850342, 6.50869894028, 12.4085626602, 28.7372436523, 16.1484146118, 2.71535301208, 2.78100299835, 18.9115924835, 28.6906547546, 11.6007862091, 0.738729834557, 12.741484642]
    dvar2: [7333.58496094, 1118.703125, 16.4018783569, 8.39891910553, 14.1567840576, 7.19402885437, 3.58284568787, 5.60358858109, 21.2649745941, 31.0090560913, 11.89016819, 2.27560734749, 14.900683403]
    kurt: [37.7658004761, 25.8176498413, 23.0145893097, 23.5007019043, 25.0573043823, 20.7307014465, 15.0830612183, 13.4036808014, 19.5002365112, 18.744146347, 16.0506381989, -0.466914176941, 14.3870639801]
    max: [-852.384216309, 131.431213379, 11.923034668, -6.86515426636, -11.3693084717, -9.7652053833, -3.94825363159, 17.9932193756, 47.0281562805, 53.7248001099, 34.6844902039, 1.59460449219, -1.14427185059]
    mean: [-1091.49255371, 46.0726013184, 7.57396125793, -31.4708747864, -54.2874794006, -49.6740226746, -21.3412017822, 15.9523916245, 43.3999443054, 48.3246688843, 29.6727237701, -1.88113045692, -30.2499160767]
    median: [-1097.19909668, 43.8261833191, 7.69161987305, -31.7052993774, -54.8602294922, -50.3360404968, -21.4594802856, 16.451379776, 45.1344718933, 50.1444778442, 30.8206596375, -1.75205993652, -31.7093009949]
    min: [-1128.33068848, 10.6977348328, -8.15703964233, -45.337562561, -73.2009887695, -61.8906364441, -26.7232894897, 2.19345855713, 5.40048599243, 4.85545349121, 2.13445663452, -3.32988739014, -32.7784996033]
    skew: [6.20309257507, 4.43334245682, -4.41993665695, 3.42474126816, 4.19228553772, 4.25050449371, 3.42057228088, -3.29015207291, -4.47930669785, -4.39197444916, -4.02621889114, 0.369125366211, 3.83620786667]
    var: [1335.26489258, 205.782653809, 7.31379652023, 18.4026374817, 52.9096641541, 50.3904495239, 11.0016822815, 7.26013803482, 49.2796669006, 65.5782852173, 28.6648864746, 1.41451895237, 33.8465194702]

SpecContrastCoeff:
    dmean: [0.0285192783922, 0.0386418737471, 0.0346531905234, 0.0134600540623, 0.010424811393, 0.0113891270012]
    dmean2: [0.0540470518172, 0.0517338104546, 0.0448673702776, 0.0249272752553, 0.019425643608, 0.0216903518885]
    dvar: [0.000712640583515, 0.00415838975459, 0.00344877992757, 8.51532167871e-05, 0.000125633217976, 0.000164426717674]
    dvar2: [0.00179476675112, 0.00322225596756, 0.00215744809248, 0.000193641608348, 0.000260381581029, 0.000386118277675]
    kurt: [0.743989944458, 21.5833187103, 19.653837204, 0.908353567123, 5.33850097656, 2.65927553177]
    max: [-0.878677606583, -0.333845227957, -0.35159188509, -0.909427285194, -0.907205760479, -0.922291040421]
    mean: [-0.944775044918, -0.383769512177, -0.393921792507, -0.945535778999, -0.954349935055, -0.956503748894]
    median: [-0.959801018238, -0.366138011217, -0.374649167061, -0.950813353062, -0.959784805775, -0.962177097797]
    min: [-0.968210041523, -0.95980656147, -0.927394092083, -0.954542219639, -0.961080253124, -0.963862657547]
    skew: [1.38313782215, -4.58630275726, -4.40624666214, 1.23165476322, 2.30896663666, 1.99406719208]
    var: [0.000638811208773, 0.0102804116905, 0.00931659992784, 0.000117057497846, 0.00012753806368, 0.000133147928864]

SpecPeakAmp:
    dmean: [4.76452769362e-05, 0.00142341002356, 0.0166177097708, 0.0261112581939, 0.0237408708781]
    dmean2: [7.62728741392e-05, 0.00218469765969, 0.0339863561094, 0.0534299351275, 0.0485747866333]
    dvar: [2.19552998004e-08, 4.20470714744e-05, 0.000590605020989, 0.000680612807628, 0.000675011659041]
    dvar2: [5.81355514839e-08, 0.000107957610453, 0.00137811759487, 0.00183452200145, 0.00144267955329]
    kurt: [39.094417572, 40.022518158, 0.841201066971, -1.13221311569, -0.886366128922]
    max: [0.000762059295084, 0.031162340194, 0.0522459857166, 0.0522441230714, 0.0522444471717]
    mean: [4.53986649518e-05, 0.000717034272384, 0.00931770633906, 0.0151212112978, 0.013959239237]
    median: [2.99914154311e-05, 2.7502195735e-05, 3.39033613272e-05, 4.39370742242e-05, 4.21140648541e-05]
    min: [9.3265389296e-06, 5.61527258469e-06, 1.05202980194e-05, 7.82771439845e-06, 6.28512543699e-06]
    skew: [6.37252807617, 6.48246955872, 1.6855815649, 0.931547820568, 1.05528593063]
    var: [1.18010188288e-08, 2.10663383768e-05, 0.000398403353756, 0.000559712352697, 0.00053283298621]
