
metadata:
    version:
        essentia: "2.1-beta3"

Flux:
    dmean: 0.0252878349274
    dmean2: 0.0338849723339
    dvar: 0.00676797796041
    dvar2: 0.0131226181984
    kurt: 9.30010795593
    max: 0.486957192421
    mean: 0.0332855209708
    median: 0.00103428447619
    min: 5.81298809266e-05
    skew: 3.25598287582
    var: 0.0114310691133

Rms:
    dmean: 0.0106021305546
    dmean2: 0.00849373266101
    dvar: 0.00126792874653
    dvar2: 0.000551890756469
    kurt: 20.9904499054
    max: 0.354115366936
    mean: 0.340971648693
    median: 0.353317201138
    min: 0.0644587427378
    skew: -4.54485416412
    var: 0.00239903526381

RollOff:
    dmean: 8.31964683533
    dmean2: 8.01235485077
    dvar: 2322.94506836
    dvar2: 2070.88134766
    kurt: 39.3706932068
    max: 1012.06054688
    mean: 676.142578125
    median: 667.529296875
    min: 667.529296875
    skew: 6.40811920166
    var: 2584.23681641

SpecCent:
    dmean: 13.1188964844
    dmean2: 14.4072580338
    dvar: 3868.05688477
    dvar2: 3173.83984375
    kurt: 39.2347831726
    max: 1121.48657227
    mean: 670.600708008
    median: 659.623901367
    min: 655.940063477
    skew: 6.39408969879
    var: 4663.38525391

Zcr:
    dmean: 0.00120960583445
    dmean2: 0.00113553775009
    dvar: 1.33025514515e-05
    dvar2: 9.05681008589e-06
    kurt: 17.6412830353
    max: 0.0302734375
    mean: 0.0286349821836
    median: 0.02978515625
    min: 0.00146484375
    skew: -4.21653175354
    var: 2.55071408901e-05

HarmonicAmpFreq:
    dmean: [0.716523587704]
    dmean2: [0.99411791563]
    dvar: [8.99674892426]
    dvar2: [9.68061733246]
    kurt: [38.8099746704]
    max: [680.395935059]
    mean: [660.939208984]
    median: [660.66027832]
    min: [659.692504883]
    skew: [6.33501052856]
    var: [8.728099823]

HarmonicAmpMag:
    dmean: [0.13132019341]
    dmean2: [0.252900332212]
    dvar: [0.0433924756944]
    dvar2: [0.120357744396]
    kurt: [0.660576105118]
    max: [0.481445491314]
    mean: [0.391377210617]
    median: [0.481356799603]
    min: [0]
    skew: [-1.61291992664]
    var: [0.0339697301388]

MfccCoeff:
    dmean: [28.3129653931, 18.0845355988, 35.5853919983, 11.8054924011, 7.21877241135, 5.77666521072, 3.10171055794, 2.21603894234, 2.80783677101, 2.93183898926, 2.67402911186, 1.05862414837, 1.65845835209]
    dmean2: [44.9813995361, 32.2494010925, 66.7734680176, 21.750629425, 10.3346252441, 10.1136026382, 5.46853923798, 3.04959082603, 3.77655386925, 3.92195916176, 3.69304680824, 1.66657328606, 2.4652838707]
    dvar: [7059.69335938, 174.170837402, 353.052947998, 47.690372467, 45.0519180298, 37.8749732971, 5.83112764359, 3.94378447533, 26.9572677612, 36.7404594421, 15.8799161911, 1.97574424744, 11.2186012268]
    dvar2: [17675.2011719, 290.709197998, 1089.26184082, 127.98374939, 80.6547775269, 67.4664154053, 12.1128740311, 5.71832847595, 30.3466567993, 39.8872032166, 15.4403982162, 3.74140286446, 13.49269104]
    kurt: [34.5369758606, 7.36633586884, -1.31811523438, 0.240932703018, 7.43912029266, 7.52419662476, 1.67436933517, 15.2938480377, 17.8120326996, 18.7987480164, 18.9209518433, 8.25656700134, 12.000248909]
    max: [-609.228515625, 208.710662842, 45.6691322327, -28.5276565552, -30.6181755066, -24.8541221619, -12.4985237122, 19.5363712311, 48.0322761536, 53.4046707153, 32.6456718445, 0.0947494506836, -6.09532546997]
    mean: [-986.25579834, 134.888244629, 14.3111352921, -52.868473053, -70.4350891113, -57.6355247498, -22.0768795013, 17.0081615448, 43.0840644836, 47.111164093, 27.8193569183, -3.14284491539, -30.2740821838]
    median: [-994.889282227, 139.254547119, 16.4351501465, -52.8858413696, -71.4043579102, -57.9043235779, -22.3960418701, 17.9655246735, 44.9496955872, 49.2661209106, 29.338924408, -3.0735168457, -31.5337333679]
    min: [-1031.52624512, 95.7564468384, -22.4849281311, -69.753364563, -88.5198059082, -69.3159484863, -27.8155975342, -2.20209503174, 0.901107788086, -1.65426635742, -6.01864433289, -8.63591003418, -33.442150116]
    skew: [5.87864494324, 1.41944253445, -0.111657328904, 0.218442454934, 2.24136900902, 2.31941652298, 0.72502964735, -3.58767175674, -4.1846575737, -4.31380414963, -4.24315881729, -1.53612732887, 3.59299659729]
    var: [3462.37158203, 268.700195312, 484.851074219, 78.8355026245, 82.9354171753, 62.2707099915, 9.2874994278, 13.1460981369, 61.5908432007, 79.7953186035, 37.7541885376, 1.48867869377, 27.8910217285]

SpecContrastCoeff:
    dmean: [0.042474810034, 0.0411398783326, 0.0379182845354, 0.0144823249429, 0.0101289236918, 0.00620143255219]
    dmean2: [0.0788427591324, 0.0497010536492, 0.0448038652539, 0.0259952377528, 0.017733970657, 0.0101085873321]
    dvar: [0.00143639440648, 0.00701627135277, 0.00608308892697, 0.000101117329905, 0.000123410965898, 0.000105886087113]
    dvar2: [0.00320596015081, 0.00294787529856, 0.00379000976682, 0.000219010704313, 0.000238603548496, 0.000243967224378]
    kurt: [2.1270775795, 23.1402702332, 22.5553779602, 0.715174913406, 3.93512916565, 5.58483886719]
    max: [-0.833072543144, -0.168368428946, -0.182911738753, -0.893020033836, -0.898484766483, -0.916128993034]
    mean: [-0.958216547966, -0.219960570335, -0.231460437179, -0.932781279087, -0.945961415768, -0.953726530075]
    median: [-0.976306080818, -0.195338502526, -0.207341402769, -0.939249813557, -0.952374398708, -0.957495570183]
    min: [-0.984957277775, -0.951499164104, -0.907790005207, -0.944268882275, -0.952851355076, -0.959401011467]
    skew: [1.74297070503, -4.73281860352, -4.68817424774, 1.27879047394, 2.11175608635, 2.57197904587]
    var: [0.00138409587089, 0.0158604141325, 0.0137793933973, 0.000187276717043, 0.000151764543261, 0.000102980775409]

SpecPeakAmp:
    dmean: [0.000437501526903, 0.0223049651831, 0.175023257732, 0.240807726979, 0.131536349654]
    dmean2: [0.000683452119119, 0.0454195439816, 0.34228309989, 0.492634564638, 0.268977731466]
    dvar: [1.99121132027e-06, 0.0100280977786, 0.0509726032615, 0.0577180013061, 0.0458204001188]
    dvar2: [5.03299543197e-06, 0.0302438959479, 0.131510406733, 0.112548209727, 0.110651649535]
    kurt: [37.1853981018, 40.003364563, -0.745779514313, -1.63576996326, 0.841115236282]
    max: [0.00726092606783, 0.481425315142, 0.481439709663, 0.481438577175, 0.481445491314]
    mean: [0.00038221833529, 0.011121285148, 0.124189198017, 0.171502664685, 0.0859623849392]
    median: [0.000208316239878, 0.000254644459346, 0.000363105122233, 0.000407717481721, 0.000370596768335]
    min: [2.47643383773e-05, 6.05305831414e-05, 8.88347349246e-05, 6.59985089442e-05, 5.2912368119e-05]
    skew: [6.17093706131, 6.48021936417, 1.10344600677, 0.603479385376, 1.68552923203]
    var: [1.11296287741e-06, 0.00502808624879, 0.0429878011346, 0.0529758669436, 0.0338076129556]
