
metadata:
    version:
        essentia: "2.1-beta3"

Flux:
    dmean: 0.0142056047916
    dmean2: 0
    dvar: 0
    dvar2: 0
    kurt: -2
    max: 0.295566856861
    mean: 0.288464069366
    median: 0.288464069366
    min: 0.281361252069
    skew: -6.2659669311e-06
    var: 5.04498020746e-05

Rms:
    dmean: 0
    dmean2: 0
    dvar: 0
    dvar2: 0
    kurt: 0
    max: 0.101567283273
    mean: 0.101567283273
    median: 0.101567283273
    min: 0.101567283273
    skew: 0
    var: 0

RollOff:
    dmean: 236.865234375
    dmean2: 0
    dvar: 0
    dvar2: 0
    kurt: -2
    max: 1184.32617188
    mean: 1065.89355469
    median: 1065.89355469
    min: 947.4609375
    skew: 0
    var: 14026.2851562

SpecCent:
    dmean: 273.257324219
    dmean2: 0
    dvar: 0
    dvar2: 0
    kurt: -2
    max: 1119.49267578
    mean: 982.864013672
    median: 982.864013672
    min: 846.235351562
    skew: 0
    var: 18667.390625

Zcr:
    dmean: 0
    dmean2: 0
    dvar: 0
    dvar2: 0
    kurt: 0
    max: 0.01171875
    mean: 0.01171875
    median: 0.01171875
    min: 0.01171875
    skew: 0
    var: 0

HarmonicAmpFreq:
    dmean: [25.5831298828]
    dmean2: [0]
    dvar: [0]
    dvar2: [0]
    kurt: [-1.99999988079]
    max: [860.567260742]
    mean: [847.775695801]
    median: [847.775695801]
    min: [834.984130859]
    skew: [0]
    var: [163.624130249]

HarmonicAmpMag:
    dmean: [0.086329460144]
    dmean2: [0]
    dvar: [0]
    dvar2: [0]
    kurt: [-2]
    max: [0.086329460144]
    mean: [0.043164730072]
    median: [0.043164730072]
    min: [0]
    skew: [0]
    var: [0.00186319393106]

MfccCoeff:
    dmean: [405.219726562, 2.99241638184, 15.3724060059, 63.222076416, 9.26914215088, 36.5511131287, 38.950630188, 5.52973365784, 17.0434265137, 16.9376754761, 0.474348068237, 10.6346321106, 7.26932525635]
    dmean2: [0, 0, 0, 0, 0, 0, 0, 0, 0, 0, 0, 0, 0]
    dvar: [0, 0, 0, 0, 0, 0, 0, 0, 0, 0, 0, 0, 0]
    dvar2: [0, 0, 0, 0, 0, 0, 0, 0, 0, 0, 0, 0, 0]
    kurt: [-2, -2, -2, -2, -2, -2, -2, -1.99999988079, -2, -2, -1.99999988079, -2, -2]
    max: [-601.833312988, 105.720970154, -34.8288993835, -51.9372634888, -54.8346099854, 11.5652923584, 39.0625534058, 21.0560092926, 10.9978027344, 0.808479309082, -7.85614967346, 2.41344451904, 3.14288330078]
    mean: [-804.44317627, 104.224761963, -42.5151023865, -83.5483016968, -59.4691810608, -6.71026420593, 19.5872383118, 18.29114151, 2.47608947754, -7.66035842896, -8.09332370758, -2.90387153625, -0.491779327393]
    median: [-804.44317627, 104.224761963, -42.5151023865, -83.5483016968, -59.4691810608, -6.71026420593, 19.5872383118, 18.29114151, 2.47608947754, -7.66035842896, -8.09332370758, -2.90387153625, -0.491779327393]
    min: [-1007.05303955, 102.728553772, -50.2013053894, -115.159339905, -64.1037521362, -24.9858207703, 0.111923217773, 15.5262756348, -6.0456237793, -16.129196167, -8.3304977417, -8.22118759155, -4.12644195557]
    skew: [0, 0, 0, 0, 0, 0, 0, 1.03777995264e-06, 0, 0, 0, 0, 0]
    var: [41050.7578125, 2.23863887787, 59.0777168274, 999.257751465, 21.4792499542, 333.99597168, 379.287902832, 7.64448833466, 72.6195983887, 71.7212142944, 0.0562515221536, 28.2738494873, 13.2107725143]

SpecContrastCoeff:
    dmean: [0.0346472263336, 0.121978223324, 0.129643619061, 0.243213117123, 0.0199881196022, 0.0243417024612]
    dmean2: [0, 0, 0, 0, 0, 0]
    dvar: [0, 0, 0, 0, 0, 0]
    dvar2: [0, 0, 0, 0, 0, 0]
    kurt: [-2, -2, -1.99999988079, -1.99999988079, -2, -2]
    max: [-0.85624653101, -0.734388411045, -0.693179607391, -0.65143674612, -0.924308776855, -0.934526145458]
    mean: [-0.873570144176, -0.795377492905, -0.758001446724, -0.773043274879, -0.934302806854, -0.946696996689]
    median: [-0.873570144176, -0.795377492905, -0.758001446724, -0.773043274879, -0.934302806854, -0.946696996689]
    min: [-0.890893757343, -0.856366634369, -0.822823226452, -0.894649863243, -0.944296896458, -0.958867847919]
    skew: [0, -1.44326395457e-06, 1.38908910685e-06, -7.12085068244e-07, -8.94033928489e-06, 0]
    var: [0.000300107582007, 0.00371967162937, 0.00420186668634, 0.0147881545126, 9.98812320177e-05, 0.000148129620356]

SpecPeakAmp:
    dmean: [0.086278423667, 0.041677467525, 0.0209089182317, 0.0117556136101, 0.00833038892597]
    dmean2: [0, 0, 0, 0, 0]
    dvar: [0, 0, 0, 0, 0]
    dvar2: [0, 0, 0, 0, 0]
    kurt: [-2, -2, -2, -2, -1.99999988079]
    max: [0.086329460144, 0.0417411699891, 0.0209940169007, 0.0118701988831, 0.00848752912134]
    mean: [0.0431902483106, 0.0209024362266, 0.0105395577848, 0.00599239207804, 0.00432233465835]
    median: [0.0431902483106, 0.0209024362266, 0.0105395577848, 0.00599239207804, 0.00432233465835]
    min: [5.10358258907e-05, 6.37042685412e-05, 8.50991127663e-05, 0.000114584829134, 0.000157140602823]
    skew: [0, 1.00504671252e-07, 0, -1.39960093293e-07, 1.47494461089e-07]
    var: [0.001860991586, 0.000434252782725, 0.000109295717266, 3.45486150763e-05, 1.7348842448e-05]
