
metadata:
    version:
        essentia: "2.1-beta3"

Flux:
    dmean: 5.95266783421e-06
    dmean2: 9.17412671697e-06
    dvar: 3.05214825636e-10
    dvar2: 6.68605726339e-10
    kurt: 14.2467708588
    max: 9.5546572993e-05
    mean: 7.26060488887e-06
    median: 3.17664671456e-06
    min: 6.42684256036e-07
    skew: 3.88091611862
    var: 3.15398124284e-10

Rms:
    dmean: 1.35053676331e-06
    dmean2: 1.29745853883e-06
    dvar: 2.48087956428e-11
    dvar2: 1.8538712232e-11
    kurt: 19.6763801575
    max: 7.7437973232e-05
    mean: 7.5898533396e-05
    median: 7.7252407209e-05
    min: 4.47160382464e-05
    skew: -4.51012563705
    var: 3.30123220427e-11

RollOff:
    dmean: 0.500772178173
    dmean2: 0.5126953125
    dvar: 10.5324554443
    dvar2: 10.7771167755
    kurt: 39.023349762
    max: 1356.59179688
    mean: 1335.54797363
    median: 1335.05859375
    min: 1335.05859375
    skew: 6.40495061874
    var: 10.2986516953

SpecCent:
    dmean: 4.65203714371
    dmean2: 6.11221456528
    dvar: 33.5981559753
    dvar2: 34.592338562
    kurt: 14.5120582581
    max: 1492.22412109
    mean: 1454.28015137
    median: 1453.27685547
    min: 1448.08093262
    skew: 3.66061162949
    var: 55.8771972656

Zcr:
    dmean: 0.00163517438341
    dmean2: 0.00183686753735
    dvar: 3.6182882468e-05
    dvar2: 3.32175004587e-05
    kurt: 17.2607707977
    max: 0.06005859375
    mean: 0.0583829022944
    median: 0.0595703125
    min: 0.02783203125
    skew: -4.36741733551
    var: 3.92783513234e-05

HarmonicAmpFreq:
    dmean: [0.0137314908206]
    dmean2: [0.0140584306791]
    dvar: [0.00791926123202]
    dvar2: [0.00810321979225]
    kurt: [39.2287635803]
    max: [1319.66699219]
    mean: [1319.65429688]
    median: [1319.66699219]
    min: [1319.07653809]
    skew: [-6.42897367477]
    var: [0.00774399004877]

HarmonicAmpMag:
    dmean: [1.44778391586e-06]
    dmean2: [1.48225501562e-06]
    dvar: [8.80352873933e-11]
    dvar2: [9.00802696324e-11]
    kurt: [39.0232582092]
    max: [6.22547086095e-05]
    mean: [1.4148797618e-06]
    median: [0]
    min: [0]
    skew: [6.40494012833]
    var: [8.60810381309e-11]

MfccCoeff:
    dmean: [0.0579720437527, 0.0325757414103, 0.0559117533267, 0.0767332538962, 0.00564220361412, 0.0717574730515, 0.0619450062513, 0.0217153858393, 0.0779649615288, 0.0402429252863, 0.0444052070379, 0.0741976350546, 0.0163767617196]
    dmean2: [0.0667375847697, 0.0373142771423, 0.0646427720785, 0.0880860835314, 0.0059265862219, 0.0829802006483, 0.0704451054335, 0.0262936186045, 0.0897394791245, 0.0446628406644, 0.0525138489902, 0.0845732912421, 0.0172073729336]
    dvar: [0.0434918664396, 0.014037146233, 0.0396736115217, 0.0770951882005, 0.000601583858952, 0.0652838423848, 0.052320767194, 0.004790736828, 0.078678034246, 0.0243890509009, 0.0225414279848, 0.0743329674006, 0.00506702344865]
    dvar2: [0.0425751283765, 0.0137692438439, 0.0387566611171, 0.0755506828427, 0.000614022661466, 0.0637676492333, 0.051481526345, 0.00457121571526, 0.077013656497, 0.0242316573858, 0.0217830818146, 0.0730693787336, 0.0051723732613]
    kurt: [16.9954929352, 16.9973220825, 16.9865875244, 16.994852066, 17.0457706451, 16.986322403, 17.0045166016, 16.9055519104, 16.9918823242, 17.0235900879, 16.9535923004, 17.002286911, 17.0457630157]
    max: [-1137.39135742, 0.583385467529, -6.103515625e-05, 8.01086425781e-05, -6.103515625e-05, 1.26239776611, 1.12349319458, -5.34057617188e-05, -4.57763671875e-05, -2.28881835938e-05, 0.748126983643, 1.34017944336, 0.339492797852]
    mean: [-1137.44873047, 0.551111757755, -0.9288007617, -1.29215764999, -0.111504293978, 1.19147217274, 1.06198048592, -0.327317684889, -1.30638277531, -0.720968782902, 0.704531252384, 1.2665463686, 0.323368579149]
    median: [-1137.40270996, 0.577220916748, -0.972846984863, -1.35340499878, -0.116775512695, 1.24797821045, 1.11224746704, -0.342937469482, -1.3683052063, -0.755012512207, 0.738037109375, 1.32651519775, 0.338653564453]
    min: [-1138.42004395, 1.14440917969e-05, -0.98405456543, -1.36814498901, -0.117065429688, 2.28881835938e-05, -2.67028808594e-05, -0.348480224609, -1.38354492188, -0.761215209961, -2.67028808594e-05, -3.0517578125e-05, -3.81469726562e-05]
    skew: [-4.35491704941, -4.35527610779, 4.35333919525, 4.35483026505, 4.36402177811, -4.3532910347, -4.3565735817, 4.33873081207, 4.35429430008, 4.36001729965, -4.34738969803, -4.35617208481, -4.36402082443]
    var: [0.0449568741024, 0.0144711406901, 0.0411156490445, 0.0795803815126, 0.000590789830312, 0.0676655843854, 0.0537333935499, 0.00511695165187, 0.0813320204616, 0.0247480217367, 0.0236844550818, 0.0764328166842, 0.0049755172804]

SpecContrastCoeff:
    dmean: [0.0226707067341, 0.0279514677823, 0.0177434794605, 0.0171657577157, 0.0160507839173, 0.013935781084]
    dmean2: [0.0336739122868, 0.0473508387804, 0.0305051635951, 0.0236660242081, 0.0239173229784, 0.0219131670892]
    dvar: [0.00110659049824, 0.000506148440763, 0.000146636055433, 0.00121262983885, 0.000458954425994, 0.000337248464348]
    dvar2: [0.00117572455201, 0.00113342108671, 0.000466526398668, 0.00119223154616, 0.000690684653819, 0.000506663054693]
    kurt: [13.6238117218, 3.82287979126, -0.315093755722, 18.3029670715, 10.3494720459, 9.80617141724]
    max: [-0.661245346069, -0.827922165394, -0.889914035797, -0.583427250385, -0.824622511864, -0.824606120586]
    mean: [-0.694799005985, -0.872550368309, -0.921141445637, -0.61460852623, -0.856720924377, -0.858549118042]
    median: [-0.688397705555, -0.864063024521, -0.91910970211, -0.607719361782, -0.853521108627, -0.857662200928]
    min: [-0.86619758606, -0.972689032555, -0.951258003712, -0.809129536152, -0.955353856087, -0.944595217705]
    skew: [-3.69424676895, -1.59932601452, -0.178668007255, -4.30375862122, -2.98289966583, -2.77096199989]
    var: [0.00139139208477, 0.000649828813039, 0.000182320465683, 0.00134803343099, 0.000523750728462, 0.000394359230995]

SpecPeakAmp:
    dmean: [1.30978378365e-07, 1.04449810578e-07, 1.03073638513e-07, 8.00929029765e-08, 1.47468995237e-06]
    dmean2: [1.78477193913e-07, 1.86266134961e-07, 1.72409599486e-07, 1.17947948297e-07, 1.52670565967e-06]
    dvar: [1.26540366185e-13, 8.05434481588e-15, 1.39075923561e-14, 2.82092108868e-14, 8.78695588513e-11]
    dvar2: [1.24808692027e-13, 1.34393313671e-14, 1.92317932819e-14, 3.14135619372e-14, 8.98258620263e-11]
    kurt: [24.6670703888, 3.57951498032, 12.9341230392, 30.2891311646, 39.0220947266]
    max: [8.4559305833e-06, 5.66718597383e-07, 8.00865109341e-07, 1.17377999231e-06, 6.22547086095e-05]
    mean: [8.30634962767e-06, 1.74256229002e-07, 1.75450708184e-07, 1.19818054145e-07, 1.46830836911e-06]
    median: [8.3762615759e-06, 1.83471286164e-07, 1.55476627128e-07, 8.18358572019e-08, 4.352023808e-08]
    min: [6.20084983893e-06, 3.12466212904e-08, 5.92895901264e-08, 3.69247672438e-08, 1.91399358584e-08]
    skew: [-4.97906970978, 1.41279733181, 3.20336699486, 5.38439559937, 6.40480089188]
    var: [1.30247212755e-13, 1.22483183399e-14, 1.52943538503e-14, 2.90509227731e-14, 8.59311025114e-11]
