
metadata:
    version:
        essentia: "2.1-beta3"

Flux:
    dmean: 0.000125094258692
    dmean2: 0.000164755008882
    dvar: 1.6708322903e-07
    dvar2: 3.28341855038e-07
    kurt: 9.62792491913
    max: 0.0023829783313
    mean: 0.000163019401953
    median: 6.15098088019e-06
    min: 3.75987087864e-06
    skew: 3.2998855114
    var: 2.71148621778e-07

Rms:
    dmean: 5.01843860548e-05
    dmean2: 3.82584985346e-05
    dvar: 3.04458041001e-08
    dvar2: 1.37093554287e-08
    kurt: 20.8668632507
    max: 0.00171566521749
    mean: 0.00165283924434
    median: 0.00171303213574
    min: 0.000312287389534
    skew: -4.53540611267
    var: 5.66260602852e-08

RollOff:
    dmean: 6.36208295822
    dmean2: 6.00926589966
    dvar: 1487.55651855
    dvar2: 1279.44262695
    kurt: 39.5171012878
    max: 1614.99023438
    mean: 1341.7578125
    median: 1335.05859375
    min: 1335.05859375
    skew: 6.42548513412
    var: 1706.79602051

SpecCent:
    dmean: 8.91960811615
    dmean2: 10.3007984161
    dvar: 1246.73364258
    dvar2: 1088.51196289
    kurt: 39.4437713623
    max: 1570.97790527
    mean: 1323.50769043
    median: 1317.78283691
    min: 1314.14953613
    skew: 6.41471195221
    var: 1401.32556152

Zcr:
    dmean: 0.00220836303197
    dmean2: 0.00185092655011
    dvar: 5.19046916452e-05
    dvar2: 3.37174860761e-05
    kurt: 17.8642520905
    max: 0.06005859375
    mean: 0.0572482645512
    median: 0.0595703125
    min: 0.00244140625
    skew: -4.23962116241
    var: 0.000102924299426

HarmonicAmpFreq:
    dmean: [0.0209128633142]
    dmean2: [0.0388211980462]
    dvar: [0.0129823544994]
    dvar2: [0.03123533912]
    kurt: [19.0646972656]
    max: [1319.53088379]
    mean: [1319.50170898]
    median: [1319.53088379]
    min: [1318.78173828]
    skew: [-4.550822258]
    var: [0.0190289877355]

HarmonicAmpMag:
    dmean: [6.31355651421e-05]
    dmean2: [9.69366592471e-05]
    dvar: [8.37081657323e-08]
    dvar2: [2.15023135297e-07]
    kurt: [40.0224151611]
    max: [0.00139031128492]
    mean: [3.09548704536e-05]
    median: [0]
    min: [0]
    skew: [6.48245716095]
    var: [4.19967420839e-08]

MfccCoeff:
    dmean: [0.979028880596, 0.566612243652, 0.884489417076, 1.22946703434, 0.148443043232, 0.967627584934, 0.839615881443, 0.27704012394, 0.805323660374, 0.391369372606, 0.494350612164, 0.643558740616, 0.0520822368562]
    dmean2: [1.22618496418, 0.719835877419, 1.08242547512, 1.52793455124, 0.226490825415, 1.13152313232, 1.01840567589, 0.241203486919, 0.864184200764, 0.457523971796, 0.432921111584, 0.588750898838, 0.0760198161006]
    dvar: [19.3710823059, 6.41225147247, 16.1781654358, 30.7877006531, 0.462643325329, 20.4801197052, 14.7581110001, 1.44489526749, 16.1599407196, 3.37646245956, 4.66193819046, 8.65843296051, 0.0580138787627]
    dvar2: [33.9206771851, 11.6521978378, 26.6305675507, 52.8109741211, 1.17940211296, 29.760591507, 23.7060832977, 0.948367476463, 18.6181468964, 4.89874076843, 3.11055016518, 6.55385637283, 0.137893676758]
    kurt: [21.7552127838, 20.1729679108, 24.4240913391, 22.6794261932, 39.9095878601, 28.780122757, 25.503950119, 30.3153152466, 32.4659919739, 29.1215553284, 30.5551643372, 31.7430381775, 31.984249115]
    max: [-1110.68359375, 15.8306083679, -6.103515625e-05, 8.01086425781e-05, -6.103515625e-05, 29.20262146, 24.5594215393, -5.34057617188e-05, -4.57763671875e-05, -2.28881835938e-05, 16.5022697449, 21.572977066, 1.31271362305]
    mean: [-1120.65356445, 9.65202999115, -17.6268749237, -23.0643177032, -0.185460403562, 22.5726947784, 17.3395252228, -8.91904830933, -23.645647049, -9.19975185394, 15.9486865997, 20.8763637543, 0.352849990129]
    median: [-1120.34020996, 9.80433273315, -17.9827919006, -23.4921989441, -0.116806030273, 23.1128845215, 17.7034645081, -9.23027038574, -24.3173828125, -9.41864013672, 16.5016136169, 21.5721149445, 0.338760375977]
    min: [-1138.42004395, 1.14440917969e-05, -25.6171531677, -35.1068191528, -3.32331848145, 2.28881835938e-05, -2.67028808594e-05, -9.23062133789, -26.0535049438, -11.875579834, -2.67028808594e-05, -3.0517578125e-05, -3.81469726562e-05]
    skew: [-3.37567090988, -2.76217031479, 4.1635351181, 3.67090654373, -6.46874666214, -5.11195898056, -4.4172129631, 5.4740524292, 5.71002149582, 5.14973449707, -5.49885749817, -5.62700653076, 5.20601987839]
    var: [9.95226192474, 3.12884044647, 9.0645942688, 16.2814311981, 0.22407220304, 13.5764541626, 8.55230426788, 2.06326317787, 14.0486831665, 2.24181485176, 6.57256937027, 11.0616884232, 0.0234319400042]

SpecContrastCoeff:
    dmean: [0.0425396896899, 0.0208796877414, 0.012407084927, 0.0218423251063, 0.00641800183803, 0.00564206996933]
    dmean2: [0.0660069063306, 0.0337455868721, 0.0203229039907, 0.0271278154105, 0.0109154544771, 0.00939599983394]
    dvar: [0.00101154530421, 0.00022003808408, 0.00019723441801, 0.00201869779266, 2.79735359072e-05, 4.18482559326e-05]
    dvar2: [0.00233194930479, 0.000614035699982, 0.000539212487638, 0.00216036103666, 7.4829091318e-05, 0.00010121629748]
    kurt: [4.61212873459, 0.0669524669647, 7.27951049805, 18.0981636047, 0.00382995605469, 16.3605270386]
    max: [-0.728660583496, -0.903907179832, -0.866624295712, -0.470565795898, -0.914423406124, -0.910860896111]
    mean: [-0.804026901722, -0.952357411385, -0.943534195423, -0.507009923458, -0.929097473621, -0.920990765095]
    median: [-0.805437386036, -0.951471269131, -0.947269976139, -0.493501782417, -0.929750978947, -0.920174896717]
    min: [-0.985054254532, -0.981695055962, -0.96079325676, -0.873789191246, -0.939754068851, -0.95878213644]
    skew: [-1.67722856998, 0.42004981637, 2.59161758423, -4.27590894699, 0.369902670383, -3.41975212097]
    var: [0.00216114055365, 0.000277647632174, 0.000317716330756, 0.00469223316759, 2.87632901745e-05, 4.89310223202e-05]

SpecPeakAmp:
    dmean: [1.41026464462e-06, 1.09449877073e-06, 1.22793301216e-06, 1.36228891279e-06, 6.34082753095e-05]
    dmean2: [2.20424499275e-06, 1.71462374965e-06, 1.87037392152e-06, 2.06189815799e-06, 9.73234127741e-05]
    dvar: [1.1966642087e-11, 1.717111002e-11, 1.99132585421e-11, 2.58792934998e-11, 8.37857712099e-08]
    dvar2: [2.54872720151e-11, 4.46944599386e-11, 5.04712174831e-11, 6.61243490518e-11, 2.15130981474e-07]
    kurt: [21.4453353882, 38.8743400574, 39.6935081482, 39.7284584045, 40.0226364136]
    max: [2.15141571971e-05, 2.16960434045e-05, 2.2480102416e-05, 2.52588342846e-05, 0.00139031128492]
    mean: [8.45968497742e-06, 1.05103765691e-06, 1.10489759209e-06, 1.13979353955e-06, 3.1438357837e-05]
    median: [8.42157805891e-06, 5.50293748347e-07, 6.76429124269e-07, 5.92149035583e-07, 5.4638991287e-07]
    min: [7.02218528659e-07, 1.54902480176e-07, 2.68907967893e-07, 2.21794763888e-07, 2.38762993376e-07]
    skew: [3.0299949646, 6.35247087479, 6.44345760345, 6.44781017303, 6.48248338699]
    var: [5.45381274863e-12, 9.81892865626e-12, 1.04241051554e-11, 1.32666074307e-11, 4.19667642859e-08]
