
metadata:
    version:
        essentia: "2.1-beta3"

Flux:
    dmean: 0.00280396803282
    dmean2: 0.00371032115072
    dvar: 8.38077539811e-05
    dvar2: 0.000164754557773
    kurt: 9.58845806122
    max: 0.0532472804189
    mean: 0.00358120677993
    median: 5.97740290686e-05
    min: 1.34309448185e-05
    skew: 3.29513072968
    var: 0.000136264308821

Rms:
    dmean: 0.00112168176565
    dmean2: 0.000851273711305
    dvar: 1.52474276547e-05
    dvar2: 6.83176494931e-06
    kurt: 20.894115448
    max: 0.0384042225778
    mean: 0.036997102201
    median: 0.0383467413485
    min: 0.00694040581584
    skew: -4.53734350204
    var: 2.84387206193e-05

RollOff:
    dmean: 4.89390993118
    dmean2: 5.0077214241
    dvar: 1029.86523438
    dvar2: 1053.24560547
    kurt: 40.0227241516
    max: 1550.390625
    mean: 1339.84375
    median: 1335.05859375
    min: 1335.05859375
    skew: 6.48249387741
    var: 1007.49975586

SpecCent:
    dmean: 4.27809286118
    dmean2: 5.64179754257
    dvar: 45.0882720947
    dvar2: 34.4434967041
    kurt: 32.2215919495
    max: 1368.40441895
    mean: 1318.46801758
    median: 1317.2767334
    min: 1313.94482422
    skew: 5.53711032867
    var: 62.6583824158

Zcr:
    dmean: 0.00223055761307
    dmean2: 0.00186228193343
    dvar: 5.30741053808e-05
    dvar2: 3.48673711414e-05
    kurt: 17.6919021606
    max: 0.06005859375
    mean: 0.0572157129645
    median: 0.0595703125
    min: 0.001953125
    skew: -4.22288560867
    var: 0.000105256927782

HarmonicAmpFreq:
    dmean: [0.969235479832]
    dmean2: [0.970413565636]
    dvar: [38.6526679993]
    dvar2: [37.8079452515]
    kurt: [39.9832305908]
    max: [1319.53125]
    mean: [1318.56323242]
    median: [1319.53125]
    min: [1276.8848877]
    skew: [-6.47788190842]
    var: [39.497341156]

HarmonicAmpMag:
    dmean: [0.00140951189678]
    dmean2: [0.00216411822475]
    dvar: [4.17212395405e-05]
    dvar2: [0.000107169842522]
    kurt: [40.0224189758]
    max: [0.0310385655612]
    mean: [0.000691048277076]
    median: [0]
    min: [0]
    skew: [6.48245716095]
    var: [2.09312529478e-05]

MfccCoeff:
    dmean: [10.2315206528, 6.328125, 2.31838393211, 1.46754598618, 0.0939147248864, 1.05865943432, 0.797899484634, 0.457995861769, 1.1394367218, 0.425062179565, 0.873173117638, 1.14509022236, 0.0897561833262]
    dmean2: [15.0894632339, 9.37261009216, 2.97304916382, 1.48074829578, 0.0784873068333, 0.789999842644, 0.603332161903, 0.314586192369, 1.06884336472, 0.446544200182, 0.804574668407, 1.2778929472, 0.115651331842]
    dvar: [2079.39624023, 797.321472168, 99.9580841064, 44.3384628296, 0.112560585141, 18.1956272125, 9.47601032257, 3.39619517326, 19.5097846985, 2.44990324974, 11.4541959763, 19.1443500519, 0.127946794033]
    dvar2: [5189.86962891, 1999.30480957, 206.888153076, 57.571937561, 0.0846551731229, 7.79715156555, 4.19629240036, 1.50117063522, 16.5883617401, 2.40590190887, 10.1468238831, 21.8836078644, 0.177632004023]
    kurt: [37.9786300659, 38.4723739624, 16.5641460419, 27.4433078766, 20.8572540283, 28.0387325287, 25.4037380219, 28.2206420898, 22.2515144348, 20.2539272308, 20.4440174103, 19.0796871185, 12.2363328934]
    max: [-899.012084961, 146.861022949, -5.76475524902, -8.32484054565, 0.0974426269531, 53.231048584, 41.5330886841, -0.855033874512, -6.19812011719, -3.99418640137, 33.0086631775, 44.5901870728, 2.83587646484]
    mean: [-1098.95336914, 21.7786407471, -35.3991661072, -45.4443016052, -0.21593695879, 44.1619567871, 33.7333908081, -17.5562553406, -45.9361419678, -17.6978111267, 31.0588188171, 40.3335571289, 0.480806142092]
    median: [-1103.2644043, 19.0385551453, -35.0059776306, -45.6482009888, -0.116806030273, 44.9948425293, 34.307472229, -18.1246643066, -47.284324646, -18.0888061523, 32.2776451111, 41.8333740234, 0.338775634766]
    min: [-1132.02612305, 3.76398849487, -65.921295166, -60.421333313, -2.64353942871, 6.65198516846, 6.42630386353, -18.7233352661, -51.9236221313, -21.2895736694, 2.06478500366, 4.66859436035, 0.338600158691]
    skew: [6.21946144104, 6.28650617599, -0.286990463734, 4.51279830933, -4.51717281342, -5.09175682068, -4.72400999069, 5.31325435638, 4.77617263794, 4.42290019989, -4.57453870773, -4.45525169373, 3.6846909523]
    var: [931.290466309, 362.24508667, 43.3173141479, 37.7612304688, 0.184818014503, 37.9349746704, 21.1219272614, 7.53530931473, 49.461730957, 6.16478204727, 27.5286540985, 44.2457695007, 0.266977936029]

SpecContrastCoeff:
    dmean: [0.0468369834125, 0.0153592256829, 0.0143947163597, 0.0266679953784, 0.0136085264385, 0.0131008503959]
    dmean2: [0.0814076736569, 0.0250386185944, 0.0234627909958, 0.0291168633848, 0.0237027704716, 0.0232161134481]
    dvar: [0.00144806702156, 0.000147880447912, 0.000238451684709, 0.00311239529401, 0.000120509306726, 0.000160250536283]
    dvar2: [0.0036022735294, 0.000323972024489, 0.000387388747185, 0.00257550226524, 0.000219362264033, 0.000389650085708]
    kurt: [0.841217279434, -0.101715803146, 7.4111289978, 20.1187744141, 2.36166000366, 0.484318733215]
    max: [-0.82064974308, -0.936171352863, -0.832364201546, -0.306075632572, -0.885537207127, -0.915764927864]
    mean: [-0.929587483406, -0.974338710308, -0.932109415531, -0.357971787453, -0.936963677406, -0.95122385025]
    median: [-0.947335422039, -0.980656445026, -0.940113961697, -0.340540528297, -0.943219184875, -0.957745671272]
    min: [-0.995777606964, -0.987159848213, -0.949866592884, -0.826131224632, -0.948885381222, -0.961655259132]
    skew: [1.21488142014, 1.07248532772, 2.73733687401, -4.45041131973, 1.56881606579, 1.31681263447]
    var: [0.00145592424087, 0.00019635798526, 0.000632614537608, 0.00706160487607, 0.000218658504309, 0.000169538121554]

SpecPeakAmp:
    dmean: [3.67178508895e-05, 3.05668108922e-05, 3.15939178108e-05, 0.00141455908306, 2.39484197664e-05]
    dmean2: [5.91208117839e-05, 4.73844702356e-05, 4.83560725115e-05, 0.00217099790461, 3.64653969882e-05]
    dvar: [1.4823863026e-08, 1.41199816284e-08, 1.54509294248e-08, 4.17646697315e-05, 8.23876344924e-09]
    dvar2: [3.84173937107e-08, 3.68032218034e-08, 3.9684199038e-08, 0.000107238956844, 2.10995114713e-08]
    kurt: [39.5913391113, 39.2909889221, 39.9029045105, 40.0226821899, 39.8214759827]
    max: [0.000611094292253, 0.000609660986811, 0.000612457399257, 0.0310385655612, 0.000447734579211]
    mean: [3.13577984343e-05, 2.24410632654e-05, 2.16213356907e-05, 0.000697906652931, 1.82958065125e-05]
    median: [1.72906584339e-05, 8.76360991242e-06, 9.08009405975e-06, 9.03966611077e-06, 9.32349848881e-06]
    min: [9.45118881646e-06, 1.06919890186e-06, 1.40261693105e-06, 2.4524199489e-06, 2.80458812085e-06]
    skew: [6.43143129349, 6.39940214157, 6.46826696396, 6.4824886322, 6.4586019516]
    var: [7.67715491179e-09, 7.90458898337e-09, 7.94489185552e-09, 2.09217287193e-05, 4.20116519351e-09]
