
metadata:
    version:
        essentia: "2.1-beta3"

Flux:
    dmean: 5.03841783939e-06
    dmean2: 7.39024289942e-06
    dvar: 3.25282828451e-10
    dvar2: 7.04290403775e-10
    kurt: 14.1819458008
    max: 9.64171413216e-05
    mean: 5.92269043409e-06
    median: 1.18918546832e-06
    min: 5.51119853753e-07
    skew: 3.88373112679
    var: 3.33965910482e-10

Rms:
    dmean: 1.41411453569e-06
    dmean2: 1.23247514239e-06
    dvar: 2.42409859547e-11
    dvar2: 1.91838003816e-11
    kurt: 19.1327648163
    max: 7.78793473728e-05
    mean: 7.58954483899e-05
    median: 7.71625782363e-05
    min: 4.54210858152e-05
    skew: -4.45322275162
    var: 3.22056686874e-11

RollOff:
    dmean: 0
    dmean2: 0
    dvar: 0
    dvar2: 0
    kurt: 0
    max: 193.798828125
    mean: 193.798828125
    median: 193.798828125
    min: 193.798828125
    skew: 0
    var: 0

SpecCent:
    dmean: 2.20917391777
    dmean2: 1.61083543301
    dvar: 2.36089301109
    dvar2: 1.62069070339
    kurt: 5.02484607697
    max: 497.023590088
    mean: 478.590423584
    median: 478.71685791
    min: 472.932037354
    skew: 1.65608143806
    var: 19.234254837

Zcr:
    dmean: 0.000283884437522
    dmean2: 0.000383649545256
    dvar: 6.01397573519e-07
    dvar2: 5.39685686363e-07
    kurt: 15.3200569153
    max: 0.00830078125
    mean: 0.00773481884971
    median: 0.0078125
    min: 0.00390625
    skew: -3.99008226395
    var: 6.49616083592e-07

HarmonicAmpFreq:
    dmean: [0.0729756876826]
    dmean2: [0.0746899545193]
    dvar: [0.091781526804]
    dvar2: [0.0887981504202]
    kurt: [19.9496173859]
    max: [175.707778931]
    mean: [174.077682495]
    median: [174.068481445]
    min: [172.769470215]
    skew: [1.51624059677]
    var: [0.0994634181261]

HarmonicAmpMag:
    dmean: [2.9737082059e-06]
    dmean2: [3.00086571769e-06]
    dvar: [1.84699450179e-10]
    dvar2: [1.81270873312e-10]
    kurt: [22.561750412]
    max: [0.000108155218186]
    mean: [0.000105174163764]
    median: [0.00010811498214]
    min: [2.7594544008e-05]
    skew: [-4.83280134201]
    var: [1.88307994198e-10]

MfccCoeff:
    dmean: [0.111841954291, 0.154198229313, 0.14254334569, 0.123843170702, 0.0991359949112, 0.0698018595576, 0.0374688431621, 0.00773567380384, 0.0295967273414, 0.0605309046805, 0.0877261459827, 0.109855122864, 0.125931844115]
    dmean2: [0.114571705461, 0.157958254218, 0.146006986499, 0.126828148961, 0.101499646902, 0.0714205801487, 0.0382603220642, 0.00788352638483, 0.0304870605469, 0.062126159668, 0.0899680033326, 0.112616404891, 0.129058107734]
    dvar: [0.268923014402, 0.511663496494, 0.438303023577, 0.332425028086, 0.214918032289, 0.108504407108, 0.0330277606845, 0.00139895582106, 0.0173789132386, 0.074817225337, 0.159729272127, 0.253366678953, 0.336333066225]
    dvar2: [0.27243193984, 0.518334031105, 0.443948209286, 0.3366086483, 0.217502146959, 0.109691120684, 0.0332927815616, 0.00137475109659, 0.0177294705063, 0.0760846585035, 0.162216693163, 0.257092416286, 0.341039389372]
    kurt: [22.6178646088, 22.6619777679, 22.8270263672, 23.1481113434, 23.7351322174, 24.9200592041, 28.1964378357, 31.9607391357, 17.1108455658, 18.9706268311, 20.1492366791, 20.9689540863, 21.6716079712]
    max: [-1135.39245605, 4.17924118042, 3.87747192383, 3.39262771606, 2.74984741211, 1.98332977295, 1.13272476196, 0.320831298828, -4.57763671875e-05, -2.28881835938e-05, -2.67028808594e-05, -3.0517578125e-05, -3.81469726562e-05]
    mean: [-1135.50439453, 4.02473497391, 3.73471355438, 3.26869225502, 2.65078902245, 1.91380620003, 1.09568583965, 0.238492965698, -0.614571809769, -1.42148125172, -2.14368844032, -2.74809932709, -3.20885467529]
    median: [-1135.39587402, 4.17460250854, 3.87327575684, 3.38911819458, 2.74725341797, 1.98178100586, 1.13232040405, 0.242332458496, -0.642948150635, -1.47991943359, -2.22863769531, -2.85464477539, -3.33113479614]
    min: [-1138.42004395, 1.14440917969e-05, -6.103515625e-05, 8.01086425781e-05, -6.103515625e-05, 2.28881835938e-05, -2.67028808594e-05, -5.34057617188e-05, -0.644790649414, -1.48274993896, -2.23216629028, -2.85865020752, -3.33535766602]
    skew: [-4.83988237381, -4.84324407578, -4.85759592056, -4.88556528091, -4.93688678741, -5.04118680954, -5.3350520134, -5.2955994606, 4.36959934235, 4.52642774582, 4.6267414093, 4.69696092606, 4.7574634552]
    var: [0.265618532896, 0.505392313004, 0.433005601168, 0.328507632017, 0.212507665157, 0.107409328222, 0.0327957198024, 0.0014611344086, 0.0170321762562, 0.0735982954502, 0.157357394695, 0.249832376838, 0.33188533783]

SpecContrastCoeff:
    dmean: [0.0199306067079, 0.0116011435166, 0.0111277448013, 0.0113516813144, 0.0101748798043, 0.00688052736223]
    dmean2: [0.023032322526, 0.0191326271743, 0.0157808177173, 0.0162894390523, 0.0153127061203, 0.00912328250706]
    dvar: [0.0022665921133, 7.05212951289e-05, 0.000154988490976, 0.000161309551913, 0.000106854036858, 7.81111884862e-05]
    dvar2: [0.00154879514594, 0.000223293041927, 0.000163199656527, 0.000142471995787, 9.12576288101e-05, 5.80186897423e-05]
    kurt: [14.087474823, -0.216713666916, 6.71222496033, 12.462852478, 17.6106548309, 14.5861282349]
    max: [-0.54638671875, -0.873512744904, -0.875169217587, -0.803350806236, -0.844452559948, -0.847623705864]
    mean: [-0.576187193394, -0.89399266243, -0.908353805542, -0.833187103271, -0.862816631794, -0.866040050983]
    median: [-0.561944842339, -0.894925117493, -0.907565832138, -0.830600500107, -0.860577225685, -0.8651471138]
    min: [-0.842336833477, -0.922923803329, -0.964609742165, -0.921449482441, -0.946016132832, -0.923806130886]
    skew: [-3.91163778305, -0.35763001442, -1.72259318829, -3.17459368706, -3.78361845016, -3.43860626221]
    var: [0.00346308969893, 0.000134109417559, 0.000210500918911, 0.000316057936288, 0.000233194150496, 0.000126699873363]

SpecPeakAmp:
    dmean: [1.47287687469e-06, 3.94303206122e-05, 4.02171754104e-05, 5.6563724371e-08, 4.30440678656e-08]
    dmean2: [1.66568429449e-06, 7.88495744928e-05, 7.97439497546e-05, 8.38201046349e-08, 5.88706932092e-08]
    dvar: [6.28761001598e-11, 2.63714916571e-09, 2.71996891676e-09, 1.20120918624e-14, 8.83906663141e-15]
    dvar2: [6.2977324744e-11, 6.49492370997e-09, 6.14142781075e-09, 1.21143795611e-14, 7.04811710839e-15]
    kurt: [38.8552436829, 0.0977411270142, -0.666386604309, 19.7436408997, 16.7244243622]
    max: [6.14476739429e-05, 0.000108116648335, 0.000108155218186, 7.55960229526e-07, 7.07223421159e-07]
    mean: [9.53672679316e-06, 2.2884029022e-05, 8.11607824289e-05, 1.15654010813e-07, 1.06042946868e-07]
    median: [8.38463529362e-06, 2.36945481902e-07, 0.000108113177703, 9.63479607208e-08, 7.83965958817e-08]
    min: [6.16820489086e-06, 1.99984995675e-07, 8.15627885231e-08, 2.75940053029e-08, 3.17154338347e-08]
    skew: [6.3842716217, 1.43768131733, -1.15477359295, 4.4407658577, 4.0626540184]
    var: [6.27946861176e-11, 1.87355664316e-09, 2.17991558138e-09, 1.37656533511e-14, 1.29684183178e-14]
