
metadata:
    version:
        essentia: "2.1-beta3"

Flux:
    dmean: 0.0251321140677
    dmean2: 0.0334798358381
    dvar: 0.0067888526246
    dvar2: 0.0130833210424
    kurt: 9.3618555069
    max: 0.489207088947
    mean: 0.0329533852637
    median: 0.000522015790921
    min: 0.000105092025478
    skew: 3.26297259331
    var: 0.0114775327966

Rms:
    dmean: 0.0102843977511
    dmean2: 0.00779823493212
    dvar: 0.00128577684518
    dvar2: 0.000574359262828
    kurt: 21.0697650909
    max: 0.353887021542
    mean: 0.340978384018
    median: 0.353335142136
    min: 0.0638895779848
    skew: -4.55375814438
    var: 0.00240454333834

RollOff:
    dmean: 4.40451860428
    dmean2: 4.50694942474
    dvar: 834.190795898
    dvar2: 853.128967285
    kurt: 40.022731781
    max: 1528.85742188
    mean: 1339.36523438
    median: 1335.05859375
    min: 1335.05859375
    skew: 6.48249387741
    var: 816.074768066

SpecCent:
    dmean: 3.62473368645
    dmean2: 4.93618583679
    dvar: 5.96848249435
    dvar2: 6.10892152786
    kurt: 13.183675766
    max: 1338.9720459
    mean: 1317.85437012
    median: 1317.44384766
    min: 1312.55871582
    skew: 2.94858074188
    var: 16.6894016266

Zcr:
    dmean: 0.00221946020611
    dmean2: 0.00187363731675
    dvar: 5.3172268963e-05
    dvar2: 3.49635993189e-05
    kurt: 18.0337371826
    max: 0.06005859375
    mean: 0.0572482645512
    median: 0.0595703125
    min: 0.001953125
    skew: -4.25610160828
    var: 0.000104174672742

HarmonicAmpFreq:
    dmean: [8.68845176697]
    dmean2: [16.6535568237]
    dvar: [1244.1763916]
    dvar2: [3664.40625]
    kurt: [33.7091255188]
    max: [1319.53063965]
    mean: [1314.74462891]
    median: [1319.53063965]
    min: [1152.62512207]
    skew: [-5.84119987488]
    var: [648.376281738]

HarmonicAmpMag:
    dmean: [2.38916964008e-05]
    dmean2: [3.65191190212e-05]
    dvar: [8.9270608683e-09]
    dvar2: [1.46514365085e-08]
    kurt: [26.202589035]
    max: [0.000532147183549]
    mean: [1.75931309059e-05]
    median: [0]
    min: [0]
    skew: [5.15795040131]
    var: [7.48033901488e-09]

MfccCoeff:
    dmean: [28.6792984009, 24.2984542847, 22.6706466675, 3.61035513878, 4.49450874329, 4.32509946823, 3.4099111557, 2.97086882591, 1.99319756031, 2.11146354675, 2.24087882042, 1.89687299728, 0.752394497395]
    dmean2: [43.6021995544, 38.9196815491, 34.6590385437, 6.56787061691, 7.4558391571, 6.2913479805, 5.25585889816, 4.41676521301, 3.14705562592, 3.95939803123, 2.51611113548, 2.13557744026, 1.43632423878]
    dvar: [6303.77978516, 223.785461426, 144.64604187, 36.7280578613, 9.26827812195, 38.8363418579, 23.2386798859, 5.57018899918, 28.6811218262, 4.4154419899, 22.5423107147, 26.7622203827, 0.16938816011]
    dvar2: [15242.4941406, 572.156677246, 326.616394043, 63.8727874756, 24.1524848938, 60.7391319275, 31.7470932007, 14.418636322, 51.8078994751, 12.625494957, 17.799861908, 26.0357837677, 0.47483754158]
    kurt: [27.8810749054, 1.35416269302, -0.721120357513, 13.2970752716, 0.0452539920807, 9.87436008453, 12.3067808151, 4.96845054626, 11.9951496124, 16.1854877472, 18.6896038055, 17.0896377563, -0.833738565445]
    max: [-651.418518066, 142.882263184, -24.8333854675, -48.4090080261, 3.39926147461, 75.1501235962, 54.1908035278, -8.64977264404, -23.3466033936, -8.32424163818, 36.3596000671, 44.5295639038, 1.70086669922]
    mean: [-1009.55737305, 75.851234436, -68.7099304199, -84.7872238159, -0.804877698421, 60.4111824036, 41.1204414368, -20.8377895355, -51.4922943115, -18.8349342346, 32.9226493835, 41.7619400024, 0.381378948689]
    median: [-1016.96588135, 79.5794754028, -66.2155914307, -85.8609390259, 1.2137298584, 61.6629486084, 41.7990036011, -20.6693725586, -52.7744979858, -19.1576156616, 34.7871360779, 43.5618286133, 0.379676818848]
    min: [-1040.22058105, 46.168712616, -105.283035278, -98.1357498169, -12.6930122375, 25.1705169678, 10.023639679, -25.7094345093, -61.016456604, -20.7652359009, -5.94423484802, 0.914031982422, -0.566337585449]
    skew: [5.25949048996, 0.460699260235, -0.129330277443, 3.57985544205, -0.856525301933, -2.94081664085, -3.19825291634, 1.71539604664, 3.5152528286, 3.53162956238, -4.29684495926, -4.17969036102, 0.15491399169]
    var: [3484.18310547, 369.359069824, 318.906646729, 68.3126983643, 15.0028743744, 60.5815010071, 40.9535484314, 8.57519435883, 42.1079750061, 3.80189442635, 50.4949493408, 59.6730461121, 0.283909350634]

SpecContrastCoeff:
    dmean: [0.0244148597121, 0.0182559266686, 0.0179092790931, 0.0293607115746, 0.0162103287876, 0.0102376732975]
    dmean2: [0.0415894947946, 0.0305265374482, 0.0285536907613, 0.0293139349669, 0.0286698099226, 0.0200991518795]
    dvar: [0.00070571800461, 0.000214295519982, 0.000342969346093, 0.00522850314155, 0.000171993990079, 0.000152899403474]
    dvar2: [0.00133987376466, 0.000379689154215, 0.000582612759899, 0.0032396428287, 0.000437355309259, 0.000423595920438]
    kurt: [3.37541389465, 0.872469186783, 4.94150781631, 21.8402919769, 2.84648370743, 1.94433689117]
    max: [-0.875398695469, -0.913549542427, -0.81578630209, -0.147431746125, -0.867307901382, -0.917405426502]
    mean: [-0.968830347061, -0.968404114246, -0.915656507015, -0.201795175672, -0.92572838068, -0.949023604393]
    median: [-0.979955077171, -0.976066827774, -0.924517273903, -0.179059863091, -0.933140695095, -0.954837203026]
    min: [-0.993209958076, -0.983812153339, -0.937300801277, -0.786100029945, -0.93873167038, -0.95548671484]
    skew: [1.9994007349, 1.30378675461, 2.37558555603, -4.60955858231, 1.68273377419, 1.77895534039]
    var: [0.00071990484139, 0.000323143322021, 0.000852073542774, 0.0104293553159, 0.000254737416981, 0.000115708135127]

SpecPeakAmp:
    dmean: [0.000287230301183, 0.000276408798527, 0.000286787486402, 0.000292996206554, 0.000300999090541]
    dmean2: [0.000443439581431, 0.000429721258115, 0.000443631142844, 0.00045185800991, 0.000471610052045]
    dvar: [1.24355892694e-06, 1.17636966479e-06, 1.28356703044e-06, 1.35982816118e-06, 1.40889210343e-06]
    dvar2: [3.21163383887e-06, 3.07858499582e-06, 3.30804618898e-06, 3.49842298419e-06, 3.61936054105e-06]
    kurt: [39.8505210876, 39.3090553284, 39.9063301086, 39.8959083557, 39.8420372009]
    max: [0.00553608965129, 0.00554535817355, 0.00556389894336, 0.00570053327829, 0.00579617824405]
    mean: [0.000204409458092, 0.000206530923606, 0.000201362199732, 0.000210935933865, 0.000229398166994]
    median: [9.30450332817e-05, 8.3532089775e-05, 8.73106837389e-05, 8.68514107424e-05, 0.000104159073089]
    min: [1.12664083645e-05, 1.63553668244e-05, 2.22387770918e-05, 2.8107635444e-05, 3.13762720907e-05]
    skew: [6.46208333969, 6.40148687363, 6.46867895126, 6.46750640869, 6.46122789383]
    var: [6.47362980999e-07, 6.5324559273e-07, 6.54451071114e-07, 6.85915040322e-07, 7.057819289e-07]
