
metadata:
    version:
        essentia: "2.1-beta3"

Flux:
    dmean: 0.0134816169739
    dmean2: 0
    dvar: 0
    dvar2: 0
    kurt: -2
    max: 0.29540002346
    mean: 0.288659214973
    median: 0.288659214973
    min: 0.281918406487
    skew: 0
    var: 4.54385008197e-05

Rms:
    dmean: 0
    dmean2: 0
    dvar: 0
    dvar2: 0
    kurt: 0
    max: 0.101517520845
    mean: 0.101517520845
    median: 0.101517520845
    min: 0.101517520845
    skew: 0
    var: 0

RollOff:
    dmean: 473.73046875
    dmean2: 0
    dvar: 0
    dvar2: 0
    kurt: -2
    max: 2347.11914062
    mean: 2110.25390625
    median: 2110.25390625
    min: 1873.38867188
    skew: 0
    var: 56105.140625

SpecCent:
    dmean: 110.458984375
    dmean2: 0
    dvar: 0
    dvar2: 0
    kurt: -2
    max: 1796.68774414
    mean: 1741.45825195
    median: 1741.45825195
    min: 1686.22875977
    skew: 0
    var: 3050.296875

Zcr:
    dmean: 0
    dmean2: 0
    dvar: 0
    dvar2: 0
    kurt: 0
    max: 0.0224609375
    mean: 0.0224609375
    median: 0.0224609375
    min: 0.0224609375
    skew: 0
    var: 0

HarmonicAmpFreq:
    dmean: [109.698242188]
    dmean2: [0]
    dvar: [0]
    dvar2: [0]
    kurt: [-2]
    max: [1692.6998291]
    mean: [1637.85070801]
    median: [1637.85070801]
    min: [1583.00158691]
    skew: [0]
    var: [3008.42602539]

HarmonicAmpMag:
    dmean: [0.0670724287629]
    dmean2: [0]
    dvar: [0]
    dvar2: [0]
    kurt: [-2]
    max: [0.0670724287629]
    mean: [0.0335362143815]
    median: [0.0335362143815]
    min: [0]
    skew: [0]
    var: [0.00112467771396]

MfccCoeff:
    dmean: [399.366760254, 40.3876304626, 45.5471115112, 2.84075927734, 58.6470718384, 15.5806655884, 39.5032958984, 14.9398860931, 23.406288147, 14.4131965637, 8.4466381073, 9.70177459717, 0.640697479248]
    dmean2: [0, 0, 0, 0, 0, 0, 0, 0, 0, 0, 0, 0, 0]
    dvar: [0, 0, 0, 0, 0, 0, 0, 0, 0, 0, 0, 0, 0]
    dvar2: [0, 0, 0, 0, 0, 0, 0, 0, 0, 0, 0, 0, 0]
    kurt: [-1.99999988079, -1.99999988079, -2, -2, -1.99999988079, -2, -2, -2, -2, -1.99999988079, -2, -2, -1.99999988079]
    max: [-610.222839355, 70.1682510376, -93.8709793091, -43.3635025024, 79.8907318115, 36.5464859009, -5.12476539612, -4.37962341309, 20.6728782654, 9.66514968872, 2.0835609436, 7.47949981689, -0.345565795898]
    mean: [-809.90625, 49.9744338989, -116.64453125, -44.7838821411, 50.5671958923, 28.7561531067, -24.876411438, -11.8495664597, 8.96973419189, 2.45855140686, -2.13975811005, 2.62861251831, -0.665914535522]
    median: [-809.90625, 49.9744338989, -116.64453125, -44.7838821411, 50.5671958923, 28.7561531067, -24.876411438, -11.8495664597, 8.96973419189, 2.45855140686, -2.13975811005, 2.62861251831, -0.665914535522]
    min: [-1009.58959961, 29.780620575, -139.41809082, -46.2042617798, 21.2436580658, 20.9658203125, -44.6280593872, -19.3195095062, -2.73340988159, -4.748046875, -6.3630771637, -2.22227478027, -0.986263275146]
    skew: [4.39584397327e-07, 2.96472876471e-07, -4.96088034652e-07, 0, -7.74606263576e-08, 0, -1.26733112893e-07, 0, 0, 0, 0, 0, 0]
    var: [39873.453125, 407.790161133, 518.63482666, 2.01747822762, 859.869812012, 60.6892852783, 390.127563477, 55.8000488281, 136.963577271, 51.9350585938, 17.8364238739, 23.5311069489, 0.102623313665]

SpecContrastCoeff:
    dmean: [0.00987780094147, 0.0172572731972, 0.0811972022057, 0.00555950403214, 0.264421105385, 0.024674654007]
    dmean2: [0, 0, 0, 0, 0, 0]
    dvar: [0, 0, 0, 0, 0, 0]
    dvar2: [0, 0, 0, 0, 0, 0]
    kurt: [-1.99999988079, -2, -2, -2, -2, -2]
    max: [-0.975197732449, -0.945946216583, -0.832629561424, -0.76659733057, -0.568383097649, -0.930749714375]
    mean: [-0.980136632919, -0.95457482338, -0.873228192329, -0.769377112389, -0.700593650341, -0.943087041378]
    median: [-0.980136632919, -0.95457482338, -0.873228192329, -0.769377112389, -0.700593650341, -0.943087041378]
    min: [-0.98507553339, -0.96320348978, -0.91382676363, -0.772156834602, -0.832804203033, -0.955424368382]
    skew: [0, -1.03523625512e-05, 2.22900371227e-06, 3.21294319292e-05, 0, 0]
    var: [2.4392737032e-05, 7.44533754187e-05, 0.00164824642707, 7.72702151153e-06, 0.0174796301872, 0.000152209642692]

SpecPeakAmp:
    dmean: [0.0670400708914, 0.0426062233746, 0.0297576636076, 0.0210543442518, 0.0146740172058]
    dmean2: [0, 0, 0, 0, 0]
    dvar: [0, 0, 0, 0, 0]
    dvar2: [0, 0, 0, 0, 0]
    kurt: [-2, -2, -2, -2, -2]
    max: [0.0670724287629, 0.0426450259984, 0.0297978669405, 0.0210966486484, 0.0147194433957]
    mean: [0.0335523933172, 0.0213419143111, 0.0149190351367, 0.0105694765225, 0.00738243479282]
    median: [0.0335523933172, 0.0213419143111, 0.0149190351367, 0.0105694765225, 0.00738243479282]
    min: [3.23596505041e-05, 3.88018052035e-05, 4.02032455895e-05, 4.23045385105e-05, 4.54262262792e-05]
    skew: [0, 0, 0, 0, 0]
    var: [0.00112359272316, 0.000453822576674, 0.000221379639697, 0.00011082135461, 5.38316962775e-05]
