
metadata:
    version:
        essentia: "2.1-beta3"

Flux:
    dmean: 5.80821233598e-06
    dmean2: 8.9056284196e-06
    dvar: 3.06383252102e-10
    dvar2: 6.57180365682e-10
    kurt: 14.3569965363
    max: 9.61012265179e-05
    mean: 6.74046441418e-06
    median: 2.29199440582e-06
    min: 8.15376722585e-07
    skew: 3.89624261856
    var: 3.21672133374e-10

Rms:
    dmean: 1.2890633343e-06
    dmean2: 1.19162086776e-06
    dvar: 2.51017089059e-11
    dvar2: 1.88974703941e-11
    kurt: 19.7221107483
    max: 7.73285210016e-05
    mean: 7.58992318879e-05
    median: 7.72597559262e-05
    min: 4.46549784101e-05
    skew: -4.51544523239
    var: 3.30959010197e-11

RollOff:
    dmean: 1.00154435635
    dmean2: 1.025390625
    dvar: 20.5633563995
    dvar2: 21.0285148621
    kurt: 17.0419883728
    max: 2670.1171875
    mean: 2649.56420898
    median: 2648.58398438
    min: 2648.58398438
    skew: 4.36339569092
    var: 20.118303299

SpecCent:
    dmean: 1.60380518436
    dmean2: 2.27397227287
    dvar: 6.54370689392
    dvar2: 3.68514466286
    kurt: 28.029504776
    max: 2704.359375
    mean: 2683.48413086
    median: 2683.13623047
    min: 2681.24804688
    skew: 5.12298059464
    var: 11.8187713623

Zcr:
    dmean: 0.00290697673336
    dmean2: 0.0029413131997
    dvar: 0.000147907761857
    dvar2: 0.000139514435432
    kurt: 17.3091087341
    max: 0.1201171875
    mean: 0.116787999868
    median: 0.11962890625
    min: 0.0556640625
    skew: -4.37615299225
    var: 0.000157045011292

HarmonicAmpFreq:
    dmean: [0]
    dmean2: [0]
    dvar: [0]
    dvar2: [0]
    kurt: [-2]
    max: [2641.22070312]
    mean: [2641.21923828]
    median: [2641.22070312]
    min: [2641.22070312]
    skew: [1]
    var: [2.14576721191e-06]

HarmonicAmpMag:
    dmean: [0]
    dmean2: [0]
    dvar: [0]
    dvar2: [0]
    kurt: [nan]
    max: [0]
    mean: [0]
    median: [0]
    min: [0]
    skew: [nan]
    var: [0]

MfccCoeff:
    dmean: [0.020064951852, 0.00553716626018, 0.0262138899416, 0.0157683622092, 0.0200656633824, 0.0235950555652, 0.0108592901379, 0.0278302561492, 0, 0.0278299022466, 0.0108585804701, 0.0235925726593, 0.0200638882816]
    dmean2: [0.02232433483, 0.00615946436301, 0.0291522797197, 0.0175330750644, 0.0223181582987, 0.0262407567352, 0.0120787844062, 0.0309513639659, 0, 0.0309510007501, 0.0120758786798, 0.0262383967638, 0.0223132539541]
    dvar: [0.00552502647042, 0.000420402939199, 0.0094308424741, 0.00341018941253, 0.0055247200653, 0.00763858808205, 0.00161822931841, 0.0106285391375, 0, 0.010628557764, 0.00161810300779, 0.00763882882893, 0.00552439736202]
    dvar2: [0.00541460281238, 0.000411887041992, 0.00924228876829, 0.00334177841432, 0.00541404960677, 0.00748546048999, 0.00158581673168, 0.0104158734903, 0, 0.0104157077149, 0.00158573419321, 0.00748596992344, 0.00541384005919]
    kurt: [16.9991664886, 17.0002651215, 17.0006160736, 17.0005340576, 17.000585556, 17.0005626678, 17.0006141663, 17.000617981, nan, 17.0006084442, 17.0006217957, 17.0006275177, 17.0006122589]
    max: [-1138.05480957, 1.14440917969e-05, -6.103515625e-05, 0.287036895752, 0.365188598633, 2.28881835938e-05, -2.67028808594e-05, 0.506546020508, -4.57763671875e-05, -2.28881835938e-05, 0.197635650635, 0.429443359375, -3.81469726562e-05]
    mean: [-1138.07531738, -0.0950854942203, -0.450416564941, 0.270903497934, 0.344633966684, -0.405292510986, -0.18657822907, 0.47804415226, -4.57763671875e-05, -0.478122353554, 0.186518236995, 0.405285060406, -0.344725519419]
    median: [-1138.05908203, -0.099552154541, -0.471542358398, 0.283603668213, 0.360801696777, -0.424301147461, -0.195323944092, 0.500465393066, -4.57763671875e-05, -0.500545501709, 0.195266723633, 0.424297332764, -0.360893249512]
    min: [-1138.42004395, -0.100757598877, -0.477264404297, 8.01086425781e-05, -6.103515625e-05, -0.42945098877, -0.197704315186, -5.34057617188e-05, -4.57763671875e-05, -0.506622314453, -2.67028808594e-05, -3.0517578125e-05, -0.365272521973]
    skew: [-4.3556060791, 4.35579395294, 4.35585737228, -4.35584115982, -4.35585212708, 4.35584688187, 4.35585641861, -4.35585641861, nan, 4.35585641861, -4.35585737228, -4.35585832596, 4.35585689545]
    var: [0.00566577492282, 0.000431152555393, 0.00966952368617, 0.00349677214399, 0.00566453672945, 0.00783214811236, 0.00165917316917, 0.0108975050971, 0, 0.0108975945041, 0.00165905570611, 0.00783214252442, 0.00566428201273]

SpecContrastCoeff:
    dmean: [0.0306542254984, 0.0251850970089, 0.0130032449961, 0.0107026007026, 0.0117347892374, 0.00888695381582]
    dmean2: [0.047631341964, 0.0412109866738, 0.0193401183933, 0.0175914671272, 0.0159423109144, 0.0138761289418]
    dvar: [0.00162631087005, 0.000327371875755, 0.000429634179454, 8.2222657511e-05, 0.000529183249455, 0.000168535625562]
    dvar2: [0.00202417513356, 0.000890670460649, 0.000440274277935, 0.000176918314537, 0.000502004637383, 0.000223269758862]
    kurt: [10.7961454391, 1.39184856415, 13.6623382568, 6.15331268311, 16.25116539, 12.162153244]
    max: [-0.64098918438, -0.868777215481, -0.839280426502, -0.893066048622, -0.669192612171, -0.847736179829]
    mean: [-0.679601430893, -0.916677474976, -0.862339019775, -0.911659061909, -0.683211922646, -0.869570732117]
    median: [-0.671221971512, -0.916974425316, -0.859565138817, -0.91038107872, -0.67741394043, -0.86873537302]
    min: [-0.861299932003, -0.985105335712, -0.967619299889, -0.952641546726, -0.812763512135, -0.935753941536]
    skew: [-3.20500588417, -0.459741085768, -3.6759519577, -1.70627748966, -4.11574745178, -3.29320144653]
    var: [0.00189258379396, 0.000417917384766, 0.000504501571413, 8.80654915818e-05, 0.000673111586366, 0.000210825397517]

SpecPeakAmp:
    dmean: [1.17686347778e-07, 5.13586684292e-08, 4.9289997861e-08, 1.01271069752e-07, 3.81673217476e-08]
    dmean2: [1.48755702867e-07, 6.74552111946e-08, 7.25467472762e-08, 1.75231136268e-07, 6.05604668635e-08]
    dvar: [1.32925043043e-13, 1.85428065182e-14, 9.52726141929e-15, 5.27706481282e-15, 2.79805454488e-15]
    dvar2: [1.39277397124e-13, 1.92328825663e-14, 1.06743651055e-14, 1.06075435233e-14, 3.46919305383e-15]
    kurt: [23.0264129639, 17.9548797607, 14.7977237701, 2.52913713455, 16.6134281158]
    max: [8.46575312607e-06, 8.16659451175e-07, 5.69224255287e-07, 4.74312344068e-07, 4.74166085951e-07]
    mean: [8.30685712572e-06, 9.97241897949e-08, 7.63173773066e-08, 1.39100265528e-07, 1.68839363823e-07]
    median: [8.38047253637e-06, 6.96796860211e-08, 5.19805141153e-08, 1.58115568638e-07, 1.56739844215e-07]
    min: [6.219635452e-06, 3.06887351087e-08, 2.35871926435e-08, 2.05378274387e-08, 6.80811709231e-08]
    skew: [-4.84812498093, 4.37515306473, 3.93776631355, 1.18863010406, 3.48897433281]
    var: [1.3389681345e-13, 1.93867477952e-14, 1.02882417483e-14, 8.51563472379e-15, 3.20933943924e-15]
