
metadata:
    version:
        essentia: "2.1-beta3"

Flux:
    dmean: 0.000124485246488
    dmean2: 0.00016510450223
    dvar: 1.67472435919e-07
    dvar2: 3.30989564645e-07
    kurt: 9.57386112213
    max: 0.0023739519529
    mean: 0.000162822005223
    median: 5.79250809096e-06
    min: 4.82967971038e-06
    skew: 3.29379320145
    var: 2.7071837394e-07

Rms:
    dmean: 4.8534522648e-05
    dmean2: 3.57965436706e-05
    dvar: 3.06063405731e-08
    dvar2: 1.37746951623e-08
    kurt: 20.8760967255
    max: 0.00171370455064
    mean: 0.00165270688012
    median: 0.00171337870415
    min: 0.000309524068143
    skew: -4.53583717346
    var: 5.68258613498e-08

RollOff:
    dmean: 5.87269163132
    dmean2: 5.5084939003
    dvar: 1040.40332031
    dvar2: 864.664428711
    kurt: 38.6573524475
    max: 2885.44921875
    mean: 2654.8059082
    median: 2648.58398438
    min: 2648.58398438
    skew: 6.32909679413
    var: 1228.69165039

SpecCent:
    dmean: 0.850696921349
    dmean2: 1.45458984375
    dvar: 0.859717905521
    dvar2: 0.924200713634
    kurt: 24.6575641632
    max: 2630.00048828
    mean: 2623.36157227
    median: 2623.19165039
    min: 2622.02050781
    skew: 4.63572263718
    var: 1.25466871262

Zcr:
    dmean: 0.00401722313836
    dmean2: 0.00286155520007
    dvar: 0.000214380255784
    dvar2: 0.000144321704283
    kurt: 17.7088756561
    max: 0.11962890625
    mean: 0.114485673606
    median: 0.11962890625
    min: 0.0048828125
    skew: -4.22641992569
    var: 0.000413964560721

HarmonicAmpFreq:
    dmean: [0.611505687237]
    dmean2: [0.625726759434]
    dvar: [16.0793857574]
    dvar2: [16.4444255829]
    kurt: [40.0276260376]
    max: [2641.3425293]
    mean: [2640.74536133]
    median: [2641.3425293]
    min: [2614.4362793]
    skew: [-6.48306083679]
    var: [15.7301902771]

HarmonicAmpMag:
    dmean: [5.85046535662e-08]
    dmean2: [5.98652221129e-08]
    dvar: [1.47180160312e-13]
    dvar2: [1.50521508777e-13]
    kurt: [40.0227203369]
    max: [2.57420470007e-06]
    mean: [5.72045486535e-08]
    median: [0]
    min: [0]
    skew: [6.48249340057]
    var: [1.43983864545e-13]

MfccCoeff:
    dmean: [0.633750200272, 0.142270177603, 0.840538203716, 0.403035253286, 0.684248864651, 0.59764200449, 0.457330256701, 0.697904467583, 0.201889291406, 0.695375978947, 0.037524484098, 0.634329974651, 0.223213374615]
    dmean2: [0.715462625027, 0.160624653101, 0.94572520256, 0.452233970165, 0.761597394943, 0.661898612976, 0.498257935047, 0.756441354752, 0.20956838131, 0.7289737463, 0.0490355379879, 0.632254600525, 0.23274230957]
    dvar: [8.9924249649, 0.455827355385, 15.8870916367, 3.69034790993, 10.6753873825, 8.26904201508, 4.90069961548, 11.6444282532, 1.01332044601, 12.1699800491, 0.0355689823627, 9.86515235901, 1.31160581112]
    dvar2: [11.8873662949, 0.602480709553, 20.8088741302, 4.7959895134, 13.5767946243, 10.371972084, 5.88418722153, 13.7866830826, 1.07328689098, 13.2171669006, 0.0654575899243, 9.4504404068, 1.40496528149]
    kurt: [29.7357597351, 29.9936637878, 29.8560218811, 30.2476882935, 30.186050415, 30.6980857849, 30.5720100403, 31.2162628174, 30.3734970093, 31.5849113464, 23.5322246552, 31.485332489, 33.0722694397]
    max: [-1119.10571289, 1.14440917969e-05, -6.103515625e-05, 12.3927650452, 21.0355682373, 2.28881835938e-05, -2.67028808594e-05, 21.9873905182, 6.3914680481, -2.28881835938e-05, 1.19162368774, 20.7069950104, -3.81469726562e-05]
    mean: [-1122.42370605, -3.60931062698, -21.3987636566, 10.3933401108, 17.8893985748, -15.9336395264, -12.5511798859, 19.5941123962, 6.07145738602, -20.9970111847, 0.730298936367, 20.0703849792, -7.02047681808]
    median: [-1121.99694824, -3.70515823364, -21.9743690491, 10.6728858948, 18.3816986084, -16.3731002808, -12.9110870361, 20.1545658112, 6.26013565063, -21.6262435913, 0.736583709717, 20.7065906525, -7.22607803345]
    min: [-1138.42004395, -4.35475540161, -25.6716880798, 8.01086425781e-05, -6.103515625e-05, -18.5496139526, -14.2217788696, -5.34057617188e-05, -4.57763671875e-05, -22.3902664185, -2.67028808594e-05, -3.0517578125e-05, -7.41730117798]
    skew: [-5.36482334137, 5.38945007324, 5.38626003265, -5.43137741089, -5.44492101669, 5.50370645523, 5.51756000519, -5.58368968964, -5.52977514267, 5.63890743256, -3.02182030678, -5.63037919998, 5.77923774719]
    var: [6.71145629883, 0.340181648731, 11.9871673584, 2.80936169624, 8.33487796783, 6.55676794052, 4.07951164246, 9.83822345734, 0.958930969238, 11.2370605469, 0.0166195966303, 10.2838497162, 1.22738647461]

SpecContrastCoeff:
    dmean: [0.0400201193988, 0.0249947551638, 0.0163976326585, 0.0127308899537, 0.0215799789876, 0.00650335848331]
    dmean2: [0.0741557702422, 0.044510204345, 0.0286567397416, 0.0241851229221, 0.0330785810947, 0.0120376953855]
    dvar: [0.00104210409336, 0.000330303475494, 0.000131197215524, 6.74510811223e-05, 0.00109286606312, 2.67489303951e-05]
    dvar2: [0.00244713528082, 0.00096976547502, 0.000361410930054, 0.000222344693611, 0.0012397923274, 0.000105379607703]
    kurt: [7.51996326447, 0.0948128700256, 2.63148832321, -0.255985498428, 18.6125736237, -0.077873468399]
    max: [-0.714067578316, -0.904323816299, -0.902039587498, -0.919907391071, -0.518082261086, -0.914802730083]
    mean: [-0.783918917179, -0.93844884634, -0.941099226475, -0.942398905754, -0.563217401505, -0.927397251129]
    median: [-0.776502668858, -0.939085423946, -0.941968917847, -0.942857861519, -0.553872168064, -0.927543818951]
    min: [-0.982119202614, -0.996481835842, -0.991299927235, -0.96002215147, -0.843590855598, -0.935291588306]
    skew: [-2.37211942673, -0.480906873941, -0.413082420826, 0.313900828362, -4.28857040405, 0.444904863834]
    var: [0.00212500314228, 0.000430313753895, 0.000206881799386, 7.41243056837e-05, 0.00267978431657, 2.42768182943e-05]

SpecPeakAmp:
    dmean: [1.16568071462e-06, 7.78138030455e-07, 7.75029548095e-07, 7.30146666683e-07, 7.96413814896e-07]
    dmean2: [1.80985387033e-06, 1.2530076674e-06, 1.23354618609e-06, 1.20769664136e-06, 1.27572332076e-06]
    dvar: [9.18913903303e-12, 7.47006796697e-12, 7.26065778681e-12, 6.17076788972e-12, 7.40160190082e-12]
    dvar2: [2.05151954452e-11, 1.90175809128e-11, 1.85110832912e-11, 1.61666478815e-11, 1.89534169609e-11]
    kurt: [18.428812027, 39.6944847107, 39.5528488159, 37.4129333496, 39.5227584839]
    max: [1.85903518286e-05, 1.37598808578e-05, 1.37215283758e-05, 1.36199096232e-05, 1.37844772325e-05]
    mean: [8.41446126287e-06, 6.88406259997e-07, 6.93878348557e-07, 7.72949476868e-07, 7.72591420173e-07]
    median: [8.39824315335e-06, 4.0970627424e-07, 4.02859427595e-07, 4.26600308856e-07, 4.97720122894e-07]
    min: [4.34889102507e-07, 1.49827144469e-07, 1.21622576899e-07, 1.23381155959e-07, 2.32030828329e-07]
    skew: [1.55190777779, 6.4436674118, 6.4269618988, 6.19591760635, 6.42339706421]
    var: [3.91566726959e-12, 3.89818299168e-12, 3.87853724831e-12, 3.87104497762e-12, 3.87052586162e-12]
