
metadata:
    version:
        essentia: "2.1-beta3"

Flux:
    dmean: 0.00278824428096
    dmean2: 0.00367191503756
    dvar: 8.40161883389e-05
    dvar2: 0.000165699791978
    kurt: 9.59310531616
    max: 0.0532453618944
    mean: 0.00358278653584
    median: 6.64090839564e-05
    min: 1.61201660376e-05
    skew: 3.29582834244
    var: 0.000136208705953

Rms:
    dmean: 0.00108381651808
    dmean2: 0.000798836350441
    dvar: 1.52423517648e-05
    dvar2: 6.86397743266e-06
    kurt: 20.8158321381
    max: 0.0383601635695
    mean: 0.0369987525046
    median: 0.0383536592126
    min: 0.00703890435398
    skew: -4.53000116348
    var: 2.8319123885e-05

RollOff:
    dmean: 7.83025550842
    dmean2: 7.51158237457
    dvar: 2025.24182129
    dvar2: 1787.50793457
    kurt: 39.2810211182
    max: 2971.58203125
    mean: 2656.72021484
    median: 2648.58398438
    min: 2648.58398438
    skew: 6.39808225632
    var: 2272.82763672

SpecCent:
    dmean: 6.04213666916
    dmean2: 6.44386482239
    dvar: 1148.77966309
    dvar2: 1054.15002441
    kurt: 39.7978477478
    max: 2863.03759766
    mean: 2628.63183594
    median: 2623.05566406
    min: 2621.65722656
    skew: 6.45666265488
    var: 1252.05273438

Zcr:
    dmean: 0.0040283203125
    dmean2: 0.00286155520007
    dvar: 0.00021675635071
    dvar2: 0.000148003324284
    kurt: 17.7943000793
    max: 0.11962890625
    mean: 0.114463977516
    median: 0.11962890625
    min: 0.00390625
    skew: -4.23424863815
    var: 0.000419855030486

HarmonicAmpFreq:
    dmean: [0.342368394136]
    dmean2: [0.35033044219]
    dvar: [5.04029321671]
    dvar2: [5.15471982956]
    kurt: [40.0232315063]
    max: [2656.40820312]
    mean: [2641.67871094]
    median: [2641.34399414]
    min: [2641.34399414]
    skew: [6.48255252838]
    var: [4.93083333969]

HarmonicAmpMag:
    dmean: [1.35893503739e-06]
    dmean2: [1.39053815928e-06]
    dvar: [7.94082993805e-11]
    dvar2: [8.12110517723e-11]
    kurt: [40.0227241516]
    max: [5.97931430093e-05]
    mean: [1.32873651637e-06]
    median: [0]
    min: [0]
    skew: [6.48249387741]
    var: [7.76837968952e-11]

MfccCoeff:
    dmean: [10.0594511032, 0.201506182551, 3.07280564308, 1.20823097229, 0.850130021572, 0.826561391354, 0.607240438461, 1.00259387493, 0.432535946369, 1.08208310604, 0.237018406391, 1.03721129894, 0.442301392555]
    dmean2: [15.0820579529, 0.256541311741, 4.25496196747, 1.63126075268, 0.836104929447, 0.841524958611, 0.41946041584, 0.865374743938, 0.471561610699, 0.868581473827, 0.353522449732, 0.9248072505, 0.474665701389]
    dvar: [2076.92626953, 0.569987535477, 196.582382202, 28.0934829712, 19.4889259338, 12.5938100815, 7.06063270569, 15.3458681107, 2.09868121147, 17.1618652344, 0.231141194701, 17.5195522308, 1.55550968647]
    dvar2: [5170.34326172, 0.706109046936, 410.939422607, 53.9077644348, 14.3376579285, 7.40031480789, 2.78365707397, 6.27144622803, 2.12521028519, 11.2541284561, 0.3368511796, 14.655790329, 1.18779909611]
    kurt: [38.2406044006, 18.4846134186, 19.4862861633, 20.2010936737, 38.3825798035, 35.2073898315, 30.8144187927, 30.5229873657, 17.567653656, 24.0940532684, 16.0500793457, 21.5048046112, 22.8435153961]
    max: [-901.367370605, -0.959156036377, -4.85968017578, 35.8132247925, 38.9063148499, -4.0023727417, -2.22274398804, 43.4223403931, 13.3573722839, -4.55444335938, 4.63312911987, 42.6672821045, -2.38909912109]
    mean: [-1100.91784668, -7.28562688828, -45.1302909851, 21.6029605865, 36.8941993713, -32.5170860291, -25.922870636, 39.8953704834, 12.7246923447, -42.6688423157, 0.969709098339, 40.8684577942, -13.6374502182]
    median: [-1104.92102051, -7.47996902466, -44.8705711365, 21.5602760315, 37.6780891418, -33.1208305359, -26.7131729126, 40.8635520935, 13.3572349548, -44.0036239624, 0.736675262451, 42.3672866821, -13.8751792908]
    min: [-1134.71203613, -8.67027664185, -89.1749267578, 2.71159744263, 3.78257751465, -36.1973686218, -26.7133102417, 4.63580322266, 0.474472045898, -45.6827163696, 0.736560821533, 3.84407043457, -16.5852012634]
    skew: [6.24690771103, 4.36691188812, -0.632506489754, -1.8870497942, -6.30126237869, 5.93909549713, 5.55875778198, -5.52810096741, -4.25917243958, 4.9614572525, 4.05005455017, -4.7038693428, 4.61389017105]
    var: [924.733703613, 1.44954562187, 79.4879226685, 12.6937246323, 25.408908844, 19.6252746582, 14.4914331436, 32.2363815308, 5.42102527618, 43.1869354248, 0.498338192701, 43.7668037415, 3.81970071793]

SpecContrastCoeff:
    dmean: [0.068016178906, 0.0126257082447, 0.0130324903876, 0.0172974150628, 0.0279635675251, 0.0175432190299]
    dmean2: [0.135595843196, 0.0247933920473, 0.0252044759691, 0.0339163504541, 0.0398303121328, 0.0345842354]
    dvar: [0.00299442280084, 0.000154977460625, 0.000100723584183, 0.000110542307084, 0.00193019176368, 0.000156894268002]
    dvar2: [0.00968847051263, 0.000500812195241, 0.000301789521473, 0.000371338101104, 0.00138994515873, 0.000571950571612]
    kurt: [0.691225767136, 3.51330184937, 3.90264511108, 0.605247735977, 18.6131439209, -0.14813709259]
    max: [-0.783446788788, -0.945018947124, -0.9358304739, -0.894894719124, -0.385293006897, -0.910657644272]
    mean: [-0.909443676472, -0.986374676228, -0.981590926647, -0.936787247658, -0.43347582221, -0.93991869688]
    median: [-0.928513765335, -0.991076171398, -0.987174034119, -0.940916657448, -0.419539213181, -0.947173714638]
    min: [-0.992891490459, -0.995468318462, -0.991248846054, -0.951473414898, -0.82375150919, -0.950510084629]
    skew: [1.13591015339, 2.03108453751, 1.89738845825, 1.08499956131, -4.29334545135, 1.12338709831]
    var: [0.00253247888759, 0.000128063882585, 0.000139751617098, 0.000197022120119, 0.00516029121354, 0.000161012882018]

SpecPeakAmp:
    dmean: [1.31813148982e-05, 1.05286535472e-05, 1.04019409264e-05, 1.03559286799e-05, 9.39787514653e-06]
    dmean2: [2.03695253731e-05, 1.80627339432e-05, 1.78734935616e-05, 1.78688205779e-05, 1.69714367075e-05]
    dvar: [7.90361609493e-10, 8.89150142402e-10, 8.60726767637e-10, 8.47859005226e-10, 6.45551667677e-10]
    dvar2: [2.02901873081e-09, 2.3198605259e-09, 2.25110774466e-09, 2.23290053114e-09, 1.75537462344e-09]
    kurt: [33.8780403137, 38.975151062, 38.9847145081, 38.8439369202, 29.9290885925]
    max: [0.00015060568694, 0.000149071376654, 0.000148063321831, 0.000149898871314, 0.000152205000632]
    mean: [1.92617899302e-05, 8.35558057588e-06, 8.41543169372e-06, 8.66119171405e-06, 9.80642653303e-06]
    median: [1.58654056577e-05, 5.54227290195e-06, 5.71757482248e-06, 5.7746146922e-06, 5.79436027692e-06]
    min: [2.66227652901e-06, 5.69626593006e-07, 8.71916142842e-07, 1.0962584156e-06, 9.75163970907e-07]
    skew: [5.73779535294, 6.35739612579, 6.35849666595, 6.34225225449, 5.46074199677]
    var: [4.23604179511e-10, 4.55614684869e-10, 4.48674375431e-10, 4.59720095325e-10, 5.30781363306e-10]
