
metadata:
    version:
        essentia: "2.1-beta3"

Flux:
    dmean: 0.0249937493354
    dmean2: 0.032988909632
    dvar: 0.00682112621143
    dvar2: 0.0131537197158
    kurt: 9.39802360535
    max: 0.49018189311
    mean: 0.0330189317465
    median: 0.000645601539873
    min: 0.000110010347271
    skew: 3.26732397079
    var: 0.0114807179198

Rms:
    dmean: 0.00997199490666
    dmean2: 0.00738110952079
    dvar: 0.00129851151723
    dvar2: 0.000588023744058
    kurt: 21.0669631958
    max: 0.353483170271
    mean: 0.340985447168
    median: 0.353421241045
    min: 0.0639663115144
    skew: -4.55469465256
    var: 0.00240432145074

RollOff:
    dmean: 5.87269163132
    dmean2: 5.5084939003
    dvar: 1040.40332031
    dvar2: 864.664428711
    kurt: 38.6573524475
    max: 2885.44921875
    mean: 2654.8059082
    median: 2648.58398438
    min: 2648.58398438
    skew: 6.32909679413
    var: 1228.69165039

SpecCent:
    dmean: 1.51911509037
    dmean2: 2.2301735878
    dvar: 20.1293907166
    dvar2: 22.8721199036
    kurt: 36.9400444031
    max: 2651.43164062
    mean: 2623.70825195
    median: 2623.08105469
    min: 2620.94091797
    skew: 6.12631464005
    var: 18.1332550049

Zcr:
    dmean: 0.00399502832443
    dmean2: 0.00280477828346
    dvar: 0.000215695952647
    dvar2: 0.000146944570588
    kurt: 17.8792991638
    max: 0.11962890625
    mean: 0.114485673606
    median: 0.11962890625
    min: 0.00390625
    skew: -4.2424197197
    var: 0.000418785930378

HarmonicAmpFreq:
    dmean: [0.517339527607]
    dmean2: [0.52937066555]
    dvar: [11.5085277557]
    dvar2: [11.7697992325]
    kurt: [40.0301399231]
    max: [2641.34228516]
    mean: [2640.83740234]
    median: [2641.34228516]
    min: [2618.5793457]
    skew: [-6.48335123062]
    var: [11.2585992813]

HarmonicAmpMag:
    dmean: [1.21636558106e-05]
    dmean2: [1.24465323097e-05]
    dvar: [6.36204511295e-09]
    dvar2: [6.50647802303e-09]
    kurt: [40.0227279663]
    max: [0.000535200873856]
    mean: [1.18933530757e-05]
    median: [0]
    min: [0]
    skew: [6.48249387741]
    var: [6.22388141025e-09]

MfccCoeff:
    dmean: [41.2766113281, 34.9680328369, 8.68521785736, 12.6763086319, 4.10362815857, 2.16699957848, 1.74959874153, 4.46051216125, 2.5140080452, 2.38172411919, 0.782523393631, 2.44324707985, 1.25578463078]
    dmean2: [69.9815597534, 68.1171569824, 16.5169219971, 25.0136432648, 7.56258583069, 3.88082909584, 2.8590066433, 7.46034431458, 4.11160421371, 4.14237928391, 1.08210027218, 3.19051909447, 1.93605029583]
    dvar: [6082.8125, 262.371551514, 43.7434539795, 55.0252838135, 38.0138511658, 22.3296279907, 10.6748037338, 24.6471385956, 4.31004714966, 28.8087654114, 2.42239928246, 28.054479599, 2.75013518333]
    dvar2: [14379.7734375, 1046.78479004, 66.1779022217, 196.911514282, 70.8881072998, 38.0233459473, 20.0167121887, 38.035194397, 2.97871112823, 50.8993339539, 3.85238933563, 24.1614742279, 3.85148596764]
    kurt: [26.3038749695, -0.213681459427, 18.6361808777, 0.50098323822, 10.1228256226, 11.7560920715, 9.29931735992, 14.6305522919, 18.7811260223, 11.0030155182, 20.4892311096, 17.9203720093, 14.6930713654]
    max: [-658.003417969, 67.9433822632, -58.4048881531, 52.2990036011, 71.2101745605, -24.2905197144, -15.2928619385, 62.2418670654, 15.6062507629, -21.9216365814, 6.48020553589, 48.8440933228, -3.66827392578]
    mean: [-1015.64367676, 4.32959747314, -103.33506012, 38.9953804016, 61.9543190002, -49.5393562317, -32.5970573425, 50.1083602905, 13.0055799484, -48.7544631958, 2.01424098015, 43.8229293823, -15.0168390274]
    median: [-1022.60827637, 6.81080245972, -103.656234741, 38.9115943909, 63.4193611145, -51.0956230164, -32.9515457153, 51.0337142944, 13.8523826599, -49.9757995605, 2.09009170532, 45.9314193726, -15.4431343079]
    min: [-1057.03613281, -25.2249526978, -111.560821533, 13.3970069885, 29.4023780823, -55.7456016541, -41.2028579712, 13.4665622711, -8.1028137207, -58.7072906494, -7.56560325623, 1.05090332031, -20.5036582947]
    skew: [5.01623916626, 0.245949983597, 3.70130825043, -0.301959842443, -3.2531785965, 3.55844140053, 2.68331933022, -3.55296111107, -4.12339305878, 3.36648201942, -3.53751778603, -4.24026012421, 3.17200231552]
    var: [3562.07641602, 455.596618652, 64.9678421021, 65.1751556396, 58.2618331909, 34.4124336243, 15.4397287369, 50.8407821655, 14.5910129547, 40.153793335, 2.89115595818, 63.2508354187, 4.88697624207]

SpecContrastCoeff:
    dmean: [0.0267388988286, 0.0150910997763, 0.0149099864066, 0.0200810022652, 0.0327373892069, 0.0218339748681]
    dmean2: [0.051976069808, 0.0285811703652, 0.0289020873606, 0.0399176627398, 0.0451470576227, 0.043017398566]
    dvar: [0.000969501736108, 0.000293812336167, 0.000143147306517, 0.000136087808642, 0.00328792189248, 0.000289871910354]
    dvar2: [0.0028845698107, 0.000780628703069, 0.00041145956493, 0.000490049540531, 0.00238198391162, 0.000935597228818]
    kurt: [6.37407684326, 6.62316131592, 4.39425230026, -0.410695552826, 21.030828476, 3.21590805054]
    max: [-0.867627263069, -0.917879223824, -0.929473817348, -0.885300636292, -0.230872154236, -0.854973971844]
    mean: [-0.969984173775, -0.985862791538, -0.979591906071, -0.92386341095, -0.29187732935, -0.927130877972]
    median: [-0.980505466461, -0.993105888367, -0.984528064728, -0.926796257496, -0.275248140097, -0.935411274433]
    min: [-0.997597455978, -0.996385455132, -0.989504992962, -0.939807891846, -0.756768763065, -0.941455900669]
    skew: [2.56063771248, 2.54081773758, 1.93250632286, 0.654770314693, -4.49518442154, 1.78425168991]
    var: [0.000662888924126, 0.000248737429501, 0.000148433784489, 0.000188937803614, 0.00672086281702, 0.000352633651346]

SpecPeakAmp:
    dmean: [0.000167983074789, 0.000167271398823, 0.000165531833773, 0.000156692200107, 0.000166776575497]
    dmean2: [0.00027264651726, 0.000271390832495, 0.000268933741609, 0.000259642372839, 0.000269888492767]
    dvar: [3.29152697987e-07, 3.27143169443e-07, 3.20994047343e-07, 2.81731558971e-07, 3.31348871896e-07]
    dvar2: [8.42551173719e-07, 8.37053732994e-07, 8.23746290735e-07, 7.38600874683e-07, 8.48028832934e-07]
    kurt: [39.2296943665, 39.2205734253, 39.1582870483, 36.9141693115, 39.2406692505]
    max: [0.00286613288336, 0.00286270468496, 0.0028587251436, 0.00286995153874, 0.00288523314521]
    mean: [0.000124824218801, 0.000115666560305, 0.00011702033953, 0.000126375147374, 0.000118014912005]
    median: [6.37366538285e-05, 5.31205514562e-05, 5.3305819165e-05, 5.3313029639e-05, 5.33749480383e-05]
    min: [1.53573728312e-05, 4.31866646977e-06, 8.64160756464e-06, 1.13570622489e-05, 1.31117849378e-05]
    skew: [6.39146757126, 6.39040899277, 6.38318872452, 6.14245653152, 6.39281606674]
    var: [1.72388794795e-07, 1.73128881897e-07, 1.72584677216e-07, 1.776569718e-07, 1.75639954136e-07]
