
metadata:
    version:
        essentia: "2.1-beta3"

Flux:
    dmean: 0.0132580697536
    dmean2: 0
    dvar: 0
    dvar2: 0
    kurt: -2
    max: 0.298424601555
    mean: 0.291795551777
    median: 0.291795551777
    min: 0.285166531801
    skew: 6.68328357278e-06
    var: 4.39441027993e-05

Rms:
    dmean: 0
    dmean2: 0
    dvar: 0
    dvar2: 0
    kurt: 0
    max: 0.102406822145
    mean: 0.102406822145
    median: 0.102406822145
    min: 0.102406822145
    skew: 0
    var: 0

RollOff:
    dmean: 818.26171875
    dmean2: 0
    dvar: 0
    dvar2: 0
    kurt: -2
    max: 2476.31835938
    mean: 2067.1875
    median: 2067.1875
    min: 1658.05664062
    skew: 0
    var: 167388.0625

SpecCent:
    dmean: 28.5114746094
    dmean2: 0
    dvar: 0
    dvar2: 0
    kurt: -2
    max: 2083.14550781
    mean: 2068.88964844
    median: 2068.88964844
    min: 2054.6340332
    skew: 2.56600978901e-05
    var: 203.226043701

Zcr:
    dmean: 0
    dmean2: 0
    dvar: 0
    dvar2: 0
    kurt: 0
    max: 0.015625
    mean: 0.015625
    median: 0.015625
    min: 0.015625
    skew: 0
    var: 0

HarmonicAmpFreq:
    dmean: [0]
    dmean2: [0]
    dvar: [0]
    dvar2: [0]
    kurt: [nan]
    max: [2218.84204102]
    mean: [2218.84204102]
    median: [2218.84204102]
    min: [2218.84204102]
    skew: [nan]
    var: [0]

HarmonicAmpMag:
    dmean: [0]
    dmean2: [0]
    dvar: [0]
    dvar2: [0]
    kurt: [nan]
    max: [0]
    mean: [0]
    median: [0]
    min: [0]
    skew: [nan]
    var: [0]

MfccCoeff:
    dmean: [288.773498535, 87.5907440186, 59.4710235596, 68.7290878296, 24.3413410187, 3.45389938354, 7.86736679077, 11.5545444489, 3.58704948425, 1.78514862061, 0.671915054321, 3.27047538757, 1.86871528625]
    dmean2: [0, 0, 0, 0, 0, 0, 0, 0, 0, 0, 0, 0, 0]
    dvar: [0, 0, 0, 0, 0, 0, 0, 0, 0, 0, 0, 0, 0]
    dvar2: [0, 0, 0, 0, 0, 0, 0, 0, 0, 0, 0, 0, 0]
    kurt: [-2, -2, -2, -2, -1.99999988079, -2, -2, -1.99999988079, -2, -2, -2, -2, -2]
    max: [-605.321228027, 173.833770752, -70.3877410889, -12.2722301483, 27.9528217316, 2.37591934204, -15.5083274841, 8.29058265686, 8.17230415344, -4.13398742676, -3.52228927612, 5.23256492615, 1.16712379456]
    mean: [-749.708007812, 130.038391113, -100.123252869, -46.6367759705, 15.7821512222, 0.648969650269, -19.4420108795, 2.51331043243, 6.37877941132, -5.02656173706, -3.85824680328, 3.59732723236, 0.232766151428]
    median: [-749.708007812, 130.038391113, -100.123252869, -46.6367759705, 15.7821512222, 0.648969650269, -19.4420108795, 2.51331043243, 6.37877941132, -5.02656173706, -3.85824680328, 3.59732723236, 0.232766151428]
    min: [-894.094726562, 86.2430267334, -129.858764648, -81.0013198853, 3.61148071289, -1.0779800415, -23.3756942749, -3.26396179199, 4.58525466919, -5.91913604736, -4.19420433044, 1.96208953857, -0.701591491699]
    skew: [6.229012115e-07, 5.58028773412e-07, 0, 1.9251217509e-07, 0, 0, 0, 0, 0, 0, 0, 0, 0]
    var: [20847.5351562, 1918.03466797, 884.200683594, 1180.92199707, 148.125213623, 2.98235535622, 15.473865509, 33.3768730164, 3.21673107147, 0.796688914299, 0.112867459655, 2.67400240898, 0.873024225235]

SpecContrastCoeff:
    dmean: [0.0716899037361, 0.0976025462151, 0.136315882206, 0.0592747926712, 0.164903342724, 0.0427298545837]
    dmean2: [0, 0, 0, 0, 0, 0]
    dvar: [0, 0, 0, 0, 0, 0]
    dvar2: [0, 0, 0, 0, 0, 0]
    kurt: [-1.99999988079, -1.99999988079, -1.99999988079, -2, -2.00000023842, -2]
    max: [-0.879757165909, -0.797002077103, -0.851680874825, -0.8394780159, -0.566613197327, -0.87931227684]
    mean: [-0.915602087975, -0.845803380013, -0.919838786125, -0.869115412235, -0.649064898491, -0.900677204132]
    median: [-0.915602087975, -0.845803380013, -0.919838786125, -0.869115412235, -0.649064898491, -0.900677204132]
    min: [-0.951447069645, -0.894604623318, -0.98799675703, -0.898752808571, -0.731516540051, -0.922042131424]
    skew: [-2.48820833804e-06, 1.81549364697e-06, -1.33281162107e-06, 0, 1.03844070054e-06, 0]
    var: [0.00128486054018, 0.00238156411797, 0.00464550498873, 0.000878375256434, 0.00679827854037, 0.000456460111309]

SpecPeakAmp:
    dmean: [0.00249998830259, 0.00268148561008, 0.00047371443361, 0.000820338260382, 0.00140782236122]
    dmean2: [0, 0, 0, 0, 0]
    dvar: [0, 0, 0, 0, 0]
    dvar2: [0, 0, 0, 0, 0]
    kurt: [-2, -2, -2, -2, -2]
    max: [0.0027301821392, 0.00302708777599, 0.00334143848158, 0.00381810241379, 0.00449458323419]
    mean: [0.00148018798791, 0.00168634497095, 0.00310458126478, 0.0034079332836, 0.00379067193717]
    median: [0.00148018798791, 0.00168634497095, 0.00310458126478, 0.0034079332836, 0.00379067193717]
    min: [0.000230193822063, 0.000345602195011, 0.00286772404797, 0.00299776415341, 0.00308676087297]
    skew: [0, 0, 0, 0, 5.17261355526e-07]
    var: [1.56248540861e-06, 1.79759126695e-06, 5.61013422384e-08, 1.68238713627e-07, 4.9549095138e-07]
