
metadata:
    version:
        essentia: "2.1-beta3"

Flux:
    dmean: 4.91739820063e-06
    dmean2: 7.06697528585e-06
    dvar: 3.05050235072e-10
    dvar2: 6.63664401213e-10
    kurt: 14.0850543976
    max: 9.48780434555e-05
    mean: 7.07853450876e-06
    median: 2.7235869311e-06
    min: 3.27686109358e-07
    skew: 3.8599717617
    var: 3.13868181445e-10

Rms:
    dmean: 1.46717161442e-06
    dmean2: 1.24868495277e-06
    dvar: 2.43225647956e-11
    dvar2: 1.82096039636e-11
    kurt: 18.9189777374
    max: 7.77997483965e-05
    mean: 7.59015019867e-05
    median: 7.72682251409e-05
    min: 4.4936685299e-05
    skew: -4.42873859406
    var: 3.34893640597e-11

RollOff:
    dmean: 1.00154435635
    dmean2: 1.025390625
    dvar: 20.5633563995
    dvar2: 21.0285148621
    kurt: 17.0476436615
    max: 193.798828125
    mean: 173.244400024
    median: 172.265625
    min: 172.265625
    skew: 4.36436223984
    var: 20.118303299

SpecCent:
    dmean: 2.85295629501
    dmean2: 2.05368685722
    dvar: 4.89165592194
    dvar2: 1.99455702305
    kurt: 4.62890291214
    max: 494.030914307
    mean: 471.871124268
    median: 471.342834473
    min: 465.350585938
    skew: 1.69758439064
    var: 28.5776290894

Zcr:
    dmean: 0.000283884437522
    dmean2: 0.000395275303163
    dvar: 5.34862181212e-07
    dvar2: 4.45480822009e-07
    kurt: 17.3247394562
    max: 0.0078125
    mean: 0.00752397021279
    median: 0.0078125
    min: 0.00341796875
    skew: -4.14641141891
    var: 6.10332222095e-07

HarmonicAmpFreq:
    dmean: [0.105790957808]
    dmean2: [0.138778328896]
    dvar: [0.111635632813]
    dvar2: [0.107585452497]
    kurt: [23.8206443787]
    max: [170.318099976]
    mean: [170.21836853]
    median: [170.2940979]
    min: [168.251647949]
    skew: [-4.92968845367]
    var: [0.116468690336]

HarmonicAmpMag:
    dmean: [2.9394232115e-06]
    dmean2: [2.97764972856e-06]
    dvar: [1.79702253078e-10]
    dvar2: [1.76165054766e-10]
    kurt: [22.498210907]
    max: [0.000108078274934]
    mean: [0.000105136212369]
    median: [0.000108036445454]
    min: [2.86674730887e-05]
    skew: [-4.82724571228]
    var: [1.83316681279e-10]

MfccCoeff:
    dmean: [0.10035315156, 0.13859167695, 0.12882463634, 0.113110207021, 0.0922557041049, 0.0673221349716, 0.0407732576132, 0.0143331484869, 0.0187750533223, 0.0465366467834, 0.0715906918049, 0.0928112268448, 0.10930313915]
    dmean2: [0.105875648558, 0.146129786968, 0.135588139296, 0.118651613593, 0.0962077528238, 0.0694391131401, 0.0421168021858, 0.0164226349443, 0.0224182493985, 0.0517167598009, 0.0779306292534, 0.0998567864299, 0.116559162736]
    dvar: [0.208731800318, 0.398976713419, 0.346840709448, 0.270485699177, 0.1836091429, 0.101552344859, 0.0383534505963, 0.00453499844298, 0.00483225937933, 0.0375061333179, 0.0953514203429, 0.166879281402, 0.2386906147]
    dvar2: [0.210409849882, 0.40220528841, 0.349697828293, 0.272782176733, 0.185244560242, 0.102537110448, 0.0386968329549, 0.00453324383125, 0.00482748262584, 0.0376585796475, 0.0958922281861, 0.167976826429, 0.240423455834]
    kurt: [24.3881816864, 24.4379119873, 24.5753307343, 24.8352603912, 25.2872257233, 26.1218204498, 28.0437889099, 36.0579833984, 17.0183734894, 20.3294677734, 21.9216403961, 22.846414566, 23.5513954163]
    max: [-1135.68273926, 3.78629684448, 3.53567504883, 3.13151931763, 2.59254455566, 1.94460296631, 1.21878433228, 0.449310302734, -4.57763671875e-05, -2.28881835938e-05, -2.67028808594e-05, -3.0517578125e-05, -3.81469726562e-05]
    mean: [-1135.78198242, 3.64941501617, 3.40841197968, 3.01973366737, 2.50129795074, 1.87792444229, 1.17840719223, 0.435186028481, -0.317872494459, -1.04705274105, -1.72045338154, -2.30941987038, -2.78996419907]
    median: [-1135.68798828, 3.77917098999, 3.529296875, 3.12630081177, 2.58896636963, 1.9429397583, 1.21764755249, 0.447231292725, -0.332752227783, -1.08778381348, -1.78489303589, -2.39420318604, -2.89091873169]
    min: [-1138.42004395, 1.14440917969e-05, -6.103515625e-05, 8.01086425781e-05, -6.103515625e-05, 2.28881835938e-05, -2.67028808594e-05, -5.34057617188e-05, -0.336120605469, -1.09271240234, -1.7908821106, -2.40085601807, -2.89777374268]
    skew: [-4.99383592606, -4.99858570099, -5.01070404053, -5.03365945816, -5.07369709015, -5.14801168442, -5.3211889267, -6.08632087708, 4.35906362534, 4.64156627655, 4.77876901627, 4.85910463333, 4.9206905365]
    var: [0.206828653812, 0.395322620869, 0.343642711639, 0.267964363098, 0.181866973639, 0.100556045771, 0.0380468927324, 0.00457153189927, 0.0048137200065, 0.0372329093516, 0.0945800766349, 0.165459603071, 0.236588299274]

SpecContrastCoeff:
    dmean: [0.0266764052212, 0.027184560895, 0.0220278631896, 0.0164451897144, 0.0140712466091, 0.00822869408876]
    dmean2: [0.0302797276527, 0.0495062619448, 0.0382375381887, 0.0246080812067, 0.0230463575572, 0.0128095615655]
    dvar: [0.00348582700826, 0.000377623568056, 0.00031058350578, 0.000366476044292, 0.000165581252077, 0.000131239125039]
    dvar2: [0.00347070046701, 0.00119733903557, 0.000633672112599, 0.000407384650316, 0.000380998040782, 0.000180245493539]
    kurt: [13.5837345123, 0.116533994675, 5.84806251526, 8.11141204834, 7.47298622131, 14.2555065155]
    max: [-0.495791584253, -0.823578894138, -0.822021067142, -0.775727987289, -0.81547421217, -0.82135117054]
    mean: [-0.535044968128, -0.873816132545, -0.871665000916, -0.815634667873, -0.84957253933, -0.849711000919]
    median: [-0.519747614861, -0.87008690834, -0.871745467186, -0.810189247131, -0.849146485329, -0.84851193428]
    min: [-0.86900728941, -0.934598445892, -0.96904861927, -0.932020187378, -0.919046461582, -0.924845278263]
    skew: [-3.79189133644, -0.413340508938, -1.65112650394, -2.80220532417, -1.90721869469, -3.12613463402]
    var: [0.00494417222217, 0.000497171422467, 0.000553466903511, 0.000814617844298, 0.000252441997873, 0.000214183848584]

SpecPeakAmp:
    dmean: [2.35906782109e-07, 3.30665097863e-05, 3.01756954286e-05, 4.0216942665e-08, 1.10827642175e-07]
    dmean2: [2.54135272826e-07, 6.46628177492e-05, 6.17541809333e-05, 4.80644075651e-08, 1.67231178239e-07]
    dvar: [1.10202168571e-12, 2.34922348241e-09, 2.34449348824e-09, 1.52615380999e-14, 2.36455193397e-14]
    dvar2: [1.1275489006e-12, 7.10962444472e-09, 7.29533322641e-09, 1.53902566147e-14, 4.80130969976e-14]
    kurt: [31.7640151978, 0.671481132507, 1.47480583191, 30.2625274658, 2.72684764862]
    max: [1.51195417857e-05, 0.00010807653598, 0.000108078274934, 8.80497566413e-07, 7.74170928253e-07]
    mean: [8.48836225487e-06, 8.79553626874e-05, 1.72720792762e-05, 8.61953708409e-08, 1.54130361807e-07]
    median: [8.37966581457e-06, 0.000108026957605, 6.86187604515e-08, 5.96534164288e-08, 7.91197223293e-08]
    min: [6.18048488832e-06, 4.08905052041e-08, 2.52680951718e-08, 3.38267085453e-08, 1.86758946086e-08]
    skew: [5.26525640488, -1.60296392441, 1.8640588522, 5.47992515564, 1.97294461727]
    var: [1.13254186845e-12, 1.64335522967e-09, 1.55913959521e-09, 1.65662957934e-14, 3.26232672875e-14]
