
metadata:
    version:
        essentia: "2.1-beta3"

Flux:
    dmean: 0.000125456790556
    dmean2: 0.00016093555314
    dvar: 1.67973681187e-07
    dvar2: 3.25774465182e-07
    kurt: 9.84534263611
    max: 0.00241635902785
    mean: 0.000162437354447
    median: 5.08135963173e-06
    min: 2.45022943091e-06
    skew: 3.32505512238
    var: 2.73209280977e-07

Rms:
    dmean: 5.1684994105e-05
    dmean2: 3.74084302166e-05
    dvar: 2.76587268644e-08
    dvar2: 1.22951471226e-08
    kurt: 19.7557868958
    max: 0.00172509590629
    mean: 0.00165408966132
    median: 0.0017124597216
    min: 0.000374681287212
    skew: -4.42374038696
    var: 5.32613739779e-08

RollOff:
    dmean: 5.38330078125
    dmean2: 5.0077214241
    dvar: 845.686950684
    dvar2: 686.615844727
    kurt: 38.3793106079
    max: 387.59765625
    mean: 178.0078125
    median: 172.265625
    min: 172.265625
    skew: 6.29871559143
    var: 1018.03265381

SpecCent:
    dmean: 6.34567737579
    dmean2: 5.39953327179
    dvar: 876.768371582
    dvar2: 650.498168945
    kurt: 38.1270370483
    max: 402.565216064
    mean: 177.675125122
    median: 171.90802002
    min: 169.261032104
    skew: 6.27335071564
    var: 1175.76208496

Zcr:
    dmean: 0.0003662109375
    dmean2: 0.000408793595852
    dvar: 8.79168510437e-07
    dvar2: 5.75866806685e-07
    kurt: 17.1081447601
    max: 0.0078125
    mean: 0.00737847201526
    median: 0.0078125
    min: 0.00048828125
    skew: -4.09966039658
    var: 1.65538995134e-06

HarmonicAmpFreq:
    dmean: [0.0575141906738]
    dmean2: [0.0955235660076]
    dvar: [0.0657079219818]
    dvar2: [0.175900682807]
    kurt: [29.6115493774]
    max: [170.293182373]
    mean: [170.241958618]
    median: [170.290161133]
    min: [168.799682617]
    skew: [-5.45704126358]
    var: [0.0548332072794]

HarmonicAmpMag:
    dmean: [9.52829432208e-05]
    dmean2: [7.37976879464e-05]
    dvar: [1.2649064729e-07]
    dvar2: [8.69271161719e-08]
    kurt: [15.5948162079]
    max: [0.00241288682446]
    mean: [0.00229647220112]
    median: [0.00241227331571]
    min: [0]
    skew: [-4.06221818924]
    var: [2.06830691241e-07]

MfccCoeff:
    dmean: [1.38907694817, 1.8924241066, 1.6874756813, 1.38068974018, 1.01675748825, 0.64511436224, 0.310670346022, 0.101229757071, 0.175659522414, 0.341061145067, 0.482715815306, 0.593446731567, 0.668259978294]
    dmean2: [1.81668448448, 2.47011256218, 2.18930697441, 1.77248263359, 1.2850728035, 0.798815190792, 0.377805143595, 0.112681724131, 0.162243157625, 0.293481707573, 0.376220047474, 0.418539017439, 0.430380254984]
    dvar: [40.7614784241, 75.8614578247, 60.8574790955, 41.4580802917, 23.2004833221, 9.89676475525, 2.60706424713, 0.154090881348, 0.519913077354, 1.96956324577, 3.60169148445, 5.11769104004, 6.38167142868]
    dvar2: [77.7497634888, 143.930145264, 113.55682373, 75.0780715942, 40.1002578735, 15.9836111069, 3.84941244125, 0.208177193999, 0.403898358345, 1.25205516815, 1.82999491692, 2.49914455414, 3.59908986092]
    kurt: [20.4785289764, 20.7263698578, 21.5646877289, 23.2540779114, 26.1162471771, 30.2649917603, 34.9129486084, 18.2456417084, 21.2649650574, 27.0863571167, 26.496175766, 24.563451767, 22.7378768921]
    max: [-1098.64404297, 54.3624076843, 48.9567604065, 40.7726325989, 30.8777503967, 20.4708862305, 10.6686286926, 3.24690246582, -4.57763671875e-05, -2.28881835938e-05, -2.67028808594e-05, -3.0517578125e-05, -3.81469726562e-05]
    mean: [-1115.53845215, 31.5552597046, 29.1935329437, 25.423122406, 20.4780292511, 14.66061306, 8.31743717194, 1.81571400166, -4.4821472168, -10.2407751083, -15.1713428497, -19.0463218689, -21.7102603912]
    median: [-1115.31140137, 31.8787345886, 29.5202980042, 25.7447090149, 20.7733001709, 14.8962249756, 8.45210647583, 1.80791473389, -4.66801452637, -10.6252288818, -15.7544765472, -19.8061218262, -22.6055870056]
    min: [-1138.42004395, 1.14440917969e-05, -6.103515625e-05, 8.01086425781e-05, -6.103515625e-05, 2.28881835938e-05, -2.67028808594e-05, -5.34057617188e-05, -4.67687988281, -10.6323242188, -15.7599086761, -19.810043335, -22.6078910828]
    skew: [-2.03884458542, -2.17014241219, -2.5605635643, -3.19244289398, -4.01582050323, -4.92689037323, -5.73674297333, -1.44787573814, 4.6913766861, 5.16594171524, 5.08387613297, 4.89935588837, 4.73695087433]
    var: [18.3509998322, 34.3908500671, 28.2050094604, 20.0187149048, 11.9659233093, 5.62355709076, 1.68021798134, 0.125833466649, 0.64885622263, 2.88125181198, 6.37178945541, 10.4457015991, 14.1917266846]

SpecContrastCoeff:
    dmean: [0.0275055412203, 0.0120807681233, 0.0110485460609, 0.0122672552243, 0.00776071706787, 0.00520801683888]
    dmean2: [0.03084458597, 0.0194950569421, 0.0162037517875, 0.0193287860602, 0.0126735735685, 0.00788304954767]
    dvar: [0.00550460536033, 0.000150252861204, 5.64328547625e-05, 9.59600074566e-05, 6.30858266959e-05, 6.54269897495e-05]
    dvar2: [0.00583495432511, 0.000312368589221, 0.000152907523443, 0.00032975099748, 0.000162105963682, 0.000148453575093]
    kurt: [12.4849300385, 1.47247982025, -0.609716176987, 1.15466928482, 4.1714849472, 7.0219078064]
    max: [-0.349440544844, -0.882812619209, -0.916337192059, -0.902747392654, -0.905957937241, -0.899900257587]
    mean: [-0.408889174461, -0.944531440735, -0.943547129631, -0.930082380772, -0.929388344288, -0.920845866203]
    median: [-0.377361387014, -0.950745940208, -0.943782031536, -0.929634213448, -0.928882360458, -0.921448647976]
    min: [-0.984250724316, -0.966000497341, -0.964407384396, -0.965316414833, -0.96506780386, -0.96441078186]
    skew: [-3.61455321312, 1.34429848194, 0.266752898693, -0.346579372883, -1.19680142403, -1.93958044052]
    var: [0.0142310699448, 0.000354202929884, 0.000116579300084, 0.000139796451549, 8.27049225336e-05, 0.00010014923464]

SpecPeakAmp:
    dmean: [6.52597227599e-05, 0.00129874062259, 0.00120745052118, 1.44055741202e-06, 1.02629303456e-06]
    dmean2: [9.96017406578e-05, 0.00261603225954, 0.00246986071579, 1.99967416847e-06, 1.46252989452e-06]
    dvar: [8.7364675494e-08, 1.41266002629e-06, 1.4495007008e-06, 2.30831256887e-11, 1.18013038578e-11]
    dvar2: [2.24374161917e-07, 3.94503285861e-06, 4.18034733229e-06, 5.58189397482e-11, 2.92676022307e-11]
    kurt: [40.0024375916, -1.98521304131, -1.9499515295, 24.4115638733, 27.1761398315]
    max: [0.00142533902545, 0.00241288682446, 0.00241288542747, 2.26009233302e-05, 1.65037799889e-05]
    mean: [4.0228740545e-05, 0.00119371188339, 0.00107369932812, 1.57827264502e-06, 1.33012213155e-06]
    median: [8.15811927168e-06, 0.000647145730909, 2.69918245976e-06, 9.07399339667e-07, 8.94334789336e-07]
    min: [4.22443963544e-06, 7.25745223917e-07, 3.94435375028e-07, 3.00984737578e-07, 2.3328331622e-07]
    skew: [6.48011064529, 0.0290043633431, 0.223551973701, 4.98183679581, 5.21366262436]
    var: [4.36132658876e-08, 1.4243582882e-06, 1.43337865666e-06, 1.30159910627e-11, 6.35123117293e-12]
