
metadata:
    version:
        essentia: "2.1-beta3"

Flux:
    dmean: 0.00281415972859
    dmean2: 0.00358325149864
    dvar: 8.42273948365e-05
    dvar2: 0.000162292286404
    kurt: 9.90013122559
    max: 0.0543305501342
    mean: 0.00356405600905
    median: 3.17880148941e-05
    min: 7.90741523815e-06
    skew: 3.33107566833
    var: 0.000137597889989

Rms:
    dmean: 0.00116211571731
    dmean2: 0.00085137388669
    dvar: 1.3952707377e-05
    dvar2: 6.31829425402e-06
    kurt: 19.723077774
    max: 0.0386176891625
    mean: 0.037034496665
    median: 0.038302320987
    min: 0.00867123063654
    skew: -4.4250087738
    var: 2.62429548457e-05

RollOff:
    dmean: 5.87269163132
    dmean2: 5.5084939003
    dvar: 1040.40332031
    dvar2: 864.664428711
    kurt: 38.6582298279
    max: 409.130859375
    mean: 178.486328125
    median: 172.265625
    min: 172.265625
    skew: 6.32920122147
    var: 1228.69165039

SpecCent:
    dmean: 16.0388031006
    dmean2: 13.1347532272
    dvar: 6412.59423828
    dvar2: 3915.61694336
    kurt: 36.9000396729
    max: 824.166625977
    mean: 187.263153076
    median: 170.205810547
    min: 167.330047607
    skew: 6.1516919136
    var: 9577.59277344

Zcr:
    dmean: 0.0003662109375
    dmean2: 0.000397438212531
    dvar: 8.79168510437e-07
    dvar2: 6.57102020796e-07
    kurt: 18.4657287598
    max: 0.0078125
    mean: 0.00735677080229
    median: 0.0078125
    min: 0
    skew: -4.23424196243
    var: 1.8056235831e-06

HarmonicAmpFreq:
    dmean: [0.0281424093992]
    dmean2: [0.0326953269541]
    dvar: [0.0156071595848]
    dvar2: [0.0253451000899]
    kurt: [26.1468391418]
    max: [170.517654419]
    mean: [170.277526855]
    median: [170.289916992]
    min: [169.706756592]
    skew: [-4.437084198]
    var: [0.0091507723555]

HarmonicAmpMag:
    dmean: [0.00212858035229]
    dmean2: [0.00164654955734]
    dvar: [6.34530370007e-05]
    dvar2: [4.34458015661e-05]
    kurt: [15.6908416748]
    max: [0.0540080964565]
    mean: [0.0514140538871]
    median: [0.0539962388575]
    min: [0]
    skew: [-4.07315063477]
    var: [0.000103303129436]

MfccCoeff:
    dmean: [12.3635396957, 5.47920227051, 1.48228800297, 1.20990085602, 1.19786012173, 1.04335010052, 0.779895603657, 0.449007302523, 0.216710180044, 0.47805455327, 0.786880850792, 1.08607661724, 1.34967339039]
    dmean2: [17.9868659973, 7.1850399971, 1.31199872494, 1.29930174351, 1.99939644337, 1.53497099876, 1.26101112366, 0.631414473057, 0.246334433556, 0.515118956566, 0.820345163345, 1.1723459959, 1.37399089336]
    dvar: [2901.50415039, 489.722381592, 25.0422554016, 19.1765766144, 24.1078262329, 16.6126613617, 11.8192634583, 3.30518579483, 0.551872968674, 2.72265100479, 8.90544509888, 17.4167518616, 24.9356937408]
    dvar2: [7264.76513672, 1104.48815918, 21.0715465546, 19.4298629761, 45.652217865, 27.6349906921, 20.8327884674, 4.7893280983, 0.814331233501, 3.17379522324, 9.38127422333, 19.1869850159, 26.1732120514]
    kurt: [37.3867988586, 18.1130981445, 13.3160057068, 17.8540039062, 16.2943935394, 14.3934707642, 11.5779008865, 10.0862760544, 13.0889835358, 19.6079692841, 17.2963428497, 15.5752601624, 14.7686576843]
    max: [-846.754211426, 149.069946289, 86.4452514648, 67.8580474854, 54.0435829163, 38.4009399414, 22.1718635559, 8.18559455872, -2.17932128906, -2.87111663818, -2.56045913696, -1.63217163086, -0.501831054688]
    mean: [-1084.08496094, 69.3585510254, 62.131362915, 54.4739265442, 44.2726707458, 32.7642402649, 20.2152366638, 7.53389644623, -4.80007696152, -16.0672035217, -25.8318443298, -33.5912513733, -39.1046981812]
    median: [-1089.69726562, 67.3335647583, 62.7112159729, 55.3082122803, 45.5508460999, 33.9990844727, 21.30626297, 8.17846870422, -4.66983032227, -16.5640106201, -26.9100399017, -35.2274742126, -41.1801719666]
    min: [-1120.62207031, 24.1816520691, 21.3749694824, 17.1947059631, 12.2799224854, 7.33913421631, 2.23617553711, -1.78086090088, -8.94158172607, -18.9878463745, -27.6525936127, -35.2301902771, -41.1818656921]
    skew: [6.16142940521, 3.09179401398, -2.41311478615, -3.82867646217, -4.12309551239, -3.91218090057, -3.63591909409, -3.44708514214, -2.56838726997, 4.42766523361, 4.22936868668, 4.04781961441, 3.93851876259]
    var: [1321.66540527, 219.302719116, 69.1435623169, 48.2313575745, 45.292137146, 28.8358039856, 17.8815937042, 5.23660612106, 0.735015809536, 5.85964775085, 19.5512065887, 39.6639633179, 59.2359085083]

SpecContrastCoeff:
    dmean: [0.0358655825257, 0.0110082412139, 0.0109412586316, 0.0130338454619, 0.00971830449998, 0.00926205143332]
    dmean2: [0.0305429473519, 0.0176813248545, 0.0189106818289, 0.0226216409355, 0.0149318668991, 0.0119253648445]
    dvar: [0.00743452319875, 0.000398452975787, 0.000197246379685, 0.000319090817356, 0.000129378080601, 7.21872202121e-05]
    dvar2: [0.00483457837254, 0.00090022070799, 0.000499951303937, 0.000823135313112, 0.000325476692524, 0.000142144403071]
    kurt: [15.9472007751, 7.62037849426, 3.35291290283, 3.95177316666, 1.29435634613, -0.455009460449]
    max: [-0.160899251699, -0.837044239044, -0.911420345306, -0.902416110039, -0.92150247097, -0.923047661781]
    mean: [-0.228543013334, -0.944797873497, -0.960246264935, -0.959553837776, -0.955883800983, -0.948552787304]
    median: [-0.192381575704, -0.956059098244, -0.966649830341, -0.966640889645, -0.961828351021, -0.952522516251]
    min: [-0.979214072227, -0.959165990353, -0.968648731709, -0.969406783581, -0.96521371603, -0.960928082466]
    skew: [-3.9927778244, 2.83092212677, 2.00548648834, 2.20675039291, 1.54265582561, 0.976371884346]
    var: [0.0205697827041, 0.000665180967189, 0.000173682157765, 0.000253548874753, 0.000146405145642, 0.000145098994835]

SpecPeakAmp:
    dmean: [0.00386337121017, 0.00524006225169, 0.00249353959225, 3.13074997393e-05, 2.89691251965e-05]
    dmean2: [0.00593196041882, 0.0103350868449, 0.00507390452549, 4.48264072475e-05, 4.30841973866e-05]
    dvar: [0.000158441340318, 0.000240525594563, 0.000126279861433, 1.25794628048e-08, 1.13792708589e-08]
    dvar2: [0.000408953346778, 0.000606988498475, 0.00038095517084, 3.11188657065e-08, 2.88012707017e-08]
    kurt: [22.4057445526, 4.51407146454, 40.0060997009, 29.531162262, 35.4175605774]
    max: [0.0529792644083, 0.0540080964565, 0.0540068969131, 0.000537117943168, 0.000519157387316]
    mean: [0.00193241401576, 0.0483381636441, 0.00124022550881, 3.02133612422e-05, 2.57962747128e-05]
    median: [2.87258044409e-05, 0.0539960600436, 1.79609942279e-05, 1.53190139827e-05, 1.24454327306e-05]
    min: [1.11514482342e-05, 1.91471208382e-05, 8.21268258733e-06, 6.43231351205e-06, 4.71026214655e-06]
    skew: [4.82925081253, -2.53397297859, 6.48053741455, 5.44733333588, 6.00060462952]
    var: [8.16989559098e-05, 0.000259896769421, 6.32922819932e-05, 6.78232670026e-09, 5.86051163154e-09]
