
metadata:
    version:
        essentia: "2.1-beta3"

Flux:
    dmean: 0.0249081607908
    dmean2: 0.0330612659454
    dvar: 0.00676228571683
    dvar2: 0.0130073484033
    kurt: 9.34591579437
    max: 0.488976508379
    mean: 0.0327656902373
    median: 0.000291019008728
    min: 3.03799351968e-05
    skew: 3.26070523262
    var: 0.0114678181708

Rms:
    dmean: 0.0110840145499
    dmean2: 0.00815749354661
    dvar: 0.00131279649213
    dvar2: 0.000601875071879
    kurt: 21.2915725708
    max: 0.355855107307
    mean: 0.340948045254
    median: 0.352937251329
    min: 0.0620166175067
    skew: -4.57536315918
    var: 0.00242329016328

RollOff:
    dmean: 10.7666015625
    dmean2: 10.5162153244
    dvar: 4120.41845703
    dvar2: 3803.72119141
    kurt: 39.6428718567
    max: 624.462890625
    mean: 183.271484375
    median: 172.265625
    min: 172.265625
    skew: 6.43879747391
    var: 4443.53173828

SpecCent:
    dmean: 25.9534358978
    dmean2: 22.2162799835
    dvar: 19234.7050781
    dvar2: 13112.7373047
    kurt: 37.9339523315
    max: 1262.19519043
    mean: 197.852264404
    median: 169.859619141
    min: 167.320800781
    skew: 6.25733613968
    var: 26399.421875

Zcr:
    dmean: 0.00034401632729
    dmean2: 0.000352016708348
    dvar: 7.43210705423e-07
    dvar2: 3.91733919969e-07
    kurt: 14.5551738739
    max: 0.0078125
    mean: 0.00736762164161
    median: 0.0078125
    min: 0.0009765625
    skew: -3.84617042542
    var: 1.58757370627e-06

HarmonicAmpFreq:
    dmean: [0.0899245515466]
    dmean2: [0.121049746871]
    dvar: [0.121594548225]
    dvar2: [0.270102709532]
    kurt: [19.5057487488]
    max: [171.594802856]
    mean: [170.288970947]
    median: [170.289978027]
    min: [169.564605713]
    skew: [2.69713997841]
    var: [0.0570369027555]

HarmonicAmpMag:
    dmean: [0.019424976781]
    dmean2: [0.0147550636902]
    dvar: [0.00523219816387]
    dvar2: [0.00360447098501]
    kurt: [15.5722942352]
    max: [0.4976760149]
    mean: [0.473748236895]
    median: [0.497564375401]
    min: [0]
    skew: [-4.05257940292]
    var: [0.00872844830155]

MfccCoeff:
    dmean: [29.0533218384, 8.09268474579, 5.48888349533, 8.08461380005, 7.41991376877, 4.68359041214, 2.84214496613, 1.95661246777, 1.89281272888, 1.99381840229, 1.89396512508, 2.16998028755, 2.32156968117]
    dmean2: [37.7575645447, 6.73546361923, 8.30298233032, 7.34080553055, 7.64091157913, 5.34204053879, 4.04925441742, 2.70286726952, 2.36989140511, 2.53881812096, 2.44501948357, 2.61500525475, 2.45606637001]
    dvar: [8178.72509766, 50.7913475037, 148.160217285, 47.6470565796, 31.9021224976, 20.1245803833, 10.8023633957, 2.2032058239, 1.44720733166, 4.38830471039, 12.2337150574, 21.2306594849, 31.086309433]
    dvar2: [21060.6972656, 36.2578392029, 293.784790039, 84.8730163574, 49.2860183716, 25.9909038544, 17.18110466, 3.01086854935, 2.51343083382, 6.00166940689, 10.498169899, 19.6186485291, 30.8051071167]
    kurt: [32.5830421448, 6.57340240479, 12.4384002686, 5.82380867004, 2.29423999786, 4.72251987457, 6.92115688324, 1.56340551376, -0.940248012543, 14.3562698364, 17.8392734528, 15.5703907013, 13.8941383362]
    max: [-587.535644531, 193.870819092, 127.107666016, 89.9605255127, 68.3688812256, 48.6322937012, 28.8676223755, 10.4068851471, -3.35255432129, -1.49407958984, 0.792766571045, 1.55912780762, 2.16619873047]
    mean: [-1027.29296875, 129.2631073, 98.4948043823, 71.6182479858, 50.4756507874, 34.9214859009, 20.7008304596, 6.54658746719, -6.85754537582, -18.3369903564, -28.1123828888, -36.2366714478, -42.2107696533]
    median: [-1037.54785156, 131.149169922, 101.768615723, 72.4630889893, 48.8551368713, 33.4770812988, 21.5363807678, 7.88211250305, -6.22817993164, -19.2053909302, -29.3559322357, -37.9201622009, -44.436214447]
    min: [-1058.01464844, 110.422462463, 32.6822128296, 8.63228225708, 7.85972595215, -0.0715713500977, -2.88174057007, -3.69947242737, -11.5698776245, -22.1346054077, -30.816411972, -39.946269989, -46.2577018738]
    skew: [5.67497491837, 1.80608570576, -3.40831780434, -1.98455643654, -1.0645468235, -1.51740765572, -2.31576943398, -1.36598885059, -0.330284535885, 3.46412444115, 4.19243574142, 3.97594976425, 3.78460240364]
    var: [4842.75878906, 210.038787842, 232.892181396, 224.318313599, 166.449127197, 81.3001098633, 35.5436134338, 10.0618181229, 4.29769134521, 10.5151176453, 28.6588153839, 53.6038513184, 78.9294281006]

SpecContrastCoeff:
    dmean: [0.0342283248901, 0.0134269269183, 0.00784419570118, 0.00574384210631, 0.00596419908106, 0.0102069713175]
    dmean2: [0.0288119670004, 0.0219698417932, 0.0131710059941, 0.0103347981349, 0.0109669398516, 0.0190982948989]
    dvar: [0.0119357313961, 0.00105766917113, 0.000147220896906, 9.92241257336e-05, 0.000119264172099, 0.000373331859009]
    dvar2: [0.0051929987967, 0.00265396293253, 0.000357166311005, 0.000274496356724, 0.000341212609783, 0.001039566705]
    kurt: [25.904712677, 10.952208519, 3.43677186966, 7.08293914795, 9.1187915802, 11.8121356964]
    max: [-0.0322005786002, -0.783380746841, -0.922448575497, -0.931586384773, -0.922643125057, -0.881898105145]
    mean: [-0.08245126158, -0.935863137245, -0.956703841686, -0.960638403893, -0.958180546761, -0.954107224941]
    median: [-0.0480933487415, -0.94751304388, -0.961441278458, -0.963230550289, -0.960564911366, -0.959544241428]
    min: [-0.98346555233, -0.948809921741, -0.973305821419, -0.964391410351, -0.962600529194, -0.960734903812]
    skew: [-5.01319408417, 3.47399139404, 1.96715795994, 2.85755991936, 3.17544198036, 3.43452429771]
    var: [0.0227160975337, 0.00113606348168, 0.0001036985268, 5.84797089687e-05, 6.77152856952e-05, 0.00022486312082]

SpecPeakAmp:
    dmean: [0.112560898066, 0.0937991887331, 0.000273174431641, 0.000161596384714, 0.000133443725645]
    dmean2: [0.202632278204, 0.188567742705, 0.00034995682654, 0.000225654483074, 0.000188361154869]
    dvar: [0.0403011441231, 0.0366455800831, 8.09534299151e-07, 2.72327383755e-07, 2.120804794e-07]
    dvar2: [0.107633091509, 0.0948465913534, 1.15326940886e-06, 5.64042238693e-07, 5.03863077483e-07]
    kurt: [3.25810050964, 1.01686763763, 29.2011070251, 17.4763221741, 22.9544124603]
    max: [0.497674256563, 0.4976760149, 0.00556371128187, 0.00219738273881, 0.00213720812462]
    mean: [0.0617862977087, 0.41235986352, 0.000304885965306, 0.000158555718372, 0.000116246068501]
    median: [0.000226862583077, 0.49753972888, 0.000143861674587, 6.37091870885e-05, 4.03327321692e-05]
    min: [1.76834291779e-05, 0.000142694931128, 4.24756399298e-05, 3.55248375854e-05, 1.93232099264e-05]
    skew: [2.26743245125, -1.72377514839, 5.41440677643, 4.40818881989, 4.86935377121]
    var: [0.0253349542618, 0.0339737460017, 7.3424519087e-07, 1.9036752974e-07, 1.25635807535e-07]
