
metadata:
    version:
        essentia: "2.1-beta3"

Flux:
    dmean: 0.0177684724331
    dmean2: 0
    dvar: 0
    dvar2: 0
    kurt: -2
    max: 0.285405665636
    mean: 0.276521444321
    median: 0.276521444321
    min: 0.267637193203
    skew: -5.02587408846e-06
    var: 7.89296536823e-05

Rms:
    dmean: 0
    dmean2: 0
    dvar: 0
    dvar2: 0
    kurt: 0
    max: 0.0981997326016
    mean: 0.0981997326016
    median: 0.0981997326016
    min: 0.0981997326016
    skew: 0
    var: 0

RollOff:
    dmean: 64.599609375
    dmean2: 0
    dvar: 0
    dvar2: 0
    kurt: -1.99999988079
    max: 322.998046875
    mean: 290.698242188
    median: 290.698242188
    min: 258.3984375
    skew: 0
    var: 1043.27734375

SpecCent:
    dmean: 83.3846435547
    dmean2: 0
    dvar: 0
    dvar2: 0
    kurt: -2
    max: 311.154266357
    mean: 269.46194458
    median: 269.46194458
    min: 227.769622803
    skew: 0
    var: 1738.24975586

Zcr:
    dmean: 0
    dmean2: 0
    dvar: 0
    dvar2: 0
    kurt: 0
    max: 0.0029296875
    mean: 0.0029296875
    median: 0.0029296875
    min: 0.0029296875
    skew: 0
    var: 0

HarmonicAmpFreq:
    dmean: [31.6988525391]
    dmean2: [0]
    dvar: [0]
    dvar2: [0]
    kurt: [-2]
    max: [259.660095215]
    mean: [243.810668945]
    median: [243.810668945]
    min: [227.961242676]
    skew: [0]
    var: [251.204315186]

HarmonicAmpMag:
    dmean: [0.0977069064975]
    dmean2: [0]
    dvar: [0]
    dvar2: [0]
    kurt: [-2]
    max: [0.10702072829]
    mean: [0.0581672750413]
    median: [0.0581672750413]
    min: [0.00931381899863]
    skew: [-1.56007089913e-07]
    var: [0.00238666008227]

MfccCoeff:
    dmean: [328.154907227, 34.2564239502, 43.1715393066, 4.33922958374, 15.2760238647, 33.0989990234, 30.9703521729, 25.834936142, 16.6409301758, 11.7979278564, 6.69246864319, 3.50159835815, 0.490543365479]
    dmean2: [0, 0, 0, 0, 0, 0, 0, 0, 0, 0, 0, 0, 0]
    dvar: [0, 0, 0, 0, 0, 0, 0, 0, 0, 0, 0, 0, 0]
    dvar2: [0, 0, 0, 0, 0, 0, 0, 0, 0, 0, 0, 0, 0]
    kurt: [-1.99999988079, -2, -2, -2, -2, -2, -2, -2, -2, -1.99999988079, -2, -1.99999988079, -2]
    max: [-698.601196289, 175.67124939, 98.9127197266, 47.299331665, 19.1637954712, 11.1679916382, 0.0583267211914, -4.10328865051, -9.25046539307, -10.1877670288, -11.4452476501, -10.0256919861, -8.45871353149]
    mean: [-862.678649902, 158.543029785, 77.3269500732, 45.1297149658, 11.5257835388, -5.38150787354, -15.4268493652, -17.0207557678, -17.570930481, -16.086730957, -14.7914819717, -11.7764911652, -8.70398521423]
    median: [-862.678649902, 158.543029785, 77.3269500732, 45.1297149658, 11.5257835388, -5.38150787354, -15.4268493652, -17.0207557678, -17.570930481, -16.086730957, -14.7914819717, -11.7764911652, -8.70398521423]
    min: [-1026.75610352, 141.414825439, 55.7411804199, 42.9601020813, 3.88777160645, -21.9310073853, -30.9120254517, -29.9382247925, -25.8913955688, -21.9856948853, -18.1377162933, -13.5272903442, -8.94925689697]
    skew: [0, 1.36038534038e-06, 0, 2.61462946582e-06, 0, 0, 0, -2.26536300829e-07, 0, 0, 0, 0, 0]
    var: [26921.4101562, 293.375671387, 465.945465088, 4.70722866058, 58.339225769, 273.885925293, 239.790679932, 166.860992432, 69.230140686, 34.7977752686, 11.1972837448, 3.06529784203, 0.0601581968367]

SpecContrastCoeff:
    dmean: [0.121543705463, 0.0814783573151, 0.0519128441811, 0.0419737100601, 0.00862538814545, 0.0168495774269]
    dmean2: [0, 0, 0, 0, 0, 0]
    dvar: [0, 0, 0, 0, 0, 0]
    dvar2: [0, 0, 0, 0, 0, 0]
    kurt: [-1.99999988079, -1.99999988079, -2, -2, -2, -2]
    max: [-0.616279244423, -0.651370346546, -0.866548299789, -0.895577847958, -0.940185010433, -0.944990038872]
    mean: [-0.677051067352, -0.692109525204, -0.892504692078, -0.916564702988, -0.944497704506, -0.953414797783]
    median: [-0.677051067352, -0.692109525204, -0.892504692078, -0.916564702988, -0.944497704506, -0.953414797783]
    min: [-0.737822949886, -0.732848703861, -0.91846114397, -0.937551558018, -0.948810398579, -0.961839616299]
    skew: [-1.45879835145e-06, 0, -3.43249257639e-06, 0, 0, -1.06468496597e-05]
    var: [0.0036932178773, 0.00165968062356, 0.000673735863529, 0.00044044808601, 1.85993303603e-05, 7.09770683898e-05]
