
metadata:
    version:
        essentia: "2.1-beta3"

Flux:
    dmean: 5.0830035434e-06
    dmean2: 7.17196689948e-06
    dvar: 3.156197248e-10
    dvar2: 6.90392409908e-10
    kurt: 14.2382774353
    max: 9.65070648817e-05
    mean: 8.07015112514e-06
    median: 4.00762746722e-06
    min: 6.56937402255e-07
    skew: 3.86588478088
    var: 3.15885956281e-10

Rms:
    dmean: 1.55463794727e-06
    dmean2: 1.5218226963e-06
    dvar: 2.44054082499e-11
    dvar2: 1.7214125958e-11
    kurt: 19.5260276794
    max: 7.76644665166e-05
    mean: 7.58921087254e-05
    median: 7.72406201577e-05
    min: 4.44354918727e-05
    skew: -4.48891973495
    var: 3.37354588709e-11

RollOff:
    dmean: 1.00154435635
    dmean2: 1.025390625
    dvar: 20.5633563995
    dvar2: 21.0285148621
    kurt: 17.0475826263
    max: 366.064453125
    mean: 345.510040283
    median: 344.53125
    min: 344.53125
    skew: 4.36435222626
    var: 20.118303299

SpecCent:
    dmean: 5.83746051788
    dmean2: 6.74823141098
    dvar: 32.2773323059
    dvar2: 18.9023265839
    kurt: 9.36375045776
    max: 706.545532227
    mean: 668.048095703
    median: 666.322143555
    min: 660.758483887
    skew: 2.94868469238
    var: 80.9161453247

Zcr:
    dmean: 0.000567768875044
    dmean2: 0.000790550606325
    dvar: 2.29469856095e-06
    dvar2: 1.99763530873e-06
    kurt: 17.4061470032
    max: 0.015625
    mean: 0.0150146484375
    median: 0.01513671875
    min: 0.0068359375
    skew: -4.29724931717
    var: 2.58061027125e-06

HarmonicAmpFreq:
    dmean: [0.558820128441]
    dmean2: [1.10168969631]
    dvar: [0.262286067009]
    dvar2: [0.729471325874]
    kurt: [-0.802042722702]
    max: [340.673706055]
    mean: [340.135650635]
    median: [340.36529541]
    min: [339.31463623]
    skew: [-1.01183903217]
    var: [0.235598891973]

HarmonicAmpMag:
    dmean: [4.75671804452e-05]
    dmean2: [9.43338600337e-05]
    dvar: [2.68155186944e-09]
    dvar2: [6.97513469206e-09]
    kurt: [-0.961207389832]
    max: [0.000106788895209]
    mean: [7.71225822973e-05]
    median: [0.000106587962364]
    min: [0]
    skew: [-0.990762114525]
    var: [2.16000484166e-09]

MfccCoeff:
    dmean: [0.116341523826, 0.151340216398, 0.113933473825, 0.0585149712861, 0.011773398146, 0.0684193447232, 0.119232177734, 0.150143295527, 0.156483843923, 0.137721568346, 0.0974899977446, 0.042888905853, 0.0341717042029]
    dmean2: [0.139186307788, 0.181453883648, 0.137748360634, 0.0728185772896, 0.014764694497, 0.0771938487887, 0.138379782438, 0.176944732666, 0.187221705914, 0.168202534318, 0.123645417392, 0.0613277964294, 0.0428572148085]
    dvar: [0.198534235358, 0.333427786827, 0.183510407805, 0.0435430966318, 0.00205822032876, 0.0831434726715, 0.230951711535, 0.348124474287, 0.359149485826, 0.258562147617, 0.112335860729, 0.0128241553903, 0.0173337385058]
    dvar2: [0.2011795789, 0.337889254093, 0.185996457934, 0.0441616922617, 0.00196615932509, 0.084155164659, 0.233886927366, 0.352655172348, 0.363938957453, 0.262123346329, 0.113979756832, 0.0130437295884, 0.0165573991835]
    kurt: [21.5070724487, 21.4237384796, 21.1207008362, 20.0513095856, 33.281375885, 23.492565155, 22.5658149719, 22.0369777679, 21.5008563995, 20.7487297058, 19.3492126465, 16.9703388214, 33.2808380127]
    max: [-1135.83728027, 3.34342575073, 2.46923828125, 1.18169021606, -6.103515625e-05, 2.28881835938e-05, -2.67028808594e-05, -5.34057617188e-05, -4.57763671875e-05, -2.28881835938e-05, -2.67028808594e-05, 0.0544128417969, 0.877822875977]
    mean: [-1135.94787598, 3.19949436188, 2.36124634743, 1.12687504292, -0.290756225586, -1.64705657959, -2.71049356461, -3.30167031288, -3.32491660118, -2.78411388397, -1.78104507923, -0.496234387159, 0.843586981297]
    median: [-1135.85400391, 3.32152938843, 2.45260620117, 1.17230606079, -0.298843383789, -1.70670318604, -2.81083297729, -3.42551040649, -3.45137023926, -2.89378738403, -1.85469055176, -0.522445678711, 0.867038726807]
    min: [-1138.42004395, 1.14440917969e-05, -6.103515625e-05, 8.01086425781e-05, -0.302551269531, -1.71363067627, -2.82531356812, -3.44541168213, -3.47386169434, -2.91413116455, -1.8716545105, -0.533935546875, -3.81469726562e-05]
    skew: [-4.74148511887, -4.7337641716, -4.70729875565, -4.61398887634, 5.80810499191, 4.91504383087, 4.83367443085, 4.78736448288, 4.74049711227, 4.67483520508, 4.5526804924, 4.32950592041, -5.80805158615]
    var: [0.198076546192, 0.332726836205, 0.183266073465, 0.0436147488654, 0.00211941404268, 0.082589097321, 0.229853928089, 0.346882849932, 0.358325272799, 0.258472859859, 0.112779162824, 0.0131779527292, 0.0178501792252]

SpecContrastCoeff:
    dmean: [0.0283369012177, 0.0194174777716, 0.0142964432016, 0.01864881441, 0.0146344332024, 0.0236921086907]
    dmean2: [0.0361935086548, 0.0245211571455, 0.0241330601275, 0.0329657234251, 0.0239829793572, 0.0449166558683]
    dvar: [0.00136034493335, 0.00233638146892, 0.000205546573852, 0.000188747158973, 0.000473070977023, 0.00018346797151]
    dvar2: [0.00126789940987, 0.00260932859965, 0.000326236797264, 0.000452956795925, 0.000519970548339, 0.000337760604452]
    kurt: [12.2905902863, 18.0248031616, 4.85812187195, 4.89261722565, 15.4608802795, 5.20223999023]
    max: [-0.658039987087, -0.511959850788, -0.875608801842, -0.870100617409, -0.815027654171, -0.839112758636]
    mean: [-0.705356657505, -0.547213315964, -0.900984823704, -0.894158959389, -0.833986520767, -0.864203631878]
    median: [-0.699348449707, -0.538350045681, -0.897094428539, -0.88907045126, -0.830065011978, -0.862681686878]
    min: [-0.918381154537, -0.808667302132, -0.960254430771, -0.96533960104, -0.954206883907, -0.934548079967]
    skew: [-3.39875912666, -4.28001832962, -1.91767990589, -1.85046648979, -3.97334122658, -1.9523679018]
    var: [0.00213333615102, 0.00246724276803, 0.000244995084358, 0.000307693582727, 0.000596897909418, 0.000374108465621]

SpecPeakAmp:
    dmean: [9.43560323208e-08, 1.47937862494e-06, 9.24948653847e-06, 2.98046379612e-05, 5.94840930717e-05]
    dmean2: [9.49799172645e-08, 1.53231906097e-06, 1.70477305801e-05, 6.09642302152e-05, 0.000119221942441]
    dvar: [8.56770370253e-14, 8.46733100301e-11, 8.36761493428e-10, 2.28154917181e-09, 2.79124723335e-09]
    dvar2: [9.48653590578e-14, 8.64436092152e-11, 2.38235253747e-09, 5.4857012266e-09, 6.03941563426e-09]
    kurt: [30.3620529175, 38.9933700562, 15.7216072083, 0.722080469131, -1.99167585373]
    max: [8.9586374088e-06, 6.12245130469e-05, 0.000106640931335, 0.000106748542748, 0.000106788895209]
    mean: [8.35164337332e-06, 1.50585685788e-06, 5.55765245736e-06, 1.95035354409e-05, 5.09780838911e-05]
    median: [8.3793529484e-06, 8.39272829012e-08, 8.81407657971e-08, 9.53761443157e-08, 8.82214976627e-07]
    min: [6.50581114314e-06, 3.59606140421e-08, 4.11920915155e-08, 4.29690203418e-08, 3.73511994667e-08]
    skew: [-5.14267015457, 6.40139818192, 4.1600060463, 1.64982390404, 0.09097289294]
    var: [8.9450019928e-14, 8.29671609193e-11, 4.95397167732e-10, 1.68834624059e-09, 2.82910272986e-09]
