
metadata:
    version:
        essentia: "2.1-beta3"

Flux:
    dmean: 0.000124923884869
    dmean2: 0.000163952179719
    dvar: 1.67053016753e-07
    dvar2: 3.27438812064e-07
    kurt: 9.65927219391
    max: 0.00238914671354
    mean: 0.000163273871294
    median: 6.05463355896e-06
    min: 3.94179187424e-06
    skew: 3.30345320702
    var: 2.71411067843e-07

Rms:
    dmean: 5.5164713558e-05
    dmean2: 4.50569859822e-05
    dvar: 3.03183043115e-08
    dvar2: 1.37535227651e-08
    kurt: 21.0710296631
    max: 0.00172198109794
    mean: 0.001652818406
    median: 0.00171160814352
    min: 0.000307259499095
    skew: -4.55470228195
    var: 5.67386351236e-08

RollOff:
    dmean: 3.91512775421
    dmean2: 3.50540518761
    dvar: 385.121673584
    dvar2: 278.859344482
    kurt: 36.7647171021
    max: 495.263671875
    mean: 348.837890625
    median: 344.53125
    min: 344.53125
    skew: 6.12540102005
    var: 506.955566406

SpecCent:
    dmean: 4.92049980164
    dmean2: 5.93040370941
    dvar: 166.057189941
    dvar2: 152.811950684
    kurt: 37.496006012
    max: 431.133666992
    mean: 342.382293701
    median: 340.468902588
    min: 336.914123535
    skew: 6.18092536926
    var: 184.530853271

Zcr:
    dmean: 0.000732421875
    dmean2: 0.000760810333304
    dvar: 3.3974647522e-06
    dvar2: 1.96614792003e-06
    kurt: 16.5276699066
    max: 0.015625
    mean: 0.0147026907653
    median: 0.01513671875
    min: 0.00048828125
    skew: -4.08704900742
    var: 7.23968378225e-06

HarmonicAmpFreq:
    dmean: [0.420786082745]
    dmean2: [0.833574175835]
    dvar: [0.227153629065]
    dvar2: [0.404211312532]
    kurt: [-1.12744581699]
    max: [340.40423584]
    mean: [339.685668945]
    median: [339.399719238]
    min: [339.030944824]
    skew: [0.85330414772]
    var: [0.210085734725]

HarmonicAmpMag:
    dmean: [0.00102274084929]
    dmean2: [0.00201938278042]
    dvar: [1.29808370275e-06]
    dvar2: [2.27691930377e-06]
    kurt: [-1.24889230728]
    max: [0.00238128448837]
    mean: [0.000732402666472]
    median: [0]
    min: [0]
    skew: [0.837096810341]
    var: [1.14991735245e-06]

MfccCoeff:
    dmean: [1.65682148933, 2.17337298393, 1.70669782162, 1.05743682384, 0.413588792086, 0.471450448036, 0.755312383175, 0.898894906044, 0.883014082909, 0.718704044819, 0.447465240955, 0.120764821768, 0.21100564301]
    dmean2: [2.18428349495, 2.87258243561, 2.28023982048, 1.4645396471, 0.66595351696, 0.344104498625, 0.675678253174, 0.813579797745, 0.766486048698, 0.580683529377, 0.326073080301, 0.120796561241, 0.167807474732]
    dvar: [54.6462287903, 93.8735580444, 57.52891922, 21.8545513153, 3.39736104012, 3.40093445778, 11.6437263489, 16.9048843384, 15.080370903, 8.90679073334, 3.01435780525, 0.204812914133, 0.743790447712]
    dvar2: [108.053108215, 186.788467407, 117.488067627, 48.3268547058, 9.0833978653, 1.58573329449, 8.12663555145, 12.2593793869, 9.71953678131, 4.78034973145, 1.43172061443, 0.200748935342, 0.364132285118]
    kurt: [18.191827774, 18.0920066833, 17.99310112, 21.9204311371, 32.3199577332, 27.0865516663, 32.8801651001, 32.9848594666, 31.7810554504, 29.5075111389, 25.8652076721, 16.0271930695, 30.8202133179]
    max: [-1093.19946289, 59.126625061, 45.793094635, 27.0427742004, 7.02607727051, 2.28881835938e-05, -2.67028808594e-05, -5.34057617188e-05, -4.57763671875e-05, -2.28881835938e-05, -2.67028808594e-05, -3.0517578125e-05, 7.60707855225]
    mean: [-1114.30090332, 31.1423149109, 22.802734375, 10.6649580002, -3.0077290535, -15.7162342072, -25.219417572, -29.9575767517, -29.3250427246, -23.7391548157, -14.5027112961, -3.49945616722, 7.20508337021]
    median: [-1114.08093262, 31.409740448, 22.9423522949, 10.6026344299, -3.32432556152, -16.3032608032, -26.0437698364, -30.9318161011, -30.3157291412, -24.5895004272, -15.0659542084, -3.67369842529, 7.44970703125]
    min: [-1138.42004395, 1.14440917969e-05, -6.103515625e-05, 8.01086425781e-05, -3.3974609375, -16.430305481, -26.1914749146, -31.0611190796, -30.3919467926, -24.5914993286, -15.0667171478, -3.67552947998, -3.81469726562e-05]
    skew: [-0.93795132637, -0.761613190174, 0.0121487062424, 2.72579908371, 5.70250940323, 5.1522359848, 5.72852039337, 5.7420425415, 5.61502456665, 5.38241910934, 5.02449321747, 4.08392429352, -5.52111625671]
    var: [23.7582416534, 40.5206375122, 24.1540584564, 8.70498275757, 2.53554105759, 6.77281904221, 15.8573637009, 22.345331192, 21.7896747589, 14.7947998047, 5.89600467682, 0.459331035614, 1.33539152145]

SpecContrastCoeff:
    dmean: [0.0295300967991, 0.0294582415372, 0.0121910003945, 0.0128684425727, 0.00772672332823, 0.00515174726024]
    dmean2: [0.043132416904, 0.0284075606614, 0.0179453063756, 0.0197062902153, 0.0121289556846, 0.00861272029579]
    dvar: [0.000527373689692, 0.00311148026958, 0.000126513055875, 7.94100487838e-05, 4.42734308308e-05, 4.93067345815e-05]
    dvar2: [0.00106301985215, 0.00166603422258, 0.000302604108583, 0.00020008161664, 0.000109692722617, 0.000132792105433]
    kurt: [4.83687114716, 19.955904007, 4.27637815475, -0.802857160568, 1.73316955566, 8.81756496429]
    max: [-0.779434204102, -0.399827629328, -0.893481612206, -0.912074267864, -0.913246572018, -0.906005144119]
    mean: [-0.851594030857, -0.446160465479, -0.949069559574, -0.93660235405, -0.928605556488, -0.928275227547]
    median: [-0.856521248817, -0.428678870201, -0.952838599682, -0.939253985882, -0.927750885487, -0.927931129932]
    min: [-0.99262714386, -0.963751554489, -0.966049134731, -0.955805718899, -0.95516782999, -0.961940526962]
    skew: [-1.07439017296, -4.41943454742, 1.72930037975, 0.415754675865, -0.81462264061, -1.40116918087]
    var: [0.00117420346942, 0.00865136552602, 0.000182994743227, 0.000128018204123, 6.41960723442e-05, 5.45090224477e-05]

SpecPeakAmp:
    dmean: [5.5344962675e-06, 6.39870486339e-05, 1.199099529e-06, 0.000106825755211, 0.000988755375147]
    dmean2: [7.92142782302e-06, 9.80952099781e-05, 1.67692462583e-06, 0.000164148863405, 0.00200807745568]
    dvar: [4.53690668367e-10, 8.4200003414e-08, 7.31618411687e-12, 2.35155894757e-07, 1.34863523726e-06]
    dvar2: [1.16575271658e-09, 2.1629195146e-07, 1.87478695762e-11, 6.04958074746e-07, 2.37046629081e-06]
    kurt: [39.2175140381, 40.021938324, 24.3480358124, 40.0137062073, -0.911780118942]
    max: [0.000109116175736, 0.00139434146695, 1.38188743222e-05, 0.00234125368297, 0.00238128448837]
    mean: [1.05360823e-05, 3.23477470374e-05, 1.83719510005e-06, 5.4139214626e-05, 0.000650473462883]
    median: [8.47085266287e-06, 1.48988613091e-06, 1.53666655933e-06, 1.50773712448e-06, 1.40481256494e-06]
    min: [3.1432743981e-06, 3.42080426208e-07, 1.82139558547e-07, 1.23769964944e-07, 9.57173327265e-08]
    skew: [6.38601779938, 6.48240089417, 4.81901788712, 6.48143148422, 1.03226161003]
    var: [2.22966409225e-10, 4.21600887535e-08, 4.16556979882e-12, 1.18896402057e-07, 1.09820359739e-06]
