
metadata:
    version:
        essentia: "2.1-beta3"

Flux:
    dmean: 0.00282356864773
    dmean2: 0.00373348942958
    dvar: 8.37988045532e-05
    dvar2: 0.000164470082382
    kurt: 9.62872982025
    max: 0.0533860698342
    mean: 0.0036007729359
    median: 8.61996377353e-05
    min: 9.42217320699e-06
    skew: 3.29990196228
    var: 0.000136377770104

Rms:
    dmean: 0.00122443737928
    dmean2: 0.000982246943749
    dvar: 1.47252421812e-05
    dvar2: 6.28673069514e-06
    kurt: 20.662689209
    max: 0.0385472252965
    mean: 0.0370010435581
    median: 0.0383143275976
    min: 0.00713952397928
    skew: -4.5111784935
    var: 2.82326782326e-05

RollOff:
    dmean: 12.7241659164
    dmean2: 12.5193042755
    dvar: 5929.14990234
    dvar2: 5569.16113281
    kurt: 39.7543640137
    max: 882.861328125
    mean: 357.451171875
    median: 344.53125
    min: 344.53125
    skew: 6.45148563385
    var: 6293.66748047

SpecCent:
    dmean: 22.944852829
    dmean2: 21.8644886017
    dvar: 13379.9189453
    dvar2: 9943.69433594
    kurt: 38.6105613708
    max: 1226.90686035
    mean: 361.584381104
    median: 339.324432373
    min: 335.953430176
    skew: 6.32762527466
    var: 17305.3242188

Zcr:
    dmean: 0.000732421875
    dmean2: 0.000806231808383
    dvar: 3.3974647522e-06
    dvar2: 2.23873576033e-06
    kurt: 18.483297348
    max: 0.015625
    mean: 0.0147352432832
    median: 0.01513671875
    min: 0.00048828125
    skew: -4.27588796616
    var: 6.79534286974e-06

HarmonicAmpFreq:
    dmean: [0.0527683608234]
    dmean2: [0.0582871548831]
    dvar: [0.0424842759967]
    dvar2: [0.0547590218484]
    kurt: [18.1944313049]
    max: [340.636016846]
    mean: [340.370697021]
    median: [340.406036377]
    min: [339.398651123]
    skew: [-4.28182315826]
    var: [0.0343008823693]

HarmonicAmpMag:
    dmean: [0.00210168305784]
    dmean2: [0.00161848787684]
    dvar: [6.15510580246e-05]
    dvar2: [4.25570433435e-05]
    kurt: [15.5537776947]
    max: [0.0533189661801]
    mean: [0.0507511086762]
    median: [0.0533073507249]
    min: [0]
    skew: [-4.05624961853]
    var: [0.000100982564618]

MfccCoeff:
    dmean: [13.7880334854, 6.26823997498, 2.51577830315, 1.76055836678, 1.66730165482, 1.66951131821, 2.20307397842, 2.47611141205, 2.36660170555, 1.98738276958, 1.33367705345, 0.650120973587, 0.895806074142]
    dmean2: [20.2542190552, 8.45368289948, 3.41780972481, 2.71933078766, 2.58214712143, 1.99097144604, 2.39506387711, 2.87724876404, 2.63660526276, 2.20378804207, 1.41797745228, 1.03060758114, 1.37270319462]
    dvar: [3162.85131836, 412.041870117, 26.7321491241, 7.35329627991, 5.49878454208, 6.75843238831, 21.7813777924, 40.1303138733, 44.4008369446, 31.3689460754, 11.1139364243, 1.38991606236, 8.72503089905]
    dvar2: [7873.14404297, 879.471679688, 32.6154022217, 9.87059879303, 12.4959716797, 2.94394993782, 14.6299791336, 37.2769393921, 39.6404075623, 27.718744278, 8.2240228653, 2.63609075546, 15.3118715286]
    kurt: [36.5815048218, 13.4147052765, 10.8734550476, 9.50559711456, 12.4624509811, 24.4405937195, 22.0220375061, 18.5803871155, 17.7692871094, 17.216758728, 19.8542175293, 12.018122673, 10.9068040848]
    max: [-837.027832031, 133.662094116, 74.3288269043, 34.5309638977, -3.50465393066, -9.72145843506, -10.6315155029, -8.55265045166, -4.85026550293, -1.17939758301, 1.19533157349, 1.82071685791, 19.7737197876]
    mean: [-1082.10058594, 66.8146438599, 46.4809570312, 20.6862564087, -8.14118766785, -33.9726905823, -52.5571174622, -60.6561508179, -57.5913467407, -44.5750770569, -24.8170681, -2.40518331528, 18.275434494]
    median: [-1088.16552734, 64.5928726196, 46.4375953674, 20.2540626526, -8.80586242676, -35.2584953308, -54.6847610474, -63.3699493408, -60.3791885376, -46.7253112793, -25.9318141937, -2.39805603027, 19.4626235962]
    min: [-1126.40124512, 14.8176078796, 9.01025390625, 1.48582839966, -18.5502967834, -35.8295402527, -56.5103225708, -65.7582397461, -62.3454360962, -48.4013977051, -27.9204311371, -5.68203735352, 0.642860412598]
    skew: [6.05523300171, 1.69758343697, -1.97326219082, -1.89127588272, -2.3860039711, 4.81767129898, 4.66814804077, 4.34203004837, 4.24377727509, 4.18173360825, 4.41139173508, 0.552578091621, -3.49210906029]
    var: [1423.96264648, 199.425384521, 74.9367218018, 21.3191566467, 4.23563957214, 16.9753665924, 54.2557945251, 93.1612701416, 96.9179458618, 66.5390625, 21.7719554901, 0.853984594345, 17.7378082275]

SpecContrastCoeff:
    dmean: [0.0310824736953, 0.0333007797599, 0.0109582087025, 0.00912178214639, 0.00858582463115, 0.0163079816848]
    dmean2: [0.0582673884928, 0.0317554324865, 0.0177778918296, 0.0143888732418, 0.0143818091601, 0.0278242547065]
    dvar: [0.00204036291689, 0.00613975571468, 0.000131097986014, 0.000107197229227, 0.000167140373378, 0.000279203319224]
    dvar2: [0.00536268996075, 0.00358494627289, 0.000192902749404, 0.000173278938746, 0.000335884600645, 0.000649774156045]
    kurt: [8.38546848297, 21.2720279694, 4.70210695267, 5.83023643494, 5.11018657684, 1.1222114563]
    max: [-0.726285159588, -0.228437438607, -0.888844668865, -0.90923178196, -0.909680664539, -0.90548735857]
    mean: [-0.912226676941, -0.277829796076, -0.948922216892, -0.958397567272, -0.957652628422, -0.949796974659]
    median: [-0.926509261131, -0.252042144537, -0.955773711205, -0.964247524738, -0.96307694912, -0.957199633121]
    min: [-0.942402362823, -0.985222399235, -0.959263861179, -0.965695083141, -0.964093983173, -0.96189057827]
    skew: [3.0075404644, -4.57775306702, 2.18835258484, 2.44064283371, 2.48010826111, 1.53536367416]
    var: [0.00197816733271, 0.01563244313, 0.000240334367845, 0.000156512644025, 0.000159953313414, 0.0002566195908]

SpecPeakAmp:
    dmean: [0.00143440149259, 3.90311179217e-05, 0.024229163304, 0.024575997144, 0.00486854976043]
    dmean2: [0.00219766725786, 5.41777189937e-05, 0.0483230762184, 0.0499412454665, 0.0099134305492]
    dvar: [4.21454860771e-05, 1.15943601386e-08, 0.000699617143255, 0.000691558176186, 0.000233431914239]
    dvar2: [0.000108248663309, 2.8541812469e-08, 0.000763784395531, 0.000813819293398, 0.000689908629283]
    kurt: [40.0201301575, 26.9112358093, -1.63555705547, -1.96348464489, 17.5429077148]
    max: [0.0312333405018, 0.00054371234728, 0.0533067956567, 0.0533189661801, 0.0533166788518]
    mean: [0.00073265779065, 4.69359401905e-05, 0.0189730133861, 0.0287773292512, 0.00241489731707]
    median: [3.8155598304e-05, 3.0600498576e-05, 2.92259392154e-05, 0.0533022545278, 3.12120282615e-05]
    min: [9.90689750324e-06, 1.48072022057e-05, 1.36760199894e-05, 1.01157338577e-05, 6.68572738505e-06]
    skew: [6.48218774796, 5.16633605957, 0.603534340858, -0.149545714259, 4.42050504684]
    var: [2.11436290556e-05, 6.83048639871e-09, 0.000648120243568, 0.000692442932632, 0.000120507633255]
