
metadata:
    version:
        essentia: "2.1-beta3"

Flux:
    dmean: 0.0251270476729
    dmean2: 0.0340465046465
    dvar: 0.0067658899352
    dvar2: 0.0131517332047
    kurt: 9.22989845276
    max: 0.48490935564
    mean: 0.0331335701048
    median: 0.000794359482825
    min: 4.38010793005e-05
    skew: 3.24768018723
    var: 0.0114201558754

Rms:
    dmean: 0.0113770067692
    dmean2: 0.00923441816121
    dvar: 0.00127791997511
    dvar2: 0.000570531701669
    kurt: 20.9642982483
    max: 0.355206310749
    mean: 0.340929150581
    median: 0.353081464767
    min: 0.0635301396251
    skew: -4.54386425018
    var: 0.00241766567342

RollOff:
    dmean: 5.87269163132
    dmean2: 5.5084939003
    dvar: 1040.40332031
    dvar2: 864.664428711
    kurt: 38.6582298279
    max: 581.396484375
    mean: 350.751953125
    median: 344.53125
    min: 344.53125
    skew: 6.32920122147
    var: 1228.69165039

SpecCent:
    dmean: 10.8774385452
    dmean2: 11.3534860611
    dvar: 2244.22021484
    dvar2: 1889.69616699
    kurt: 39.1725540161
    max: 690.683776855
    mean: 348.019775391
    median: 339.925079346
    min: 335.95223999
    skew: 6.38579750061
    var: 2695.41137695

Zcr:
    dmean: 0.000710227293894
    dmean2: 0.000772165716626
    dvar: 3.26692520503e-06
    dvar2: 1.95428606276e-06
    kurt: 18.483297348
    max: 0.015625
    mean: 0.0147352432832
    median: 0.01513671875
    min: 0.00048828125
    skew: -4.27588796616
    var: 6.79534286974e-06

HarmonicAmpFreq:
    dmean: [0.0366127714515]
    dmean2: [0.057761259377]
    dvar: [0.0238559376448]
    dvar2: [0.0419117100537]
    kurt: [13.7446022034]
    max: [340.410247803]
    mean: [340.349273682]
    median: [340.405151367]
    min: [339.395263672]
    skew: [-3.88675713539]
    var: [0.0458470657468]

HarmonicAmpMag:
    dmean: [0.0191825870425]
    dmean2: [0.014575317502]
    dvar: [0.00508826505393]
    dvar2: [0.00352851394564]
    kurt: [15.5260124207]
    max: [0.491328537464]
    mean: [0.46770042181]
    median: [0.491226702929]
    min: [0]
    skew: [-4.04657411575]
    var: [0.00851195771247]

MfccCoeff:
    dmean: [33.1983413696, 8.88984012604, 24.5425891876, 19.6011695862, 7.06055927277, 6.97438669205, 6.45027780533, 4.30858898163, 4.31531476974, 3.19987845421, 2.05408263206, 1.60110366344, 1.79224252701]
    dmean2: [49.3506240845, 16.3696098328, 33.9693450928, 25.607339859, 8.29338645935, 12.8722763062, 10.5046739578, 5.83173656464, 5.79651737213, 4.53416109085, 2.95637559891, 2.90616869926, 2.68589663506]
    dvar: [6823.41894531, 76.0685501099, 198.814407349, 71.3096313477, 6.01186704636, 29.3700065613, 33.7806472778, 46.3418197632, 45.5461769104, 31.6753616333, 9.24424171448, 1.65862393379, 8.38501834869]
    dvar2: [16381.9941406, 128.670516968, 569.29309082, 310.379089355, 46.4126434326, 53.3265991211, 41.7968177795, 52.4878730774, 48.6728477478, 28.6154155731, 4.91460132599, 4.05701732635, 10.2296724319]
    kurt: [23.9918041229, 13.4975185394, -1.08084750175, -1.21498560905, -0.382659435272, 7.85319423676, 12.1644859314, 14.7497463226, 16.1036701202, 17.1294116974, 22.0248432159, 6.30469703674, 9.12795639038]
    max: [-638.307250977, 167.110809326, 110.522949219, 44.8020210266, -1.96351623535, -6.25461578369, -8.65996551514, -6.86097717285, -1.63180541992, 2.9983215332, 5.48366165161, 4.93187713623, 21.0929031372]
    mean: [-996.116638184, 149.174224854, 75.7137374878, 20.675775528, -15.1285209656, -41.9836235046, -59.4317398071, -64.1761016846, -58.9426803589, -44.878818512, -24.3844070435, -1.8009762764, 18.8202533722]
    median: [-1003.57519531, 149.717071533, 76.5625610352, 17.7517738342, -14.8304252625, -42.4600639343, -60.7770462036, -66.5779876709, -60.7432327271, -46.4820709229, -25.3065700531, -1.55088043213, 20.169960022]
    min: [-1044.20507812, 106.562843323, 31.4121551514, -1.71125411987, -26.4544029236, -53.7430534363, -70.3877944946, -72.8225860596, -67.37865448, -51.4279785156, -28.3103694916, -6.24611663818, 0.412376403809]
    skew: [4.84747505188, -2.57391905785, -0.225802645087, 0.23720985651, -0.0687931627035, 2.33128666878, 3.29278278351, 3.86021757126, 3.98709821701, 4.10938405991, 4.61793327332, 0.887616455555, -3.22022533417]
    var: [3770.40356445, 68.830078125, 396.624206543, 223.431640625, 32.9712142944, 68.0887298584, 110.827308655, 131.347976685, 122.032966614, 81.7593460083, 27.4169044495, 2.50778579712, 20.0019454956]

SpecContrastCoeff:
    dmean: [0.0521199591458, 0.0326992124319, 0.0151470070705, 0.00922495685518, 0.00576368672773, 0.0138042662293]
    dmean2: [0.0903210639954, 0.0288485754281, 0.0249586738646, 0.0168250519782, 0.0108782500029, 0.0260392446071]
    dvar: [0.00306226103567, 0.0100282905623, 0.000386722473195, 0.000111367757199, 6.57453783788e-05, 0.00034842666355]
    dvar2: [0.00593014108017, 0.00447142822668, 0.00096110929735, 0.000252084486419, 0.000165467659826, 0.000924531195778]
    kurt: [10.040772438, 26.7941513062, 8.30223369598, 2.94906997681, 3.42383670807, 6.08336353302]
    max: [-0.573268055916, -0.0686871707439, -0.847082614899, -0.912284970284, -0.925899624825, -0.884282290936]
    mean: [-0.915597856045, -0.111260339618, -0.937331080437, -0.951484143734, -0.953781664371, -0.947469651699]
    median: [-0.940483987331, -0.081363402307, -0.945846498013, -0.957550466061, -0.957210600376, -0.954566657543]
    min: [-0.995904922485, -0.95528203249, -0.949706733227, -0.958027541637, -0.958289325237, -0.956592619419]
    skew: [3.00806879997, -5.10947370529, 2.8253121376, 1.9408955574, 2.15509486198, 2.50987887383]
    var: [0.00521590048447, 0.0196102354676, 0.00042341608787, 0.000126022670884, 6.34420648566e-05, 0.000232423844864]

SpecPeakAmp:
    dmean: [0.0128665799275, 0.111681215465, 0.331474334002, 0.223570391536, 0.000356710865162]
    dmean2: [0.0197221450508, 0.228071123362, 0.670259058475, 0.457200914621, 0.000537570216693]
    dvar: [0.00340701639652, 0.0421839877963, 0.051517829299, 0.0596054457128, 7.28081658963e-07]
    dvar2: [0.00875150505453, 0.0821319743991, 0.0764717534184, 0.127491086721, 1.59712249115e-06]
    kurt: [40.0217399597, 0.841084718704, -1.9809217453, -0.585641384125, 16.9698829651]
    max: [0.280796021223, 0.491196453571, 0.491326004267, 0.491328537464, 0.00373471388593]
    mean: [0.00652419216931, 0.0877057686448, 0.254264384508, 0.120483875275, 0.000285915884888]
    median: [0.00030279965722, 0.00027244060766, 0.483424454927, 0.000301027001115, 8.18397966214e-05]
    min: [7.19636082067e-05, 0.000100745128293, 6.0695605498e-05, 4.40309668193e-05, 1.78404334292e-05]
    skew: [6.48237752914, 1.68551015854, -0.0620386973023, 1.18920731544, 4.2841091156]
    var: [0.00170967937447, 0.0351973026991, 0.0589659325778, 0.044484179467, 4.97503208408e-07]
