
metadata:
    version:
        essentia: "2.1-beta3"

Flux:
    dmean: 0.0148057639599
    dmean2: 0
    dvar: 0
    dvar2: 0
    kurt: -2
    max: 0.297701627016
    mean: 0.290298759937
    median: 0.290298759937
    min: 0.282895863056
    skew: -6.05987725066e-06
    var: 5.48026619072e-05

Rms:
    dmean: 0
    dmean2: 0
    dvar: 0
    dvar2: 0
    kurt: 0
    max: 0.102072417736
    mean: 0.102072417736
    median: 0.102072417736
    min: 0.102072417736
    skew: 0
    var: 0

RollOff:
    dmean: 129.19921875
    dmean2: 0
    dvar: 0
    dvar2: 0
    kurt: -1.99999988079
    max: 624.462890625
    mean: 559.86328125
    median: 559.86328125
    min: 495.263671875
    skew: 0
    var: 4173.109375

SpecCent:
    dmean: 0.943298339844
    dmean2: 0
    dvar: 0
    dvar2: 0
    kurt: -2
    max: 429.2215271
    mean: 428.74987793
    median: 428.74987793
    min: 428.27822876
    skew: 0
    var: 0.222452938557

Zcr:
    dmean: 0.00048828125
    dmean2: 0
    dvar: 0
    dvar2: 0
    kurt: -2
    max: 0.005859375
    mean: 0.005615234375
    median: 0.005615234375
    min: 0.00537109375
    skew: 0
    var: 5.96046447754e-08

HarmonicAmpFreq:
    dmean: [79.3482666016]
    dmean2: [0]
    dvar: [0]
    dvar2: [0]
    kurt: [-2]
    max: [525.495605469]
    mean: [485.821472168]
    median: [485.821472168]
    min: [446.147338867]
    skew: [0]
    var: [1574.03686523]

HarmonicAmpMag:
    dmean: [0.0905863940716]
    dmean2: [0]
    dvar: [0]
    dvar2: [0]
    kurt: [-2]
    max: [0.0984578803182]
    mean: [0.0531646832824]
    median: [0.0531646832824]
    min: [0.00787148531526]
    skew: [0]
    var: [0.0020514735952]

MfccCoeff:
    dmean: [241.577575684, 120.828491211, 29.4631309509, 38.895401001, 46.909412384, 40.9680747986, 7.53145217896, 14.2406768799, 21.9086418152, 15.7463169098, 6.98555755615, 1.17492675781, 2.56452178955]
    dmean2: [0, 0, 0, 0, 0, 0, 0, 0, 0, 0, 0, 0, 0]
    dvar: [0, 0, 0, 0, 0, 0, 0, 0, 0, 0, 0, 0, 0]
    dvar2: [0, 0, 0, 0, 0, 0, 0, 0, 0, 0, 0, 0, 0]
    kurt: [-2.00000023842, -2, -1.99999988079, -2, -2, -1.99999988079, -2, -2, -2, -2, -2, -2, -2]
    max: [-768.075012207, 268.659057617, 65.6262512207, 20.8584327698, -16.8982658386, -21.9120025635, -27.0256233215, -5.1830291748, 10.8527793884, 14.3961277008, 12.465297699, 9.38217926025, 8.12419128418]
    mean: [-888.863769531, 208.244812012, 50.8946838379, 1.41073226929, -40.352973938, -42.3960418701, -30.791349411, -12.3033676147, -0.101541519165, 6.52296924591, 8.9725189209, 8.79471588135, 6.8419303894]
    median: [-888.863769531, 208.244812012, 50.8946838379, 1.41073226929, -40.352973938, -42.3960418701, -30.791349411, -12.3033676147, -0.101541519165, 6.52296924591, 8.9725189209, 8.79471588135, 6.8419303894]
    min: [-1009.65258789, 147.830566406, 36.1631202698, -18.0369682312, -63.8076782227, -62.8800773621, -34.5570755005, -19.4237060547, -11.0558624268, -1.35018920898, 5.47974014282, 8.20725250244, 5.55966949463]
    skew: [-7.44765316085e-07, 0, 3.43641715972e-07, 0, 2.27055096502e-07, 2.2723928339e-07, 0, 0, 0, 0, 0, 0, 0]
    var: [14589.9316406, 3649.88110352, 217.019012451, 378.213043213, 550.123291016, 419.59576416, 14.1806926727, 50.69921875, 119.997146606, 61.9866256714, 12.1995038986, 0.345113217831, 1.64419305325]

SpecContrastCoeff:
    dmean: [0.0601477622986, 0.144060969353, 0.142083823681, 0.0188142061234, 0.0157960653305, 0.00299334526062]
    dmean2: [0, 0, 0, 0, 0, 0]
    dvar: [0, 0, 0, 0, 0, 0]
    dvar2: [0, 0, 0, 0, 0, 0]
    kurt: [-2, -2, -2, -2, -1.99999988079, -2]
    max: [-0.864414155483, -0.621028900146, -0.710318088531, -0.873138546944, -0.880879104137, -0.902384400368]
    mean: [-0.894488036633, -0.693059384823, -0.781360030174, -0.882545650005, -0.888777136803, -0.903881072998]
    median: [-0.894488036633, -0.693059384823, -0.781360030174, -0.882545650005, -0.888777136803, -0.903881072998]
    min: [-0.924561917782, -0.765089869499, -0.852401912212, -0.891952753067, -0.896675169468, -0.905377745628]
    skew: [0, 0, 1.29875195398e-06, 0, 0, 0]
    var: [0.000904438318685, 0.0051883906126, 0.00504695344716, 8.84935870999e-05, 6.2378916482e-05, 2.2400290618e-06]

SpecPeakAmp:
    dmean: [0.098187290132, 0.0232667997479, 0.00859104376286, 0.00474583404139, 0.00391059881076]
    dmean2: [0, 0, 0, 0, 0]
    dvar: [0, 0, 0, 0, 0]
    dvar2: [0, 0, 0, 0, 0]
    kurt: [-2, -2, -2, -2, -2]
    max: [0.0984578803182, 0.0235900711268, 0.00898737087846, 0.00543907796964, 0.00787148531526]
    mean: [0.0493642352521, 0.0119566712528, 0.00469184899703, 0.00306616094895, 0.00591618567705]
    median: [0.0493642352521, 0.0119566712528, 0.00469184899703, 0.00306616094895, 0.00591618567705]
    min: [0.000270587450359, 0.000323270855006, 0.000396327173803, 0.000693243986461, 0.0039608865045]
    skew: [-1.22982768858e-07, -1.08313194858e-07, 0, 0, 3.56436089533e-07]
    var: [0.00241018622182, 0.000135336013045, 1.84515083674e-05, 5.63073535886e-06, 3.82319558412e-06]
