
metadata:
    version:
        essentia: "2.1-beta3"

Flux:
    dmean: 4.90725551572e-06
    dmean2: 7.20702291801e-06
    dvar: 3.20359849759e-10
    dvar2: 6.91795842833e-10
    kurt: 14.1839313507
    max: 9.56405128818e-05
    mean: 5.93751883571e-06
    median: 1.22068377095e-06
    min: 5.38005338058e-07
    skew: 3.8833668232
    var: 3.27705418357e-10

Rms:
    dmean: 1.32698835387e-06
    dmean2: 1.23852134948e-06
    dvar: 2.45397296234e-11
    dvar2: 1.81995668536e-11
    kurt: 19.7053356171
    max: 7.73755527916e-05
    mean: 7.59030517656e-05
    median: 7.72840357968e-05
    min: 4.47516176791e-05
    skew: -4.51076793671
    var: 3.28811665395e-11

RollOff:
    dmean: 1.00154435635
    dmean2: 1.025390625
    dvar: 20.5633563995
    dvar2: 21.0285148621
    kurt: 17.0477027893
    max: 710.595703125
    mean: 690.041259766
    median: 689.0625
    min: 689.0625
    skew: 4.36437177658
    var: 20.118303299

SpecCent:
    dmean: 2.24213933945
    dmean2: 2.22441029549
    dvar: 21.0832366943
    dvar2: 12.5072374344
    kurt: 24.6929168701
    max: 986.494567871
    mean: 943.487121582
    median: 941.794311523
    min: 940.212341309
    skew: 4.95545339584
    var: 54.1571006775

Zcr:
    dmean: 0.000828942575026
    dmean2: 0.000871930795256
    dvar: 9.73118949332e-06
    dvar2: 9.2817008408e-06
    kurt: 17.4161739349
    max: 0.03125
    mean: 0.0300514921546
    median: 0.03076171875
    min: 0.01416015625
    skew: -4.37784147263
    var: 1.03653010228e-05

HarmonicAmpFreq:
    dmean: [0.00159543054178]
    dmean2: [0.00163341709413]
    dvar: [0.000106906758447]
    dvar2: [0.00010939007916]
    kurt: [38.1081619263]
    max: [678.680541992]
    mean: [678.678649902]
    median: [678.680541992]
    min: [678.611938477]
    skew: [-6.29720115662]
    var: [0.000104644423118]

HarmonicAmpMag:
    dmean: [1.4388206182e-06]
    dmean2: [1.47307821408e-06]
    dvar: [8.69486010968e-11]
    dvar2: [8.8968332701e-11]
    kurt: [39.0232582092]
    max: [6.18692865828e-05]
    mean: [1.40612019095e-06]
    median: [0]
    min: [0]
    skew: [6.40494012833]
    var: [8.50184783685e-11]

MfccCoeff:
    dmean: [0.0630308613181, 0.0654538199306, 0.0069934935309, 0.0551878474653, 0.0880393087864, 0.0741154849529, 0.0208094399422, 0.0435542613268, 0.0847746357322, 0.0809492990375, 0.0341112017632, 0.0308518521488, 0.0794219970703]
    dmean2: [0.0643281489611, 0.0668124258518, 0.00713893352076, 0.0563318170607, 0.0898655503988, 0.0756530761719, 0.0212416872382, 0.0444590263069, 0.0865331366658, 0.0826287046075, 0.0348191037774, 0.0314910523593, 0.0810681283474]
    dvar: [0.087290070951, 0.0941464602947, 0.00107472715899, 0.0669184178114, 0.170317232609, 0.120700791478, 0.00951452273875, 0.0416833423078, 0.157919242978, 0.143988803029, 0.0255679450929, 0.0209152232856, 0.138605132699]
    dvar2: [0.0881555899978, 0.0950844883919, 0.00108534714673, 0.067584335804, 0.172013550997, 0.121902920306, 0.00960895325989, 0.0420984961092, 0.159492611885, 0.145423188806, 0.0258226618171, 0.0211236141622, 0.139985755086]
    kurt: [24.3959159851, 24.3954467773, 24.3933734894, 24.39427948, 24.3949432373, 24.3950824738, 24.3946113586, 24.3949794769, 24.394903183, 24.3949775696, 24.3948631287, 24.3948955536, 24.3948764801]
    max: [-1136.64916992, 1.83903121948, 0.196411132812, 8.01086425781e-05, -6.103515625e-05, 2.28881835938e-05, -2.67028808594e-05, 1.22361755371, 2.38173294067, 2.27428436279, 0.958339691162, -3.0517578125e-05, -3.81469726562e-05]
    mean: [-1136.71240234, 1.77341282368, 0.189412891865, -1.49503087997, -2.38530826569, -2.00795912743, -0.563793182373, 1.17995214462, 2.29673600197, 2.19312381744, 0.924140751362, -0.835891723633, -2.15179419518]
    median: [-1136.65087891, 1.83727645874, 0.196228027344, -1.54887008667, -2.47120666504, -2.08026885986, -0.584095001221, 1.22244644165, 2.37944793701, 2.27210235596, 0.957424163818, -0.865993499756, -2.22928619385]
    min: [-1138.42004395, 1.14440917969e-05, -6.103515625e-05, -1.550365448, -2.47357177734, -2.08226776123, -0.584651947021, -5.34057617188e-05, -4.57763671875e-05, -2.28881835938e-05, -2.67028808594e-05, -0.866821289062, -2.23142242432]
    skew: [-4.99485206604, -4.99477815628, -4.99459028244, 4.99467229843, 4.99472951889, 4.99474430084, 4.99470090866, -4.99473571777, -4.9947271347, -4.99473428726, -4.99472284317, 4.99472665787, 4.99472427368]
    var: [0.0866498872638, 0.0934527143836, 0.00106684153434, 0.0664259344339, 0.16906362772, 0.119812339544, 0.00944464281201, 0.0413762480021, 0.156755700707, 0.142928361893, 0.0253796521574, 0.0207611899823, 0.13758470118]

SpecContrastCoeff:
    dmean: [0.0357829593122, 0.0261921361089, 0.0200361199677, 0.00918418448418, 0.00674392329529, 0.00584979820997]
    dmean2: [0.0610074102879, 0.0466273166239, 0.0321075618267, 0.0145572321489, 0.00997972674668, 0.00756071740761]
    dvar: [0.00185237720143, 0.000751946354285, 0.00136929319706, 0.000155804111273, 0.00011690233805, 0.000131511711515]
    dvar2: [0.0022377197165, 0.00108663341962, 0.0012971694814, 0.000166455676663, 0.000121757766465, 0.000113405090815]
    kurt: [15.9987640381, 13.8507480621, 17.2422714233, 12.3524494171, 11.9663133621, 14.9285488129]
    max: [-0.662880420685, -0.690690636635, -0.584224820137, -0.873688220978, -0.872691452503, -0.84795999527]
    mean: [-0.702204406261, -0.719997942448, -0.605227947235, -0.887390553951, -0.891956686974, -0.867144167423]
    median: [-0.693973064423, -0.715709924698, -0.597113966942, -0.884896457195, -0.889460086823, -0.864886581898]
    min: [-0.956016421318, -0.874852180481, -0.805408656597, -0.948626220226, -0.947397828102, -0.939583659172]
    skew: [-3.87953543663, -3.43496274948, -4.25235319138, -3.46777963638, -3.28461408615, -3.65727972984]
    var: [0.00240541552193, 0.000933496979997, 0.00153901358135, 0.000203938325285, 0.000142401215271, 0.000201523478609]

SpecPeakAmp:
    dmean: [5.75845319872e-07, 1.122749822e-07, 1.47484468016e-06, 6.88581849317e-08, 6.08966885807e-08]
    dmean2: [1.04831576664e-06, 1.50156878931e-07, 1.53662506364e-06, 9.34862427471e-08, 8.73178791494e-08]
    dvar: [2.68358496232e-13, 1.46736342153e-13, 8.6593128501e-11, 4.65666459386e-14, 2.05719112128e-14]
    dvar2: [3.91224297966e-13, 1.39055447387e-13, 8.8515098029e-11, 4.62163944268e-14, 2.04258115819e-14]
    kurt: [10.141043663, 34.5883827209, 39.0192146301, 32.1706085205, 26.2553691864]
    max: [8.76627927937e-06, 2.69378801931e-06, 6.18692865828e-05, 1.48319645632e-06, 9.94936613097e-07]
    mean: [8.27720486996e-06, 1.61612490501e-07, 1.4949563365e-06, 1.29822240069e-07, 1.1926830723e-07]
    median: [8.38281448523e-06, 8.3729574385e-08, 8.71215704024e-08, 8.90709657142e-08, 8.75108270293e-08]
    min: [5.79690049562e-06, 3.72383652802e-08, 4.05067019926e-08, 5.39078506279e-08, 5.4403070493e-08]
    skew: [-3.04708123207, 5.92568922043, 6.40445756912, 5.68606710434, 5.09067344666]
    var: [3.38950682842e-13, 1.57797833502e-13, 8.47729178521e-11, 4.66895504192e-14, 2.16720918148e-14]
