
metadata:
    version:
        essentia: "2.1-beta3"

Flux:
    dmean: 0.000124312151456
    dmean2: 0.000165272329468
    dvar: 1.6732097663e-07
    dvar2: 3.31325026082e-07
    kurt: 9.55203437805
    max: 0.00237046158873
    mean: 0.000163460557815
    median: 6.67896256346e-06
    min: 4.06635490435e-06
    skew: 3.29127764702
    var: 2.70387403134e-07

Rms:
    dmean: 4.89831181767e-05
    dmean2: 3.65934611182e-05
    dvar: 3.07378975606e-08
    dvar2: 1.38162130625e-08
    kurt: 20.9354286194
    max: 0.00171408907045
    mean: 0.00165259279311
    median: 0.00171325146221
    min: 0.00030533480458
    skew: -4.54175281525
    var: 5.70793474708e-08

RollOff:
    dmean: 4.40451860428
    dmean2: 4.00617742538
    dvar: 518.046081543
    dvar2: 393.713195801
    kurt: 37.4943885803
    max: 861.328125
    mean: 693.84765625
    median: 689.0625
    min: 689.0625
    skew: 6.2031416893
    var: 657.164550781

SpecCent:
    dmean: 1.31697499752
    dmean2: 1.46126115322
    dvar: 47.1245765686
    dvar2: 43.0486297607
    kurt: 39.748916626
    max: 727.704833984
    mean: 680.122680664
    median: 678.995849609
    min: 678.44708252
    skew: 6.45090675354
    var: 51.62059021

Zcr:
    dmean: 0.000987659790553
    dmean2: 0.000692678033374
    dvar: 1.33567364173e-05
    dvar2: 8.90723913471e-06
    kurt: 18.1412906647
    max: 0.03076171875
    mean: 0.0294921882451
    median: 0.03076171875
    min: 0.001953125
    skew: -4.26820611954
    var: 2.57534484263e-05

HarmonicAmpFreq:
    dmean: [2.47021079063]
    dmean2: [2.51786351204]
    dvar: [260.310913086]
    dvar2: [264.15222168]
    kurt: [40.0219230652]
    max: [678.837036133]
    mean: [676.412658691]
    median: [678.837036133]
    min: [570.147766113]
    skew: [-6.4823975563]
    var: [256.643951416]

HarmonicAmpMag:
    dmean: [6.21154977125e-05]
    dmean2: [9.53700291575e-05]
    dvar: [8.1025120835e-08]
    dvar2: [2.08129989687e-07]
    kurt: [40.0224266052]
    max: [0.00136782915797]
    mean: [3.04534532916e-05]
    median: [0]
    min: [0]
    skew: [6.48245763779]
    var: [4.06495495042e-08]

MfccCoeff:
    dmean: [1.63281810284, 1.86570811272, 0.775122225285, 0.519039511681, 1.08301782608, 1.04992306232, 0.479507535696, 0.325260192156, 0.740918159485, 0.766961157322, 0.416416674852, 0.129373207688, 0.563889324665]
    dmean2: [2.18390321732, 2.52419543266, 1.13824248314, 0.473939418793, 1.22845125198, 1.2264033556, 0.590427398682, 0.27749106288, 0.690855264664, 0.679830908775, 0.328494936228, 0.140663146973, 0.44704285264]
    dvar: [52.5241737366, 68.2453155518, 11.9324922562, 5.62781620026, 27.7563037872, 24.7628898621, 4.64733934402, 1.94600868225, 12.018661499, 11.6540212631, 2.76555800438, 0.507788956165, 5.26694488525]
    dvar2: [107.296272278, 143.184661865, 29.2049732208, 4.11124610901, 36.5084953308, 35.5046653748, 7.82792901993, 1.13626098633, 9.38146018982, 7.95654249191, 1.43320536613, 0.540420174599, 2.64422702789]
    kurt: [18.0645523071, 18.5887622833, 35.9176559448, 33.5433197021, 32.7792816162, 30.4131088257, 22.9829692841, 32.6506843567, 33.8212852478, 31.9959220886, 27.231092453, 39.3875274658, 29.7062072754]
    max: [-1094.65466309, 49.2678337097, 18.1562194824, 8.01086425781e-05, -6.103515625e-05, 2.28881835938e-05, -2.67028808594e-05, 11.5913105011, 25.698513031, 26.2186527252, 13.7295646667, -3.0517578125e-05, -3.81469726562e-05]
    mean: [-1116.62304688, 22.9704284668, 3.53341341019, -17.3211517334, -28.8384876251, -25.3535289764, -9.14313316345, 11.0195922852, 24.6938781738, 25.2772331238, 13.2278270721, -4.58609437943, -18.8394374847]
    median: [-1116.49523926, 23.0335197449, 3.30130004883, -17.8747367859, -29.5557518005, -25.9460716248, -9.32376098633, 11.3808841705, 25.4724006653, 26.1230564117, 13.7280540466, -4.69082641602, -19.5054283142]
    min: [-1138.42004395, 1.14440917969e-05, -6.103515625e-05, -18.064037323, -34.4165611267, -32.307308197, -13.6612472534, -5.34057617188e-05, -4.57763671875e-05, -2.28881835938e-05, -2.67028808594e-05, -4.91720581055, -19.7144584656]
    skew: [0.0131120244041, 0.878300786018, 5.91023921967, 5.79681873322, 5.66613388062, 5.30645227432, 3.84826087952, -5.69863271713, -5.82996463776, -5.64022016525, -5.15677452087, 6.40847730637, 5.40406274796]
    var: [22.0218486786, 27.9340114594, 5.11842060089, 7.40968418121, 20.7787685394, 16.6624336243, 2.52864170074, 3.03656172752, 15.0043325424, 16.1412162781, 4.77857398987, 0.481576025486, 9.28932285309]

SpecContrastCoeff:
    dmean: [0.0463344082236, 0.0336571335793, 0.0300525445491, 0.0138050457463, 0.00966716744006, 0.00610397895798]
    dmean2: [0.0861433297396, 0.0548710599542, 0.0434008948505, 0.0263115242124, 0.0180190149695, 0.0101020941511]
    dvar: [0.000862567918375, 0.000999065348879, 0.00262107723393, 9.28488079808e-05, 7.22949771443e-05, 3.41784470947e-05]
    dvar2: [0.0031997342594, 0.000912388670258, 0.00227802991867, 0.000325402710587, 0.000226554941037, 7.82582137617e-05]
    kurt: [2.18144226074, 19.5476875305, 19.1607475281, -0.730026483536, 0.795183181763, 4.92193365097]
    max: [-0.797622263432, -0.611194372177, -0.463459253311, -0.919328153133, -0.911445021629, -0.917105257511]
    mean: [-0.861855208874, -0.660482883453, -0.503994822502, -0.943856537342, -0.932535409927, -0.930384576321]
    median: [-0.866980373859, -0.654247403145, -0.486327439547, -0.948161661625, -0.933884978294, -0.929457902908]
    min: [-0.986760675907, -0.98652023077, -0.938226044178, -0.957067131996, -0.952209413052, -0.95949447155]
    skew: [-0.617650568485, -4.292532444, -4.34684038162, 0.646932959557, 0.63707870245, -1.79403197765]
    var: [0.00119087088387, 0.00348224630579, 0.00624429387972, 0.000110879562271, 6.6625951149e-05, 5.87309259572e-05]

SpecPeakAmp:
    dmean: [3.53366795025e-06, 6.27687622909e-05, 1.31016633986e-06, 1.20524771319e-06, 1.02323963347e-06]
    dmean2: [5.1710653679e-06, 9.65608051047e-05, 2.21783989218e-06, 2.01758780349e-06, 1.69955171714e-06]
    dvar: [1.14745074553e-10, 8.09926632428e-08, 9.39484341017e-12, 8.58587940328e-12, 7.18357968596e-12]
    dvar2: [2.94447188853e-10, 2.07858306567e-07, 2.28835422833e-11, 2.08584885475e-11, 1.75778662459e-11]
    kurt: [37.3621253967, 40.022315979, 37.2729263306, 36.1509437561, 37.0708770752]
    max: [5.72701828787e-05, 0.00136782915797, 1.61277075676e-05, 1.53339533426e-05, 1.40585607369e-05]
    mean: [9.27743894863e-06, 3.14708231599e-05, 1.42344117648e-06, 1.48243850617e-06, 1.60560705353e-06]
    median: [8.24321523396e-06, 1.19252513286e-06, 1.15787645427e-06, 1.1341866184e-06, 1.35331788442e-06]
    min: [2.57630904343e-06, 3.11978936907e-07, 1.76323666778e-07, 1.10175086832e-07, 7.77871065338e-08]
    skew: [6.15414142609, 6.48244428635, 6.15348052979, 6.03119373322, 6.12674617767]
    var: [5.40575501029e-11, 4.05877784715e-08, 5.07943513639e-12, 4.57208186241e-12, 3.65254224435e-12]
