
metadata:
    version:
        essentia: "2.1-beta3"

Flux:
    dmean: 0.00278510549106
    dmean2: 0.0037189652212
    dvar: 8.39498243295e-05
    dvar2: 0.00016665381554
    kurt: 9.49417591095
    max: 0.0528592653573
    mean: 0.00363615225069
    median: 0.000133095061756
    min: 1.67109574249e-05
    skew: 3.28456997871
    var: 0.000135465263156

Rms:
    dmean: 0.0010973722674
    dmean2: 0.000821480411105
    dvar: 1.52588345372e-05
    dvar2: 6.84570022713e-06
    kurt: 20.7019767761
    max: 0.038368076086
    mean: 0.0369938351214
    median: 0.0383509323001
    min: 0.00698907999322
    skew: -4.51887607574
    var: 2.84893849312e-05

RollOff:
    dmean: 7.83025550842
    dmean2: 7.51158237457
    dvar: 2025.24182129
    dvar2: 1787.50793457
    kurt: 39.2818069458
    max: 1012.06054688
    mean: 697.197265625
    median: 689.0625
    min: 689.0625
    skew: 6.39817428589
    var: 2272.82763672

SpecCent:
    dmean: 11.2585020065
    dmean2: 10.7073707581
    dvar: 4178.24511719
    dvar2: 3433.33032227
    kurt: 39.2588272095
    max: 1156.35107422
    mean: 690.20501709
    median: 678.547424316
    min: 676.442260742
    skew: 6.39714813232
    var: 4982.97167969

Zcr:
    dmean: 0.00104314635973
    dmean2: 0.000760810333304
    dvar: 1.42356529977e-05
    dvar2: 9.49573768594e-06
    kurt: 18.1136188507
    max: 0.03125
    mean: 0.0294596347958
    median: 0.03076171875
    min: 0.0009765625
    skew: -4.26487779617
    var: 2.75717866316e-05

HarmonicAmpFreq:
    dmean: [0.332895457745]
    dmean2: [0.367058336735]
    dvar: [4.02685880661]
    dvar2: [4.09945869446]
    kurt: [39.9543266296]
    max: [692.552429199]
    mean: [679.344787598]
    median: [679.059753418]
    min: [678.837036133]
    skew: [6.47431182861]
    var: [3.9677491188]

HarmonicAmpMag:
    dmean: [0.00466483458877]
    dmean2: [0.00787182338536]
    dvar: [0.000188329548109]
    dvar2: [0.000439370400272]
    kurt: [5.59332084656]
    max: [0.0512748509645]
    mean: [0.04625127092]
    median: [0.0512684285641]
    min: [0]
    skew: [-2.72296524048]
    var: [0.000217950670049]

MfccCoeff:
    dmean: [13.6180000305, 7.13240671158, 2.87941813469, 2.12168884277, 1.67905318737, 3.35519766808, 3.8224363327, 3.93328642845, 3.35075592995, 1.80767095089, 2.739538908, 2.77564716339, 3.11545658112]
    dmean2: [20.6277599335, 10.8795118332, 5.21790409088, 3.19508075714, 1.60464441776, 5.33607625961, 7.26916074753, 7.11558294296, 5.35967540741, 2.20293521881, 4.85441255569, 5.21789312363, 5.00630378723]
    dvar: [2856.85595703, 438.377746582, 10.9382333755, 14.3509244919, 35.9142227173, 22.1392211914, 2.7284591198, 5.25786447525, 30.9743041992, 37.5675964355, 8.34120941162, 1.81439447403, 21.4474716187]
    dvar2: [7044.34716797, 965.029724121, 23.8974151611, 6.71624708176, 14.8854780197, 17.3013839722, 8.16483211517, 8.6928062439, 30.011554718, 43.0360870361, 10.5026445389, 3.60379838943, 18.7465171814]
    kurt: [36.5965042114, 19.7071876526, 14.4122009277, 32.8096427917, 30.1488037109, 21.9894638062, 8.14668750763, 13.7801151276, 17.4369888306, 16.799238205, 13.0477294922, 8.26561069489, 14.2174263]
    max: [-851.867004395, 130.017730713, 21.3561706543, -6.1431388855, -10.0480194092, -8.54215240479, -3.30105209351, 29.0246524811, 56.4303092957, 55.6312332153, 27.3451957703, -0.432998657227, -1.28610229492]
    mean: [-1083.90319824, 53.3148498535, 6.74189805984, -39.6360588074, -64.192489624, -54.5750961304, -17.8194961548, 25.6998157501, 52.9654350281, 51.2778167725, 23.8021678925, -13.0469427109, -39.6437339783]
    median: [-1089.06848145, 51.6206169128, 6.58557128906, -40.5794143677, -65.6502990723, -56.0169792175, -17.8481521606, 26.2729740143, 55.2938499451, 53.406211853, 25.0211906433, -13.0631256104, -41.2782096863]
    min: [-1129.65332031, 9.26160812378, -10.5797386169, -43.271156311, -70.6838684082, -61.0025138855, -21.2448959351, 2.21640777588, 5.08437728882, 4.53900146484, 1.97256851196, -15.5298690796, -42.8453788757]
    skew: [6.04236364365, 3.15762972832, -1.00187706947, 5.69667387009, 5.4791302681, 4.69478464127, 2.32399010658, -3.4585211277, -4.2392334938, -4.18253946304, -3.60335469246, 2.62260937691, 3.85316610336]
    var: [1276.50195312, 195.432312012, 13.195514679, 27.9976348877, 76.4628448486, 66.2013549805, 9.9298248291, 21.4427490234, 83.698348999, 81.057800293, 20.0508728027, 8.35648059845, 60.1768112183]

SpecContrastCoeff:
    dmean: [0.0316832326353, 0.0438982918859, 0.0384800061584, 0.0149152427912, 0.0114128254354, 0.0116918543354]
    dmean2: [0.059788480401, 0.0721791833639, 0.0540586747229, 0.0299890376627, 0.0214839335531, 0.0223956201226]
    dvar: [0.000733415596187, 0.00154245039448, 0.00431982241571, 7.83494688221e-05, 0.000101867175545, 0.000158690483659]
    dvar2: [0.00232001626864, 0.00113189627882, 0.00312069430947, 0.000267316878308, 0.000389693916077, 0.000594917743001]
    kurt: [1.85005092621, 21.932100296, 20.500787735, -1.17687726021, 0.704780340195, 2.7562713623]
    max: [-0.859139859676, -0.503379225731, -0.301796853542, -0.924787759781, -0.925198972225, -0.919659376144]
    mean: [-0.94506675005, -0.552374482155, -0.345882773399, -0.943736195564, -0.953325510025, -0.95628798008]
    median: [-0.960163295269, -0.547022521496, -0.325734376907, -0.948260426521, -0.958990871906, -0.962247848511]
    min: [-0.968382537365, -0.959901988506, -0.932784795761, -0.953560352325, -0.960674285889, -0.963499307632]
    skew: [1.64759659767, -4.48739242554, -4.49474382401, 0.654824793339, 1.41800451279, 1.90274214745]
    var: [0.000690083019435, 0.00505203008652, 0.0109937293455, 0.00011238737352, 0.000103836748167, 0.00012160102051]

SpecPeakAmp:
    dmean: [4.79899608763e-05, 4.27599625255e-05, 0.0279478784651, 0.0256393738091, 0.00702376710251]
    dmean2: [7.90379708633e-05, 6.6641412559e-05, 0.0555165037513, 0.0524532794952, 0.0143562462181]
    dvar: [1.94033979994e-08, 2.20329656742e-08, 0.000621615326963, 0.000654519128148, 0.000308770162519]
    dvar2: [4.90450098312e-08, 5.58431558773e-08, 0.00181256618816, 0.00164182274602, 0.000893305114005]
    kurt: [38.7270965576, 39.2380485535, -1.97874259949, -1.50000095367, 10.0705127716]
    max: [0.000734233821277, 0.000752197753172, 0.0512748509645, 0.0512731745839, 0.0512715987861]
    mean: [4.67233658128e-05, 4.9364665756e-05, 0.0257630608976, 0.0171291418374, 0.00345594249666]
    median: [3.14687276841e-05, 3.31739502144e-05, 0.0304702762514, 4.85867676616e-05, 3.44638065144e-05]
    min: [1.02803969639e-05, 1.12359984996e-05, 9.33271621761e-06, 6.91116110829e-06, 5.53414292881e-06]
    skew: [6.32975149155, 6.38934707642, -0.012514591217, 0.707075119019, 3.47418403625]
    var: [1.09083027056e-08, 1.1330685723e-08, 0.000642033817712, 0.000582728476729, 0.000163297940162]
