
metadata:
    version:
        essentia: "2.1-beta3"

Flux:
    dmean: 0.00278720934875
    dmean2: 0.00366917415522
    dvar: 8.37592961034e-05
    dvar2: 0.000164372992003
    kurt: 9.58577346802
    max: 0.0532932356
    mean: 0.00355941313319
    median: 2.68161365966e-05
    min: 7.08100787961e-06
    skew: 3.29454612732
    var: 0.000136526214192

Rms:
    dmean: 0.00117830641102
    dmean2: 0.00084703520406
    dvar: 1.50732994371e-05
    dvar2: 6.68499296808e-06
    kurt: 20.5368728638
    max: 0.0385990068316
    mean: 0.0370025299489
    median: 0.0383375249803
    min: 0.00699965329841
    skew: -4.50011825562
    var: 2.861095345e-05

RollOff:
    dmean: 9.29842853546
    dmean2: 9.01389884949
    dvar: 3338.43969727
    dvar2: 3045.88623047
    kurt: 39.7850570679
    max: 602.9296875
    mean: 203.369140625
    median: 193.798828125
    min: 193.798828125
    skew: 6.45529460907
    var: 3638.44750977

SpecCent:
    dmean: 24.5254039764
    dmean2: 20.6865634918
    dvar: 17016.9160156
    dvar2: 11328.3974609
    kurt: 37.6777572632
    max: 1212.65112305
    mean: 201.624938965
    median: 174.810302734
    min: 172.534820557
    skew: 6.23100090027
    var: 23897.0390625

Zcr:
    dmean: 0.000332919036737
    dmean2: 0.00036337209167
    dvar: 8.21164519493e-07
    dvar2: 5.44404201719e-07
    kurt: 16.7535953522
    max: 0.00830078125
    mean: 0.00758463563398
    median: 0.0078125
    min: 0.0009765625
    skew: -4.07523298264
    var: 1.55342991093e-06

HarmonicAmpFreq:
    dmean: [0.0874047726393]
    dmean2: [0.131605282426]
    dvar: [0.117703981698]
    dvar2: [0.301829844713]
    kurt: [26.4451198578]
    max: [175.925811768]
    mean: [174.138015747]
    median: [174.06880188]
    min: [174.067367554]
    skew: [5.07955265045]
    var: [0.0885859429836]

HarmonicAmpMag:
    dmean: [0.00212965090759]
    dmean2: [0.00162392063066]
    dvar: [6.31480434095e-05]
    dvar2: [4.3779360567e-05]
    kurt: [15.4084777832]
    max: [0.0540561303496]
    mean: [0.0514391846955]
    median: [0.0540459752083]
    min: [0]
    skew: [-4.04003953934]
    var: [0.000104352751805]

MfccCoeff:
    dmean: [13.2168884277, 5.43028450012, 1.58559763432, 1.21429884434, 1.16071951389, 0.959884822369, 0.835345208645, 0.549929857254, 0.369268596172, 0.611791431904, 0.880989074707, 1.13748538494, 1.3875054121]
    dmean2: [19.2236747742, 7.01469898224, 1.5288413763, 1.45008552074, 2.08021712303, 1.5547119379, 1.30822217464, 0.714631378651, 0.556414842606, 0.545323550701, 0.726450920105, 1.03118348122, 1.23118877411]
    dvar: [3305.81396484, 468.801635742, 29.0335502625, 21.3069458008, 26.6893310547, 17.3244361877, 12.2721471786, 3.67891764641, 1.85868918896, 3.98223471642, 10.0162973404, 17.7996044159, 24.800403595]
    dvar2: [8281.96191406, 1040.90783691, 27.7373352051, 23.3079509735, 52.5962638855, 30.9036045074, 24.371389389, 7.39544057846, 3.65542674065, 3.96449136734, 8.12620067596, 15.5151481628, 21.8538627625]
    kurt: [37.3722877502, 15.8800926208, 12.359585762, 16.5691661835, 16.5528697968, 14.8743877411, 12.44444561, 9.9099111557, 9.59025001526, 23.5709285736, 20.1731052399, 17.3181266785, 15.7871551514]
    max: [-831.88494873, 142.643920898, 86.4937744141, 65.4824066162, 50.6810493469, 34.2058410645, 18.930683136, 5.92921447754, -2.15853881836, -2.15934753418, -1.46216201782, -0.493644714355, 0.366256713867]
    mean: [-1085.50549316, 66.7326965332, 59.4985122681, 51.8393821716, 41.6574935913, 30.2035427094, 17.7533874512, 5.21963214874, -6.91923475266, -17.9435691833, -27.4199848175, -34.8478393555, -39.9910087585]
    median: [-1091.54602051, 64.7224197388, 60.1103248596, 52.7296295166, 43.0093727112, 31.5186309814, 18.9164619446, 5.91649627686, -6.76165771484, -18.4361801147, -28.5130977631, -36.5102500916, -42.0944633484]
    min: [-1123.90087891, 19.6049308777, 16.991394043, 13.1684913635, 8.80426025391, 4.6096572876, -2.11051559448, -4.78835296631, -11.7075500488, -22.4258956909, -29.9962673187, -36.5159263611, -42.0977287292]
    skew: [6.16138696671, 2.67443847656, -2.22269487381, -3.69501805305, -4.20466184616, -4.02074480057, -3.72186374664, -3.35256481171, -0.910884082317, 4.648686409, 4.49111890793, 4.21195888519, 4.02846050262]
    var: [1509.57409668, 216.612106323, 80.2418518066, 54.7900886536, 49.8331069946, 30.8336811066, 18.81291008, 5.57287406921, 1.5178591013, 7.3617067337, 21.7901439667, 42.0379104614, 61.0490379333]

SpecContrastCoeff:
    dmean: [0.0355374738574, 0.00816190801561, 0.00509938597679, 0.0067539839074, 0.00868022534996, 0.00990481581539]
    dmean2: [0.025869641453, 0.0131301684305, 0.00715353619307, 0.0109930746257, 0.0132757881656, 0.0117268646136]
    dvar: [0.00757557339966, 0.000400751654524, 5.32326157554e-05, 9.69262546278e-05, 0.000114886446681, 8.13843143987e-05]
    dvar2: [0.00397804519162, 0.000864716654178, 0.000107000560092, 0.000253508653259, 0.00028039861354, 0.000217825712753]
    kurt: [18.3599147797, 10.994017601, 3.5812497139, 5.23836994171, 1.3398566246, -0.407174825668]
    max: [-0.153495371342, -0.842913806438, -0.929394423962, -0.925502955914, -0.926064074039, -0.917589128017]
    mean: [-0.225682407618, -0.95127671957, -0.963744938374, -0.964419305325, -0.958286106586, -0.948620378971]
    median: [-0.195235788822, -0.960675418377, -0.968037486076, -0.968837797642, -0.963877618313, -0.954583346844]
    min: [-0.986191093922, -0.961626112461, -0.980566680431, -0.970236003399, -0.966211795807, -0.96559381485]
    skew: [-4.20468616486, 3.4752137661, 1.92502939701, 2.39458727837, 1.61577212811, 0.942367911339]
    var: [0.0192629210651, 0.000672688533086, 9.50011235545e-05, 9.92397981463e-05, 0.000130245985929, 0.000175893015694]

SpecPeakAmp:
    dmean: [0.00350243085995, 0.00246173911728, 2.12094655581e-05, 1.9549690478e-05, 1.76009525603e-05]
    dmean2: [0.0055415360257, 0.00500495079905, 2.77324415947e-05, 2.82009241346e-05, 2.53301295743e-05]
    dvar: [0.000129508844111, 0.000125651524286, 5.17479659123e-09, 4.33347313589e-09, 4.22726076366e-09]
    dvar2: [0.00034257536754, 0.000243981863605, 1.30096511342e-08, 1.10118039132e-08, 1.07897486501e-08]
    kurt: [20.3246517181, 6.34785652161, 30.3608055115, 33.0847320557, 35.316696167]
    max: [0.0530403256416, 0.0540561303496, 0.000358803023119, 0.000325637200149, 0.000319976184983]
    mean: [0.00221810978837, 0.0492577962577, 2.54500373558e-05, 1.89862148545e-05, 1.6414662241e-05]
    median: [2.40247663896e-05, 0.0540459752083, 1.59593091666e-05, 9.15293458092e-06, 8.48414674692e-06]
    min: [5.20977391716e-06, 1.579255877e-05, 7.3474934652e-06, 3.34169908456e-06, 2.70513010037e-06]
    skew: [4.53654766083, -2.88925051689, 5.49387121201, 5.75895690918, 5.98428583145]
    var: [8.39944405016e-05, 0.000235102183069, 2.88560020323e-09, 2.33938246552e-09, 2.22137042094e-09]
