
metadata:
    version:
        essentia: "2.1-beta3"

Flux:
    dmean: 0.0249965675175
    dmean2: 0.0329016037285
    dvar: 0.00680535472929
    dvar2: 0.0131437173113
    kurt: 9.41101551056
    max: 0.49040967226
    mean: 0.0333444662392
    median: 0.00104408420157
    min: 8.34364254843e-05
    skew: 3.26885962486
    var: 0.0114604551345

Rms:
    dmean: 0.0100087681785
    dmean2: 0.0074801556766
    dvar: 0.00127940787934
    dvar2: 0.000575964164454
    kurt: 20.912197113
    max: 0.353557050228
    mean: 0.341019183397
    median: 0.353414952755
    min: 0.0657907128334
    skew: -4.53900718689
    var: 0.00238289427944

RollOff:
    dmean: 10.2772102356
    dmean2: 10.0154428482
    dvar: 3719.72900391
    dvar2: 3415.02368164
    kurt: 39.6041374207
    max: 1119.7265625
    mean: 699.58984375
    median: 689.0625
    min: 689.0625
    skew: 6.43440771103
    var: 4031.37255859

SpecCent:
    dmean: 15.7501792908
    dmean2: 14.7830209732
    dvar: 8597.25390625
    dvar2: 7067.86181641
    kurt: 39.2706031799
    max: 1363.42041016
    mean: 695.176879883
    median: 678.526550293
    min: 678.366088867
    skew: 6.39854431152
    var: 10238.8994141

Zcr:
    dmean: 0.00102095166221
    dmean2: 0.000749454949982
    dvar: 1.36420721901e-05
    dvar2: 8.89744114829e-06
    kurt: 18.471824646
    max: 0.03125
    mean: 0.0294921882451
    median: 0.03076171875
    min: 0.00146484375
    skew: -4.29969596863
    var: 2.63892325165e-05

HarmonicAmpFreq:
    dmean: [1.53948831558]
    dmean2: [1.58104336262]
    dvar: [98.9589614868]
    dvar2: [100.134620667]
    kurt: [40.0187034607]
    max: [746.176452637]
    mean: [680.548950195]
    median: [679.060058594]
    min: [678.837036133]
    skew: [6.48201704025]
    var: [97.8902435303]

HarmonicAmpMag:
    dmean: [0.0215048212558]
    dmean2: [0.0286499671638]
    dvar: [0.00724377203733]
    dvar2: [0.010600737296]
    kurt: [8.76911830902]
    max: [0.472485512495]
    mean: [0.436769455671]
    median: [0.472438335419]
    min: [0]
    skew: [-3.23724842072]
    var: [0.0143853612244]

MfccCoeff:
    dmean: [29.9862728119, 19.9476604462, 37.3691139221, 9.3537530899, 3.63395285606, 6.44757986069, 2.87242054939, 2.48257684708, 2.71185684204, 2.79808497429, 1.91795265675, 1.00630331039, 2.00382900238]
    dmean2: [48.4787826538, 35.2378196716, 74.6525192261, 18.2028007507, 3.82057905197, 11.7233037949, 5.20332813263, 4.17343187332, 4.08189582825, 4.34078121185, 3.22083377838, 1.3744879961, 2.27920508385]
    dvar: [6620.65478516, 151.896987915, 458.824432373, 58.4570922852, 59.2143173218, 31.3534526825, 6.47117757797, 17.50806427, 45.8883132935, 36.0876655579, 9.60609054565, 2.62614893913, 25.6760025024]
    dvar2: [15993.2167969, 477.713470459, 1790.45788574, 220.413818359, 75.0593948364, 53.9977111816, 22.7448654175, 38.0478897095, 65.9198684692, 45.9688911438, 16.4569454193, 2.97328782082, 21.0991802216]
    kurt: [33.9142227173, 4.19013977051, -1.26357603073, 0.222859859467, 6.77262973785, 6.35542964935, 1.48695230484, 11.8685932159, 14.1570320129, 14.5656757355, 13.4044322968, 12.4790525436, 15.837688446]
    max: [-608.192993164, 207.110351562, 42.7669715881, -44.6028213501, -38.945110321, -30.0544090271, -11.6018295288, 33.6770858765, 58.3627891541, 53.3087844849, 24.7611656189, -0.930641174316, 1.9361114502]
    mean: [-973.608703613, 141.938339233, 8.57075786591, -61.8854980469, -79.5029678345, -61.5909233093, -17.7712059021, 26.4756889343, 52.3389282227, 49.7272987366, 21.9747905731, -13.630821228, -39.045627594]
    median: [-980.538574219, 146.35748291, 8.95748901367, -61.370765686, -79.7297973633, -61.7463951111, -17.6999969482, 28.0366306305, 54.7932929993, 52.2182312012, 23.0711174011, -14.1946868896, -40.8942070007]
    min: [-1031.6138916, 77.4343032837, -33.6190338135, -77.5983047485, -99.6854858398, -75.8173828125, -23.4286422729, 0.0481491088867, 5.36419296265, 4.85984802246, -0.204807281494, -16.238822937, -43.1940727234]
    skew: [5.78155469894, -0.345511287451, -0.0871663540602, -0.19341866672, 2.00477933884, 1.98134338856, 0.119722276926, -3.37473130226, -3.87424707413, -3.92368769646, -3.69643497467, 3.48001122475, 4.01736450195]
    var: [3279.90063477, 352.035858154, 535.518859863, 50.4651374817, 88.6897659302, 57.6698799133, 5.38639163971, 32.1340560913, 94.1713180542, 83.1910476685, 20.8233604431, 6.75667572021, 62.3525924683]

SpecContrastCoeff:
    dmean: [0.0389451086521, 0.0463059395552, 0.0366127490997, 0.015635645017, 0.0102830445394, 0.00648301281035]
    dmean2: [0.0723875537515, 0.0737260580063, 0.0427424237132, 0.03090945445, 0.0188973620534, 0.00947212893516]
    dvar: [0.00147684186231, 0.00332681764849, 0.00709979655221, 0.000164067532751, 0.00014415748592, 0.000149092651554]
    dvar2: [0.00498787267134, 0.00214171083644, 0.0035161843989, 0.000522281916346, 0.000438148359535, 0.000337702571414]
    kurt: [4.62467813492, 24.9541797638, 23.7877807617, 2.75987243652, 3.75877904892, 8.25693225861]
    max: [-0.795776963234, -0.370338916779, -0.125625371933, -0.874579071999, -0.891891181469, -0.880691051483]
    mean: [-0.958429396152, -0.423850089312, -0.176773786545, -0.930666208267, -0.944238901138, -0.951358556747]
    median: [-0.976912796497, -0.41329446435, -0.149499565363, -0.937577784061, -0.951502621174, -0.957033395767]
    min: [-0.984952747822, -0.906185090542, -0.919559597969, -0.942551374435, -0.952241003513, -0.958035111427]
    skew: [2.17817258835, -4.78709411621, -4.81882953644, 1.77664041519, 2.14856481552, 2.96520280838]
    var: [0.00162792997435, 0.00659871846437, 0.0161682199687, 0.000244075927185, 0.000207142918953, 0.000253700156463]

SpecPeakAmp:
    dmean: [0.0130308158696, 0.107479900122, 0.128794670105, 0.000228697390412, 0.0216796826571]
    dmean2: [0.0200308319181, 0.219834089279, 0.263338118792, 0.000328037684085, 0.0442385189235]
    dvar: [0.00349200051278, 0.0390932410955, 0.0441219471395, 2.3529013049e-07, 0.00967192556709]
    dvar2: [0.00896858051419, 0.107148461044, 0.106640517712, 5.19591196735e-07, 0.0291751231998]
    kurt: [40.0211257935, 4.12490844727, -0.214233636856, 18.7901134491, 40.0188484192]
    max: [0.283903121948, 0.472485512495, 0.47248083353, 0.00251267058775, 0.472439855337]
    mean: [0.0065421606414, 0.0529220439494, 0.367613613605, 0.000426493410487, 0.0106983566657]
    median: [0.000236212435993, 0.000410324981203, 0.472426742315, 0.000377694435883, 8.334582526e-05]
    min: [3.32367817464e-05, 0.000223995564738, 0.000177625202923, 0.000103859434603, 3.97206567868e-05]
    skew: [6.4823050499, 2.4748415947, -1.33631896973, 4.27241754532, 6.48203706741]
    var: [0.00174842146225, 0.0220025945455, 0.0384593196213, 1.49159376406e-07, 0.00484579103068]
