
metadata:
    version:
        essentia: "2.1-beta3"

Flux:
    dmean: 0.013698220253
    dmean2: 0
    dvar: 0
    dvar2: 0
    kurt: -2
    max: 0.302562117577
    mean: 0.29571300745
    median: 0.29571300745
    min: 0.288863897324
    skew: 0
    var: 4.69103106298e-05

Rms:
    dmean: 0
    dmean2: 0
    dvar: 0
    dvar2: 0
    kurt: 0
    max: 0.103604793549
    mean: 0.103604793549
    median: 0.103604793549
    min: 0.103604793549
    skew: 0
    var: 0

RollOff:
    dmean: 258.3984375
    dmean2: 0
    dvar: 0
    dvar2: 0
    kurt: -1.99999988079
    max: 1205.859375
    mean: 1076.66015625
    median: 1076.66015625
    min: 947.4609375
    skew: 0
    var: 16692.4375

SpecCent:
    dmean: 114.979187012
    dmean2: 0
    dvar: 0
    dvar2: 0
    kurt: -1.99999988079
    max: 953.533752441
    mean: 896.044189453
    median: 896.044189453
    min: 838.55456543
    skew: -1.60356648848e-06
    var: 3305.05322266

Zcr:
    dmean: 0.00048828125
    dmean2: 0
    dvar: 0
    dvar2: 0
    kurt: -2
    max: 0.01171875
    mean: 0.011474609375
    median: 0.011474609375
    min: 0.01123046875
    skew: 0
    var: 5.96046447754e-08

HarmonicAmpFreq:
    dmean: [29.7281494141]
    dmean2: [0]
    dvar: [0]
    dvar2: [0]
    kurt: [-2]
    max: [875.352844238]
    mean: [860.488769531]
    median: [860.488769531]
    min: [845.624694824]
    skew: [0]
    var: [220.940719604]

HarmonicAmpMag:
    dmean: [0.0844379141927]
    dmean2: [0]
    dvar: [0]
    dvar2: [0]
    kurt: [-2]
    max: [0.0844379141927]
    mean: [0.0422189570963]
    median: [0.0422189570963]
    min: [0]
    skew: [0]
    var: [0.0017824403476]

MfccCoeff:
    dmean: [377.450683594, 30.6402206421, 20.7865409851, 62.9736175537, 8.11008834839, 40.1311607361, 37.4899139404, 4.39343070984, 23.7521495819, 13.4276733398, 4.90675735474, 8.39243888855, 3.06476593018]
    dmean2: [0, 0, 0, 0, 0, 0, 0, 0, 0, 0, 0, 0, 0]
    dvar: [0, 0, 0, 0, 0, 0, 0, 0, 0, 0, 0, 0, 0]
    dvar2: [0, 0, 0, 0, 0, 0, 0, 0, 0, 0, 0, 0, 0]
    kurt: [-2, -2, -1.99999988079, -2, -1.99999988079, -2, -2, -2, -2, -2, -2, -1.99999988079, -1.99999988079]
    max: [-617.182922363, 153.842437744, -9.11152648926, -39.775718689, -46.2664680481, 25.039352417, 47.3889389038, 21.5290603638, 11.9473934174, -0.705154418945, -3.69604110718, 2.45524597168, 2.09788513184]
    mean: [-805.90826416, 138.522323608, -19.5047969818, -71.2625274658, -50.3215103149, 4.97377204895, 28.6439819336, 19.3323440552, 0.0713186264038, -7.41899108887, -6.14941978455, -1.7409734726, 0.565502166748]
    median: [-805.90826416, 138.522323608, -19.5047969818, -71.2625274658, -50.3215103149, 4.97377204895, 28.6439819336, 19.3323440552, 0.0713186264038, -7.41899108887, -6.14941978455, -1.7409734726, 0.565502166748]
    min: [-994.633605957, 123.202217102, -29.8980674744, -102.749336243, -54.3765563965, -15.0918083191, 9.89902687073, 17.1356296539, -11.8047561646, -14.1328277588, -8.60279846191, -5.93719291687, -0.96688079834]
    skew: [0, 7.8082229038e-07, 0, 0, -1.43025454236e-06, 0, 1.4826777317e-07, 1.25952476537e-06, 0, 0, 0, 0, 0]
    var: [35617.2539062, 234.705780029, 108.020072937, 991.419128418, 16.4433822632, 402.627502441, 351.373382568, 4.82555866241, 141.041152954, 45.0756034851, 6.01906681061, 17.6082572937, 2.34819746017]

SpecContrastCoeff:
    dmean: [0.0111557245255, 0.0987191796303, 0.0846471190453, 0.232628881931, 0.0127154588699, 0.0220940709114]
    dmean2: [0, 0, 0, 0, 0, 0]
    dvar: [0, 0, 0, 0, 0, 0]
    dvar2: [0, 0, 0, 0, 0, 0]
    kurt: [-2, -2, -2, -2, -2, -1.99999988079]
    max: [-0.966938495636, -0.80082654953, -0.719350934029, -0.617094635963, -0.924213707447, -0.937830090523]
    mean: [-0.972516357899, -0.850186109543, -0.761674523354, -0.733409047127, -0.930571436882, -0.948877096176]
    median: [-0.972516357899, -0.850186109543, -0.761674523354, -0.733409047127, -0.930571436882, -0.948877096176]
    min: [-0.978094220161, -0.89954572916, -0.803998053074, -0.849723517895, -0.936929166317, -0.959924161434]
    skew: [0, -1.81508414698e-06, 2.11137921724e-06, -7.39791289561e-07, 0, -8.09550965641e-06]
    var: [3.1112547731e-05, 0.00243636919186, 0.0017912837211, 0.0135290492326, 4.04207239626e-05, 0.000122036988614]

SpecPeakAmp:
    dmean: [0.08432007581, 0.04055089131, 0.0199311226606, 0.0101378923282, 0.00646347878501]
    dmean2: [0, 0, 0, 0, 0]
    dvar: [0, 0, 0, 0, 0]
    dvar2: [0, 0, 0, 0, 0]
    kurt: [-2, -2, -1.99999988079, -1.99999988079, -2]
    max: [0.0844379141927, 0.0406815744936, 0.0200703013688, 0.0102919107303, 0.00664208596572]
    mean: [0.0422778762877, 0.0204061288387, 0.0101047400385, 0.0052229645662, 0.00341034657322]
    median: [0.0422778762877, 0.0204061288387, 0.0101047400385, 0.0052229645662, 0.00341034657322]
    min: [0.000117835668789, 0.000130681670271, 0.000139178926474, 0.000154018518515, 0.000178607384441]
    skew: [-1.45639234006e-07, -1.09116115254e-07, 0, 0, 1.05257065286e-07]
    var: [0.00177746894769, 0.000411093729781, 9.93124122033e-05, 2.56942148553e-05, 1.04441387521e-05]
