
metadata:
    version:
        essentia: "2.1-beta3"

Flux:
    dmean: 5.03668979945e-06
    dmean2: 7.46962632547e-06
    dvar: 3.19016868477e-10
    dvar2: 6.92012391834e-10
    kurt: 14.2490787506
    max: 9.58222080953e-05
    mean: 5.71463215238e-06
    median: 1.00949409898e-06
    min: 4.13815342881e-07
    skew: 3.88833260536
    var: 3.28871790911e-10

Rms:
    dmean: 1.26585246107e-06
    dmean2: 1.15005275347e-06
    dvar: 2.49635451199e-11
    dvar2: 1.88376328425e-11
    kurt: 19.6142845154
    max: 7.73520441726e-05
    mean: 7.58987080189e-05
    median: 7.72520361352e-05
    min: 4.48290338682e-05
    skew: -4.50549650192
    var: 3.28643084968e-11

RollOff:
    dmean: 0
    dmean2: 0
    dvar: 0
    dvar2: 0
    kurt: 0
    max: 1378.125
    mean: 1378.125
    median: 1378.125
    min: 1378.125
    skew: 0
    var: 0

SpecCent:
    dmean: 1.27576816082
    dmean2: 1.25376093388
    dvar: 9.15649986267
    dvar2: 4.3594918251
    kurt: 23.2564544678
    max: 1519.95837402
    mean: 1493.34362793
    median: 1492.21289062
    min: 1490.73913574
    skew: 4.74385118484
    var: 21.1753177643

Zcr:
    dmean: 0.00148755451664
    dmean2: 0.00151134678163
    dvar: 3.92553811253e-05
    dvar2: 3.67824359273e-05
    kurt: 17.3548259735
    max: 0.06201171875
    mean: 0.0600807890296
    median: 0.0615234375
    min: 0.0283203125
    skew: -4.37806463242
    var: 4.19828829763e-05

HarmonicAmpFreq:
    dmean: [0]
    dmean2: [0]
    dvar: [0]
    dvar2: [0]
    kurt: [-2]
    max: [1357.86132812]
    mean: [1357.86047363]
    median: [1357.86132812]
    min: [1357.86132812]
    skew: [1]
    var: [7.30156898499e-07]

HarmonicAmpMag:
    dmean: [0]
    dmean2: [0]
    dvar: [0]
    dvar2: [0]
    kurt: [nan]
    max: [0]
    mean: [0]
    median: [0]
    min: [0]
    skew: [nan]
    var: [0]

MfccCoeff:
    dmean: [0.040513150394, 0.0198378451169, 0.0435734242201, 0.0499956011772, 0.00896436069161, 0.0561998933554, 0.029939873144, 0.0354736670852, 0.0544964112341, 0.00224996171892, 0.0529385954142, 0.0388967841864, 0.0260146390647]
    dmean2: [0.041611444205, 0.0203770231456, 0.0447507575154, 0.0513480044901, 0.00920758955181, 0.0577200017869, 0.0307508204132, 0.0364321768284, 0.055969055742, 0.00231061666273, 0.0543705150485, 0.0399495065212, 0.0267195925117]
    dvar: [0.0324123352766, 0.00776664400473, 0.0374860316515, 0.0493518970907, 0.00158638658468, 0.0623650997877, 0.0176991671324, 0.024848619476, 0.0586410351098, 9.99366529868e-05, 0.0553377121687, 0.0298729464412, 0.0133622037247]
    dvar2: [0.0327589958906, 0.00785032100976, 0.0378920175135, 0.0498838424683, 0.0016034648288, 0.0630399361253, 0.0178907047957, 0.0251171961427, 0.0592755265534, 0.000101009653008, 0.0559364780784, 0.030195876956, 0.0135065186769]
    kurt: [17.6599979401, 17.6715431213, 17.671497345, 17.6713504791, 17.6716480255, 17.6714801788, 17.6715297699, 17.6715278625, 17.6714611053, 17.6714763641, 17.6714725494, 17.6715068817, 17.6714572906]
    max: [-1137.48864746, 0.455944061279, -6.103515625e-05, 8.01086425781e-05, 0.205993652344, 1.29193878174, 0.688220977783, -5.34057617188e-05, -4.57763671875e-05, -2.28881835938e-05, 1.21692276001, 0.894104003906, -3.81469726562e-05]
    mean: [-1137.52978516, 0.435853779316, -0.957557678223, -1.09855413437, 0.196918487549, 1.23503351212, 0.657900035381, -0.77961820364, -1.19761347771, -0.0494627505541, 1.16332018375, 0.854719340801, -0.571700870991]
    median: [-1137.49072266, 0.454906463623, -0.999450683594, -1.1466178894, 0.205535888672, 1.28907012939, 0.686687469482, -0.81372833252, -1.25001144409, -0.051628112793, 1.21421813965, 0.892116546631, -0.596714019775]
    min: [-1138.42004395, 1.14440917969e-05, -1.0016784668, -1.14918136597, -6.103515625e-05, 2.28881835938e-05, -2.67028808594e-05, -0.815536499023, -1.2527923584, -0.0517425537109, -2.67028808594e-05, -3.0517578125e-05, -0.598045349121]
    skew: [-4.41450595856, -4.41648769379, 4.41648435593, 4.41647338867, -4.41649627686, -4.41648340225, -4.41648864746, 4.41648817062, 4.4164814949, 4.4164814949, -4.41648435593, -4.41648721695, 4.41648101807]
    var: [0.0321245528758, 0.0076976660639, 0.0371515899897, 0.0489121712744, 0.00157230393961, 0.0618080347776, 0.0175410974771, 0.0246266797185, 0.0581172592938, 9.90508051473e-05, 0.0548432506621, 0.0296060610563, 0.0132429609075]

SpecContrastCoeff:
    dmean: [0.0236093830317, 0.0209557656199, 0.0144462957978, 0.0141924787313, 0.0102016618475, 0.00899335276335]
    dmean2: [0.0325734950602, 0.0379838049412, 0.0221412964165, 0.0178140271455, 0.0156714841723, 0.0124236391857]
    dvar: [0.000974535068963, 0.000355640862836, 9.17154466151e-05, 0.000894122000318, 0.000127893814351, 7.56798108341e-05]
    dvar2: [0.000898167141713, 0.000934280105866, 0.000183789190487, 0.000833387719467, 0.000142875738675, 7.42335032555e-05]
    kurt: [11.9594039917, 5.45534992218, 3.64096450806, 18.2659988403, 10.2526321411, 7.84383201599]
    max: [-0.658759772778, -0.835180103779, -0.875129580498, -0.593394041061, -0.855859994888, -0.861799180508]
    mean: [-0.702054321766, -0.909789025784, -0.895682573318, -0.616142272949, -0.879945039749, -0.880523741245]
    median: [-0.697511792183, -0.912399768829, -0.896353960037, -0.610405683517, -0.878244757652, -0.87807238102]
    min: [-0.889610767365, -0.985553085804, -0.948430418968, -0.800958871841, -0.947503089905, -0.934075534344]
    skew: [-3.34225296974, 0.174055978656, -1.5784907341, -4.26657772064, -3.0252931118, -2.58691740036]
    var: [0.0016616017092, 0.000433714856626, 0.000214303290704, 0.00119781517424, 0.000243048096308, 0.000187416284462]

SpecPeakAmp:
    dmean: [9.99340628027e-08, 5.11201818654e-08, 6.23116420684e-08, 5.41723110814e-08, 5.56815606956e-08]
    dmean2: [1.18698096685e-07, 6.41769801746e-08, 8.43267429218e-08, 6.92209454201e-08, 7.89299363646e-08]
    dvar: [1.17704335319e-13, 2.63046285058e-14, 2.75823150263e-14, 2.39821488677e-14, 2.68613358282e-14]
    dvar2: [1.24497011008e-13, 2.59633640135e-14, 3.08510236401e-14, 2.31379738096e-14, 2.69043820425e-14]
    kurt: [25.5343761444, 29.3336639404, 31.5246887207, 34.465713501, 36.5223121643]
    max: [8.57908435137e-06, 1.21600101011e-06, 1.18272441796e-06, 1.16600904221e-06, 1.2022375131e-06]
    mean: [8.28312386147e-06, 2.14725503156e-07, 1.32765862304e-07, 1.57697954251e-07, 1.2924648729e-07]
    median: [8.30317185319e-06, 1.80267733185e-07, 1.20937215797e-07, 1.29601048116e-07, 9.7400516097e-08]
    min: [6.17562500338e-06, 1.57179584903e-07, 3.25487157227e-08, 8.73513599231e-08, 6.4964631008e-08]
    skew: [-4.71701574326, 5.41341114044, 5.52610301971, 5.88939619064, 6.11240434647]
    var: [1.2560341222e-13, 2.67732139085e-14, 2.83139990268e-14, 2.50537607425e-14, 2.76102976067e-14]
