
metadata:
    version:
        essentia: "2.1-beta3"

Flux:
    dmean: 0.000125091042719
    dmean2: 0.000166424491908
    dvar: 1.66801612522e-07
    dvar2: 3.29452518599e-07
    kurt: 9.52691936493
    max: 0.00236879358999
    mean: 0.000161409581779
    median: 4.23262281402e-06
    min: 1.64766436228e-06
    skew: 3.28802204132
    var: 2.71131398222e-07

Rms:
    dmean: 4.83415533381e-05
    dmean2: 3.52616334567e-05
    dvar: 3.05467189321e-08
    dvar2: 1.37554003743e-08
    kurt: 20.810503006
    max: 0.00171412178315
    mean: 0.00165268220007
    median: 0.00171329500154
    min: 0.000311164825689
    skew: -4.52926540375
    var: 5.6786003455e-08

RollOff:
    dmean: 6.36208295822
    dmean2: 6.51003837585
    dvar: 1740.47192383
    dvar2: 1779.98510742
    kurt: 40.022731781
    max: 1658.05664062
    mean: 1384.34570312
    median: 1378.125
    min: 1378.125
    skew: 6.48249435425
    var: 1702.67443848

SpecCent:
    dmean: 7.05904865265
    dmean2: 6.66576576233
    dvar: 1778.15539551
    dvar2: 1562.36682129
    kurt: 39.592754364
    max: 1659.51843262
    mean: 1363.03442383
    median: 1355.66601562
    min: 1355.36730957
    skew: 6.43365192413
    var: 2007.85717773

Zcr:
    dmean: 0.00208629271947
    dmean2: 0.00152162066661
    dvar: 5.69101066503e-05
    dvar2: 3.85485000152e-05
    kurt: 17.778842926
    max: 0.06201171875
    mean: 0.0589192695916
    median: 0.0615234375
    min: 0.00244140625
    skew: -4.2329864502
    var: 0.000109651351522

HarmonicAmpFreq:
    dmean: [0.00184770068154]
    dmean2: [0.00189067039173]
    dvar: [0.000146801918163]
    dvar2: [0.000150134670548]
    kurt: [39.0943984985]
    max: [1357.7076416]
    mean: [1357.70544434]
    median: [1357.7076416]
    min: [1357.62634277]
    skew: [-6.3745098114]
    var: [0.000143766403198]

HarmonicAmpMag:
    dmean: [5.84401043113e-08]
    dmean2: [5.97991771656e-08]
    dvar: [1.46855577286e-13]
    dvar2: [1.50189539624e-13]
    kurt: [40.0227241516]
    max: [2.57136457549e-06]
    mean: [5.7141434695e-08]
    median: [0]
    min: [0]
    skew: [6.48249292374]
    var: [1.43666315281e-13]

MfccCoeff:
    dmean: [0.94384765625, 0.495975852013, 0.934046804905, 1.14245176315, 0.0456709414721, 1.05034244061, 0.68201726675, 0.422207057476, 0.835079908371, 0.261026203632, 0.507775902748, 0.629944980145, 0.0825552493334]
    dmean2: [1.17437314987, 0.613555908203, 1.15921938419, 1.39839816093, 0.0673845857382, 1.25933361053, 0.782967150211, 0.500803053379, 0.912805080414, 0.239670157433, 0.521242201328, 0.561652183533, 0.118831902742]
    dvar: [18.0727462769, 5.01317644119, 17.7617282867, 26.9124088287, 0.0441737510264, 23.3397140503, 10.3763723373, 3.85442948341, 16.8146953583, 1.40630483627, 6.9336514473, 7.81713151932, 0.146970689297]
    dvar2: [31.1229667664, 8.50241947174, 30.3753738403, 44.3568763733, 0.107215195894, 36.3515357971, 14.3458404541, 5.82247972488, 20.3490047455, 1.07645332813, 7.14972496033, 5.49767160416, 0.34089243412]
    kurt: [22.4050941467, 23.0295467377, 22.7478485107, 24.2691669464, 35.0796508789, 26.5400657654, 29.7609977722, 27.9115829468, 31.9489517212, 31.0018463135, 32.9731826782, 30.87865448, 28.338344574]
    max: [-1111.55419922, 14.1848564148, -6.103515625e-05, 8.01086425781e-05, 1.11706542969, 30.9800262451, 20.8183021545, -5.34057617188e-05, -4.57763671875e-05, -2.28881835938e-05, 17.0028343201, 20.9838733673, -3.81469726562e-05]
    mean: [-1120.86193848, 9.43675994873, -17.5797481537, -22.67811203, 0.24421928823, 22.5285682678, 16.7237892151, -9.46772098541, -23.4037380219, -8.32879543304, 16.4277439117, 20.2881450653, -0.684541344643]
    median: [-1120.53747559, 9.61729049683, -17.9090156555, -23.1365776062, 0.229690551758, 23.0254516602, 17.1459693909, -9.68299102783, -24.0520401001, -8.61013793945, 16.9187583923, 20.9831180573, -0.66682434082]
    min: [-1138.42004395, 1.14440917969e-05, -26.6716575623, -33.0181045532, -6.103515625e-05, 2.28881835938e-05, -2.67028808594e-05, -12.6472549438, -26.5781936646, -8.6104888916, -2.67028808594e-05, -3.0517578125e-05, -2.14231872559]
    skew: [-3.60590934753, -3.80244040489, 3.70401000977, 4.13884162903, 5.7611246109, -4.66685962677, -5.30621671677, 4.91778373718, 5.64297151566, 5.55797338486, -5.77156496048, -5.53567504883, -4.42373895645]
    var: [9.5085439682, 2.6950545311, 9.4351348877, 15.0568532944, 0.0184608399868, 14.1137685776, 7.32840967178, 2.42701792717, 13.8685216904, 1.78180408478, 6.73108243942, 10.5851535797, 0.0579489544034]

SpecContrastCoeff:
    dmean: [0.0253013558686, 0.017505036667, 0.0121495584026, 0.02107642591, 0.0120342429727, 0.00826411880553]
    dmean2: [0.0416987575591, 0.02988441661, 0.0203797668219, 0.0267012789845, 0.0176439378411, 0.0126144541427]
    dvar: [0.00178453885019, 0.000170443483512, 0.000118886680866, 0.00275808735751, 4.53674329037e-05, 5.47732088307e-05]
    dvar2: [0.00443563330919, 0.000311549170874, 0.00029903210816, 0.00281604146585, 0.000111734225356, 0.000116243754746]
    kurt: [11.077662468, 0.839408397675, 1.30794525146, 15.560459137, -0.664170980453, 6.47613048553]
    max: [-0.690492391586, -0.86565643549, -0.877581238747, -0.416568309069, -0.895618915558, -0.901116907597]
    mean: [-0.752467691898, -0.913733422756, -0.923131644726, -0.450359076262, -0.913948059082, -0.916886925697]
    median: [-0.742724180222, -0.913015902042, -0.924869537354, -0.428857117891, -0.91262358427, -0.916057050228]
    min: [-0.982893466949, -0.975357651711, -0.948127806187, -0.883646965027, -0.942774713039, -0.960317850113]
    skew: [-3.24866271019, -0.305707037449, 0.98056524992, -4.01716995239, -0.425082802773, -2.17552089691]
    var: [0.00240678084083, 0.000458585273009, 0.000203831106774, 0.00723488116637, 0.000131530323415, 0.000127733103]

SpecPeakAmp:
    dmean: [8.69834138939e-07, 7.74184456986e-07, 8.14053635168e-07, 7.84408030086e-07, 7.8986073504e-07]
    dmean2: [1.24732252971e-06, 1.22149435811e-06, 1.25038638998e-06, 1.20565323414e-06, 1.20849983887e-06]
    dvar: [9.71885679574e-12, 7.97182805878e-12, 9.06423460595e-12, 9.60357574714e-12, 1.00462615657e-11]
    dvar2: [2.12626687091e-11, 2.11431636088e-11, 2.34627248186e-11, 2.4921212663e-11, 2.5907340509e-11]
    kurt: [20.3203163147, 37.4362564087, 39.4290924072, 39.5781173706, 39.682144165]
    max: [1.90493483387e-05, 1.5075889678e-05, 1.51109888975e-05, 1.52103202709e-05, 1.5518760847e-05]
    mean: [8.4033154053e-06, 6.92541391345e-07, 7.61698686347e-07, 6.09103096849e-07, 5.88828925174e-07]
    median: [8.36319486552e-06, 3.11313982593e-07, 4.4784445663e-07, 2.48201587283e-07, 2.11449474818e-07]
    min: [6.41402721158e-07, 5.3128680122e-08, 1.02705961069e-07, 7.6656263559e-08, 1.07170123442e-07]
    skew: [2.05930233002, 6.19662427902, 6.41248893738, 6.43082952499, 6.44295930862]
    var: [3.96405261047e-12, 4.85066414119e-12, 4.71227050436e-12, 4.87061216012e-12, 5.0861654298e-12]
