
metadata:
    version:
        essentia: "2.1-beta3"

Flux:
    dmean: 0.00278912694193
    dmean2: 0.00366784492508
    dvar: 8.39693893795e-05
    dvar2: 0.000164750978001
    kurt: 9.60120296478
    max: 0.0533353127539
    mean: 0.00354928569868
    median: 1.02051881186e-05
    min: 7.48286720409e-06
    skew: 3.29646706581
    var: 0.00013670095359

Rms:
    dmean: 0.00107879377902
    dmean2: 0.000786623801105
    dvar: 1.52404190885e-05
    dvar2: 6.87721194481e-06
    kurt: 20.8573589325
    max: 0.0383681245148
    mean: 0.036999925971
    median: 0.038350943476
    min: 0.00704641547054
    skew: -4.53407096863
    var: 2.82742712443e-05

RollOff:
    dmean: 6.36208295822
    dmean2: 6.51003837585
    dvar: 1740.47192383
    dvar2: 1779.98510742
    kurt: 40.022731781
    max: 1658.05664062
    mean: 1384.34570312
    median: 1378.125
    min: 1378.125
    skew: 6.48249435425
    var: 1702.67443848

SpecCent:
    dmean: 5.60121297836
    dmean2: 5.28010892868
    dvar: 1111.76062012
    dvar2: 985.166625977
    kurt: 39.6177330017
    max: 1594.44519043
    mean: 1360.9486084
    median: 1355.46813965
    min: 1350.41491699
    skew: 6.43615961075
    var: 1244.98522949

Zcr:
    dmean: 0.00206409790553
    dmean2: 0.00147619913332
    dvar: 5.69914082007e-05
    dvar2: 3.86514184356e-05
    kurt: 17.7846927643
    max: 0.06201171875
    mean: 0.0589084215462
    median: 0.0615234375
    min: 0.00244140625
    skew: -4.23369598389
    var: 0.000109589433123

HarmonicAmpFreq:
    dmean: [0.274591624737]
    dmean2: [0.287538051605]
    dvar: [3.09091472626]
    dvar2: [3.31395101547]
    kurt: [39.9702758789]
    max: [1369.22485352]
    mean: [1357.95678711]
    median: [1357.70703125]
    min: [1357.42492676]
    skew: [6.47618055344]
    var: [2.88743209839]

HarmonicAmpMag:
    dmean: [0.00141913618427]
    dmean2: [0.00217891088687]
    dvar: [4.22929369961e-05]
    dvar2: [0.000108639273094]
    kurt: [40.0224075317]
    max: [0.0312511771917]
    mean: [0.000695812050253]
    median: [0]
    min: [0]
    skew: [6.48245620728]
    var: [2.12189515878e-05]

MfccCoeff:
    dmean: [11.5864534378, 4.27153635025, 2.42866158485, 1.26517808437, 0.0451042875648, 1.0955170393, 0.747045099735, 0.469242453575, 1.15460932255, 0.44952237606, 0.90925860405, 1.15081977844, 0.177301496267]
    dmean2: [17.136177063, 6.2165555954, 3.08622956276, 1.16074991226, 0.0768290683627, 0.90216088295, 0.483716756105, 0.416134864092, 0.990135252476, 0.550397992134, 0.94401550293, 1.26594030857, 0.235549792647]
    dvar: [2655.60009766, 352.980957031, 103.228179932, 35.0417518616, 0.0457035526633, 20.6313495636, 9.01979446411, 2.95871424675, 18.7417240143, 3.56892180443, 10.6292743683, 20.1548843384, 0.346705704927]
    dvar2: [6653.72021484, 871.337219238, 214.829162598, 36.1645622253, 0.120924994349, 11.5295038223, 5.16768884659, 1.99704051018, 14.4683847427, 4.71681690216, 11.1654853821, 22.6520080566, 0.61000174284]
    kurt: [38.334148407, 36.3221206665, 15.2469482422, 27.5391731262, 25.4076709747, 28.6593112946, 23.7721099854, 23.1566581726, 23.2127342224, 16.9444236755, 20.7430458069, 17.573677063, 15.0962848663]
    max: [-870.546203613, 101.056488037, -6.34884643555, -7.91401290894, 1.53088378906, 55.6987609863, 37.9817276001, -3.06134033203, -6.56450653076, -1.89710235596, 36.802028656, 42.2538986206, -0.460678100586]
    mean: [-1098.44799805, 20.5767917633, -35.4620933533, -44.9962615967, 0.27323743701, 44.2761535645, 32.9497489929, -18.2394695282, -45.7121696472, -16.5615367889, 31.6827087402, 39.6181411743, -0.853816211224]
    median: [-1103.46166992, 18.8515129089, -34.9321556091, -45.2925796509, 0.229690551758, 44.9073486328, 33.7499771118, -18.5773696899, -47.0189437866, -17.2803497314, 32.6947441101, 41.244392395, -0.666816711426]
    min: [-1132.03894043, 3.378490448, -66.9548950195, -61.4743728638, 0.212707519531, 7.49777984619, 5.11421585083, -22.6740493774, -51.8859024048, -17.2803649902, 4.14845657349, 4.27435302734, -4.65231323242]
    skew: [6.26943635941, 5.99459600449, -0.662502586842, 4.40734624863, 5.08771896362, -4.95755529404, -4.83928585052, 4.50772619247, 4.85091400146, 4.24358606339, -4.59200668335, -4.27826356888, -3.99274921417]
    var: [1204.59265137, 154.138305664, 46.011089325, 37.8342628479, 0.0455288216472, 36.07837677, 23.0318031311, 6.86007499695, 46.5497550964, 8.28089904785, 24.779258728, 45.3000907898, 0.569315135479]

SpecContrastCoeff:
    dmean: [0.0199213176966, 0.00592472217977, 0.00646578194574, 0.0207645259798, 0.00530604738742, 0.00624249596149]
    dmean2: [0.0261354222894, 0.00890474393964, 0.00905936118215, 0.0192770902067, 0.00765718147159, 0.00978752505034]
    dvar: [0.000488454825245, 5.541534847e-05, 0.00025968652335, 0.00460981717333, 3.16471669066e-05, 8.19700362626e-05]
    dvar2: [0.00104269117583, 0.000106319959741, 0.000542343652342, 0.00380389974453, 5.01200229337e-05, 0.000227733922657]
    kurt: [1.27688932419, 0.531751394272, 5.1385974884, 16.7295742035, 0.288606882095, -0.606169462204]
    max: [-0.734737575054, -0.934143602848, -0.859160244465, -0.251272380352, -0.887787520885, -0.902202248573]
    mean: [-0.83917093277, -0.972267091274, -0.939486503601, -0.289121747017, -0.933790326118, -0.923497200012]
    median: [-0.841979861259, -0.97828823328, -0.944972813129, -0.26334258914, -0.938584625721, -0.925619900227]
    min: [-0.993431389332, -0.987190186977, -0.956947445869, -0.840866804123, -0.950208067894, -0.951460838318]
    skew: [-0.448309451342, 1.17951965332, 2.39817929268, -4.12627649307, 0.980250597, -0.0803448855877]
    var: [0.00264608953148, 0.000193302388652, 0.00048037598026, 0.0109865861014, 0.000219280846068, 0.000134514993988]

SpecPeakAmp:
    dmean: [2.32110032812e-05, 2.03477902687e-05, 0.00142080325168, 2.09657537198e-05, 2.01996754186e-05]
    dmean2: [3.65257619706e-05, 3.14437238558e-05, 0.00218038703315, 3.18203346978e-05, 3.0595849239e-05]
    dvar: [8.590385292e-09, 8.17929102226e-09, 4.23487836088e-05, 8.64875193685e-09, 7.95380916685e-09]
    dvar2: [2.18859970147e-08, 2.14952535771e-08, 0.000108752894448, 2.2294655011e-08, 2.04799324166e-08]
    kurt: [39.9411048889, 38.5214996338, 40.0226554871, 39.8160591125, 39.7431678772]
    max: [0.00046395874233, 0.000464952230686, 0.0312511771917, 0.000452913285699, 0.000433421315392]
    mean: [2.64636055363e-05, 1.37279021146e-05, 0.000696956471074, 1.24020725707e-05, 1.20235490613e-05]
    median: [1.66539866768e-05, 1.77580261607e-06, 1.76138814822e-06, 1.80112988346e-06, 1.87600164736e-06]
    min: [1.14818512884e-05, 3.140405056e-07, 3.94941707782e-07, 4.56121881598e-07, 6.211042205e-07]
    skew: [6.47284507751, 6.31662464142, 6.48248624802, 6.45858335495, 6.45037746429]
    var: [4.35418368028e-09, 4.71055239259e-09, 2.12172981264e-05, 4.42086856012e-09, 4.04900557527e-09]
