
metadata:
    version:
        essentia: "2.1-beta3"

Flux:
    dmean: 0.024917120114
    dmean2: 0.033134303987
    dvar: 0.00679306685925
    dvar2: 0.0130992494524
    kurt: 9.32803726196
    max: 0.488518029451
    mean: 0.0326697267592
    median: 0.000107485509943
    min: 4.01435827371e-05
    skew: 3.25887751579
    var: 0.01149437204

Rms:
    dmean: 0.00993976648897
    dmean2: 0.00725623080507
    dvar: 0.00129945832305
    dvar2: 0.000587836257182
    kurt: 21.0406398773
    max: 0.353555589914
    mean: 0.340962290764
    median: 0.353430569172
    min: 0.0635519474745
    skew: -4.55147695541
    var: 0.00241244630888

RollOff:
    dmean: 5.87269163132
    dmean2: 6.00926589966
    dvar: 1483.00585938
    dvar2: 1516.67382812
    kurt: 40.022731781
    max: 1636.5234375
    mean: 1383.8671875
    median: 1378.125
    min: 1378.125
    skew: 6.48249483109
    var: 1450.79943848

SpecCent:
    dmean: 4.81806230545
    dmean2: 4.52946424484
    dvar: 822.370361328
    dvar2: 724.620666504
    kurt: 39.5876617432
    max: 1562.03796387
    mean: 1360.45385742
    median: 1355.44775391
    min: 1355.14050293
    skew: 6.4330201149
    var: 928.258361816

Zcr:
    dmean: 0.00206409790553
    dmean2: 0.00144213298336
    dvar: 5.75874546485e-05
    dvar2: 3.99207456212e-05
    kurt: 17.9537525177
    max: 0.06201171875
    mean: 0.0588975697756
    median: 0.0615234375
    min: 0.001953125
    skew: -4.24952697754
    var: 0.000110777611553

HarmonicAmpFreq:
    dmean: [7.89605140686]
    dmean2: [15.6511001587]
    dvar: [1147.40869141]
    dvar2: [3446.49560547]
    kurt: [38.505355835]
    max: [1357.70654297]
    mean: [1353.60375977]
    median: [1357.70654297]
    min: [1195.30065918]
    skew: [-6.31694173813]
    var: [579.907592773]

HarmonicAmpMag:
    dmean: [0.022718725726]
    dmean2: [0.0464820303023]
    dvar: [0.0108247967437]
    dvar2: [0.0326534286141]
    kurt: [40.0226898193]
    max: [0.499500185251]
    mean: [0.0111127179116]
    median: [0]
    min: [0]
    skew: [6.4824924469]
    var: [0.00542096374556]

MfccCoeff:
    dmean: [24.9644241333, 4.88036298752, 1.87242305279, 2.28227066994, 0.394698739052, 2.06571698189, 1.64903831482, 1.20450222492, 1.71572506428, 1.30381536484, 1.81884765625, 1.99475669861, 0.429044812918]
    dmean2: [35.0816497803, 5.67799329758, 2.72681999207, 3.64782786369, 0.326065599918, 2.5888710022, 1.63898718357, 1.58943212032, 2.63867783546, 1.37811470032, 1.4669264555, 2.00788712502, 0.412277519703]
    dvar: [8826.02441406, 251.756607056, 36.127620697, 63.4021568298, 0.338070690632, 40.0099029541, 29.0015850067, 9.81036758423, 48.6979370117, 11.5290317535, 31.8836994171, 47.4417266846, 0.530542135239]
    dvar2: [22111.0078125, 378.559173584, 71.2009963989, 155.66065979, 0.713063240051, 63.6678733826, 31.1834487915, 22.7832508087, 85.0388946533, 27.1762008667, 26.1604232788, 53.552570343, 0.861499547958]
    kurt: [26.2844486237, 14.3949947357, 10.3441648483, 17.5299911499, 1.54285335541, 14.5834064484, 14.6910495758, 8.22189617157, 11.1749410629, 10.5331506729, 16.5368118286, 12.1030702591, 0.284078121185]
    max: [-624.905822754, 135.855392456, -38.0306358337, -46.1970405579, 3.68171691895, 78.1146011353, 49.2846755981, -11.6847496033, -24.3268527985, -5.49676704407, 45.4930839539, 56.343460083, 1.49806976318]
    mean: [-1070.71923828, 33.0650596619, -51.357509613, -64.9537887573, -0.0732620209455, 62.05909729, 46.0466308594, -24.8494701385, -62.8081970215, -23.3917446136, 41.8113441467, 52.9210891724, -0.401923149824]
    median: [-1087.95727539, 27.3386039734, -50.1349601746, -65.1147232056, -0.0121459960938, 63.5231628418, 48.0529098511, -25.3735122681, -65.2874069214, -24.2981185913, 43.872051239, 56.0409393311, -0.305229187012]
    min: [-1088.37573242, 26.7734184265, -78.8781280518, -99.568611145, -1.47296142578, 23.247505188, 5.54326248169, -31.6633224487, -65.5507125854, -26.0662155151, -3.75513076782, 1.94872283936, -4.06554412842]
    skew: [5.11341333389, 3.8169760704, -3.04977273941, -2.27701735497, 0.829811990261, -3.54747915268, -3.91490221024, 2.29901313782, 3.57917714119, 3.22746086121, -4.07738256454, -3.61336016655, -0.787560939789]
    var: [5570.79980469, 409.817718506, 38.937713623, 42.6023597717, 1.09252679348, 59.5998573303, 64.7932739258, 8.66786575317, 82.0710067749, 15.8450469971, 74.9841766357, 116.978355408, 1.77055799961]

SpecContrastCoeff:
    dmean: [0.0279197413474, 0.00656753079966, 0.00823524221778, 0.0232447441667, 0.00618960754946, 0.00810001697391]
    dmean2: [0.0437051877379, 0.00812221225351, 0.011575743556, 0.0154576292261, 0.00753620453179, 0.00841673184186]
    dvar: [0.000708113831934, 0.000135974187288, 0.000418938667281, 0.00605289172381, 8.8417524239e-05, 6.5336098487e-05]
    dvar2: [0.00207357760519, 0.000340249505825, 0.000996073940769, 0.00329799973406, 0.000193265892449, 6.16177931079e-05]
    kurt: [2.00243330002, 1.74880361557, 6.21046447754, 20.1085948944, 0.554638385773, 0.731667995453]
    max: [-0.844430208206, -0.918722867966, -0.82403999567, -0.109994851053, -0.889260649681, -0.872417151928]
    mean: [-0.945650219917, -0.974161982536, -0.928024530411, -0.147351339459, -0.932392656803, -0.927430212498]
    median: [-0.953366756439, -0.98232203722, -0.936579823494, -0.118837125599, -0.937559008598, -0.935867071152]
    min: [-0.991482377052, -0.987420320511, -0.947073578835, -0.808261334896, -0.945825636387, -0.948338866234]
    skew: [1.65656256676, 1.53679144382, 2.6295337677, -4.45450687408, 1.12975466251, 1.39024746418]
    var: [0.00124154402874, 0.000270866497885, 0.00082906067837, 0.0139927146956, 0.000197752757231, 0.000492753984872]

SpecPeakAmp:
    dmean: [0.000209757548873, 0.000191668004845, 0.000202240931685, 0.000206644603168, 0.0229161158204]
    dmean2: [0.000321388622979, 0.000290497584501, 0.000301488209516, 0.00030919292476, 0.046781167388]
    dvar: [7.15623002634e-07, 6.61622891585e-07, 7.32784201318e-07, 7.57307191179e-07, 0.0108162052929]
    dvar2: [1.83967915746e-06, 1.73125908987e-06, 1.88405874724e-06, 1.94327344616e-06, 0.0326264202595]
    kurt: [38.1536903381, 37.2175064087, 38.1137008667, 38.3600921631, 40.0162849426]
    max: [0.00415179179981, 0.00415565632284, 0.00416590180248, 0.00421588681638, 0.499500185251]
    mean: [0.000132294837385, 0.000131264067022, 0.000123670979519, 0.000124387646792, 0.0112273357809]
    median: [2.34045382967e-05, 1.64157372637e-05, 1.65719866345e-05, 1.70919465745e-05, 1.83271076821e-05]
    min: [1.03582106021e-05, 1.83127963282e-06, 3.20331469084e-06, 4.31158514402e-06, 5.29782164449e-06]
    skew: [6.27879476547, 6.17342662811, 6.27508115768, 6.30115222931, 6.48173713684]
    var: [3.75481135961e-07, 3.80759757945e-07, 3.79929758765e-07, 3.88072891155e-07, 0.00541882263497]
