
metadata:
    version:
        essentia: "2.1-beta3"

Flux:
    dmean: 0.0134828388691
    dmean2: 0
    dvar: 0
    dvar2: 0
    kurt: -2
    max: 0.296490043402
    mean: 0.289748609066
    median: 0.289748609066
    min: 0.283007204533
    skew: 6.63288074065e-06
    var: 4.54467372037e-05

Rms:
    dmean: 0
    dmean2: 0
    dvar: 0
    dvar2: 0
    kurt: 0
    max: 0.10183890909
    mean: 0.10183890909
    median: 0.10183890909
    min: 0.10183890909
    skew: 0
    var: 0

RollOff:
    dmean: 495.263671875
    dmean2: 0
    dvar: 0
    dvar2: 0
    kurt: -2
    max: 2433.25195312
    mean: 2185.62011719
    median: 2185.62011719
    min: 1937.98828125
    skew: 0
    var: 61321.5273438

SpecCent:
    dmean: 135.926025391
    dmean2: 0
    dvar: 0
    dvar2: 0
    kurt: -2
    max: 1864.57617188
    mean: 1796.61315918
    median: 1796.61315918
    min: 1728.65014648
    skew: 0
    var: 4618.97119141

Zcr:
    dmean: 0.00048828125
    dmean2: 0
    dvar: 0
    dvar2: 0
    kurt: -2
    max: 0.0234375
    mean: 0.023193359375
    median: 0.023193359375
    min: 0.02294921875
    skew: 0
    var: 5.96046447754e-08

HarmonicAmpFreq:
    dmean: [118.907348633]
    dmean2: [0]
    dvar: [0]
    dvar2: [0]
    kurt: [-2]
    max: [1742.07312012]
    mean: [1682.61938477]
    median: [1682.61938477]
    min: [1623.16577148]
    skew: [3.08554604089e-06]
    var: [3534.73925781]

HarmonicAmpMag:
    dmean: [0.0668664947152]
    dmean2: [0]
    dvar: [0]
    dvar2: [0]
    kurt: [-2]
    max: [0.0668664947152]
    mean: [0.0334332473576]
    median: [0.0334332473576]
    min: [0]
    skew: [0]
    var: [0.0011177820852]

MfccCoeff:
    dmean: [395.100280762, 25.9907341003, 35.3554153442, 16.1606826782, 65.5279541016, 15.3470115662, 33.2996520996, 21.9211063385, 21.1028499603, 17.2814369202, 6.06380462646, 9.70933532715, 2.05970001221]
    dmean2: [0, 0, 0, 0, 0, 0, 0, 0, 0, 0, 0, 0, 0]
    dvar: [0, 0, 0, 0, 0, 0, 0, 0, 0, 0, 0, 0, 0]
    dvar2: [0, 0, 0, 0, 0, 0, 0, 0, 0, 0, 0, 0, 0]
    kurt: [-1.99999988079, -2, -1.99999988079, -1.99999988079, -2, -1.99999988079, -2, -2, -2, -2, -2, -1.99999988079, -2]
    max: [-620.117797852, 45.130821228, -109.06615448, -34.8849868774, 85.6232299805, 32.7924842834, -9.31238555908, 2.35681915283, 20.171169281, 9.60866165161, 0.920177459717, 7.31852722168, -0.890029907227]
    mean: [-817.66796875, 32.1354522705, -126.743865967, -42.9653282166, 52.8592529297, 25.1189785004, -25.9622116089, -8.60373401642, 9.61974430084, 0.967943191528, -2.11172485352, 2.46385955811, -1.91987991333]
    median: [-817.66796875, 32.1354522705, -126.743865967, -42.9653282166, 52.8592529297, 25.1189785004, -25.9622116089, -8.60373401642, 9.61974430084, 0.967943191528, -2.11172485352, 2.46385955811, -1.91987991333]
    min: [-1015.21807861, 19.1400871277, -144.421569824, -51.0456695557, 20.0952739716, 17.4454727173, -42.6120376587, -19.5642871857, -0.931680679321, -7.67277526855, -5.14362716675, -2.39080810547, -2.94972991943]
    skew: [4.53979254189e-07, 4.44973778713e-07, 6.18714466327e-07, 0, 0, 0, 0, 0, 0, 0, 0, 0, 0]
    var: [39026.0585938, 168.879562378, 312.501342773, 65.2919158936, 1073.47814941, 58.8826904297, 277.216705322, 120.133728027, 111.332565308, 74.6620178223, 9.19243144989, 23.5677986145, 1.06059098244]

SpecContrastCoeff:
    dmean: [0.0130308866501, 0.0345858335495, 0.0809600353241, 0.00829547643661, 0.254733264446, 0.0260695815086]
    dmean2: [0, 0, 0, 0, 0, 0]
    dvar: [0, 0, 0, 0, 0, 0]
    dvar2: [0, 0, 0, 0, 0, 0]
    kurt: [-2, -2, -2, -2, -2, -2]
    max: [-0.960611581802, -0.919549405575, -0.830751538277, -0.759666740894, -0.556635797024, -0.930088341236]
    mean: [-0.967127025127, -0.93684232235, -0.871231555939, -0.76381444931, -0.684002399445, -0.943123102188]
    median: [-0.967127025127, -0.93684232235, -0.871231555939, -0.76381444931, -0.684002399445, -0.943123102188]
    min: [-0.973642468452, -0.954135239124, -0.911711573601, -0.767962217331, -0.81136906147, -0.956157922745]
    skew: [0, 0, 0, -2.15582786041e-05, -6.76120919252e-07, -6.87864303472e-06]
    var: [4.24510035373e-05, 0.000299044972053, 0.00163863180205, 1.72037325683e-05, 0.0162222590297, 0.000169905775692]

SpecPeakAmp:
    dmean: [0.0668500587344, 0.0429875068367, 0.0303647480905, 0.0217276588082, 0.0155595801771]
    dmean2: [0, 0, 0, 0, 0]
    dvar: [0, 0, 0, 0, 0]
    dvar2: [0, 0, 0, 0, 0]
    kurt: [-2, -1.99999988079, -2, -2, -1.99999988079]
    max: [0.0668664947152, 0.0430061146617, 0.0303865056485, 0.0217534694821, 0.0155902644619]
    mean: [0.033441465348, 0.0215123612434, 0.0152041316032, 0.0108896400779, 0.0078104743734]
    median: [0.033441465348, 0.0215123612434, 0.0152041316032, 0.0108896400779, 0.0078104743734]
    min: [1.64365937962e-05, 1.86061661225e-05, 2.17567594518e-05, 2.58102754742e-05, 3.06844012812e-05]
    skew: [0, -1.37389832844e-07, -9.74568408196e-08, 0, 0]
    var: [0.00111723260488, 0.000461981457192, 0.000230504490901, 0.000118022791867, 6.05251334491e-05]
