
metadata:
    version:
        essentia: "2.1-beta3"

Flux:
    dmean: 5.21321362612e-06
    dmean2: 7.70423412177e-06
    dvar: 3.18032267188e-10
    dvar2: 6.88946566463e-10
    kurt: 14.2455291748
    max: 9.59511235124e-05
    mean: 6.08982963968e-06
    median: 1.5552483319e-06
    min: 1.90999529082e-07
    skew: 3.88765859604
    var: 3.2746808043e-10

Rms:
    dmean: 1.2693054714e-06
    dmean2: 1.14375893645e-06
    dvar: 2.51037350629e-11
    dvar2: 1.89088779357e-11
    kurt: 19.6685352325
    max: 7.73498395574e-05
    mean: 7.59004760766e-05
    median: 7.72619678173e-05
    min: 4.47211241408e-05
    skew: -4.51026010513
    var: 3.30236740731e-11

RollOff:
    dmean: 0
    dmean2: 0
    dvar: 0
    dvar2: 0
    kurt: -2
    max: 2734.71679688
    mean: 2734.71826172
    median: 2734.71679688
    min: 2734.71679688
    skew: -1
    var: 2.14576721191e-06

SpecCent:
    dmean: 0.950700640678
    dmean2: 0.972760856152
    dvar: 1.51315784454
    dvar2: 0.848313450813
    kurt: 14.1222915649
    max: 2760.86499023
    mean: 2750.68579102
    median: 2750.546875
    min: 2748.17211914
    skew: 3.16159009933
    var: 3.8271214962

Zcr:
    dmean: 0.0029296875
    dmean2: 0.0029296875
    dvar: 0.000157223184942
    dvar2: 0.000147478916915
    kurt: 17.3637447357
    max: 0.12353515625
    mean: 0.12013938278
    median: 0.123046875
    min: 0.056640625
    skew: -4.3796248436
    var: 0.0001677704131

HarmonicAmpFreq:
    dmean: [0]
    dmean2: [0]
    dvar: [0]
    dvar2: [0]
    kurt: [-2]
    max: [2720.06811523]
    mean: [2720.06860352]
    median: [2720.06811523]
    min: [2720.06811523]
    skew: [-1]
    var: [2.38418579102e-07]

HarmonicAmpMag:
    dmean: [0]
    dmean2: [0]
    dvar: [0]
    dvar2: [0]
    kurt: [nan]
    max: [0]
    mean: [0]
    median: [0]
    min: [0]
    skew: [nan]
    var: [0]

MfccCoeff:
    dmean: [0.0313862636685, 0.00866131484509, 0.0410213023424, 0.0246681384742, 0.0313961990178, 0.0369184613228, 0.016989775002, 0.0435453914106, 0, 0.0435468107462, 0.0169904846698, 0.0369170419872, 0.0313944257796]
    dmean2: [0.0326305553317, 0.00900268554688, 0.0426599420607, 0.0256543848664, 0.0326490849257, 0.0383918397129, 0.0176664087921, 0.0452826358378, 0, 0.0452842712402, 0.017668588087, 0.0383905693889, 0.0326476320624]
    dvar: [0.0185164641589, 0.00140948512126, 0.0316110514104, 0.0114312209189, 0.0185181349516, 0.0256046745926, 0.00542402500287, 0.0356258302927, 0, 0.0356260277331, 0.00542375445366, 0.0256045144051, 0.0185177680105]
    dvar2: [0.018575668335, 0.00141408212949, 0.0317117869854, 0.0114671289921, 0.0185768045485, 0.0256864279509, 0.00544133409858, 0.0357393808663, 0, 0.0357398912311, 0.00544101232663, 0.0256862472743, 0.0185768511146]
    kurt: [17.0774116516, 17.0376815796, 17.0376968384, 17.0377159119, 17.0376739502, 17.0377120972, 17.0377216339, 17.0377044678, nan, 17.0376930237, 17.0377120972, 17.0377101898, 17.037694931]
    max: [-1137.76647949, 1.14440917969e-05, -6.103515625e-05, 0.51362991333, 0.653594970703, 2.28881835938e-05, -2.67028808594e-05, 0.90657043457, -4.57763671875e-05, -2.28881835938e-05, 0.353717803955, 0.768569946289, -3.81469726562e-05]
    mean: [-1137.79736328, -0.171701952815, -0.813239693642, 0.489087551832, 0.622336983681, -0.731829226017, -0.33686619997, 0.863219022751, -4.57763671875e-05, -0.863297522068, 0.336806029081, 0.731820881367, -0.622422456741]
    median: [-1137.76708984, -0.18013381958, -0.853134155273, 0.513080596924, 0.652877807617, -0.767738342285, -0.35338973999, 0.905578613281, -4.57763671875e-05, -0.905654907227, 0.353336334229, 0.767730712891, -0.652961730957]
    min: [-1138.42004395, -0.180316925049, -0.854080200195, 8.01086425781e-05, -6.103515625e-05, -0.768577575684, -0.353786468506, -5.34057617188e-05, -4.57763671875e-05, -0.906646728516, -2.67028808594e-05, -3.0517578125e-05, -0.653678894043]
    skew: [-4.36940002441, 4.36257362366, 4.36257505417, -4.36257839203, -4.36257123947, 4.36257743835, 4.36258172989, -4.36257791519, nan, 4.36257600784, -4.3625793457, -4.36257743835, 4.36257648468]
    var: [0.0184496697038, 0.00140442128759, 0.0314963944256, 0.0113898934796, 0.0184512380511, 0.0255114659667, 0.00540423998609, 0.035496417433, 0, 0.0354966074228, 0.00540402391925, 0.0255114156753, 0.0184504166245]

SpecContrastCoeff:
    dmean: [0.0190217606723, 0.0355807505548, 0.0349915474653, 0.0237492620945, 0.0229872427881, 0.0376328416169]
    dmean2: [0.0259438380599, 0.0607180409133, 0.049554836005, 0.0379348546267, 0.0315262712538, 0.0610505454242]
    dvar: [0.00145105051342, 0.00133425008971, 0.00146760779899, 0.000679943943396, 0.00119905464817, 0.0020060185343]
    dvar2: [0.00145281595178, 0.00306742219254, 0.00315049360506, 0.00129385804757, 0.00166659161914, 0.0050881691277]
    kurt: [15.2613201141, 4.68269586563, 3.6106095314, 5.81573677063, 8.61949539185, 1.79081439972]
    max: [-0.65415596962, -0.754362106323, -0.72167545557, -0.789053201675, -0.585555374622, -0.717680692673]
    mean: [-0.684104681015, -0.842800676823, -0.827055037022, -0.84969496727, -0.64195895195, -0.830747067928]
    median: [-0.674954414368, -0.839823961258, -0.829413354397, -0.851242542267, -0.640189290047, -0.840544641018]
    min: [-0.876385867596, -0.986014306545, -0.980095684528, -0.961914718151, -0.795357167721, -0.925864160061]
    skew: [-4.01645898819, -1.32161867619, -0.840183317661, -1.48499417305, -2.56678104401, 0.923716962337]
    var: [0.00166659802198, 0.00141204160172, 0.00182175333612, 0.000738330127206, 0.00135093089193, 0.00178704678547]

SpecPeakAmp:
    dmean: [8.95316603078e-08, 5.09519253455e-08, 1.19482635341e-07, 1.32446913881e-07, 2.08558773807e-07]
    dmean2: [1.03786476302e-07, 6.6795067255e-08, 1.91744831568e-07, 2.13512038272e-07, 3.77774028948e-07]
    dvar: [1.2226123705e-13, 8.53006308302e-15, 1.72669055432e-14, 1.90303908699e-14, 3.1571021974e-14]
    dvar2: [1.24191686123e-13, 9.28269336127e-15, 2.36999835582e-14, 3.08516335038e-14, 7.68282057981e-14]
    kurt: [24.2923374176, 22.7244167328, -1.20673859119, 7.09852981567, 0.625689506531]
    max: [8.40485517983e-06, 1.0008151321e-06, 6.96301412972e-07, 7.92393450411e-07, 6.86543046413e-07]
    mean: [8.30843146105e-06, 3.78718567617e-07, 2.36495083072e-07, 1.37017408974e-07, 1.77924547984e-07]
    median: [8.38156029204e-06, 3.83607556387e-07, 2.01409321221e-07, 7.80578801596e-08, 9.32503709805e-08]
    min: [6.28398447589e-06, 2.74224390751e-07, 1.64319970963e-08, 3.08230307944e-09, 4.11822931312e-09]
    skew: [-4.98119068146, 4.36205005646, 0.23428478837, 2.34999442101, 1.34194040298]
    var: [1.22041116904e-13, 1.15447388926e-14, 3.42485913761e-14, 2.13231718388e-14, 3.46135033342e-14]
