
metadata:
    version:
        essentia: "2.1-beta3"

Flux:
    dmean: 0.000124948579469
    dmean2: 0.000165014440427
    dvar: 1.66957391912e-07
    dvar2: 3.283871024e-07
    kurt: 9.59367370605
    max: 0.00237933290191
    mean: 0.000162247524713
    median: 5.06073229189e-06
    min: 2.16251305574e-06
    skew: 3.29581665993
    var: 2.71415530051e-07

Rms:
    dmean: 4.83545336465e-05
    dmean2: 3.53047726094e-05
    dvar: 3.03866869444e-08
    dvar2: 1.37122535548e-08
    kurt: 20.8293972015
    max: 0.00171436974779
    mean: 0.00165290618315
    median: 0.00171329837758
    min: 0.000315778015647
    skew: -4.53145456314
    var: 5.63895490302e-08

RollOff:
    dmean: 5.87269163132
    dmean2: 6.00926589966
    dvar: 1483.00585938
    dvar2: 1516.67382812
    kurt: 40.0217323303
    max: 2993.11523438
    mean: 2740.46044922
    median: 2734.71679688
    min: 2734.71679688
    skew: 6.48237848282
    var: 1450.79956055

SpecCent:
    dmean: 2.24820780754
    dmean2: 2.06486201286
    dvar: 145.520095825
    dvar2: 134.819885254
    kurt: 39.432384491
    max: 2783.05615234
    mean: 2700.13891602
    median: 2698.37841797
    min: 2693.48901367
    skew: 6.41149711609
    var: 157.343139648

Zcr:
    dmean: 0.004150390625
    dmean2: 0.00298646441661
    dvar: 0.000227673488553
    dvar2: 0.000154164939886
    kurt: 17.8678035736
    max: 0.12353515625
    mean: 0.117816843092
    median: 0.123046875
    min: 0.00439453125
    skew: -4.24147796631
    var: 0.000440826668637

HarmonicAmpFreq:
    dmean: [0.0339577421546]
    dmean2: [0.0347474552691]
    dvar: [0.0495845116675]
    dvar2: [0.0507102012634]
    kurt: [40.0227279663]
    max: [2719.7578125]
    mean: [2719.72460938]
    median: [2719.7578125]
    min: [2718.26367188]
    skew: [-6.48249387741]
    var: [0.0485076904297]

HarmonicAmpMag:
    dmean: [6.10884853813e-08]
    dmean2: [6.25091445272e-08]
    dvar: [1.60467532274e-13]
    dvar2: [1.64110532889e-13]
    kurt: [40.0227355957]
    max: [2.68789335678e-06]
    mean: [5.9730965063e-08]
    median: [0]
    min: [0]
    skew: [6.48249435425]
    var: [1.56982648994e-13]

MfccCoeff:
    dmean: [0.643926441669, 0.175123035908, 0.83295249939, 0.487758278847, 0.619268238544, 0.697997689247, 0.321910351515, 0.769132077694, 0.16244854033, 0.701037466526, 0.399358063936, 0.527345597744, 0.54045009613]
    dmean2: [0.753704667091, 0.193259298801, 0.981888175011, 0.538890421391, 0.751377880573, 0.773791313171, 0.431999474764, 0.859893798828, 0.21145363152, 0.799766540527, 0.331399083138, 0.632083594799, 0.485477805138]
    dvar: [8.75932979584, 0.692510187626, 14.5742282867, 5.37315893173, 7.89596843719, 10.9961214066, 2.1029112339, 13.293179512, 0.452562689781, 10.8923273087, 2.56519985199, 5.97769498825, 5.49393701553]
    dvar2: [12.8068113327, 0.861211657524, 21.7255878448, 6.70296096802, 12.7253646851, 13.8433027267, 4.32182407379, 17.121049881, 0.616769373417, 14.8172550201, 1.52919661999, 9.28443431854, 3.95763802528]
    kurt: [27.2438373566, 29.4973983765, 26.845703125, 29.555770874, 24.7795295715, 29.6553649902, 18.4588165283, 29.7308197021, 13.5733623505, 29.4984092712, 25.4870605469, 27.2753734589, 28.5146541595]
    max: [-1119.46044922, 1.14440917969e-05, -6.103515625e-05, 14.8428993225, 17.9068908691, 2.28881835938e-05, -2.67028808594e-05, 23.4341983795, -4.57763671875e-05, -2.28881835938e-05, 12.4060325623, 15.72955513, -3.81469726562e-05]
    mean: [-1123.90368652, -4.58726072311, -18.4177875519, 12.7623023987, 12.5690603256, -18.1800632477, -4.31809568405, 19.7451381683, -4.48695659637, -17.2711830139, 11.9406061172, 11.4941215515, -16.5388374329]
    median: [-1123.54724121, -4.71776199341, -18.8590278625, 13.1239509583, 12.8359222412, -18.6900558472, -4.33835983276, 20.2863407135, -4.72991943359, -17.7186508179, 12.4040184021, 11.7435455322, -17.1306114197]
    min: [-1138.42004395, -5.32518386841, -24.4434623718, 8.01086425781e-05, -6.103515625e-05, -21.2633895874, -8.75368499756, -5.34057617188e-05, -4.73083496094, -21.2763442993, -2.67028808594e-05, -3.0517578125e-05, -17.1332130432]
    skew: [-4.94454622269, 5.39745187759, 4.85116052628, -5.40069103241, -4.3231420517, 5.40323019028, -0.159282252192, -5.39105272293, 3.8497979641, 5.30524015427, -4.999355793, -4.75392007828, 5.31550836563]
    var: [5.77392053604, 0.554860770702, 9.36581325531, 4.2899518013, 4.56244945526, 8.68869400024, 0.872811019421, 10.2312707901, 0.887596130371, 7.85245037079, 4.03529882431, 3.62311172485, 7.32856464386]

SpecContrastCoeff:
    dmean: [0.0220602396876, 0.0237301215529, 0.0173116829246, 0.00909577868879, 0.0165136102587, 0.0103380987421]
    dmean2: [0.0379619114101, 0.0386747717857, 0.0274317935109, 0.0143126249313, 0.0211623292416, 0.0185114685446]
    dvar: [0.00158504629508, 0.0003324241261, 0.000162702854141, 4.051695214e-05, 0.00182192551438, 0.000121389755805]
    dvar2: [0.00268629263155, 0.000633638119325, 0.000446383608505, 0.000120734883239, 0.00187266129069, 0.000374448078219]
    kurt: [11.4362163544, 2.37465143204, 2.65083408356, 1.97022867203, 16.0207691193, 3.80298662186]
    max: [-0.699011087418, -0.831895649433, -0.876500427723, -0.896931886673, -0.491896897554, -0.867551743984]
    mean: [-0.753252506256, -0.888658225536, -0.921173512936, -0.916236460209, -0.519299089909, -0.902236282825]
    median: [-0.74449044466, -0.886096715927, -0.919411420822, -0.914948523045, -0.504117369652, -0.901227474213]
    min: [-0.988933384418, -0.99562895298, -0.990002155304, -0.948782861233, -0.856213271618, -0.938164949417]
    skew: [-3.45033621788, -1.16986072063, -0.962688744068, -1.2230951786, -4.0745177269, -0.604586482048]
    var: [0.0030025774613, 0.00107324868441, 0.000373768300051, 0.000117330928333, 0.00428186543286, 0.000115430520964]

SpecPeakAmp:
    dmean: [4.84895792852e-07, 6.39956851956e-07, 7.40443226732e-07, 8.26670714105e-07, 7.63828950312e-07]
    dmean2: [6.30991110029e-07, 9.87472503766e-07, 1.20097240597e-06, 1.36457106237e-06, 1.26860095406e-06]
    dvar: [3.66319518122e-12, 5.47911065477e-12, 5.43846391532e-12, 5.31049900235e-12, 4.66681684616e-12]
    dvar2: [6.30971230126e-12, 1.39522889769e-11, 1.41331980841e-11, 1.35916460378e-11, 1.25404972864e-11]
    kurt: [23.411611557, 39.464138031, 39.0242347717, 38.4187240601, 35.0641326904]
    max: [1.24629259517e-05, 1.16699047794e-05, 1.16682840599e-05, 1.17977133414e-05, 1.19256092148e-05]
    mean: [8.23627124191e-06, 5.28651582954e-07, 5.46975343241e-07, 6.40383518657e-07, 6.67413416977e-07]
    median: [8.37643619889e-06, 2.50264406532e-07, 2.19637229293e-07, 3.79358539249e-07, 2.51476024005e-07]
    min: [2.27404839848e-07, 7.10560641437e-08, 8.24665633559e-08, 5.66531817014e-08, 3.57506770854e-08]
    skew: [-3.68037557602, 6.41681957245, 6.36521673203, 6.29286623001, 5.93266296387]
    var: [1.93468721946e-12, 2.8395976976e-12, 2.84422919244e-12, 2.88358161134e-12, 3.06422292054e-12]
