
metadata:
    version:
        essentia: "2.1-beta3"

Flux:
    dmean: 0.00278453459032
    dmean2: 0.00366851035506
    dvar: 8.39377680677e-05
    dvar2: 0.000164942757692
    kurt: 9.58160591125
    max: 0.053254313767
    mean: 0.00355246337131
    median: 1.82488693099e-05
    min: 9.77445051831e-06
    skew: 3.29421019554
    var: 0.000136546877911

Rms:
    dmean: 0.00108017143793
    dmean2: 0.000787854951341
    dvar: 1.51924905367e-05
    dvar2: 6.85634267938e-06
    kurt: 20.7987422943
    max: 0.0383676625788
    mean: 0.0370003059506
    median: 0.0383510626853
    min: 0.00710564106703
    skew: -4.5284781456
    var: 2.8210457458e-05

RollOff:
    dmean: 6.36208295822
    dmean2: 6.51003837585
    dvar: 1740.47192383
    dvar2: 1779.98510742
    kurt: 40.0218048096
    max: 3014.6484375
    mean: 2740.93896484
    median: 2734.71679688
    min: 2734.71679688
    skew: 6.48238706589
    var: 1702.67443848

SpecCent:
    dmean: 3.09327292442
    dmean2: 2.9270529747
    dvar: 308.631652832
    dvar2: 281.686920166
    kurt: 39.6865539551
    max: 2822.74121094
    mean: 2701.06884766
    median: 2698.30322266
    min: 2695.50488281
    skew: 6.44344425201
    var: 337.782073975

Zcr:
    dmean: 0.004150390625
    dmean2: 0.00295239826664
    dvar: 0.000230296092923
    dvar2: 0.000156934387633
    kurt: 17.7861499786
    max: 0.12353515625
    mean: 0.11777343601
    median: 0.123046875
    min: 0.00390625
    skew: -4.2335691452
    var: 0.000445520592621

HarmonicAmpFreq:
    dmean: [0.0434681288898]
    dmean2: [0.0444790162146]
    dvar: [0.0812475606799]
    dvar2: [0.083092071116]
    kurt: [39.9110069275]
    max: [2721.66870117]
    mean: [2719.79980469]
    median: [2719.75610352]
    min: [2719.75610352]
    skew: [6.46956014633]
    var: [0.079484552145]

HarmonicAmpMag:
    dmean: [1.38117627557e-06]
    dmean2: [1.41329667258e-06]
    dvar: [8.202885593e-11]
    dvar2: [8.3891109337e-11]
    kurt: [40.022731781]
    max: [6.07717556704e-05]
    mean: [1.35048344418e-06]
    median: [0]
    min: [0]
    skew: [6.48249387741]
    var: [8.02474406369e-11]

MfccCoeff:
    dmean: [10.1773958206, 1.04252588749, 2.69342279434, 1.04324293137, 0.731695771217, 0.991073012352, 0.3479398489, 1.09104466438, 0.259217351675, 0.972275674343, 0.673735022545, 0.665624141693, 0.938562452793]
    dmean2: [15.227022171, 1.71402812004, 3.61776447296, 1.25352704525, 0.611671388149, 0.683330118656, 0.296301186085, 0.652515053749, 0.238657668233, 0.769442260265, 0.690352797508, 0.561568081379, 0.958583593369]
    dvar: [2182.73852539, 23.399969101, 171.140136719, 30.3548259735, 14.3090705872, 19.6218852997, 2.44526815414, 21.8047447205, 0.886754393578, 17.5612430573, 7.19796562195, 8.59392166138, 14.4787197113]
    dvar2: [5413.35009766, 62.6465530396, 340.139129639, 45.1794052124, 8.99354457855, 7.80392503738, 1.52172887325, 9.8524389267, 0.768718361855, 12.8953008652, 7.3486571312, 6.7358584404, 14.7468938828]
    kurt: [37.8518638611, 30.6730232239, 19.9879264832, 34.4039649963, 37.0079154968, 31.0019721985, 33.6901817322, 27.1524810791, 13.4401435852, 23.075799942, 18.5714187622, 22.6844539642, 19.1394805908]
    max: [-893.921630859, 16.4269294739, -5.02920532227, 39.3726806641, 35.7486763, -4.40395355225, -1.90523910522, 49.9221878052, -0.0939788818359, -4.63670349121, 24.9912071228, 31.6886768341, -3.06993103027]
    mean: [-1096.71557617, -10.4779014587, -48.312412262, 31.0984134674, 33.5295448303, -43.9355659485, -14.0969371796, 48.0912971497, -6.57055807114, -42.8873634338, 23.9815502167, 30.2529296875, -34.8784599304]
    median: [-1100.56811523, -11.3321418762, -48.4274559021, 31.5882911682, 34.2942085266, -45.210231781, -14.3600234985, 49.587348938, -6.91989135742, -44.3201217651, 24.9852409363, 31.237039566, -36.2885551453]
    min: [-1134.53649902, -11.3845100403, -85.4967346191, 3.03468704224, 3.7410736084, -45.4607200623, -17.0484237671, 4.95404815674, -6.928565979, -44.7234725952, 1.85809707642, 3.59395599365, -36.2912712097]
    skew: [6.19093608856, 5.55759000778, 1.07053041458, -5.65676784515, -6.15838575363, 5.58215475082, 5.68218326569, -5.23378419876, 3.8066945076, 4.87955951691, -4.3860373497, -4.85152053833, 4.45565843582]
    var: [959.757446289, 18.733921051, 72.3945007324, 19.2691020966, 20.921169281, 40.2073287964, 3.66595363617, 51.4455451965, 1.75019228458, 44.8326835632, 17.1107120514, 22.0718021393, 34.8536186218]

SpecContrastCoeff:
    dmean: [0.0288656167686, 0.0112387919798, 0.00695161661133, 0.00647961162031, 0.0185669288039, 0.00677896104753]
    dmean2: [0.0313895568252, 0.0136427404359, 0.00757944723591, 0.00644185114652, 0.0164359305054, 0.00638554105535]
    dvar: [0.000776811444666, 0.000152192646055, 6.42620434519e-05, 5.1198854635e-05, 0.00306432624348, 2.40654790105e-05]
    dvar2: [0.00174055923708, 0.000245477509452, 6.46573316772e-05, 9.90183689282e-05, 0.00279907952063, 4.37949420302e-05]
    kurt: [1.6060500145, 2.67149019241, 2.57666349411, 1.56558465958, 16.600402832, -0.538548707962]
    max: [-0.718204021454, -0.911484777927, -0.935228824615, -0.902632474899, -0.338688224554, -0.908911705017]
    mean: [-0.830056428909, -0.972981452942, -0.976431429386, -0.946560740471, -0.373768687248, -0.932713568211]
    median: [-0.83922547102, -0.979125142097, -0.982166230679, -0.950526356697, -0.354248434305, -0.934959053993]
    min: [-0.995597243309, -0.994026124477, -0.989053785801, -0.960538327694, -0.823529958725, -0.945790052414]
    skew: [-0.17153441906, 1.61197710037, 1.55470597744, 1.23854923248, -4.11807632446, 0.812899112701]
    var: [0.00271678389981, 0.000276602222584, 0.000141457348946, 0.000163471166161, 0.00736706145108, 0.000133054534672]

SpecPeakAmp:
    dmean: [9.78639218374e-06, 9.73269106908e-06, 9.69006032392e-06, 9.60141551332e-06, 8.60142790771e-06]
    dmean2: [1.45769145092e-05, 1.47323835336e-05, 1.46774937093e-05, 1.46131578731e-05, 1.36680118885e-05]
    dvar: [1.80117931681e-09, 1.84038961848e-09, 1.81621995221e-09, 1.78871673029e-09, 1.46690137814e-09]
    dvar2: [4.59438309619e-09, 4.74873962375e-09, 4.69385286195e-09, 4.64441196613e-09, 3.92158483464e-09]
    kurt: [39.4580459595, 39.9424095154, 39.8946228027, 39.6968193054, 34.0702171326]
    max: [0.000214459461858, 0.00021028573974, 0.000209961115615, 0.000211143225897, 0.000212970888242]
    mean: [2.06348231586e-05, 6.35992228126e-06, 6.34415073364e-06, 6.52341486784e-06, 7.62583886171e-06]
    median: [1.66087684192e-05, 1.83716826996e-06, 1.81292955403e-06, 1.80413087492e-06, 1.64851746831e-06]
    min: [5.56100167159e-06, 4.31523602629e-07, 2.53225834967e-07, 2.92316656214e-07, 3.41898584111e-07]
    skew: [6.41414117813, 6.4730386734, 6.46751260757, 6.44511842728, 5.87467813492]
    var: [8.59498083816e-10, 9.46014933056e-10, 9.43677136434e-10, 9.55201806541e-10, 1.03473485336e-09]
