
metadata:
    version:
        essentia: "2.1-beta3"

Flux:
    dmean: 0.0247071608901
    dmean2: 0.0339619964361
    dvar: 0.00676887342706
    dvar2: 0.0133009357378
    kurt: 9.04301929474
    max: 0.479300230742
    mean: 0.0327433124185
    median: 0.000243494723691
    min: 2.66709903372e-05
    skew: 3.22594070435
    var: 0.0114024365321

Rms:
    dmean: 0.0113595612347
    dmean2: 0.00822971854359
    dvar: 0.00146961549763
    dvar2: 0.00065361923771
    kurt: 22.0244235992
    max: 0.355620026588
    mean: 0.340429782867
    median: 0.353262662888
    min: 0.0413966849446
    skew: -4.64238214493
    var: 0.00273025687784

RollOff:
    dmean: 24.958940506
    dmean2: 25.5393810272
    dvar: 26786.7890625
    dvar2: 27394.9160156
    kurt: 40.0227127075
    max: 1291.9921875
    mean: 218.203125
    median: 193.798828125
    min: 193.798828125
    skew: 6.48249292374
    var: 26205.0703125

SpecCent:
    dmean: 30.1624774933
    dmean2: 27.7939052582
    dvar: 30542.6582031
    dvar2: 25378.3730469
    kurt: 39.3347663879
    max: 1460.26245117
    mean: 205.768692017
    median: 174.76461792
    min: 172.539749146
    skew: 6.40545797348
    var: 36057.0429688

Zcr:
    dmean: 0.000332919036737
    dmean2: 0.000352016708348
    dvar: 8.10327208001e-07
    dvar2: 5.24804761426e-07
    kurt: 18.1812152863
    max: 0.00830078125
    mean: 0.00757378479466
    median: 0.0078125
    min: 0.00048828125
    skew: -4.21082115173
    var: 1.69141821971e-06

HarmonicAmpFreq:
    dmean: [0.019381435588]
    dmean2: [0.0350469537079]
    dvar: [0.00864542648196]
    dvar2: [0.0184735897928]
    kurt: [17.2156105042]
    max: [174.682342529]
    mean: [174.093765259]
    median: [174.068527222]
    min: [173.986404419]
    skew: [4.33933210373]
    var: [0.0149864647537]

HarmonicAmpMag:
    dmean: [0.0194424148649]
    dmean2: [0.014501074329]
    dvar: [0.00521156610921]
    dvar2: [0.00366585678421]
    kurt: [15.2059421539]
    max: [0.498040437698]
    mean: [0.473843216896]
    median: [0.497947841883]
    min: [0]
    skew: [-4.01095199585]
    var: [0.0088455285877]

MfccCoeff:
    dmean: [26.9759197235, 8.9636297226, 4.52373838425, 7.31387042999, 7.42312669754, 5.54825019836, 3.65488791466, 2.38802886009, 2.06260681152, 2.29329562187, 2.26912117004, 2.41393303871, 2.58433771133]
    dmean2: [35.4084243774, 8.00015735626, 5.91335821152, 5.41799736023, 5.89446258545, 4.63751745224, 3.58923697472, 2.92047929764, 2.48424434662, 2.63052678108, 2.61089277267, 2.76816868782, 2.97096514702]
    dvar: [8173.64501953, 157.523727417, 85.3254089355, 77.3731842041, 50.2044181824, 30.8485546112, 15.8704032898, 5.37914276123, 2.69944310188, 3.1778151989, 11.745174408, 23.0450191498, 30.6226882935]
    dvar2: [21207.4082031, 260.515106201, 123.591537476, 48.5866355896, 38.9898414612, 17.2319011688, 9.20063495636, 4.67309904099, 6.98026514053, 6.16829299927, 7.7315454483, 17.3409118652, 31.235408783]
    kurt: [34.8766174316, 7.92271327972, 16.2848529816, 10.7026052475, 4.65678882599, 7.4909362793, 11.0252132416, 7.24519920349, -0.0811922550201, 8.96222114563, 16.8846702576, 15.1514358521, 12.7361631393]
    max: [-612.275695801, 202.007202148, 118.576965332, 83.7538604736, 66.5443878174, 47.4325866699, 27.9748001099, 9.49730873108, -5.71583557129, -3.54294586182, 2.62174606323, 3.86212158203, 0.572128295898]
    mean: [-1034.3704834, 123.349655151, 96.0907211304, 70.0688095093, 49.2321548462, 33.2488288879, 18.8649749756, 4.88453626633, -8.4643497467, -20.0354385376, -29.6864585876, -37.5843849182, -43.5190658569]
    median: [-1043.87194824, 124.320869446, 98.9337158203, 72.4552459717, 47.7450904846, 31.5285949707, 19.3729286194, 6.34170532227, -7.5352935791, -20.6227645874, -31.0903377533, -39.3248100281, -45.7145957947]
    min: [-1061.06420898, 86.5712051392, 19.6865234375, -6.911693573, -9.01441955566, -14.3891220093, -16.6670608521, -13.4276123047, -15.0680999756, -24.2936019897, -33.6920700073, -42.3236503601, -48.873134613]
    skew: [5.90448760986, 2.10336303711, -3.95934987068, -2.7699444294, -1.57672476768, -1.95543551445, -2.75763726234, -2.28491902351, -0.990559637547, 2.67051553726, 4.06429767609, 3.92486381531, 3.6556687355]
    var: [4317.77441406, 299.751068115, 225.290542603, 245.702606201, 198.422637939, 109.414886475, 52.2604370117, 16.2147006989, 5.88743638992, 13.4768772125, 37.1422195435, 65.7652053833, 84.0240859985]

SpecContrastCoeff:
    dmean: [0.03202919662, 0.0131071945652, 0.00655270693824, 0.00564761739224, 0.00462558167055, 0.0098424796015]
    dmean2: [0.0244134422392, 0.0210114512593, 0.00794594082981, 0.00754548376426, 0.00574205210432, 0.0153462039307]
    dvar: [0.00849683582783, 0.00128485343885, 8.66385817062e-05, 9.58321325015e-05, 0.000101213438029, 0.000245996168815]
    dvar2: [0.00473949639127, 0.00290882890113, 0.000127436185721, 0.000147022990859, 0.000143597673741, 0.00060741888592]
    kurt: [18.7049980164, 9.80379009247, 10.5637388229, 11.7023439407, 11.5802764893, 4.81434679031]
    max: [-0.0205312371254, -0.791358292103, -0.886994957924, -0.899231016636, -0.906027376652, -0.895930051804]
    mean: [-0.0820329114795, -0.9396879673, -0.955004394054, -0.959219872952, -0.957780778408, -0.951683998108]
    median: [-0.0482987426221, -0.951035022736, -0.961436986923, -0.963502705097, -0.961173653603, -0.958689808846]
    min: [-0.870785534382, -0.979142844677, -0.962001740932, -0.964591503143, -0.963425338268, -0.960847318172]
    skew: [-4.30390405655, 3.3357656002, 3.10407352448, 3.41728162766, 3.539955616, 2.37642192841]
    var: [0.0207370854914, 0.00135763408616, 0.00019951928698, 0.000155959074618, 0.000148463193909, 0.000230902223848]

SpecPeakAmp:
    dmean: [0.0798626095057, 0.0711112096906, 0.000355011870852, 0.000312997348374, 0.000251509482041]
    dmean2: [0.145788505673, 0.141742512584, 0.000503830087837, 0.000462708383566, 0.000376988551579]
    dvar: [0.030297331512, 0.029030315578, 1.65026358445e-06, 1.48344179252e-06, 1.0190701687e-06]
    dvar2: [0.0841791778803, 0.0753644704819, 4.16065404352e-06, 3.79180914933e-06, 2.61290438175e-06]
    kurt: [7.85324668884, 2.95850133896, 32.4513435364, 37.0352897644, 38.1101951599]
    max: [0.497870057821, 0.498040437698, 0.00621763244271, 0.0059153502807, 0.00490095233545]
    mean: [0.0394449457526, 0.434893637896, 0.000307430891553, 0.000206135446206, 0.000163479766343]
    median: [0.000219046632992, 0.497947841883, 0.00012432425865, 4.49557592219e-05, 3.47508685081e-05]
    min: [1.09169568532e-05, 0.000145663143485, 4.12869376305e-05, 1.23493300634e-05, 1.1431798157e-05]
    skew: [3.09540510178, -2.21022820473, 5.71549415588, 6.16326093674, 6.27376413345]
    var: [0.0164637472481, 0.0262230020016, 8.77995717019e-07, 7.68232212067e-07, 5.21878178006e-07]
