
metadata:
    version:
        essentia: "2.1-beta3"

Flux:
    dmean: 0.0249442141503
    dmean2: 0.0328969620168
    dvar: 0.00680207135156
    dvar2: 0.0130642456934
    kurt: 9.39678382874
    max: 0.490604937077
    mean: 0.0327072031796
    median: 0.000152677719598
    min: 5.48738244106e-05
    skew: 3.26685190201
    var: 0.0115113090724

Rms:
    dmean: 0.00991159304976
    dmean2: 0.00724292499945
    dvar: 0.00128520082217
    dvar2: 0.000582432257943
    kurt: 20.9780292511
    max: 0.353552907705
    mean: 0.341019481421
    median: 0.353404372931
    min: 0.0655305087566
    skew: -4.54591226578
    var: 0.00238349917345

RollOff:
    dmean: 6.36208295822
    dmean2: 6.51003837585
    dvar: 1740.47192383
    dvar2: 1779.98510742
    kurt: 40.0218048096
    max: 3014.6484375
    mean: 2740.93896484
    median: 2734.71679688
    min: 2734.71679688
    skew: 6.48238706589
    var: 1702.67443848

SpecCent:
    dmean: 3.97043681145
    dmean2: 3.76245689392
    dvar: 527.185974121
    dvar2: 474.647125244
    kurt: 39.6936912537
    max: 2862.19042969
    mean: 2702.09716797
    median: 2698.32739258
    min: 2697.04785156
    skew: 6.44484472275
    var: 584.738647461

Zcr:
    dmean: 0.00412819581106
    dmean2: 0.00294104288332
    dvar: 0.000227846423513
    dvar2: 0.000154400797328
    kurt: 17.8702602386
    max: 0.12353515625
    mean: 0.117805987597
    median: 0.123046875
    min: 0.00439453125
    skew: -4.24175024033
    var: 0.000440707721282

HarmonicAmpFreq:
    dmean: [0.0802223905921]
    dmean2: [0.0820880234241]
    dvar: [0.276732176542]
    dvar2: [0.283014655113]
    kurt: [39.9526634216]
    max: [2723.28564453]
    mean: [2719.83569336]
    median: [2719.75585938]
    min: [2719.75585938]
    skew: [6.47438430786]
    var: [0.270724356174]

HarmonicAmpMag:
    dmean: [1.27333587443e-05]
    dmean2: [1.30294829432e-05]
    dvar: [6.97195234878e-09]
    dvar2: [7.13023151633e-09]
    kurt: [40.0227203369]
    max: [0.000560267770197]
    mean: [1.24503949337e-05]
    median: [0]
    min: [0]
    skew: [6.48249340057]
    var: [6.8205432413e-09]

MfccCoeff:
    dmean: [22.8199520111, 0.900876045227, 1.79049885273, 1.20111703873, 1.74085497856, 2.12799930573, 1.24921870232, 2.16409015656, 0.891386568546, 2.08315110207, 1.33757209778, 1.31546413898, 1.79858255386]
    dmean2: [32.7370452881, 1.05630266666, 1.5950512886, 1.10325872898, 2.23789954185, 2.89006710052, 1.01897060871, 2.69101953506, 0.617118060589, 2.42174530029, 1.62796592712, 1.8709243536, 1.81722760201]
    dvar: [7887.50292969, 10.0549268723, 25.8333454132, 7.82467794418, 26.582654953, 51.4121818542, 5.58655405045, 64.605255127, 0.737603604794, 58.3561515808, 14.8806638718, 26.4803104401, 33.0808830261]
    dvar2: [19572.4238281, 10.6678180695, 31.0991039276, 10.7374639511, 45.9062843323, 85.2923812866, 5.71591949463, 89.1792449951, 0.860097944736, 71.7608413696, 24.4867591858, 43.4340744019, 36.5588645935]
    kurt: [29.5342788696, 16.829366684, 18.0750465393, 21.4418087006, 11.2622928619, 11.7075023651, 13.013502121, 12.7037315369, 3.64245605469, 12.8285980225, 9.89258766174, 10.7184171677, 13.0421180725]
    max: [-659.002197266, -5.46904373169, -62.1249809265, 56.0799560547, 62.8514289856, -26.7011985779, -5.20385360718, 74.6103210449, 1.3118057251, -8.96461486816, 33.2306480408, 46.1217498779, -2.36357116699]
    mean: [-1064.16345215, -17.4352607727, -78.9739990234, 47.7423324585, 54.5580024719, -66.2020874023, -24.629611969, 71.1603775024, -5.76839590073, -62.3390579224, 30.4501304626, 43.8925437927, -44.7510070801]
    median: [-1077.62023926, -17.4676399231, -77.9441986084, 48.3945770264, 55.787815094, -68.5868530273, -25.2835464478, 74.2118988037, -6.20239257812, -65.4538040161, 31.8755912781, 46.0205001831, -47.1130638123]
    min: [-1077.91296387, -38.8178863525, -112.37752533, 27.626789093, 26.7078742981, -73.7936096191, -27.4986419678, 19.1062717438, -7.74317169189, -65.6122817993, 9.27633285522, 13.8947067261, -47.914516449]
    skew: [5.45194959641, -2.15332102776, -3.38896870613, -4.00713062286, -3.44577765465, 3.60591292381, 3.49602150917, -3.74815773964, 1.46590340137, 3.74214243889, -3.33203244209, -3.49064469337, 3.73999214172]
    var: [4333.76416016, 16.6483325958, 37.9945487976, 12.5017385483, 41.0842437744, 80.8122253418, 15.4106359482, 125.419616699, 3.08388876915, 127.558357239, 28.0157279968, 52.3325195312, 77.6356887817]

SpecContrastCoeff:
    dmean: [0.0250501614064, 0.00961393676698, 0.00833869632334, 0.00821604765952, 0.0224151238799, 0.00907627027482]
    dmean2: [0.0334782041609, 0.0133731560782, 0.00961015932262, 0.00955423060805, 0.0165438465774, 0.00981885287911]
    dvar: [0.000903970794752, 0.000271682598395, 0.000184572636499, 0.000137371447636, 0.00469655264169, 7.41729818401e-05]
    dvar2: [0.00185145996511, 0.000405107304687, 0.000229169876548, 0.000346720800735, 0.0031965195667, 0.000163089425769]
    kurt: [1.223133564, 11.9726381302, 12.4215335846, 1.76924800873, 17.2485561371, -0.0452923774719]
    max: [-0.835349082947, -0.896563827991, -0.891215980053, -0.879358291626, -0.202097982168, -0.892716765404]
    mean: [-0.941543757915, -0.9864782691, -0.979476153851, -0.935312747955, -0.238795816898, -0.929226279259]
    median: [-0.949382722378, -0.994609415531, -0.986765503883, -0.941076040268, -0.214444950223, -0.936893880367]
    min: [-0.994305670261, -0.996898114681, -0.991332709789, -0.952423930168, -0.789166748524, -0.942331135273]
    skew: [1.35317802429, 3.18830108643, 3.13298797607, 1.45994913578, -4.16831922531, 1.10313344002]
    var: [0.00127395347226, 0.000321499130223, 0.000302133033983, 0.000310403906042, 0.0105978138745, 0.00022348308994]

SpecPeakAmp:
    dmean: [6.45943800919e-05, 6.44289902993e-05, 6.384489825e-05, 6.34312091279e-05, 5.44180293218e-05]
    dmean2: [9.56516887527e-05, 9.59061071626e-05, 9.50828034547e-05, 9.50869289227e-05, 8.63283785293e-05]
    dvar: [7.52993685182e-08, 7.52954107952e-08, 7.36535668011e-08, 7.26618907265e-08, 5.53039036788e-08]
    dvar2: [1.94341964743e-07, 1.94829667066e-07, 1.91095239188e-07, 1.89751830248e-07, 1.48091814367e-07]
    kurt: [39.7452125549, 39.6947402954, 39.5882759094, 39.1809005737, 29.3270530701]
    max: [0.00135996169411, 0.0013538984349, 0.00134845392313, 0.00136463250965, 0.00138337526005]
    mean: [5.39920511073e-05, 4.52916247013e-05, 4.52288695669e-05, 4.68355501653e-05, 5.71966775169e-05]
    median: [2.29158158618e-05, 1.44990553963e-05, 1.47581076817e-05, 1.4146772628e-05, 1.41160835483e-05]
    min: [9.69957091002e-06, 2.14005603993e-06, 2.04787897928e-06, 2.31906415138e-06, 2.93516313832e-06]
    skew: [6.44998407364, 6.44436454773, 6.43216705322, 6.38665056229, 5.42731666565]
    var: [3.88884231484e-08, 3.90687020513e-08, 3.87964433912e-08, 3.98602750806e-08, 4.65883722711e-08]
