
metadata:
    version:
        essentia: "2.1-beta3"

Flux:
    dmean: 0.0131156742573
    dmean2: 0
    dvar: 0
    dvar2: 0
    kurt: -1.99999988079
    max: 0.298805236816
    mean: 0.292247414589
    median: 0.292247414589
    min: 0.285689562559
    skew: -6.85294435243e-06
    var: 4.30052277807e-05

Rms:
    dmean: 0
    dmean2: 0
    dvar: 0
    dvar2: 0
    kurt: 0
    max: 0.102524705231
    mean: 0.102524705231
    median: 0.102524705231
    min: 0.102524705231
    skew: 0
    var: 0

RollOff:
    dmean: 882.861328125
    dmean2: 0
    dvar: 0
    dvar2: 0
    kurt: -2
    max: 2583.984375
    mean: 2142.55371094
    median: 2142.55371094
    min: 1701.12304688
    skew: 0
    var: 194861.03125

SpecCent:
    dmean: 106.296142578
    dmean2: 0
    dvar: 0
    dvar2: 0
    kurt: -2
    max: 2228.95385742
    mean: 2175.80566406
    median: 2175.80566406
    min: 2122.65771484
    skew: 6.92116373102e-06
    var: 2824.7175293

Zcr:
    dmean: 0
    dmean2: 0
    dvar: 0
    dvar2: 0
    kurt: 0
    max: 0.0166015625
    mean: 0.0166015625
    median: 0.0166015625
    min: 0.0166015625
    skew: 0
    var: 0

HarmonicAmpFreq:
    dmean: [0]
    dmean2: [0]
    dvar: [0]
    dvar2: [0]
    kurt: [nan]
    max: [2293.14624023]
    mean: [2293.14624023]
    median: [2293.14624023]
    min: [2293.14624023]
    skew: [nan]
    var: [0]

HarmonicAmpMag:
    dmean: [0]
    dmean2: [0]
    dvar: [0]
    dvar2: [0]
    kurt: [nan]
    max: [0]
    mean: [0]
    median: [0]
    min: [0]
    skew: [nan]
    var: [0]

MfccCoeff:
    dmean: [293.785644531, 133.942382812, 53.9132385254, 50.4892578125, 13.7451114655, 0.937082290649, 3.00437736511, 8.30553245544, 3.23894691467, 1.33143997192, 0.828649520874, 3.39630508423, 0.631814956665]
    dmean2: [0, 0, 0, 0, 0, 0, 0, 0, 0, 0, 0, 0, 0]
    dvar: [0, 0, 0, 0, 0, 0, 0, 0, 0, 0, 0, 0, 0]
    dvar2: [0, 0, 0, 0, 0, 0, 0, 0, 0, 0, 0, 0, 0]
    kurt: [-2, -2, -2, -1.99999988079, -2, -2, -2, -2, -2, -2, -2, -2, -2]
    max: [-592.264526367, 174.905212402, -72.3013153076, -20.5567398071, 23.3760623932, -1.30573272705, -14.579202652, 9.50338554382, 7.81528282166, -3.27027893066, -1.45370864868, 5.55522537231, 0.577026367188]
    mean: [-739.157348633, 107.934020996, -99.2579345703, -45.8013687134, 16.5035057068, -1.77427387238, -16.0813903809, 5.3506193161, 6.19580936432, -3.93599891663, -1.86803340912, 3.8570728302, 0.261118888855]
    median: [-739.157348633, 107.934020996, -99.2579345703, -45.8013687134, 16.5035057068, -1.77427387238, -16.0813903809, 5.3506193161, 6.19580936432, -3.93599891663, -1.86803340912, 3.8570728302, 0.261118888855]
    min: [-886.050170898, 40.9628372192, -126.214553833, -71.0459976196, 9.63095092773, -2.2428150177, -17.5835800171, 1.19785308838, 4.57633590698, -4.60171890259, -2.28235816956, 2.15892028809, -0.0547885894775]
    skew: [0, 1.56054852596e-07, 0, 0, 4.23065614541e-07, 0, -1.89902380043e-06, 0, 0, 0, 0, 0, 0]
    var: [21577.5019531, 4485.14013672, 726.659301758, 637.291259766, 47.2320251465, 0.219530805945, 2.25657081604, 17.2454681396, 2.62269425392, 0.443183094263, 0.171665012836, 2.88372206688, 0.0997975319624]

SpecContrastCoeff:
    dmean: [0.0306949019432, 0.0584226250648, 0.115623831749, 0.053363442421, 0.153838634491, 0.0357294678688]
    dmean2: [0, 0, 0, 0, 0, 0]
    dvar: [0, 0, 0, 0, 0, 0]
    dvar2: [0, 0, 0, 0, 0, 0]
    kurt: [-2, -2, -2, -2, -2, -1.99999988079]
    max: [-0.894653618336, -0.84339261055, -0.871304690838, -0.850940108299, -0.588620245457, -0.906423270702]
    mean: [-0.910001039505, -0.87260389328, -0.929116606712, -0.87762182951, -0.665539562702, -0.924288034439]
    median: [-0.910001039505, -0.87260389328, -0.929116606712, -0.87762182951, -0.665539562702, -0.924288034439]
    min: [-0.925348520279, -0.901815235615, -0.986928522587, -0.90430355072, -0.742458879948, -0.942152738571]
    skew: [-5.81799213251e-06, -3.06497008751e-06, 0, 0, 0, 4.98494728163e-06]
    var: [0.000235544255702, 0.000853300793096, 0.00334221753292, 0.000711914268322, 0.00591658148915, 0.000319148704875]

SpecPeakAmp:
    dmean: [0.00140680675395, 0.00085398205556, 0.000655560055748, 0.000203523086384, 0.000657227123156]
    dmean2: [0, 0, 0, 0, 0]
    dvar: [0, 0, 0, 0, 0]
    dvar2: [0, 0, 0, 0, 0]
    kurt: [-2, -2, -2, -2, -1.99999988079]
    max: [0.00184969091788, 0.00286003411748, 0.00297298259102, 0.00301488628611, 0.00359343434684]
    mean: [0.00114628754091, 0.00243304297328, 0.00264520244673, 0.00291312485933, 0.00326482066885]
    median: [0.00114628754091, 0.00243304297328, 0.00264520244673, 0.00291312485933, 0.00326482066885]
    min: [0.000442884134827, 0.00200605206192, 0.00231742253527, 0.00281136319973, 0.00293620722368]
    skew: [0, 8.46754630857e-07, 1.08369101781e-06, -3.44670411323e-06, 1.07546554773e-06]
    var: [4.94776315918e-07, 1.823213438e-07, 1.07439745989e-07, 1.03554116393e-08, 1.07986871001e-07]
