
metadata:
    version:
        essentia: "2.1-beta3"

Flux:
    dmean: 4.97072323924e-06
    dmean2: 7.33124170438e-06
    dvar: 3.21894788602e-10
    dvar2: 6.97702784436e-10
    kurt: 14.2771892548
    max: 9.61893310887e-05
    mean: 5.95897563471e-06
    median: 1.22623305288e-06
    min: 6.82282177422e-07
    skew: 3.89160180092
    var: 3.29468813343e-10

Rms:
    dmean: 1.39454471082e-06
    dmean2: 1.22966685012e-06
    dvar: 2.37695835237e-11
    dvar2: 1.8790196829e-11
    kurt: 19.378162384
    max: 7.78881076258e-05
    mean: 7.5901443779e-05
    median: 7.71404738771e-05
    min: 4.55797453469e-05
    skew: -4.47740364075
    var: 3.15869518042e-11

RollOff:
    dmean: 0
    dmean2: 0
    dvar: 0
    dvar2: 0
    kurt: 0
    max: 193.798828125
    mean: 193.798828125
    median: 193.798828125
    min: 193.798828125
    skew: 0
    var: 0

SpecCent:
    dmean: 1.9802955389
    dmean2: 1.43066763878
    dvar: 1.39570820332
    dvar2: 1.01334166527
    kurt: 0.326766967773
    max: 489.820465088
    mean: 478.360565186
    median: 478.724609375
    min: 472.024749756
    skew: 0.412494748831
    var: 13.3507041931

Zcr:
    dmean: 0.000283884437522
    dmean2: 0.000406901031965
    dvar: 6.01397573519e-07
    dvar2: 5.89423621022e-07
    kurt: 15.0009384155
    max: 0.00830078125
    mean: 0.00775701366365
    median: 0.0078125
    min: 0.00390625
    skew: -3.93284344673
    var: 6.63410219204e-07

HarmonicAmpFreq:
    dmean: [0.0828144177794]
    dmean2: [0.084914073348]
    dvar: [0.129038438201]
    dvar2: [0.125790297985]
    kurt: [23.8761615753]
    max: [176.207000732]
    mean: [174.090835571]
    median: [174.069168091]
    min: [172.836868286]
    skew: [3.32623338699]
    var: [0.138018146157]

HarmonicAmpMag:
    dmean: [2.94014944302e-06]
    dmean2: [2.97260771731e-06]
    dvar: [1.81261172738e-10]
    dvar2: [1.77647827004e-10]
    kurt: [23.0185184479]
    max: [0.000108169631858]
    mean: [0.000105209044705]
    median: [0.000108109350549]
    min: [2.77765811916e-05]
    skew: [-4.87250614166]
    var: [1.85009702003e-10]

MfccCoeff:
    dmean: [0.109925739467, 0.151575133204, 0.140149489045, 0.121793523431, 0.0975519195199, 0.0687532648444, 0.037003275007, 0.00756481103599, 0.0288139171898, 0.0592243298888, 0.0859761759639, 0.107778504491, 0.123656161129]
    dmean2: [0.112935386598, 0.155722483993, 0.143981933594, 0.125098824501, 0.100163049996, 0.0705366581678, 0.0378646850586, 0.00771586084738, 0.0297804325819, 0.0609810240567, 0.0884404852986, 0.110820040107, 0.127101898193]
    dvar: [0.262043088675, 0.498627543449, 0.427339166403, 0.324395656586, 0.210054889321, 0.106360979378, 0.0326012969017, 0.00137862260453, 0.0164406914264, 0.0719333440065, 0.154375001788, 0.245612457395, 0.326796680689]
    dvar2: [0.265140682459, 0.504468798637, 0.432288229465, 0.328065544367, 0.212329789996, 0.107414662838, 0.0328447110951, 0.00136113062035, 0.0167436487973, 0.0730313807726, 0.156538397074, 0.248858138919, 0.330906808376]
    kurt: [23.5177745819, 23.554901123, 23.7200546265, 24.0400753021, 24.6214179993, 25.7810077667, 28.9138202667, 32.9755325317, 17.3277988434, 19.6907901764, 20.9711322784, 21.8307266235, 22.5535392761]
    max: [-1135.39245605, 4.17924118042, 3.87750244141, 3.39262771606, 2.7498626709, 1.98336029053, 1.13277053833, 0.313636779785, -4.57763671875e-05, -2.28881835938e-05, -2.67028808594e-05, -3.0517578125e-05, -3.81469726562e-05]
    mean: [-1135.5020752, 4.02767372131, 3.73740315437, 3.27098536491, 2.652561903, 1.91496384144, 1.09617376328, 0.2383005023, -0.615423023701, -1.42292523384, -2.14562916756, -2.75041294098, -3.21139931679]
    median: [-1135.39599609, 4.17455673218, 3.87324523926, 3.38910293579, 2.7472076416, 1.98176574707, 1.1322593689, 0.242263793945, -0.642986297607, -1.47994613647, -2.22861480713, -2.85460662842, -3.33107376099]
    min: [-1138.42004395, 1.14440917969e-05, -6.103515625e-05, 8.01086425781e-05, -6.103515625e-05, 2.28881835938e-05, -2.67028808594e-05, -5.34057617188e-05, -0.644760131836, -1.48271179199, -2.23213577271, -2.85862731934, -3.33534240723]
    skew: [-4.9187912941, -4.92111349106, -4.93556880951, -4.96363306046, -5.01480913162, -5.11759614944, -5.40060853958, -5.48131942749, 4.38780212402, 4.58762788773, 4.69714546204, 4.77120113373, 4.83381652832]
    var: [0.259089410305, 0.493035584688, 0.422608196735, 0.320892810822, 0.20789064467, 0.105368740857, 0.0323839783669, 0.00143506552558, 0.0161414202303, 0.070865817368, 0.15228420496, 0.242485150695, 0.322847604752]

SpecContrastCoeff:
    dmean: [0.0206640120596, 0.0156663358212, 0.0110488273203, 0.0132605610415, 0.00912662409246, 0.00820941384882]
    dmean2: [0.025780364871, 0.0266045928001, 0.0179601144046, 0.0175579935312, 0.0149795282632, 0.0121092544869]
    dvar: [0.0024219409097, 0.000143661469338, 0.000171938969288, 0.000321840954712, 4.98021618114e-05, 8.13676524558e-05]
    dvar2: [0.00196290342137, 0.000409593398217, 0.000266759394435, 0.000280351639958, 0.000106158513518, 8.21287831059e-05]
    kurt: [13.7939090729, 2.25265359879, 7.65321063995, 11.3308286667, 5.34737110138, 12.9163074493]
    max: [-0.544366896152, -0.8549233675, -0.875127375126, -0.80163538456, -0.84239089489, -0.846080243587]
    mean: [-0.576109170914, -0.895065307617, -0.906981468201, -0.834873795509, -0.860732257366, -0.865485787392]
    median: [-0.562390327454, -0.893335580826, -0.906033277512, -0.830272912979, -0.859322428703, -0.864372730255]
    min: [-0.840315520763, -0.948073625565, -0.964986383915, -0.946944653988, -0.899759531021, -0.925337731838]
    skew: [-3.87524557114, -0.409433841705, -2.23197937012, -3.29514622688, -1.94420099258, -3.18773198128]
    var: [0.0035285227932, 0.000232113350648, 0.000208529789234, 0.00060770730488, 0.00011058410746, 0.00014484586427]

SpecPeakAmp:
    dmean: [1.51090353029e-06, 2.93904904538e-05, 3.01802301692e-05, 6.31805576745e-08, 8.64444515969e-08]
    dmean2: [1.74143667664e-06, 5.82982320338e-05, 5.91919597355e-05, 8.77861765503e-08, 1.43184763601e-07]
    dvar: [6.68940736137e-11, 2.24487295419e-09, 2.34201502636e-09, 1.65017451065e-14, 1.3278213842e-14]
    dvar2: [6.86205189893e-11, 4.32346825008e-09, 4.00153998825e-09, 1.27715424499e-14, 2.85250643906e-14]
    kurt: [38.9027175903, -0.694155454636, -1.19577550888, 18.120223999, 7.27455043793]
    max: [6.28055204288e-05, 0.000108131855086, 0.000108169631858, 9.64974560702e-07, 6.58964268041e-07]
    mean: [9.56976964517e-06, 2.77892395388e-05, 7.62536801631e-05, 1.30253681618e-07, 1.18764319268e-07]
    median: [8.36047365738e-06, 2.45726425874e-07, 0.000108102794911, 9.48580662907e-08, 7.92864369714e-08]
    min: [6.48145305604e-06, 1.95350111198e-07, 7.51695097279e-08, 4.91579399409e-08, 2.55212846412e-08]
    skew: [6.39018535614, 1.13241064548, -0.896722257137, 4.28566503525, 2.73724913597]
    var: [6.60030918809e-11, 2.15677897764e-09, 2.42079667423e-09, 2.46377422045e-14, 1.52983247408e-14]
