
metadata:
    version:
        essentia: "2.1-beta3"

Flux:
    dmean: 0.000125710866996
    dmean2: 0.000160491079441
    dvar: 1.68121943034e-07
    dvar2: 3.24879835034e-07
    kurt: 9.89446926117
    max: 0.00242494069971
    mean: 0.000162458687555
    median: 5.04664058099e-06
    min: 2.53462326327e-06
    skew: 3.33065748215
    var: 2.73726527666e-07

Rms:
    dmean: 5.05217140017e-05
    dmean2: 3.67768116121e-05
    dvar: 2.75051430521e-08
    dvar2: 1.25439649779e-08
    kurt: 20.0764312744
    max: 0.00172416295391
    mean: 0.00165451422799
    median: 0.00171062070876
    min: 0.000382456404623
    skew: -4.45806646347
    var: 5.21619050176e-08

RollOff:
    dmean: 4.89390993118
    dmean2: 5.0077214241
    dvar: 1029.86523438
    dvar2: 1053.24560547
    kurt: 40.0227241516
    max: 409.130859375
    mean: 198.583984375
    median: 193.798828125
    min: 193.798828125
    skew: 6.48249387741
    var: 1007.49975586

SpecCent:
    dmean: 16.1041564941
    dmean2: 13.2026767731
    dvar: 6787.8203125
    dvar2: 4166.84326172
    kurt: 36.9194297791
    max: 849.33807373
    mean: 194.300262451
    median: 176.59526062
    min: 174.245574951
    skew: 6.15388584137
    var: 10128.2646484

Zcr:
    dmean: 0.0003662109375
    dmean2: 0.000397438212531
    dvar: 9.6586620657e-07
    dvar2: 6.68191262321e-07
    kurt: 17.9002742767
    max: 0.00830078125
    mean: 0.00758463563398
    median: 0.0078125
    min: 0
    skew: -4.17918395996
    var: 1.95609209186e-06

HarmonicAmpFreq:
    dmean: [0.0436231456697]
    dmean2: [0.0656734704971]
    dvar: [0.0262572225183]
    dvar2: [0.0556420385838]
    kurt: [12.8381443024]
    max: [174.959609985]
    mean: [174.115905762]
    median: [174.069091797]
    min: [174.065658569]
    skew: [3.74731302261]
    var: [0.0310038253665]

HarmonicAmpMag:
    dmean: [9.51647743932e-05]
    dmean2: [7.35926514608e-05]
    dvar: [1.26945764123e-07]
    dvar2: [8.71814620496e-08]
    kurt: [15.6554355621]
    max: [0.00241445982829]
    mean: [0.00229835300706]
    median: [0.00241387751885]
    min: [0]
    skew: [-4.06930446625]
    var: [2.06748111964e-07]

MfccCoeff:
    dmean: [1.71733510494, 2.24812722206, 1.7668248415, 1.13798344135, 0.53919428587, 0.299118548632, 0.172724291682, 0.240821316838, 0.241715177894, 0.396576434374, 0.527956724167, 0.628536403179, 0.692919373512]
    dmean2: [2.36370134354, 3.07646107674, 2.36949324608, 1.45521652699, 0.603249132633, 0.212613835931, 0.300006955862, 0.328636705875, 0.24069853127, 0.311750024557, 0.379274457693, 0.435445040464, 0.466248899698]
    dvar: [62.543636322, 107.794075012, 68.1516342163, 30.3954391479, 8.96774291992, 1.81179153919, 0.776776373386, 0.763642907143, 1.2160602808, 2.3485891819, 4.01452684402, 5.70941209793, 6.95556783676]
    dvar2: [133.304107666, 226.659545898, 136.390670776, 53.6136779785, 10.9266090393, 0.717449188232, 1.4758054018, 1.75150454044, 1.17783558369, 1.22142159939, 1.94523620605, 2.80242109299, 3.52691864967]
    kurt: [20.087884903, 19.6255588531, 19.6066474915, 25.7716312408, 38.9502716064, 31.2196617126, 16.6871871948, 22.1255626678, 24.4315700531, 25.4476833344, 24.6380500793, 24.4066696167, 24.0327148438]
    max: [-1091.38977051, 62.2075271606, 50.6470069885, 35.2631416321, 20.062210083, 12.7010040283, 7.32036209106, 1.99574279785, -4.57763671875e-05, -2.28881835938e-05, -2.67028808594e-05, -3.0517578125e-05, -3.81469726562e-05]
    mean: [-1117.10229492, 29.2924919128, 26.8012256622, 22.886806488, 17.8537368774, 12.0507230759, 5.8302321434, -0.468536704779, -6.52287578583, -12.0252714157, -16.6911792755, -20.2780952454, -22.6110210419]
    median: [-1117.1628418, 29.2637138367, 26.9166603088, 23.1637306213, 18.2310791016, 12.4152679443, 6.06190872192, -0.455001831055, -6.75967407227, -12.4980163574, -17.3573665619, -21.0883331299, -23.518825531]
    min: [-1138.42004395, 1.14440917969e-05, -6.103515625e-05, 8.01086425781e-05, -6.103515625e-05, 2.28881835938e-05, -2.67028808594e-05, -4.17526245117, -6.7767791748, -12.5124511719, -17.3689022064, -21.0968399048, -23.524105072]
    skew: [1.30690252781, 0.818968176842, -0.823253691196, -3.79761242867, -6.34836483002, -5.60678291321, -4.23739767075, -2.6672065258, 5.00029563904, 4.98325395584, 4.90336036682, 4.88693189621, 4.8564043045]
    var: [24.8898601532, 43.3129272461, 28.7236709595, 15.1670017242, 7.33737611771, 3.72381925583, 1.56680810452, 0.446800142527, 1.25511741638, 4.08728599548, 8.00440979004, 11.8869104385, 14.9181966782]

SpecContrastCoeff:
    dmean: [0.029027890414, 0.013124877587, 0.0121227912605, 0.0102594820783, 0.00717546604574, 0.00844839122146]
    dmean2: [0.0305400341749, 0.0217189602554, 0.0202365517616, 0.0180997718126, 0.0123796500266, 0.0152876283973]
    dvar: [0.00554795283824, 0.000233523125644, 8.11906938907e-05, 8.34906022646e-05, 6.61087760818e-05, 6.98767325957e-05]
    dvar2: [0.00543912081048, 0.000525841140188, 0.000236871797824, 0.000226547941566, 0.000176411762368, 0.00017042797117]
    kurt: [12.860575676, 6.42903137207, -0.376103878021, 3.41385507584, 5.45803070068, 4.9682226181]
    max: [-0.357095122337, -0.854418158531, -0.916301131248, -0.888890445232, -0.892633795738, -0.897809922695]
    mean: [-0.406051158905, -0.941778898239, -0.945123016834, -0.930814623833, -0.920859456062, -0.9259557724]
    median: [-0.374547183514, -0.948266863823, -0.945939064026, -0.929530143738, -0.919893145561, -0.925420939922]
    min: [-0.98474162817, -0.962924838066, -0.977627038956, -0.964703977108, -0.962249755859, -0.963820695877]
    skew: [-3.65468335152, 2.20537686348, 0.11701939255, 0.0927291214466, -1.55087256432, -1.28774106503]
    var: [0.0139523874968, 0.00040190978325, 0.000173974738573, 0.000139770592796, 0.000117649615277, 0.000110336266516]

SpecPeakAmp:
    dmean: [6.56284682918e-05, 0.000422158715082, 0.000330000766553, 9.1369747679e-07, 7.65852576023e-07]
    dmean2: [0.000100127450423, 0.000822665228043, 0.00067469390342, 1.26474344597e-06, 1.07555979412e-06]
    dvar: [8.85289139774e-08, 8.08952620446e-07, 6.84969563736e-07, 7.19813618433e-12, 6.12601375877e-12]
    dvar2: [2.27345864801e-07, 1.72851321167e-06, 1.44086720866e-06, 1.73263538933e-11, 1.51955809047e-11]
    kurt: [40.0046005249, -1.45593559742, -0.886374950409, 24.0307044983, 29.391292572]
    max: [0.00143553956877, 0.00241445982829, 0.00241441233084, 1.3470781596e-05, 1.24838024931e-05]
    mean: [4.05549290008e-05, 0.0016233039787, 0.000644945830572, 1.27066277855e-06, 1.14266993023e-06]
    median: [8.5589608716e-06, 0.00241361372173, 9.43104453199e-07, 8.45814383865e-07, 8.07013748272e-07]
    min: [4.5088531806e-06, 6.65486311391e-07, 3.72686230321e-07, 3.48397975358e-07, 2.71040391908e-07]
    skew: [6.48036289215, -0.725437223911, 1.05527079105, 4.89962625504, 5.39127588272]
    var: [4.42361987041e-08, 1.25411179397e-06, 1.13821238301e-06, 4.3966943801e-12, 3.39469121216e-12]
