
metadata:
    version:
        essentia: "2.1-beta3"

Flux:
    dmean: 0.00277091027237
    dmean2: 0.00372789893299
    dvar: 8.35228929645e-05
    dvar2: 0.000165905003087
    kurt: 9.39443683624
    max: 0.0525931194425
    mean: 0.00355680380017
    median: 2.73243331321e-05
    min: 6.84920860294e-06
    skew: 3.27241230011
    var: 0.000135734138894

Rms:
    dmean: 0.00120911456179
    dmean2: 0.0008701957413
    dvar: 1.6166783098e-05
    dvar2: 7.10850645191e-06
    kurt: 21.0733509064
    max: 0.0385917201638
    mean: 0.0369650572538
    median: 0.0383550599217
    min: 0.0057553187944
    skew: -4.55078935623
    var: 3.04930890707e-05

RollOff:
    dmean: 13.2135562897
    dmean2: 13.0200767517
    dvar: 6959.73291016
    dvar2: 6580.77929688
    kurt: 39.9048728943
    max: 775.1953125
    mean: 207.197265625
    median: 193.798828125
    min: 193.798828125
    skew: 6.46887207031
    var: 7342.3828125

SpecCent:
    dmean: 29.7945747375
    dmean2: 26.1335220337
    dvar: 27140.1582031
    dvar2: 19950.2890625
    kurt: 38.4913101196
    max: 1443.02062988
    mean: 206.656982422
    median: 174.593933105
    min: 172.5365448
    skew: 6.3153629303
    var: 35379.0898438

Zcr:
    dmean: 0.000332919036737
    dmean2: 0.00036337209167
    dvar: 8.21164519493e-07
    dvar2: 5.3331490335e-07
    kurt: 16.6413459778
    max: 0.00830078125
    mean: 0.00759548600763
    median: 0.0078125
    min: 0.0009765625
    skew: -4.05770397186
    var: 1.56355508807e-06

HarmonicAmpFreq:
    dmean: [0.0830601751804]
    dmean2: [0.126945316792]
    dvar: [0.112482093275]
    dvar2: [0.293929576874]
    kurt: [28.8346233368]
    max: [175.912078857]
    mean: [174.134140015]
    median: [174.068649292]
    min: [174.067337036]
    skew: [5.3150100708]
    var: [0.0839287042618]

HarmonicAmpMag:
    dmean: [0.00212904531509]
    dmean2: [0.00160737230908]
    dvar: [6.28521011095e-05]
    dvar2: [4.39907016698e-05]
    kurt: [15.2188987732]
    max: [0.0540465563536]
    mean: [0.0514152012765]
    median: [0.0540371462703]
    min: [0]
    skew: [-4.01796531677]
    var: [0.000104914768599]

MfccCoeff:
    dmean: [13.1280603409, 5.50502634048, 1.67238271236, 1.32829415798, 1.16279780865, 0.954441249371, 0.717855632305, 0.517024099827, 0.35287129879, 0.553933739662, 0.8612870574, 1.14407813549, 1.40438520908]
    dmean2: [19.2604579926, 7.30267953873, 1.32975494862, 1.20357477665, 1.82685279846, 1.34914553165, 1.17531621456, 0.669903516769, 0.418477445841, 0.465113252401, 0.721241950989, 1.06059253216, 1.28968930244]
    dvar: [3314.5625, 508.69631958, 32.0526313782, 24.3825187683, 24.8257694244, 15.3027687073, 10.8320083618, 3.44665002823, 1.55534827709, 3.54937672615, 9.88628292084, 18.4147834778, 25.7707500458]
    dvar2: [8270.04785156, 1119.0012207, 23.6204929352, 18.9154109955, 41.3863716125, 23.642457962, 19.6747989655, 5.65723991394, 2.30379796028, 2.9562895298, 7.93109321594, 16.5617809296, 23.5370731354]
    kurt: [37.3069839478, 16.3915653229, 14.9491043091, 18.6763744354, 17.2111873627, 17.2058944702, 13.0080852509, 9.60054779053, 12.1828460693, 23.9608745575, 21.2425689697, 17.533700943, 15.6131134033]
    max: [-833.725585938, 143.844818115, 84.8881835938, 66.5079193115, 50.6559181213, 34.3797912598, 18.9301643372, 5.92903900146, -2.12881469727, -1.55572509766, -0.645946502686, 0.207672119141, 0.736618041992]
    mean: [-1085.74682617, 66.5087203979, 59.3560218811, 51.7901916504, 41.6746673584, 30.2402992249, 17.7700824738, 5.20305538177, -6.95519208908, -17.9730606079, -27.4252490997, -34.8299026489, -39.9664840698]
    median: [-1091.546875, 64.7212295532, 60.109287262, 52.7287750244, 43.0102882385, 31.518447876, 18.915348053, 5.91580963135, -6.7610168457, -18.4363632202, -28.5120601654, -36.5092582703, -42.0933189392]
    min: [-1128.04504395, 13.8527336121, 11.5731201172, 8.32347488403, 4.76985168457, 1.58110809326, -1.24583816528, -4.7410736084, -13.5013275146, -22.2899093628, -30.0475826263, -36.5150108337, -42.0966453552]
    skew: [6.14329099655, 2.30375599861, -2.8433432579, -3.90107369423, -4.269282341, -4.29661560059, -3.80188655853, -3.33053326607, -2.03554058075, 4.76614761353, 4.62241125107, 4.24118471146, 4.01615381241]
    var: [1491.9720459, 225.781082153, 87.5345840454, 63.5275382996, 55.0713043213, 32.4935760498, 18.8675880432, 5.87127542496, 2.02087783813, 7.94465446472, 22.6982250214, 43.5747108459, 62.7349395752]

SpecContrastCoeff:
    dmean: [0.0334573611617, 0.0119409374893, 0.00845626089722, 0.0108105977997, 0.00995968375355, 0.00966430269182]
    dmean2: [0.0244521144778, 0.0167035087943, 0.013284468092, 0.0182202663273, 0.0137892281637, 0.0108227618039]
    dvar: [0.00754003226757, 0.000405933416914, 8.59995707287e-05, 0.000238730353885, 0.000120922319184, 7.06680511939e-05]
    dvar2: [0.00423152977601, 0.00092946382938, 0.000207386605325, 0.000593887176365, 0.000256060971878, 0.000154949040734]
    kurt: [18.3316173553, 9.64762687683, 1.16113090515, 3.5030632019, 1.06684541702, -0.612926006317]
    max: [-0.16545791924, -0.831838667393, -0.923713743687, -0.912279069424, -0.91790163517, -0.920753002167]
    mean: [-0.225913986564, -0.947136878967, -0.959887444973, -0.96011197567, -0.955391526222, -0.947043716908]
    median: [-0.190534085035, -0.957589745522, -0.965954780579, -0.965971648693, -0.962435007095, -0.952095925808]
    min: [-0.997271716595, -0.964505970478, -0.968895077705, -0.969691812992, -0.96533960104, -0.961008608341]
    skew: [-4.22686719894, 3.15039730072, 1.51674902439, 2.14454340935, 1.51664102077, 0.897327363491]
    var: [0.0199290942401, 0.000718915718608, 0.000132343920995, 0.00020940968534, 0.000167252524989, 0.000165793127962]

SpecPeakAmp:
    dmean: [0.00347051746212, 0.00246822438203, 2.89449217235e-05, 2.65675589617e-05, 2.25747589866e-05]
    dmean2: [0.00549258757383, 0.00500069092959, 3.91540088458e-05, 3.78833756258e-05, 3.26510744344e-05]
    dvar: [0.000127734892885, 0.000125222475617, 1.06104280917e-08, 9.85825110433e-09, 7.5532105015e-09]
    dvar2: [0.000337982666679, 0.000243577873334, 2.65721773474e-08, 2.5083192412e-08, 1.93196818543e-08]
    kurt: [20.6277599335, 6.348487854, 30.7627334595, 36.2741584778, 37.5048942566]
    max: [0.0530156679451, 0.0540465563536, 0.000503839110024, 0.000490013626404, 0.000428073952207]
    mean: [0.00220673508011, 0.0492593087256, 2.97568785754e-05, 2.6062481993e-05, 2.17729302676e-05]
    median: [2.74934918707e-05, 0.0540371462703, 1.50570613187e-05, 1.23390591398e-05, 1.13705564218e-05]
    min: [9.90074931906e-06, 1.56176320161e-05, 7.17749162504e-06, 6.78327614878e-06, 5.82843404118e-06]
    skew: [4.56252288818, -2.88932871819, 5.54903841019, 6.08189439774, 6.20842218399]
    var: [8.30592034617e-05, 0.000234042381635, 5.80260417493e-09, 5.12319298096e-09, 3.86752363468e-09]
