
metadata:
    version:
        essentia: "2.1-beta3"

Flux:
    dmean: 0.0247795861214
    dmean2: 0.0339158587158
    dvar: 0.00679765315726
    dvar2: 0.0133441314101
    kurt: 9.08653450012
    max: 0.480748742819
    mean: 0.0327670238912
    median: 0.000248354655923
    min: 3.11613912345e-05
    skew: 3.23120975494
    var: 0.0114306658506

Rms:
    dmean: 0.0112265441567
    dmean2: 0.00813368055969
    dvar: 0.00143147888593
    dvar2: 0.000643260718789
    kurt: 21.9542102814
    max: 0.355619937181
    mean: 0.340538591146
    median: 0.353220790625
    min: 0.0458968840539
    skew: -4.63583135605
    var: 0.0026555985678

RollOff:
    dmean: 22.0225944519
    dmean2: 22.5347480774
    dvar: 20854.7695312
    dvar2: 21328.2246094
    kurt: 40.0227241516
    max: 1162.79296875
    mean: 215.33203125
    median: 193.798828125
    min: 193.798828125
    skew: 6.48249387741
    var: 20401.8691406

SpecCent:
    dmean: 18.4626312256
    dmean2: 17.0896568298
    dvar: 11211.7197266
    dvar2: 9472.23535156
    kurt: 39.4376068115
    max: 947.806884766
    mean: 193.220657349
    median: 174.855773926
    min: 172.534164429
    skew: 6.41661548615
    var: 13029.9365234

Zcr:
    dmean: 0.000355113646947
    dmean2: 0.000386082858313
    dvar: 8.81754544935e-07
    dvar2: 6.82633185534e-07
    kurt: 18.0653247833
    max: 0.00830078125
    mean: 0.00758463563398
    median: 0.0078125
    min: 0.00048828125
    skew: -4.19367027283
    var: 1.70177895598e-06

HarmonicAmpFreq:
    dmean: [0.0379510372877]
    dmean2: [0.0492656603456]
    dvar: [0.0246813520789]
    dvar2: [0.0466260462999]
    kurt: [18.6714038849]
    max: [174.631881714]
    mean: [174.069091797]
    median: [174.068756104]
    min: [173.665420532]
    skew: [1.92570853233]
    var: [0.0114580402151]

HarmonicAmpMag:
    dmean: [0.0194564182311]
    dmean2: [0.0145473815501]
    dvar: [0.00522422697395]
    dvar2: [0.00366791919805]
    kurt: [15.2347106934]
    max: [0.498031288385]
    mean: [0.473848521709]
    median: [0.49793612957]
    min: [0]
    skew: [-4.01467561722]
    var: [0.00884224567562]

MfccCoeff:
    dmean: [25.945274353, 9.35444259644, 4.78718900681, 7.82567882538, 7.54540586472, 5.46624469757, 3.49954891205, 2.33158016205, 2.0252058506, 2.4443025589, 2.40124559402, 2.49958491325, 2.69577121735]
    dmean2: [34.2310028076, 9.17172908783, 6.20115995407, 6.2851691246, 6.46406364441, 4.83667325974, 3.83884191513, 2.81619477272, 2.3226377964, 2.79148483276, 2.7749915123, 2.84344029427, 3.0285885334]
    dvar: [7198.046875, 201.346725464, 75.3679275513, 73.3473205566, 49.7102546692, 32.6227073669, 16.9078998566, 4.34058666229, 1.76352155209, 5.95684814453, 17.3855171204, 28.127779007, 34.162612915]
    dvar2: [18765.4921875, 398.88671875, 127.336418152, 88.5881195068, 61.8127403259, 31.8319149017, 17.2480392456, 4.6698050499, 4.0947675705, 10.3322486877, 15.9086208344, 23.900188446, 34.4650039673]
    kurt: [33.129863739, 8.80514812469, 15.2545681, 8.34895515442, 3.29086732864, 5.21111392975, 8.97571182251, 4.7486615181, -0.10041642189, 10.1588430405, 17.8163547516, 16.5462989807, 13.1551055908]
    max: [-643.485168457, 205.946563721, 123.356994629, 83.8708343506, 66.3387298584, 47.0366516113, 27.5862808228, 9.23845100403, -5.09658813477, -0.888153076172, 5.69051742554, 7.44543457031, 3.32553863525]
    mean: [-1034.56494141, 123.911155701, 96.2871551514, 70.2901000977, 49.2638511658, 33.1175880432, 18.9073219299, 4.98985052109, -8.44867324829, -20.0280132294, -29.6623401642, -37.5173225403, -43.4095878601]
    median: [-1042.67175293, 125.422096252, 98.5123291016, 71.414352417, 47.7322120667, 31.4302825928, 19.3449440002, 6.37996673584, -7.50218200684, -20.7041854858, -31.159078598, -39.3106498718, -45.7169151306]
    min: [-1060.83276367, 90.5751724243, 30.2579689026, 2.63905715942, -2.12084960938, -8.56552886963, -12.3946990967, -10.0234603882, -15.1452636719, -25.4814682007, -33.6698226929, -42.2989311218, -48.8462333679]
    skew: [5.72711896896, 2.31318068504, -3.66426920891, -2.33940720558, -1.22474193573, -1.46207988262, -2.36472582817, -1.84965324402, -0.933454751968, 2.86927080154, 4.17191791534, 4.07375717163, 3.69880414009]
    var: [3798.83496094, 307.872314453, 174.957015991, 209.040054321, 173.389450073, 96.5568237305, 44.1951217651, 12.8559789658, 6.031498909, 16.674949646, 42.9296531677, 72.9874038696, 91.3390426636]

SpecContrastCoeff:
    dmean: [0.0344018526375, 0.0142146172002, 0.0067777428776, 0.00589341856539, 0.00471204379573, 0.00764504354447]
    dmean2: [0.0248607639223, 0.022647863254, 0.00912386737764, 0.00860205106437, 0.00674970913678, 0.0125546492636]
    dvar: [0.0103716133162, 0.0014271402033, 0.000128632294945, 0.000162396478117, 0.000123586869449, 0.000157511240104]
    dvar2: [0.00559850363061, 0.00324981496669, 0.000188910213183, 0.000361817685189, 0.000261255627265, 0.000387181295082]
    kurt: [19.859249115, 9.69227695465, 13.1027545929, 14.0130004883, 16.4671077728, 7.08014202118]
    max: [-0.0236756708473, -0.782699227333, -0.871130049229, -0.889838755131, -0.894282102585, -0.898659825325]
    mean: [-0.0846231877804, -0.938961386681, -0.954266130924, -0.958951413631, -0.957980155945, -0.953034877777]
    median: [-0.0479138940573, -0.951543688774, -0.961577773094, -0.963502347469, -0.960988104343, -0.958736598492]
    min: [-0.957843601704, -0.974239051342, -0.962029755116, -0.964423120022, -0.963284313679, -0.960880696774]
    skew: [-4.42398405075, 3.32990717888, 3.3716905117, 3.73960900307, 4.06536054611, 2.71138858795]
    var: [0.0245859250426, 0.00145234435331, 0.000263323774561, 0.00019149549189, 0.000147669517901, 0.000172181447851]

SpecPeakAmp:
    dmean: [0.0799074620008, 0.0710973441601, 0.000294422730803, 0.000248138298048, 0.000226241900236]
    dmean2: [0.14586417377, 0.141830295324, 0.000413295056205, 0.000367989734514, 0.000340145488735]
    dvar: [0.0303072053939, 0.029060376808, 1.00598560948e-06, 8.76418368989e-07, 7.83837094787e-07]
    dvar2: [0.0842085704207, 0.0754207000136, 2.48767105404e-06, 2.22373023462e-06, 2.0066563593e-06]
    kurt: [7.83688831329, 2.95657444, 27.4186210632, 34.611907959, 37.2995185852]
    max: [0.497860580683, 0.498031288385, 0.00478164572269, 0.00453226082027, 0.00429558753967]
    mean: [0.0394927710295, 0.434834957123, 0.000282342225546, 0.000194042033399, 0.00016226049047]
    median: [0.000220902831643, 0.49793612957, 0.000139610550832, 6.40492362436e-05, 5.17094558745e-05]
    min: [1.6779444195e-05, 0.000133653025841, 6.82155878167e-05, 4.10843786085e-05, 2.33238606597e-05]
    skew: [3.09295988083, -2.20988702774, 5.25358963013, 5.9246172905, 6.19083213806]
    var: [0.0164762623608, 0.0262593403459, 5.56434258669e-07, 4.58246717017e-07, 4.01311638143e-07]
