
metadata:
    version:
        essentia: "2.1-beta3"

Flux:
    dmean: 0.0193258821964
    dmean2: 0
    dvar: 0
    dvar2: 0
    kurt: -2
    max: 0.279220730066
    mean: 0.269557774067
    median: 0.269557774067
    min: 0.25989484787
    skew: 4.63062360723e-06
    var: 9.33724368224e-05

Rms:
    dmean: 0
    dmean2: 0
    dvar: 0
    dvar2: 0
    kurt: 0
    max: 0.0967095866799
    mean: 0.0967095866799
    median: 0.0967095866799
    min: 0.0967095866799
    skew: 0
    var: 0

RollOff:
    dmean: 21.533203125
    dmean2: 0
    dvar: 0
    dvar2: 0
    kurt: -2
    max: 322.998046875
    mean: 312.231445312
    median: 312.231445312
    min: 301.46484375
    skew: 0
    var: 115.919708252

SpecCent:
    dmean: 452.201782227
    dmean2: 0
    dvar: 0
    dvar2: 0
    kurt: -2
    max: 695.705688477
    mean: 469.604797363
    median: 469.604797363
    min: 243.503890991
    skew: -1.29773013668e-07
    var: 51121.6171875

Zcr:
    dmean: 0.00048828125
    dmean2: 0
    dvar: 0
    dvar2: 0
    kurt: -2
    max: 0.00390625
    mean: 0.003662109375
    median: 0.003662109375
    min: 0.00341796875
    skew: 0
    var: 5.96046447754e-08

HarmonicAmpFreq:
    dmean: [22.6763916016]
    dmean2: [0]
    dvar: [0]
    dvar2: [0]
    kurt: [-2]
    max: [267.532958984]
    mean: [256.194763184]
    median: [256.194763184]
    min: [244.856567383]
    skew: [0]
    var: [128.5546875]

HarmonicAmpMag:
    dmean: [0.100874647498]
    dmean2: [0]
    dvar: [0]
    dvar2: [0]
    kurt: [-1.99999988079]
    max: [0.110264822841]
    mean: [0.0598274990916]
    median: [0.0598274990916]
    min: [0.00939017906785]
    skew: [1.13413328506e-07]
    var: [0.00254392344505]

MfccCoeff:
    dmean: [405.516967773, 5.79438781738, 53.2419052124, 3.09362220764, 8.60927009583, 19.8470611572, 22.5890979767, 25.4468402863, 18.8390350342, 12.6084709167, 6.2355670929, 2.44744873047, 1.80252456665]
    dmean2: [0, 0, 0, 0, 0, 0, 0, 0, 0, 0, 0, 0, 0]
    dvar: [0, 0, 0, 0, 0, 0, 0, 0, 0, 0, 0, 0, 0]
    dvar2: [0, 0, 0, 0, 0, 0, 0, 0, 0, 0, 0, 0, 0]
    kurt: [-2, -1.99999988079, -1.99999988079, -2, -2, -2, -1.99999988079, -1.99999988079, -2, -1.99999988079, -2, -2, -2]
    max: [-607.490478516, 148.159484863, 84.3282470703, 28.6783943176, 7.16804695129, 2.99311065674, -5.40236473083, -7.66995811462, -11.5077610016, -11.5980796814, -12.3389167786, -10.6547698975, -7.6742515564]
    mean: [-810.248962402, 145.262298584, 57.7072944641, 27.1315841675, 2.86341190338, -6.93041992188, -16.6969146729, -20.3933792114, -20.9272785187, -17.9023151398, -15.456700325, -11.8784942627, -8.57551383972]
    median: [-810.248962402, 145.262298584, 57.7072944641, 27.1315841675, 2.86341190338, -6.93041992188, -16.6969146729, -20.3933792114, -20.9272785187, -17.9023151398, -15.456700325, -11.8784942627, -8.57551383972]
    min: [-1013.00744629, 142.365097046, 31.0863437653, 25.58477211, -1.44122314453, -16.8539505005, -27.9914627075, -33.1167984009, -30.3467960358, -24.2065505981, -18.5744838715, -13.1022186279, -9.47677612305]
    skew: [0, -7.92170794739e-06, 1.55292539716e-07, -1.83600172932e-06, 0, 0, 2.11808512063e-07, 2.37060135078e-07, 0, 0, 0, 0, 0]
    var: [41111.0039062, 8.39373207092, 708.675048828, 2.39262461662, 18.529882431, 98.4764556885, 127.566833496, 161.885406494, 88.7273101807, 39.7433853149, 9.72057437897, 1.49750137329, 0.812273681164]

SpecContrastCoeff:
    dmean: [0.00423514842987, 0.121573150158, 0.0466665029526, 0.0124799609184, 0.0249516963959, 0.0232112407684]
    dmean2: [0, 0, 0, 0, 0, 0]
    dvar: [0, 0, 0, 0, 0, 0]
    dvar2: [0, 0, 0, 0, 0, 0]
    kurt: [-2, -2, -2, -2, -2, -1.99999988079]
    max: [-0.591209113598, -0.646268308163, -0.876327395439, -0.933213353157, -0.932414889336, -0.937278270721]
    mean: [-0.593326687813, -0.707054853439, -0.899660646915, -0.939453363419, -0.944890737534, -0.948883891106]
    median: [-0.593326687813, -0.707054853439, -0.899660646915, -0.939453363419, -0.944890737534, -0.948883891106]
    min: [-0.595444262028, -0.767841458321, -0.922993898392, -0.945693314075, -0.957366585732, -0.96048951149]
    skew: [0, -1.45773856275e-06, 0, 1.43296829265e-05, 0, 0]
    var: [4.48412038168e-06, 0.00369500787929, 0.000544440641534, 3.89373562939e-05, 0.000155646790517, 0.000134690417326]
