
metadata:
    version:
        essentia: "2.1-beta3"

Flux:
    dmean: 4.93304514748e-06
    dmean2: 7.14909492672e-06
    dvar: 3.2019378815e-10
    dvar2: 6.99880930988e-10
    kurt: 14.3889522552
    max: 9.6161813417e-05
    mean: 6.29563737675e-06
    median: 1.70178714143e-06
    min: 6.71657232942e-07
    skew: 3.90226984024
    var: 3.24850257805e-10

Rms:
    dmean: 1.53550047344e-06
    dmean2: 1.49006257288e-06
    dvar: 2.47050036678e-11
    dvar2: 1.88914439647e-11
    kurt: 19.9417266846
    max: 7.7752971265e-05
    mean: 7.59013491916e-05
    median: 7.71971972426e-05
    min: 4.45415425929e-05
    skew: -4.52827119827
    var: 3.30112742697e-11

RollOff:
    dmean: 0.500772178173
    dmean2: 0.5126953125
    dvar: 10.5324554443
    dvar2: 10.7771167755
    kurt: 39.023349762
    max: 387.59765625
    mean: 366.553833008
    median: 366.064453125
    min: 366.064453125
    skew: 6.40495061874
    var: 10.2986516953

SpecCent:
    dmean: 5.59854078293
    dmean2: 6.46130657196
    dvar: 46.4439201355
    dvar2: 55.4809761047
    kurt: 10.1315879822
    max: 713.272033691
    mean: 677.678649902
    median: 676.672119141
    min: 669.833007812
    skew: 3.07252049446
    var: 74.0137557983

Zcr:
    dmean: 0.000556413491722
    dmean2: 0.000720796117093
    dvar: 2.30191881201e-06
    dvar2: 1.91005256056e-06
    kurt: 16.8425960541
    max: 0.01611328125
    mean: 0.0154696376994
    median: 0.015625
    min: 0.00732421875
    skew: -4.25483512878
    var: 2.70683790404e-06

HarmonicAmpFreq:
    dmean: [0.147567391396]
    dmean2: [0.270585566759]
    dvar: [0.133684873581]
    dvar2: [0.363232761621]
    kurt: [9.93866252899]
    max: [349.472625732]
    mean: [348.352935791]
    median: [348.271484375]
    min: [348.258666992]
    skew: [3.39066433907]
    var: [0.0795509144664]

HarmonicAmpMag:
    dmean: [1.2867906662e-05]
    dmean2: [2.33575119637e-05]
    dvar: [1.08310793667e-09]
    dvar2: [2.90611068543e-09]
    kurt: [9.03517913818]
    max: [0.000107012841909]
    mean: [9.92378263618e-05]
    median: [0.000106940060505]
    min: [0]
    skew: [-3.24228239059]
    var: [6.47404907461e-10]

MfccCoeff:
    dmean: [0.0725381523371, 0.0931566804647, 0.0666198730469, 0.027842676267, 0.0160462129861, 0.0569887384772, 0.0874630212784, 0.101866967976, 0.0975552946329, 0.0753246545792, 0.0392539463937, 0.00402743322775, 0.0465703569353]
    dmean2: [0.0751924067736, 0.0965772345662, 0.0690678209066, 0.0288659967482, 0.0166342593729, 0.0590794868767, 0.0906739011407, 0.105606257915, 0.101135075092, 0.0780895799398, 0.040693372488, 0.00417509535328, 0.0482804439962]
    dvar: [0.117303490639, 0.193500742316, 0.0989571064711, 0.0172874201089, 0.0057415952906, 0.0724175274372, 0.170567393303, 0.231377884746, 0.212215140462, 0.126513570547, 0.0343593135476, 0.000361621670891, 0.0483564957976]
    dvar2: [0.118522927165, 0.195517539978, 0.0999881774187, 0.0174678899348, 0.00580115523189, 0.0731715038419, 0.172344148159, 0.233788967133, 0.214426994324, 0.127832815051, 0.0347172357142, 0.000365376472473, 0.0488601475954]
    kurt: [26.6265048981, 26.6276664734, 26.6274929047, 26.6280021667, 26.6280212402, 26.6274700165, 26.6273860931, 26.6274261475, 26.6273365021, 26.6275138855, 26.6273803711, 26.628993988, 26.6274318695]
    max: [-1136.31848145, 2.69910812378, 1.93014526367, 0.806812286377, -6.103515625e-05, 2.28881835938e-05, -2.67028808594e-05, -5.34057617188e-05, -4.57763671875e-05, -2.28881835938e-05, -2.67028808594e-05, 0.116653442383, 1.34925079346]
    mean: [-1136.38977051, 2.60756278038, 1.86467540264, 0.779462993145, -0.44923260808, -1.59517467022, -2.4481856823, -2.85141634941, -2.73078370094, -2.10845470428, -1.09881472588, 0.112697772682, 1.30348849297]
    median: [-1136.32019043, 2.69695663452, 1.92858886719, 0.806186676025, -0.464637756348, -1.64985656738, -2.53210830688, -2.94915771484, -2.82438659668, -2.18072891235, -1.13648223877, 0.116561889648, 1.34817123413]
    min: [-1138.42004395, 1.14440917969e-05, -6.103515625e-05, 8.01086425781e-05, -0.464996337891, -1.65117645264, -2.53413009644, -2.95151519775, -2.82664489746, -2.182472229, -1.13738632202, -3.0517578125e-05, -3.81469726562e-05]
    skew: [-5.19317102432, -5.19329881668, -5.19327783585, -5.19332456589, 5.19332551956, 5.19327640533, 5.19327116013, 5.19327306747, 5.19326353073, 5.19327974319, 5.19326782227, -5.19341421127, -5.19327163696]
    var: [0.11624725163, 0.191747412086, 0.0980618447065, 0.0171301905066, 0.00568964006379, 0.0717619806528, 0.169022932649, 0.229282483459, 0.210293903947, 0.125367254019, 0.0340481996536, 0.000358357850928, 0.0479187592864]

SpecContrastCoeff:
    dmean: [0.0238774437457, 0.0241028144956, 0.0109361978248, 0.0189473666251, 0.0124424332753, 0.0133680533618]
    dmean2: [0.0301043931395, 0.0370655246079, 0.0164517778903, 0.0341866761446, 0.0200357940048, 0.0217837970704]
    dvar: [0.00125339452643, 0.00193893769756, 0.000188692691154, 0.000307299837004, 0.000316994439345, 0.000176999659743]
    dvar2: [0.0011057209922, 0.00211357139051, 0.000235045619775, 0.00056796084391, 0.000423443649197, 0.000260314322077]
    kurt: [13.32188797, 17.7735900879, 11.0584306717, 5.94096279144, 13.4326324463, 8.29273033142]
    max: [-0.675285637379, -0.519898295403, -0.855237901211, -0.872258424759, -0.825526535511, -0.847025871277]
    mean: [-0.722882986069, -0.558518409729, -0.881060540676, -0.895937025547, -0.847010195255, -0.874726057053]
    median: [-0.717516481876, -0.551230490208, -0.879188537598, -0.893307566643, -0.845499277115, -0.873632073402]
    min: [-0.929301917553, -0.811885356903, -0.958598077297, -0.970920324326, -0.941157281399, -0.94780176878]
    skew: [-3.59346246719, -4.19716787338, -3.14527726173, -2.03798079491, -3.48427033424, -2.44491839409]
    var: [0.00190742919222, 0.00230347644538, 0.000294396450045, 0.000345278647728, 0.000370377121726, 0.000295261212159]

SpecPeakAmp:
    dmean: [1.76203997171e-07, 1.55896020715e-06, 9.93203957478e-06, 4.5325505198e-05, 4.47391248599e-05]
    dmean2: [1.72418964439e-07, 1.64583457263e-06, 1.77876863745e-05, 8.9614011813e-05, 9.15174678084e-05]
    dvar: [1.7978786591e-13, 8.82896741827e-11, 9.36800526041e-10, 2.72727240791e-09, 2.76205214256e-09]
    dvar2: [1.73175791198e-13, 8.96583571275e-11, 2.60632782023e-09, 3.64191188318e-09, 4.0996397388e-09]
    kurt: [15.484954834, 38.997177124, 17.0417556763, -1.97522544861, -1.54942142963]
    max: [8.57643226482e-06, 6.27266854281e-05, 0.000106938605313, 0.000106996609247, 0.000107012841909]
    mean: [8.28294196253e-06, 1.6393128135e-06, 5.09662322656e-06, 5.66597773286e-05, 3.66818239854e-05]
    median: [8.37864536152e-06, 2.23653842113e-07, 2.21392014055e-07, 0.000106884152046, 3.30165164542e-07]
    min: [6.05087279837e-06, 5.71921070502e-08, 6.91640238415e-08, 1.08268430665e-07, 9.34201054292e-08]
    skew: [-4.04454374313, 6.40183830261, 4.36261892319, -0.105898462236, 0.671203732491]
    var: [2.19273072464e-13, 8.6809934241e-11, 4.84870921191e-10, 2.78659362252e-09, 2.5532449488e-09]
