
metadata:
    version:
        essentia: "2.1-beta3"

Flux:
    dmean: 0.000124233250972
    dmean2: 0.000166452504345
    dvar: 1.67058018974e-07
    dvar2: 3.31910513296e-07
    kurt: 9.46151161194
    max: 0.00235721468925
    mean: 0.000163062926731
    median: 6.06790263191e-06
    min: 3.79109746973e-06
    skew: 3.28070807457
    var: 2.70213348585e-07

Rms:
    dmean: 5.41332738067e-05
    dmean2: 4.20910655521e-05
    dvar: 2.98019475764e-08
    dvar2: 1.29010739869e-08
    kurt: 20.8888874054
    max: 0.00172167096753
    mean: 0.0016524689272
    median: 0.00171223306097
    min: 0.00030388016603
    skew: -4.53265523911
    var: 5.72067406779e-08

RollOff:
    dmean: 3.91512775421
    dmean2: 4.00617742538
    dvar: 659.113708496
    dvar2: 674.077148438
    kurt: 40.022731781
    max: 538.330078125
    mean: 369.892578125
    median: 366.064453125
    min: 366.064453125
    skew: 6.48249340057
    var: 644.799804688

SpecCent:
    dmean: 7.80983781815
    dmean2: 8.02609634399
    dvar: 952.828735352
    dvar2: 789.713012695
    kurt: 38.8981819153
    max: 581.122497559
    mean: 355.669921875
    median: 350.249420166
    min: 346.805084229
    skew: 6.35395097733
    var: 1170.63000488

Zcr:
    dmean: 0.000732421875
    dmean2: 0.000794876425061
    dvar: 3.75509262085e-06
    dvar2: 2.46206832344e-06
    kurt: 17.8199424744
    max: 0.01611328125
    mean: 0.0151909720153
    median: 0.015625
    min: 0.0009765625
    skew: -4.21703386307
    var: 6.93238871463e-06

HarmonicAmpFreq:
    dmean: [0.350640028715]
    dmean2: [0.672293007374]
    dvar: [0.209343016148]
    dvar2: [0.545861780643]
    kurt: [-0.477656602859]
    max: [349.240631104]
    mean: [348.500610352]
    median: [348.270629883]
    min: [348.209594727]
    skew: [1.2177785635]
    var: [0.16612136364]

HarmonicAmpMag:
    dmean: [0.000853794801515]
    dmean2: [0.00162644719239]
    dvar: [1.21716561807e-06]
    dvar2: [3.39369103131e-06]
    kurt: [-0.593260526657]
    max: [0.0023883159738]
    mean: [0.00179494800977]
    median: [0.00238764844835]
    min: [0]
    skew: [-1.15799450874]
    var: [1.00607337572e-06]

MfccCoeff:
    dmean: [1.67070698738, 2.17340636253, 1.65756380558, 0.954005181789, 0.300527065992, 0.532609403133, 0.820838153362, 0.950289785862, 0.904382646084, 0.701285123825, 0.389455497265, 0.0700170323253, 0.303520560265]
    dmean2: [2.18475198746, 2.84785032272, 2.19280195236, 1.31101214886, 0.500523746014, 0.438829630613, 0.748659968376, 0.845273196697, 0.751860320568, 0.529368579388, 0.254127711058, 0.113503567874, 0.220744639635]
    dvar: [55.5709571838, 93.9223175049, 54.333152771, 17.7868289948, 1.79993486404, 5.00070858002, 14.2979211807, 18.2566547394, 14.6976461411, 7.79763364792, 2.18741297722, 0.0884583070874, 1.3965088129]
    dvar2: [108.057563782, 183.536331177, 108.65436554, 38.7250900269, 4.67339754105, 2.79611992836, 10.6666784286, 12.6776828766, 8.45428752899, 3.74834346771, 1.18494665623, 0.227444663644, 0.657850086689]
    kurt: [18.3329524994, 18.2177257538, 17.8685684204, 20.5436553955, 22.9393119812, 30.1319389343, 32.7227592468, 32.1384620667, 30.3268699646, 27.432384491, 23.2550735474, 22.0863571167, 26.5171966553]
    max: [-1092.59436035, 59.4746780396, 44.8538551331, 24.6329689026, 3.6450958252, 2.28881835938e-05, -2.67028808594e-05, -5.34057617188e-05, -4.57763671875e-05, -2.28881835938e-05, -2.67028808594e-05, 0.81770324707, 10.444442749]
    mean: [-1113.24890137, 32.3727149963, 23.3360462189, 10.264960289, -4.30197000504, -17.5950717926, -27.1825733185, -31.4469776154, -29.8749103546, -23.1037769318, -12.7290849686, -0.926543533802, 10.0202455521]
    median: [-1112.9765625, 32.7104301453, 23.5335998535, 10.2380256653, -4.61552429199, -18.2155685425, -28.0704421997, -32.4959182739, -30.9241428375, -23.9692611694, -13.2477931976, -0.999206542969, 10.4007415771]
    min: [-1138.42004395, 1.14440917969e-05, -6.103515625e-05, 8.01086425781e-05, -4.6369934082, -18.252204895, -28.1122360229, -32.5314559937, -30.9434452057, -23.9698410034, -13.2483577728, -1.00024414062, -3.81469726562e-05]
    skew: [-1.35230088234, -1.22485148907, -0.594054758549, 2.17094874382, 4.82878780365, 5.44526147842, 5.71944236755, 5.65591239929, 5.46560144424, 5.17790746689, 4.78600311279, 4.71249628067, -5.09387683868]
    var: [24.7016906738, 41.4976387024, 23.3663921356, 7.1258764267, 1.92653167248, 8.04582595825, 18.4722957611, 24.9311084747, 23.1247615814, 14.5267505646, 4.81769609451, 0.0941571891308, 2.78181791306]

SpecContrastCoeff:
    dmean: [0.0263508148491, 0.0283185411245, 0.0126925101504, 0.0122870029882, 0.00787961203605, 0.0043260618113]
    dmean2: [0.0358548425138, 0.0270249824971, 0.0213016327471, 0.0173890180886, 0.0126404734328, 0.00665599107742]
    dvar: [0.000386880972655, 0.00348467729054, 0.000117734001833, 6.8216904765e-05, 4.83362782688e-05, 2.95012432616e-05]
    dvar2: [0.000742026080843, 0.00194386742078, 0.000317409343552, 0.000175124019734, 0.000114611459139, 3.81852005376e-05]
    kurt: [6.64215183258, 18.1044712067, 1.56493663788, -0.577976703644, 3.11444234848, 8.11702156067]
    max: [-0.807809472084, -0.38838866353, -0.912005066872, -0.916710793972, -0.90814936161, -0.910291194916]
    mean: [-0.856491625309, -0.436898052692, -0.950619697571, -0.940259099007, -0.929125487804, -0.924759447575]
    median: [-0.860100805759, -0.416815340519, -0.953262090683, -0.943164229393, -0.927434027195, -0.923702538013]
    min: [-0.994328260422, -0.968935549259, -0.968085825443, -0.965056777, -0.963719546795, -0.964222729206]
    skew: [-1.8029512167, -4.22905349731, 1.17047214508, 0.0821359977126, -1.43641555309, -2.69293212891]
    var: [0.000963957514614, 0.00964192021638, 0.00014750820992, 0.000121292629046, 0.00011541814456, 9.88263709587e-05]

SpecPeakAmp:
    dmean: [4.94590676681e-06, 6.28304260317e-05, 0.000110228982521, 0.000960551609751, 0.00119391072076]
    dmean2: [7.05110142007e-06, 9.61752666626e-05, 0.00022416691354, 0.00192577578127, 0.00244173430838]
    dvar: [3.80904030539e-10, 8.10426357134e-08, 2.46805143433e-07, 1.33880121211e-06, 1.42081580634e-06]
    dvar2: [9.74743508131e-10, 2.08167918458e-07, 7.44547719478e-07, 2.89223976324e-06, 3.04114723804e-06]
    kurt: [39.1543312073, 40.0172462463, 40.0092506409, -1.15049111843, -1.90078604221]
    max: [0.000100267141534, 0.00136813777499, 0.00238822959363, 0.00238826242276, 0.0023883159738]
    mean: [1.03615166154e-05, 3.19307328027e-05, 5.53964055143e-05, 0.000704490463249, 0.00100981071591]
    median: [8.52754055813e-06, 1.3556086742e-06, 1.50529967868e-06, 1.70601981608e-06, 1.72332738657e-06]
    min: [2.79369669443e-06, 3.71032911062e-07, 2.091515654e-07, 1.46168531501e-07, 1.13363647358e-07]
    skew: [6.37786960602, 6.48184776306, 6.48090791702, 0.910452544689, 0.314912557602]
    var: [1.85593845847e-10, 4.05809785775e-08, 1.2370372815e-07, 1.15570151138e-06, 1.38786742809e-06]
