
metadata:
    version:
        essentia: "2.1-beta3"

Flux:
    dmean: 0.00281585683115
    dmean2: 0.00368410139345
    dvar: 8.37383195176e-05
    dvar2: 0.00016344562755
    kurt: 9.69606018066
    max: 0.0536273829639
    mean: 0.00359272863716
    median: 7.30763058527e-05
    min: 1.14933727673e-05
    skew: 3.30751991272
    var: 0.000136576069053

Rms:
    dmean: 0.00121929496527
    dmean2: 0.00097189511871
    dvar: 1.50526702782e-05
    dvar2: 6.80494576955e-06
    kurt: 20.7373523712
    max: 0.0385386571288
    mean: 0.0370041914284
    median: 0.0383182987571
    min: 0.00719468714669
    skew: -4.52351617813
    var: 2.81157590507e-05

RollOff:
    dmean: 9.78781986237
    dmean2: 9.51467132568
    dvar: 3719.01098633
    dvar2: 3414.02026367
    kurt: 39.8081665039
    max: 796.728515625
    mean: 376.11328125
    median: 366.064453125
    min: 366.064453125
    skew: 6.45789813995
    var: 4030.91455078

SpecCent:
    dmean: 20.8591022491
    dmean2: 19.8317241669
    dvar: 11166.4873047
    dvar2: 8597.94335938
    kurt: 38.8588943481
    max: 1149.88525391
    mean: 369.139282227
    median: 349.291503906
    min: 345.892578125
    skew: 6.35388183594
    var: 14045.5927734

Zcr:
    dmean: 0.000721324584447
    dmean2: 0.000749454949982
    dvar: 3.57073577106e-06
    dvar2: 2.15518048208e-06
    kurt: 17.2412185669
    max: 0.01611328125
    mean: 0.01513671875
    median: 0.015625
    min: 0.00048828125
    skew: -4.15808153152
    var: 7.49164155422e-06

HarmonicAmpFreq:
    dmean: [0.0447387695312]
    dmean2: [0.0699512585998]
    dvar: [0.0327488481998]
    dvar2: [0.0617336630821]
    kurt: [12.0243196487]
    max: [349.352844238]
    mean: [348.331390381]
    median: [348.269592285]
    min: [348.266021729]
    skew: [3.67886161804]
    var: [0.053047221154]

HarmonicAmpMag:
    dmean: [0.0021068258211]
    dmean2: [0.00162354565691]
    dvar: [6.18963458692e-05]
    dvar2: [4.27063641837e-05]
    kurt: [15.5860767365]
    max: [0.0534627214074]
    mean: [0.0508904196322]
    median: [0.0534521788359]
    min: [0]
    skew: [-4.05995512009]
    var: [0.000101423276647]

MfccCoeff:
    dmean: [13.0614814758, 5.75085401535, 1.89639282227, 1.19618713856, 0.997502267361, 1.23912191391, 1.74639809132, 2.03539299965, 2.00180697441, 1.62751162052, 0.978750169277, 0.303602039814, 0.865055799484]
    dmean2: [19.2706813812, 7.87588834763, 2.51780176163, 1.80403506756, 1.6192740202, 1.46893239021, 1.99924695492, 2.48999190331, 2.30689001083, 1.85684752464, 0.991309404373, 0.476177036762, 1.0956530571]
    dvar: [3076.12719727, 446.635131836, 20.0354232788, 4.63486862183, 3.61400198936, 8.06654167175, 23.9355792999, 40.7238922119, 41.8022766113, 28.4748058319, 8.91598510742, 0.422202199697, 8.95738601685]
    dvar2: [7645.39453125, 974.053955078, 22.9708843231, 5.5781712532, 7.71124219894, 4.90430164337, 19.3690414429, 43.4163208008, 42.3488426208, 28.9264907837, 7.47691297531, 1.01357448101, 12.6565113068]
    kurt: [37.2179298401, 17.1340999603, 13.2226200104, 12.3002128601, 11.2329854965, 23.5428943634, 22.0588741302, 19.6037082672, 18.8696689606, 17.7179889679, 18.5446376801, 11.7106122971, 11.7061405182]
    max: [-839.827392578, 139.822357178, 65.7096252441, 28.7617988586, -4.46154785156, -9.01662445068, -10.1871948242, -8.36843109131, -4.8983001709, -1.41142272949, 0.835552215576, 1.38377380371, 22.5634002686]
    mean: [-1081.63562012, 67.4980163574, 46.583404541, 19.9888935089, -9.64491653442, -36.049030304, -54.7595863342, -62.4357147217, -58.443813324, -44.2066879272, -23.2383766174, 0.048972658813, 21.0387248993]
    median: [-1087.35437012, 65.5487747192, 46.8698158264, 19.889377594, -10.09715271, -37.3187522888, -56.7115249634, -64.9341583252, -60.9881515503, -46.3195800781, -24.4029903412, 0.0906219482422, 22.3266067505]
    min: [-1125.43469238, 16.1587638855, 10.2726745605, 2.61394119263, -15.8799324036, -39.0552940369, -60.1626358032, -68.276184082, -63.1842575073, -47.438659668, -25.4909877777, -2.48220062256, 0.59334564209]
    skew: [6.1234536171, 2.12316679955, -2.93923926353, -2.79026341438, -0.781697630882, 4.87007236481, 4.75495004654, 4.51772499084, 4.41173219681, 4.27654361725, 4.32230520248, -2.75526809692, -3.58747076988]
    var: [1375.20117188, 195.884674072, 56.804813385, 13.3680734634, 1.87528717518, 21.9248733521, 62.485584259, 100.080665588, 99.0974960327, 65.3154220581, 19.6596431732, 0.28139385581, 20.3682785034]

SpecContrastCoeff:
    dmean: [0.0264592338353, 0.032375857234, 0.0108011849225, 0.00964863225818, 0.0102376844734, 0.0174495652318]
    dmean2: [0.044266846031, 0.0287852007896, 0.0157009772956, 0.0153824174777, 0.0173280388117, 0.0288709048182]
    dvar: [0.00106481881812, 0.0063177542761, 9.95624868665e-05, 0.00013330989168, 0.000219013687456, 0.000306112604449]
    dvar2: [0.00211081071757, 0.00373720354401, 0.000145503494423, 0.000224274597713, 0.000415962014813, 0.000696493429132]
    kurt: [9.84114170074, 21.3135585785, 5.98773956299, 6.12056446075, 6.25447845459, 1.32081222534]
    max: [-0.740440547466, -0.219054609537, -0.884152472019, -0.904955029488, -0.895781815052, -0.8969617486]
    mean: [-0.922759234905, -0.268987059593, -0.948796272278, -0.957964241505, -0.95683246851, -0.947878718376]
    median: [-0.936893045902, -0.242629230022, -0.955641925335, -0.963913857937, -0.963441669941, -0.956280827522]
    min: [-0.946723937988, -0.984896838665, -0.959378182888, -0.965952277184, -0.964715182781, -0.961757063866]
    skew: [3.13845300674, -4.58242940903, 2.22023439407, 2.46933174133, 2.55373239517, 1.58894979954]
    var: [0.00157649395987, 0.0159980263561, 0.000221496433369, 0.000172415922862, 0.000209691934288, 0.000305459223455]

SpecPeakAmp:
    dmean: [0.00143899733666, 3.80227502319e-05, 0.0145721463487, 0.00975721143186, 0.00278572272509]
    dmean2: [0.00220487220213, 5.3916235629e-05, 0.0285152308643, 0.0199393928051, 0.00534995784983]
    dvar: [4.26524347859e-05, 1.5751792759e-08, 0.000562056316994, 0.00042386102723, 0.000126805636683]
    dvar2: [0.000109533510113, 4.02654478648e-08, 0.00123529392295, 0.00106305000372, 0.000374717550585]
    kurt: [40.0219955444, 38.2049255371, 0.250058412552, 4.12440538406, 34.4129867554]
    max: [0.0314245447516, 0.000639780075289, 0.0534627214074, 0.0534615851939, 0.0534543208778]
    mean: [0.000731833279133, 4.32553788414e-05, 0.0427645221353, 0.00598771451041, 0.0015409378102]
    median: [3.42684834322e-05, 2.89050567517e-05, 0.0534488223493, 2.99567436741e-05, 1.97648732865e-05]
    min: [1.0233867215e-05, 1.49545730892e-05, 1.31034103106e-05, 9.67751111602e-06, 7.70684619056e-06]
    skew: [6.48240709305, 6.27449083328, -1.4999063015, 2.47466564178, 5.90822076797]
    var: [2.14102401515e-05, 8.26423374178e-09, 0.000454858440207, 0.000281644810457, 6.58102144371e-05]
