
metadata:
    version:
        essentia: "2.1-beta3"

Flux:
    dmean: 0.0187053084373
    dmean2: 0
    dvar: 0
    dvar2: 0
    kurt: -2
    max: 0.277429252863
    mean: 0.268076598644
    median: 0.268076598644
    min: 0.258723944426
    skew: 0
    var: 8.74721445143e-05

Rms:
    dmean: 0
    dmean2: 0
    dvar: 0
    dvar2: 0
    kurt: 0
    max: 0.0960665494204
    mean: 0.0960665494204
    median: 0.0960665494204
    min: 0.0960665494204
    skew: 0
    var: 0

RollOff:
    dmean: 43.06640625
    dmean2: 0
    dvar: 0
    dvar2: 0
    kurt: -2
    max: 322.998046875
    mean: 301.46484375
    median: 301.46484375
    min: 279.931640625
    skew: 0
    var: 463.678833008

SpecCent:
    dmean: 306.205383301
    dmean2: 0
    dvar: 0
    dvar2: 0
    kurt: -2
    max: 550.498291016
    mean: 397.395599365
    median: 397.395599365
    min: 244.292907715
    skew: 0
    var: 23440.4335938

Zcr:
    dmean: 0.00048828125
    dmean2: 0
    dvar: 0
    dvar2: 0
    kurt: -2
    max: 0.00390625
    mean: 0.003662109375
    median: 0.003662109375
    min: 0.00341796875
    skew: 0
    var: 5.96046447754e-08

HarmonicAmpFreq:
    dmean: [26.1402587891]
    dmean2: [0]
    dvar: [0]
    dvar2: [0]
    kurt: [-1.99999988079]
    max: [267.810241699]
    mean: [254.740112305]
    median: [254.740112305]
    min: [241.66998291]
    skew: [0]
    var: [170.828277588]

HarmonicAmpMag:
    dmean: [0.0971453040838]
    dmean2: [0]
    dvar: [0]
    dvar2: [0]
    kurt: [-2]
    max: [0.10650331527]
    mean: [0.057930663228]
    median: [0.057930663228]
    min: [0.00935801304877]
    skew: [0]
    var: [0.00235930248164]

MfccCoeff:
    dmean: [388.863220215, 6.17855834961, 53.3377189636, 4.83974838257, 13.1217327118, 26.4339866638, 25.2891178131, 25.6766872406, 20.087720871, 13.9925861359, 5.89227390289, 1.72030067444, 1.18467140198]
    dmean2: [0, 0, 0, 0, 0, 0, 0, 0, 0, 0, 0, 0, 0]
    dvar: [0, 0, 0, 0, 0, 0, 0, 0, 0, 0, 0, 0, 0]
    dvar2: [0, 0, 0, 0, 0, 0, 0, 0, 0, 0, 0, 0, 0]
    kurt: [-2, -2, -2, -2, -2, -2, -2, -1.99999988079, -2, -2.00000023842, -2, -1.99999988079, -2]
    max: [-631.257507324, 151.203369141, 91.8496704102, 36.3552742004, 11.761182785, 6.43112564087, -2.89643669128, -5.88257026672, -10.2254905701, -10.6324520111, -11.5356798172, -9.89994621277, -7.52198410034]
    mean: [-825.689086914, 148.114089966, 65.180809021, 33.9354019165, 5.20031642914, -6.78586769104, -15.5409955978, -18.7209129333, -20.2693519592, -17.6287460327, -14.4818172455, -10.76009655, -8.11431980133]
    median: [-825.689086914, 148.114089966, 65.180809021, 33.9354019165, 5.20031642914, -6.78586769104, -15.5409955978, -18.7209129333, -20.2693519592, -17.6287460327, -14.4818172455, -10.76009655, -8.11431980133]
    min: [-1020.12072754, 145.024810791, 38.5119514465, 31.5155258179, -1.36054992676, -20.0028610229, -28.1855545044, -31.5592575073, -30.313211441, -24.625038147, -17.4279537201, -11.6202468872, -8.70665550232]
    skew: [-4.76175898712e-07, 0, 2.05942853881e-07, -2.35553625316e-06, 0, 0, 0, -2.30750742958e-07, 2.71075691671e-07, 4.01013096507e-07, 4.84824624891e-07, 0, 0]
    var: [37803.6523438, 9.54364585876, 711.228027344, 5.85579109192, 43.0449676514, 174.688919067, 159.884872437, 164.823059082, 100.879135132, 48.9481201172, 8.67972278595, 0.739858627319, 0.35086157918]

SpecContrastCoeff:
    dmean: [0.0723890662193, 0.108303070068, 0.045235991478, 0.0121182203293, 0.0237300395966, 0.0219361782074]
    dmean2: [0, 0, 0, 0, 0, 0]
    dvar: [0, 0, 0, 0, 0, 0]
    dvar2: [0, 0, 0, 0, 0, 0]
    kurt: [-1.99999988079, -2, -2, -2, -1.99999988079, -2]
    max: [-0.600982367992, -0.641829073429, -0.878708124161, -0.935455143452, -0.934972465038, -0.939583837986]
    mean: [-0.6371768713, -0.695980608463, -0.9013261199, -0.941514253616, -0.946837484837, -0.95055192709]
    median: [-0.6371768713, -0.695980608463, -0.9013261199, -0.941514253616, -0.946837484837, -0.95055192709]
    min: [-0.673371434212, -0.750132143497, -0.923944115639, -0.947573363781, -0.958702504635, -0.961520016193]
    skew: [-2.45516798714e-06, 0, 0, 0, 0, 0]
    var: [0.00131004420109, 0.00293238880113, 0.000511573744006, 3.67128159269e-05, 0.000140778691275, 0.000120298980619]
