
metadata:
    version:
        essentia: "2.1-beta3"

Flux:
    dmean: 0.0251581259072
    dmean2: 0.0339174903929
    dvar: 0.00679346779361
    dvar2: 0.0131905730814
    kurt: 9.26317882538
    max: 0.486016571522
    mean: 0.0330739505589
    median: 0.000686264538672
    min: 5.03311566717e-05
    skew: 3.2518222332
    var: 0.0114555414766

Rms:
    dmean: 0.0111328838393
    dmean2: 0.00867191143334
    dvar: 0.00126578996424
    dvar2: 0.00055040983716
    kurt: 21.0864448547
    max: 0.355127096176
    mean: 0.340923070908
    median: 0.353145599365
    min: 0.0624542273581
    skew: -4.55192565918
    var: 0.00242577167228

RollOff:
    dmean: 3.91512775421
    dmean2: 4.00617742538
    dvar: 659.113708496
    dvar2: 674.077148438
    kurt: 40.022731781
    max: 538.330078125
    mean: 369.892578125
    median: 366.064453125
    min: 366.064453125
    skew: 6.48249340057
    var: 644.799804688

SpecCent:
    dmean: 8.03877735138
    dmean2: 8.23465061188
    dvar: 1049.1184082
    dvar2: 870.336364746
    kurt: 38.9458580017
    max: 591.348083496
    mean: 355.064178467
    median: 349.355834961
    min: 345.894744873
    skew: 6.35957670212
    var: 1285.07946777

Zcr:
    dmean: 0.000732421875
    dmean2: 0.000783521099947
    dvar: 3.73341822524e-06
    dvar2: 2.45226806328e-06
    kurt: 18.52576828
    max: 0.01611328125
    mean: 0.015169271268
    median: 0.015625
    min: 0.00048828125
    skew: -4.28230381012
    var: 7.20977823221e-06

HarmonicAmpFreq:
    dmean: [0.0428480654955]
    dmean2: [0.0439509898424]
    dvar: [0.0308655258268]
    dvar2: [0.0318658947945]
    kurt: [19.3687419891]
    max: [349.237823486]
    mean: [348.307189941]
    median: [348.269561768]
    min: [348.219177246]
    skew: [4.54889774323]
    var: [0.0307400934398]

HarmonicAmpMag:
    dmean: [0.0192492660135]
    dmean2: [0.0146262682974]
    dvar: [0.00513205491006]
    dvar2: [0.00355864758603]
    kurt: [15.5163440704]
    max: [0.492652535439]
    mean: [0.468951761723]
    median: [0.492556124926]
    min: [0]
    skew: [-4.04631757736]
    var: [0.0085698030889]

MfccCoeff:
    dmean: [30.2528457642, 8.46332263947, 21.060295105, 18.124578476, 7.11721849442, 6.32431221008, 6.88919496536, 4.45997619629, 3.95834898949, 3.18516683578, 1.90776062012, 1.16906702518, 1.55619168282]
    dmean2: [43.3837776184, 14.9892778397, 27.0839195251, 23.2103748322, 7.76203012466, 11.1906738281, 11.0470218658, 5.84230852127, 5.35028409958, 4.34116792679, 2.56647181511, 2.17015242577, 2.15724921227]
    dvar: [6225.08105469, 116.841598511, 137.8306427, 61.8196563721, 7.10772848129, 37.5807685852, 51.2353973389, 64.9074859619, 53.6563262939, 36.4691963196, 10.4032173157, 0.638483345509, 9.23068523407]
    dvar2: [14418.1728516, 205.367095947, 395.647399902, 207.30116272, 49.0006256104, 62.265335083, 64.9444046021, 76.737739563, 50.9028434753, 32.9121704102, 6.44877147675, 1.7621833086, 10.0100851059]
    kurt: [22.9895973206, 10.3255634308, -1.26203596592, -1.2417845726, -0.481603622437, 7.68136501312, 11.55235672, 13.590007782, 14.8697052002, 15.2561607361, 18.7739696503, 0.835874080658, 11.7760782242]
    max: [-655.974304199, 177.314849854, 106.654174805, 44.5219306946, -3.17181396484, -8.0707321167, -7.67086029053, -5.5764465332, -1.26370239258, 3.63692474365, 5.80394363403, 3.71170043945, 23.7743301392]
    mean: [-998.731567383, 148.670837402, 77.2774810791, 20.7183914185, -16.9247875214, -44.126789093, -61.7766914368, -66.2405853271, -59.9287605286, -44.7506980896, -23.0451908112, 0.644110679626, 21.614824295]
    median: [-1006.07061768, 149.30368042, 79.3547973633, 19.1268501282, -17.1575737, -45.0943412781, -63.5947494507, -68.9369049072, -62.1777420044, -46.7177581787, -24.0677852631, 0.768890380859, 23.0394973755]
    min: [-1049.97924805, 104.598731995, 41.4005355835, -2.7286491394, -28.8731498718, -55.524471283, -73.2084579468, -75.0977935791, -67.8682479858, -51.1530914307, -26.4535198212, -1.29768371582, -1.29063415527]
    skew: [4.76331329346, -1.37288284302, -0.188668802381, 0.122986167669, 0.0130098536611, 2.45202183723, 3.25549173355, 3.73528385162, 3.89010238647, 3.92361116409, 4.28913354874, 0.184430956841, -3.53914427757]
    var: [3555.56762695, 88.3822174072, 332.01751709, 219.095092773, 37.0302581787, 71.2861557007, 128.064498901, 152.599655151, 133.789627075, 88.9907531738, 27.7539558411, 0.908354282379, 23.769153595]

SpecContrastCoeff:
    dmean: [0.0423833169043, 0.0313568115234, 0.0138146011159, 0.00796885881573, 0.00513913156465, 0.0137353278697]
    dmean2: [0.0752630159259, 0.0267479866743, 0.0224648471922, 0.0150774130598, 0.00980799272656, 0.0258762668818]
    dvar: [0.00223950552754, 0.00993676949292, 0.000292808079394, 9.09487425815e-05, 6.28516063443e-05, 0.000422195356805]
    dvar2: [0.00487260334194, 0.00426313420758, 0.000696909963153, 0.000207479373785, 0.000173695749254, 0.00114877033047]
    kurt: [4.05442762375, 26.6229286194, 6.15664291382, 1.59084510803, 6.39107322693, 13.5414199829]
    max: [-0.738066017628, -0.0635064542294, -0.865103125572, -0.923645555973, -0.927690148354, -0.86355060339]
    mean: [-0.929938077927, -0.106371432543, -0.93719804287, -0.952144384384, -0.954995393753, -0.946957468987]
    median: [-0.952718734741, -0.0766132101417, -0.945369184017, -0.957484185696, -0.957580864429, -0.953277051449]
    min: [-0.990608096123, -0.949029028416, -0.949569225311, -0.958164155483, -0.958510279655, -0.955713748932]
    skew: [2.11413908005, -5.09169197083, 2.55063867569, 1.68685650826, 2.60316777229, 3.48465967178]
    var: [0.00269821821712, 0.01960702613, 0.000393896916648, 9.4764844107e-05, 4.35304064013e-05, 0.000264743022854]

SpecPeakAmp:
    dmean: [0.0129347229376, 0.134362980723, 0.0897561237216, 0.0220711492002, 0.0257367193699]
    dmean2: [0.0198170524091, 0.274630844593, 0.183435454965, 0.0339996367693, 0.0493174754083]
    dvar: [0.00344037124887, 0.0479713827372, 0.0359973348677, 0.0100330961868, 0.0108101284131]
    dvar2: [0.00884008407593, 0.0822119638324, 0.0564752779901, 0.0258343219757, 0.0318690463901]
    kurt: [40.0187759399, -1.99800527096, -1.83332264423, 40.0045661926, 33.8900222778]
    max: [0.282113909721, 0.492652535439, 0.492651492357, 0.484556496143, 0.492576241493]
    mean: [0.00655933795497, 0.241062268615, 0.197319597006, 0.0111616728827, 0.0142419422045]
    median: [0.000267939962214, 0.00341212330386, 0.00031099683838, 0.000208731144085, 8.57260019984e-05]
    min: [5.88530747336e-05, 7.7033029811e-05, 4.35235269833e-05, 3.06383917632e-05, 2.37964050029e-05]
    skew: [6.48202800751, 0.0444409884512, 0.408227771521, 6.48035955429, 5.85834121704]
    var: [0.00172576843761, 0.0605057403445, 0.0581161864102, 0.00509431958199, 0.00562950130552]
