
metadata:
    version:
        essentia: "2.1-beta3"

Flux:
    dmean: 0.0147326290607
    dmean2: 0
    dvar: 0
    dvar2: 0
    kurt: -2
    max: 0.306209504604
    mean: 0.298843204975
    median: 0.298843204975
    min: 0.291476875544
    skew: -6.0439151639e-06
    var: 5.42625894013e-05

Rms:
    dmean: 0
    dmean2: 0
    dvar: 0
    dvar2: 0
    kurt: 0
    max: 0.104606293142
    mean: 0.104606293142
    median: 0.104606293142
    min: 0.104606293142
    skew: 0
    var: 0

RollOff:
    dmean: 129.19921875
    dmean2: 0
    dvar: 0
    dvar2: 0
    kurt: -1.99999988079
    max: 624.462890625
    mean: 559.86328125
    median: 559.86328125
    min: 495.263671875
    skew: 0
    var: 4173.109375

SpecCent:
    dmean: 142.876647949
    dmean2: 0
    dvar: 0
    dvar2: 0
    kurt: -2
    max: 567.345581055
    mean: 495.90725708
    median: 495.90725708
    min: 424.468933105
    skew: 0
    var: 5103.43408203

Zcr:
    dmean: 0.00048828125
    dmean2: 0
    dvar: 0
    dvar2: 0
    kurt: -2
    max: 0.0068359375
    mean: 0.006591796875
    median: 0.006591796875
    min: 0.00634765625
    skew: 0
    var: 5.96046447754e-08

HarmonicAmpFreq:
    dmean: [86.0072631836]
    dmean2: [0]
    dvar: [0]
    dvar2: [0]
    kurt: [-2]
    max: [541.807922363]
    mean: [498.804290771]
    median: [498.804290771]
    min: [455.80065918]
    skew: [0]
    var: [1849.31237793]

HarmonicAmpMag:
    dmean: [0.0942171141505]
    dmean2: [0]
    dvar: [0]
    dvar2: [0]
    kurt: [-2]
    max: [0.101975671947]
    mean: [0.0548671148717]
    median: [0.0548671148717]
    min: [0.00775856105611]
    skew: [1.39194085591e-07]
    var: [0.00221921596676]

MfccCoeff:
    dmean: [367.904724121, 20.8298797607, 21.1399421692, 40.6879501343, 51.0540847778, 37.1156539917, 4.60338401794, 14.2574195862, 21.7422008514, 17.14402771, 10.3273448944, 1.31240653992, 4.03351783752]
    dmean2: [0, 0, 0, 0, 0, 0, 0, 0, 0, 0, 0, 0, 0]
    dvar: [0, 0, 0, 0, 0, 0, 0, 0, 0, 0, 0, 0, 0]
    dvar2: [0, 0, 0, 0, 0, 0, 0, 0, 0, 0, 0, 0, 0]
    kurt: [-2, -2.00000023842, -2, -2, -2, -2, -2, -2, -2, -2, -1.99999988079, -2, -2]
    max: [-638.497619629, 169.094100952, 58.8735694885, 14.6402130127, -14.8792629242, -22.0627784729, -26.1151294708, -4.47088623047, 10.7265663147, 16.3574924469, 15.3320121765, 9.92503356934, 7.51040840149]
    mean: [-822.449951172, 158.679168701, 48.3035964966, -5.70376205444, -40.4063072205, -40.6206054688, -28.4168205261, -11.5995960236, -0.144534111023, 7.78547859192, 10.1683397293, 9.26883029938, 5.49364948273]
    median: [-822.449951172, 158.679168701, 48.3035964966, -5.70376205444, -40.4063072205, -40.6206054688, -28.4168205261, -11.5995960236, -0.144534111023, 7.78547859192, 10.1683397293, 9.26883029938, 5.49364948273]
    min: [-1006.40234375, 148.264221191, 37.7336273193, -26.0477371216, -65.9333496094, -59.1784324646, -30.7185134888, -18.7283058167, -11.0156345367, -0.786535263062, 5.0046672821, 8.61262702942, 3.47689056396]
    skew: [-4.81953520648e-07, -2.16107446249e-06, 5.16843044807e-07, 0, 1.17416327328e-07, 0, -1.21224422855e-06, 0, 0, 0, 0, 0, 0]
    var: [33838.4726562, 108.470977783, 111.72428894, 413.877319336, 651.629943848, 344.392944336, 5.29778623581, 50.8185043335, 118.18082428, 73.4794235229, 26.6635131836, 0.430602729321, 4.06731653214]

SpecContrastCoeff:
    dmean: [0.0599985122681, 0.0999075770378, 0.174398720264, 0.04559892416, 0.0125984549522, 0.019677400589]
    dmean2: [0, 0, 0, 0, 0, 0]
    dvar: [0, 0, 0, 0, 0, 0]
    dvar2: [0, 0, 0, 0, 0, 0]
    kurt: [-2, -2, -1.99999988079, -2.00000023842, -1.99999988079, -2]
    max: [-0.856822967529, -0.648190736771, -0.70193195343, -0.880681276321, -0.933963358402, -0.9405823946]
    mean: [-0.886822223663, -0.698144555092, -0.78913128376, -0.903480768204, -0.940262556076, -0.950421094894]
    median: [-0.886822223663, -0.698144555092, -0.78913128376, -0.903480768204, -0.940262556076, -0.950421094894]
    min: [-0.916821479797, -0.748098313808, -0.876330673695, -0.926280200481, -0.946561813354, -0.960259795189]
    skew: [0, 1.80944971362e-06, -1.05346839518e-06, 3.91378125641e-06, -1.42702665471e-05, 0]
    var: [0.000899955397472, 0.00249538104981, 0.00760372821242, 0.000519815483131, 3.96802643081e-05, 9.68000240391e-05]

SpecPeakAmp:
    dmean: [0.101666264236, 0.0272489823401, 0.0113096712157, 0.00690996553749, 0.00167611474171]
    dmean2: [0, 0, 0, 0, 0]
    dvar: [0, 0, 0, 0, 0]
    dvar2: [0, 0, 0, 0, 0]
    kurt: [-2, -2, -2, -2, -2]
    max: [0.101975671947, 0.0275856666267, 0.0117206564173, 0.0076540405862, 0.00775856105611]
    mean: [0.051142539829, 0.0139611754566, 0.00606582080945, 0.00419905781746, 0.00692050345242]
    median: [0.051142539829, 0.0139611754566, 0.00606582080945, 0.00419905781746, 0.00692050345242]
    min: [0.000309407332679, 0.000336684548529, 0.000410985579947, 0.00074407516513, 0.00608244631439]
    skew: [0, 0, 1.17883089956e-07, 0, 8.48792353736e-07]
    var: [0.00258400733583, 0.000185626762686, 3.19771643262e-05, 1.19369060485e-05, 7.02340173575e-07]
