
metadata:
    version:
        essentia: "2.1-beta3"

Flux:
    dmean: 5.04404488311e-06
    dmean2: 7.27499036657e-06
    dvar: 3.15199227829e-10
    dvar2: 6.90068335807e-10
    kurt: 14.2178153992
    max: 9.5581599453e-05
    mean: 6.7293108259e-06
    median: 2.32405409406e-06
    min: 7.2998699352e-07
    skew: 3.88216876984
    var: 3.20363402473e-10

Rms:
    dmean: 1.34051254008e-06
    dmean2: 1.300852432e-06
    dvar: 2.49534559682e-11
    dvar2: 1.90080416684e-11
    kurt: 19.7050857544
    max: 7.74475120124e-05
    mean: 7.59037720854e-05
    median: 7.72156054154e-05
    min: 4.48036662419e-05
    skew: -4.51447105408
    var: 3.28253119131e-11

RollOff:
    dmean: 1.00154435635
    dmean2: 1.025390625
    dvar: 20.5633563995
    dvar2: 21.0285148621
    kurt: 17.0477027893
    max: 732.12890625
    mean: 711.574462891
    median: 710.595703125
    min: 710.595703125
    skew: 4.36437177658
    var: 20.118303299

SpecCent:
    dmean: 3.09009933472
    dmean2: 4.71151304245
    dvar: 19.0994186401
    dvar2: 7.01607322693
    kurt: 26.4690093994
    max: 999.405578613
    mean: 956.835693359
    median: 955.711425781
    min: 952.218322754
    skew: 5.03928852081
    var: 50.7817268372

Zcr:
    dmean: 0.000863008724991
    dmean2: 0.000953310984187
    dvar: 1.00339530036e-05
    dvar2: 8.87771057023e-06
    kurt: 17.1247081757
    max: 0.03173828125
    mean: 0.0309059843421
    median: 0.03173828125
    min: 0.0146484375
    skew: -4.34835529327
    var: 1.12336365419e-05

HarmonicAmpFreq:
    dmean: [2.70898580551]
    dmean2: [2.77348542213]
    dvar: [300.747833252]
    dvar2: [307.729492188]
    kurt: [39.0106239319]
    max: [699.181884766]
    mean: [696.534240723]
    median: [699.181884766]
    min: [584.091674805]
    skew: [-6.40345001221]
    var: [294.075164795]

HarmonicAmpMag:
    dmean: [1.449723527e-06]
    dmean2: [1.48424078361e-06]
    dvar: [8.64063889883e-11]
    dvar2: [8.84124579104e-11]
    kurt: [39.0139389038]
    max: [6.16881297901e-05]
    mean: [1.41677526244e-06]
    median: [0]
    min: [0]
    skew: [6.40383005142]
    var: [8.44892905638e-11]

MfccCoeff:
    dmean: [0.0650577992201, 0.0675730183721, 0.00722202053294, 0.0569713488221, 0.0908845439553, 0.0765121802688, 0.0214811805636, 0.0449619740248, 0.0875141248107, 0.0835667103529, 0.035214446485, 0.0318482853472, 0.0819877833128]
    dmean2: [0.0673392191529, 0.0699622780085, 0.0074811661616, 0.0589839406312, 0.0940944105387, 0.0792163684964, 0.0222382321954, 0.0465500243008, 0.0906052365899, 0.0865206047893, 0.0364590585232, 0.0329735167325, 0.0848835557699]
    dvar: [0.0914172008634, 0.0985943004489, 0.00112542056013, 0.0700790584087, 0.178363829851, 0.126403391361, 0.00996383931488, 0.0436524413526, 0.165378749371, 0.150790765882, 0.0267757307738, 0.0219032242894, 0.145153403282]
    dvar2: [0.0923511385918, 0.0995961278677, 0.00113678222988, 0.0707891136408, 0.180174559355, 0.127686113119, 0.0100647043437, 0.0440953671932, 0.167057588696, 0.152321204543, 0.0270475149155, 0.0221256297082, 0.1466268152]
    kurt: [24.5280208588, 24.534778595, 24.5318622589, 24.5342521667, 24.5347137451, 24.5346107483, 24.5348911285, 24.5345726013, 24.5345306396, 24.5345802307, 24.5344638824, 24.5346660614, 24.5345287323]
    max: [-1136.6072998, 1.88261032104, 0.201080322266, 8.01086425781e-05, -6.103515625e-05, 2.28881835938e-05, -2.67028808594e-05, 1.25261688232, 2.43816757202, 2.32817077637, 0.981052398682, -3.0517578125e-05, -3.81469726562e-05]
    mean: [-1136.67102051, 1.81648778915, 0.19401550293, -1.53134739399, -2.44324731827, -2.05673313141, -0.577488303185, 1.20861554146, 2.35252594948, 2.24639630318, 0.946589410305, -0.856195271015, -2.20406198502]
    median: [-1136.60791016, 1.88186264038, 0.20100402832, -1.58646774292, -2.53118133545, -2.13076019287, -0.59827041626, 1.25211715698, 2.43719863892, 2.32724380493, 0.980659484863, -0.887008666992, -2.28338623047]
    min: [-1138.42004395, 1.14440917969e-05, -6.103515625e-05, -1.58710861206, -2.53218078613, -2.13159942627, -0.59850692749, -5.34057617188e-05, -4.57763671875e-05, -2.28881835938e-05, -2.67028808594e-05, -0.887359619141, -2.28429412842]
    skew: [-5.00614786148, -5.00713205338, -5.00686836243, 5.00708246231, 5.00712585449, 5.00711345673, 5.00714159012, -5.00711154938, -5.00710725784, -5.00711297989, -5.00710296631, 5.00711965561, 5.00710868835]
    var: [0.0905894786119, 0.0976998880506, 0.00111535284668, 0.0694437325001, 0.176745399833, 0.125256881118, 0.00987368449569, 0.0432564951479, 0.163878783584, 0.149423226714, 0.0265329480171, 0.0217045247555, 0.143836662173]

SpecContrastCoeff:
    dmean: [0.02781396918, 0.0148747274652, 0.0166983306408, 0.02469631657, 0.035586822778, 0.0299073979259]
    dmean2: [0.0453906394541, 0.0265986174345, 0.0243101175874, 0.0463219769299, 0.0695367231965, 0.0573551021516]
    dvar: [0.00168821110856, 0.000108165600977, 0.00137050054036, 0.000252478959737, 0.000271077209618, 0.000313295604428]
    dvar2: [0.00189886370208, 0.000420585507527, 0.00160206656437, 0.000759153044783, 0.000919773301575, 0.00101217522752]
    kurt: [14.9973945618, 0.0479807853699, 19.3020267487, 1.92746448517, -0.13804936409, 2.89994192123]
    max: [-0.665299236774, -0.853999316692, -0.569336593151, -0.84089422226, -0.829720616341, -0.804423987865]
    mean: [-0.708447694778, -0.887500524521, -0.592479288578, -0.874809324741, -0.882566034794, -0.851949751377]
    median: [-0.701651215553, -0.888743638992, -0.586152791977, -0.874417901039, -0.885788440704, -0.856047511101]
    min: [-0.929966211319, -0.912900447845, -0.789883732796, -0.935033321381, -0.941780686378, -0.935815632343]
    skew: [-3.82279062271, 0.486244350672, -4.39956283569, -1.03117382526, -0.00722104683518, -0.793435573578]
    var: [0.00197382061742, 0.000155956964591, 0.00132940080948, 0.000348344969098, 0.000496078515425, 0.00049591367133]

SpecPeakAmp:
    dmean: [1.08634857554e-07, 1.05630256542e-07, 1.4816220073e-06, 1.42587708751e-07, 1.41570623668e-07]
    dmean2: [1.33917211542e-07, 1.68020264368e-07, 1.55572774929e-06, 2.38858433477e-07, 2.44412319717e-07]
    dvar: [9.50806951618e-14, 7.01392950339e-14, 8.6025180035e-11, 3.04999115428e-14, 1.74240216846e-14]
    dvar2: [9.00114672468e-14, 7.27420646504e-14, 8.79992259617e-11, 3.60952214569e-14, 1.91666683067e-14]
    kurt: [35.2221717834, 36.8310203552, 39.0209350586, 20.2483291626, 9.61014842987]
    max: [8.72119017004e-06, 2.5703711799e-06, 6.16881297901e-05, 1.23939059904e-06, 9.74292674982e-07]
    mean: [8.34101774672e-06, 8.23806601602e-07, 1.50004484567e-06, 1.7961438914e-07, 2.02114136982e-07]
    median: [8.37942752696e-06, 7.72076759858e-07, 9.31132078108e-08, 1.01979679812e-07, 2.17374775957e-07]
    min: [6.27235613138e-06, 6.85050963511e-07, 3.79528621863e-08, 3.6915434265e-08, 5.24853227546e-08]
    skew: [-5.91560173035, 6.14147281647, 6.4046626091, 4.06307792664, 2.68304467201]
    var: [1.044147814e-13, 7.28718029929e-14, 8.42489689123e-11, 3.52156692208e-14, 2.6887041584e-14]
