
metadata:
    version:
        essentia: "2.1-beta3"

Flux:
    dmean: 0.00012450198119
    dmean2: 0.000165007601026
    dvar: 1.67043467059e-07
    dvar2: 3.30413570282e-07
    kurt: 9.57282733917
    max: 0.00237311096862
    mean: 0.000163928983966
    median: 7.40960786061e-06
    min: 3.7903989778e-06
    skew: 3.29367756844
    var: 2.70259960189e-07

Rms:
    dmean: 5.02563452756e-05
    dmean2: 3.90031564166e-05
    dvar: 3.07813508016e-08
    dvar2: 1.37944393686e-08
    kurt: 21.0167064667
    max: 0.00171513063833
    mean: 0.00165257556364
    median: 0.00171318883076
    min: 0.000301734136883
    skew: -4.54947042465
    var: 5.7255267194e-08

RollOff:
    dmean: 4.89390993118
    dmean2: 4.50694942474
    dvar: 671.567932129
    dvar2: 529.632141113
    kurt: 38.0067481995
    max: 904.39453125
    mean: 715.859375
    median: 710.595703125
    min: 710.595703125
    skew: 6.25828123093
    var: 827.523620605

SpecCent:
    dmean: 2.93835043907
    dmean2: 4.86869907379
    dvar: 39.8163146973
    dvar2: 36.58385849
    kurt: 37.5315055847
    max: 742.502929688
    mean: 699.602172852
    median: 698.538146973
    min: 697.026428223
    skew: 6.18549728394
    var: 43.0979995728

Zcr:
    dmean: 0.00115411926527
    dmean2: 0.000942496350035
    dvar: 1.40460088005e-05
    dvar2: 8.68725419423e-06
    kurt: 17.8014373779
    max: 0.03173828125
    mean: 0.0303168408573
    median: 0.03173828125
    min: 0.00146484375
    skew: -4.23183488846
    var: 2.85765599983e-05

HarmonicAmpFreq:
    dmean: [2.30590415001]
    dmean2: [2.34061169624]
    dvar: [224.917816162]
    dvar2: [226.318161011]
    kurt: [40.0167350769]
    max: [698.529968262]
    mean: [696.256958008]
    median: [698.529968262]
    min: [597.07019043]
    skew: [-6.48178863525]
    var: [223.606842041]

HarmonicAmpMag:
    dmean: [6.23850573902e-05]
    dmean2: [9.57831507549e-05]
    dvar: [8.17298726474e-08]
    dvar2: [2.09938392004e-07]
    kurt: [40.0224380493]
    max: [0.00137373281177]
    mean: [3.05834655592e-05]
    median: [0]
    min: [0]
    skew: [6.4824590683]
    var: [4.10012788166e-08]

MfccCoeff:
    dmean: [1.62157928944, 1.83631694317, 0.718989312649, 0.581785738468, 1.11308801174, 1.02303850651, 0.403576076031, 0.471928566694, 0.804945766926, 0.688852190971, 0.209951922297, 0.357387542725, 0.683881998062]
    dmean2: [2.16343784332, 2.48497748375, 1.07918465137, 0.534836888313, 1.26188647747, 1.21845781803, 0.550693154335, 0.384782701731, 0.736205458641, 0.62656390667, 0.190219968557, 0.287617892027, 0.520483076572]
    dvar: [51.8002929688, 66.1509017944, 10.6110563278, 7.16417217255, 29.2011394501, 23.1540203094, 3.30578517914, 3.79227662086, 13.6070890427, 9.88327407837, 0.930776417255, 2.03645086288, 7.36261320114]
    dvar2: [105.223007202, 138.742538452, 26.5532932281, 5.42201900482, 38.413936615, 34.7702980042, 6.91971731186, 2.09376955032, 10.1474781036, 7.16445493698, 0.628323018551, 1.10157907009, 3.59413671494]
    kurt: [18.006111145, 18.6005134583, 38.7112693787, 32.8007774353, 32.5310974121, 29.7053756714, 19.2612495422, 28.8468360901, 32.7745628357, 33.4078445435, 35.7453346252, 26.8315658569, 27.2773075104]
    max: [-1094.85900879, 48.5243034363, 16.5374450684, 8.01086425781e-05, -6.103515625e-05, 2.28881835938e-05, -2.67028808594e-05, 15.8304004669, 27.5484275818, 23.9513339996, 7.80286026001, -3.0517578125e-05, -3.81469726562e-05]
    mean: [-1116.44970703, 22.6612701416, 2.12056541443, -19.1567764282, -29.5291996002, -23.6221084595, -5.18294715881, 15.2744646072, 26.5507049561, 22.9978218079, 7.37843847275, -11.1151256561, -22.3200531006]
    median: [-1116.30627441, 22.7230644226, 1.83981323242, -19.778881073, -30.2691001892, -24.134513855, -5.18511581421, 15.8294391632, 27.4152336121, 23.7366428375, 7.59792709351, -11.5389328003, -23.1585044861]
    min: [-1138.42004395, 1.14440917969e-05, -6.103515625e-05, -19.8764457703, -35.2633934021, -31.2017478943, -10.9081115723, -5.34057617188e-05, -4.57763671875e-05, -2.28881835938e-05, -2.67028808594e-05, -11.5412139893, -23.190410614]
    skew: [-0.159878015518, 0.859780907631, 6.31231832504, 5.72799348831, 5.64162540436, 5.12363243103, -0.687941610813, -5.31782722473, -5.72399139404, -5.78302669525, -6.01724863052, 5.12047624588, 5.16181278229]
    var: [21.8532085419, 27.0723304749, 4.79858255386, 9.16449260712, 21.8670864105, 14.6465387344, 1.33909499645, 6.19394779205, 17.6094665527, 13.087436676, 1.30434417725, 3.40051007271, 13.5946369171]

SpecContrastCoeff:
    dmean: [0.0491956472397, 0.0272602383047, 0.0304568577558, 0.0143794575706, 0.0116147929803, 0.00521521968767]
    dmean2: [0.0900304317474, 0.0485383085907, 0.0429697148502, 0.027306329459, 0.0224397201091, 0.00944479275495]
    dvar: [0.000927469169255, 0.000329072470777, 0.00259960931726, 5.70682714169e-05, 3.21478837577e-05, 3.07166264975e-05]
    dvar2: [0.00274540251121, 0.000768975529354, 0.00212219334207, 0.000201441929676, 0.000108086635009, 6.47573251626e-05]
    kurt: [1.5662612915, 6.24569511414, 20.8842010498, 0.255368947983, -0.945916891098, 2.53792953491]
    max: [-0.787057042122, -0.774408876896, -0.459477484226, -0.907955348492, -0.918017625809, -0.91528314352]
    mean: [-0.858123838902, -0.883580803871, -0.494910925627, -0.941698908806, -0.932621777058, -0.926798522472]
    median: [-0.861249923706, -0.888346374035, -0.478791296482, -0.943304181099, -0.932583391666, -0.926155388355]
    min: [-0.982614517212, -0.984203934669, -0.945859611034, -0.958190560341, -0.944717526436, -0.948158442974]
    skew: [-0.60890096426, 0.704740405083, -4.52841901779, 0.680963516235, 0.056313212961, -1.24887430668]
    var: [0.00145357614383, 0.000826685980428, 0.00642616068944, 0.000122304438264, 5.20706889802e-05, 4.26141632488e-05]

SpecPeakAmp:
    dmean: [6.32526134723e-05, 1.34939011787e-06, 1.32570141886e-06, 1.23323923162e-06, 1.17814420264e-06]
    dmean2: [9.66729930951e-05, 2.2286476451e-06, 2.20781680582e-06, 2.03992431125e-06, 1.90156072222e-06]
    dvar: [8.10215325941e-08, 1.01624576809e-11, 8.62362698612e-12, 7.71972936964e-12, 6.57256454123e-12]
    dvar2: [2.07842546729e-07, 2.48672089864e-11, 2.09217053404e-11, 1.86389653711e-11, 1.55820686215e-11]
    kurt: [40.0188560486, 37.0354957581, 35.4107398987, 33.5386886597, 27.8353443146]
    max: [0.00137373281177, 1.68473343365e-05, 1.55071320478e-05, 1.45622052514e-05, 1.33710909722e-05]
    mean: [3.85199382436e-05, 1.41117163821e-06, 1.46016338931e-06, 1.41812313359e-06, 1.54061660851e-06]
    median: [8.38212054077e-06, 1.12195971269e-06, 1.2205166513e-06, 1.12405564323e-06, 1.26391535105e-06]
    min: [2.52307791015e-06, 3.78259329636e-07, 1.93922573999e-07, 1.27906659486e-07, 9.38083601909e-08]
    skew: [6.48203372955, 6.13053512573, 5.94546556473, 5.75897502899, 5.19459867477]
    var: [4.05198576914e-08, 5.61426643023e-12, 4.74740125683e-12, 4.26551068772e-12, 3.79134007175e-12]
