
metadata:
    version:
        essentia: "2.1-beta3"

Flux:
    dmean: 0.00280230632052
    dmean2: 0.00369913107716
    dvar: 8.37210100144e-05
    dvar2: 0.000165689794812
    kurt: 9.56326770782
    max: 0.0531259775162
    mean: 0.0036257293541
    median: 0.000117511655844
    min: 8.2668975665e-06
    skew: 3.2924284935
    var: 0.000135780006531

Rms:
    dmean: 0.00112495198846
    dmean2: 0.000873160199262
    dvar: 1.54266290338e-05
    dvar2: 6.91442301104e-06
    kurt: 21.0193576813
    max: 0.0383908487856
    mean: 0.0369928255677
    median: 0.0383483283222
    min: 0.006753239315
    skew: -4.54974126816
    var: 2.86897848127e-05

RollOff:
    dmean: 4.89390993118
    dmean2: 4.50694942474
    dvar: 671.567932129
    dvar2: 529.632141113
    kurt: 38.0067481995
    max: 904.39453125
    mean: 715.859375
    median: 710.595703125
    min: 710.595703125
    skew: 6.25828123093
    var: 827.523620605

SpecCent:
    dmean: 2.9148170948
    dmean2: 4.84038448334
    dvar: 37.4471931458
    dvar2: 34.3792457581
    kurt: 37.3663063049
    max: 740.721984863
    mean: 699.09979248
    median: 698.010253906
    min: 696.566040039
    skew: 6.16577100754
    var: 40.6505012512

Zcr:
    dmean: 0.00115411926527
    dmean2: 0.000953851733357
    dvar: 1.40785205076e-05
    dvar2: 8.73779936228e-06
    kurt: 17.4693069458
    max: 0.03173828125
    mean: 0.0303276907653
    median: 0.03173828125
    min: 0.001953125
    skew: -4.201212883
    var: 2.79874020634e-05

HarmonicAmpFreq:
    dmean: [2.41644144058]
    dmean2: [2.59048819542]
    dvar: [225.780090332]
    dvar2: [230.044174194]
    kurt: [40.0028076172]
    max: [698.52935791]
    mean: [695.643859863]
    median: [697.811828613]
    min: [596.783691406]
    skew: [-6.48012542725]
    var: [222.172744751]

HarmonicAmpMag:
    dmean: [0.00938576553017]
    dmean2: [0.01752185449]
    dvar: [0.000366817053873]
    dvar2: [0.000943728140555]
    kurt: [2.33014917374]
    max: [0.051609583199]
    mean: [0.0442613959312]
    median: [0.0516024231911]
    min: [0]
    skew: [-2.05885243416]
    var: [0.000310683535645]

MfccCoeff:
    dmean: [9.73959922791, 9.07518100739, 2.05936074257, 2.03226876259, 1.59183192253, 2.83756995201, 3.04171681404, 3.48685932159, 2.85537576675, 1.99492883682, 2.52669119835, 2.77309083939, 2.8602347374]
    dmean2: [14.4588823318, 13.5569429398, 3.49650597572, 3.06335663795, 1.25195086002, 4.33823537827, 6.07372617722, 5.6146531105, 4.05898475647, 2.71115326881, 4.67597198486, 4.60567617416, 4.28522253036]
    dvar: [1522.64367676, 1126.35852051, 5.07970380783, 33.1265335083, 35.2036056519, 20.4215145111, 3.26180577278, 8.91510391235, 34.2767715454, 32.0258865356, 4.89532613754, 3.57846856117, 25.9764900208]
    dvar2: [3694.69140625, 2687.53881836, 8.9225730896, 36.6185874939, 19.4155540466, 16.8877944946, 9.27133083344, 7.04136419296, 28.9998321533, 36.9868049622, 8.77610111237, 4.34211683273, 22.8405895233]
    kurt: [34.664932251, 32.2860717773, 12.4156169891, 38.5141220093, 25.0626659393, 22.6599292755, 1.98730230331, 20.667049408, 19.1956157684, 17.7450637817, 10.7987442017, 15.4683322906, 15.6278495789]
    max: [-921.274902344, 192.678741455, 15.9618835449, -4.2215385437, -9.34867858887, -9.81713104248, -6.31945037842, 33.5035324097, 59.0636100769, 52.6076278687, 20.1545219421, 0.663719177246, -0.343643188477]
    mean: [-1085.64099121, 53.9478340149, 5.61362791061, -41.8471717834, -64.6906051636, -52.7671051025, -13.6174917221, 30.272102356, 55.0922470093, 49.1729545593, 17.993024826, -19.713218689, -43.2852287292]
    median: [-1089.18798828, 50.9222831726, 5.14984130859, -42.5779800415, -66.3871765137, -54.137676239, -13.881477356, 31.4231510162, 57.5565605164, 51.3768844604, 18.9035758972, -20.2040328979, -45.3643760681]
    min: [-1128.69104004, 10.8920707703, 3.73098754883, -45.6983718872, -71.2132568359, -58.0659599304, -16.3721237183, -1.39352416992, 2.32471847534, 3.45845031738, 2.40490341187, -22.3642044067, -46.4254417419]
    skew: [5.74712610245, 5.39660453796, 3.46629786491, 6.29989433289, 5.02238941193, 4.75489902496, 1.16027474403, -4.35590457916, -4.44843435287, -4.3004283905, -3.23746967316, 3.73424959183, 4.02992963791]
    var: [657.794067383, 485.321105957, 5.20648097992, 32.7564582825, 88.609161377, 56.4784545898, 5.29600334167, 31.457069397, 95.6989364624, 75.7232818604, 11.5737333298, 15.2438774109, 71.3269195557]

SpecContrastCoeff:
    dmean: [0.0296486560255, 0.0371140390635, 0.0352334864438, 0.0159530900419, 0.0113910054788, 0.0130054792389]
    dmean2: [0.055453017354, 0.0643743351102, 0.0455003939569, 0.0299328863621, 0.0211234875023, 0.0228023659438]
    dvar: [0.000747090147343, 0.000691797409672, 0.00448460271582, 0.000143907178426, 0.000124598867842, 0.000222856877372]
    dvar2: [0.00173108594026, 0.00166731467471, 0.00295471632853, 0.000423497927841, 0.000325142726069, 0.00045555215911]
    kurt: [0.586028337479, 7.0690946579, 23.3877658844, 3.18995523453, 1.69325304031, 12.2977724075]
    max: [-0.880796909332, -0.688022375107, -0.28903067112, -0.886072516441, -0.906268715858, -0.860464930534]
    mean: [-0.946907401085, -0.849685907364, -0.332925736904, -0.940538346767, -0.950896024704, -0.952901780605]
    median: [-0.960941195488, -0.857699334621, -0.312684416771, -0.947834849358, -0.95898771286, -0.961802482605]
    min: [-0.98269122839, -0.979357779026, -0.929916322231, -0.952929258347, -0.960665285587, -0.963450610638]
    skew: [1.3643399477, 1.07513022423, -4.77917909622, 1.88089978695, 1.6863617897, 3.20522642136]
    var: [0.000664389575832, 0.0015247236006, 0.0105614922941, 0.000276325794403, 0.000216197207919, 0.000333210919052]

SpecPeakAmp:
    dmean: [6.58608041704e-05, 0.00140948453918, 0.0304919164628, 0.025786049664, 0.0140928318724]
    dmean2: [0.000105499420897, 0.00216787192039, 0.0623871348798, 0.0527445822954, 0.0288257151842]
    dvar: [5.34316342282e-08, 4.09409331041e-05, 0.000641485559754, 0.000663759419695, 0.000526836200152]
    dvar2: [1.36658115935e-07, 0.000105103674287, 0.00167394441087, 0.00154325331096, 0.00114881549962]
    kurt: [39.6433601379, 40.0222053528, -1.49999952316, -1.50000035763, 0.841184616089]
    max: [0.00116847874597, 0.0307504031807, 0.0516086407006, 0.051609583199, 0.051609300077]
    mean: [5.51802586415e-05, 0.000711040047463, 0.0172317735851, 0.0172361917794, 0.00920801889151]
    median: [3.00455212709e-05, 2.95922127407e-05, 4.55364861409e-05, 4.74410044262e-05, 4.02106961701e-05]
    min: [9.70024120761e-06, 6.38830988464e-06, 4.35995843873e-06, 2.85177998194e-06, 2.09693462239e-06]
    skew: [6.43756151199, 6.48243236542, 0.707093298435, 0.707095503807, 1.68557071686]
    var: [2.82941687857e-08, 2.05083815672e-05, 0.000590678944718, 0.000590599549469, 0.000388665823266]
