
metadata:
    version:
        essentia: "2.1-beta3"

Flux:
    dmean: 0.0251425337046
    dmean2: 0.0331333391368
    dvar: 0.00678061554208
    dvar2: 0.0131175527349
    kurt: 9.37937355042
    max: 0.489514529705
    mean: 0.0333570055664
    median: 0.00107040768489
    min: 1.55681009346e-05
    skew: 3.26510238647
    var: 0.0114477612078

Rms:
    dmean: 0.0103233894333
    dmean2: 0.00803002342582
    dvar: 0.00130554207135
    dvar2: 0.000587803660892
    kurt: 21.2153053284
    max: 0.353764474392
    mean: 0.340951263905
    median: 0.353374511003
    min: 0.0622237734497
    skew: -4.56878376007
    var: 0.00242417654954

RollOff:
    dmean: 4.89390993118
    dmean2: 4.50694942474
    dvar: 671.567932129
    dvar2: 529.632141113
    kurt: 38.0067481995
    max: 904.39453125
    mean: 715.859375
    median: 710.595703125
    min: 710.595703125
    skew: 6.25828123093
    var: 827.523620605

SpecCent:
    dmean: 2.93145608902
    dmean2: 4.85776376724
    dvar: 38.7086715698
    dvar2: 35.3618125916
    kurt: 37.460849762
    max: 741.522338867
    mean: 699.120117188
    median: 697.998596191
    min: 696.569396973
    skew: 6.17707252502
    var: 42.1389808655

Zcr:
    dmean: 0.00115411926527
    dmean2: 0.000942496350035
    dvar: 1.40460088005e-05
    dvar2: 8.68725419423e-06
    kurt: 17.8014373779
    max: 0.03173828125
    mean: 0.0303168408573
    median: 0.03173828125
    min: 0.00146484375
    skew: -4.23183488846
    var: 2.85765599983e-05

HarmonicAmpFreq:
    dmean: [2.32660889626]
    dmean2: [2.4019010067]
    dvar: [227.438186646]
    dvar2: [232.109039307]
    kurt: [40.0143547058]
    max: [698.528381348]
    mean: [695.58972168]
    median: [697.810852051]
    min: [596.501464844]
    skew: [-6.48149633408]
    var: [223.1690979]

HarmonicAmpMag:
    dmean: [0.0216562114656]
    dmean2: [0.0287960078567]
    dvar: [0.00732701458037]
    dvar2: [0.0107357138768]
    kurt: [8.74029445648]
    max: [0.475575327873]
    mean: [0.439565688372]
    median: [0.475521653891]
    min: [0]
    skew: [-3.2325732708]
    var: [0.0145917152986]

MfccCoeff:
    dmean: [26.1795425415, 23.6723041534, 40.3442192078, 11.0294866562, 5.38885688782, 6.97882986069, 2.93910121918, 3.08298587799, 2.96071100235, 2.77088332176, 2.10264372826, 1.12750780582, 2.02405834198]
    dmean2: [42.4775428772, 41.4133300781, 80.0881271362, 19.7508125305, 5.1936712265, 12.5614185333, 5.19837903976, 4.08488988876, 3.47190403938, 3.64290952682, 3.17106533051, 1.60641336441, 2.45908665657]
    dvar: [4495.72949219, 358.070007324, 428.265136719, 65.2207107544, 58.2941398621, 41.0903282166, 7.2933306694, 17.6010990143, 43.2957115173, 36.319026947, 7.89313459396, 5.54476213455, 29.0659656525]
    dvar2: [10909.4638672, 848.289245605, 1551.68115234, 196.288909912, 90.7825241089, 52.9628105164, 23.7565879822, 33.4881057739, 51.7359924316, 38.5868988037, 10.5264625549, 9.52733421326, 29.8023147583]
    kurt: [28.240901947, 3.95139884949, -1.32857334614, 3.97155666351, 7.52457237244, 7.19791507721, 0.297664880753, 15.0483951569, 16.7438926697, 17.3976840973, 19.2916278839, 10.8104476929, 14.0845165253]
    max: [-694.329956055, 215.609817505, 39.5179481506, -23.9270439148, -36.8261070251, -23.0501937866, -6.80786705017, 39.8773155212, 60.4253807068, 51.045173645, 18.7946434021, -6.79344177246, -2.66595458984]
    mean: [-976.867004395, 143.128494263, 8.17108249664, -64.0601348877, -81.1533660889, -59.4008026123, -13.120554924, 31.1853790283, 54.3346099854, 47.5000610352, 16.1702480316, -20.2534141541, -42.6385269165]
    median: [-982.380554199, 147.07611084, 9.81396484375, -64.3880996704, -81.8337402344, -59.696056366, -13.0720443726, 32.5935134888, 57.0277290344, 50.0999908447, 17.1665611267, -20.8265762329, -44.557964325]
    min: [-1040.94458008, 103.864814758, -30.0866661072, -81.0868911743, -100.775756836, -71.7976379395, -18.8131942749, 0.359222412109, 1.67788696289, -2.02158355713, -7.69471168518, -22.5977096558, -46.5371665955]
    skew: [5.14618492126, 1.10118305683, -0.159434273839, 1.51059603691, 2.35226249695, 2.38338637352, -0.125701665878, -3.60161852837, -4.11784696579, -4.18459272385, -4.23595237732, 3.42289757729, 3.86187171936]
    var: [2143.58862305, 347.235595703, 534.928527832, 120.875587463, 109.922317505, 82.5302734375, 6.81960916519, 34.8285598755, 100.678382874, 86.3887863159, 18.4811000824, 9.36802005768, 65.8338317871]

SpecContrastCoeff:
    dmean: [0.0405743382871, 0.046031832695, 0.0353779159486, 0.0171473491937, 0.0106808850542, 0.00687160389498]
    dmean2: [0.0767570585012, 0.0827362537384, 0.0416364856064, 0.0329830422997, 0.0207625031471, 0.0132613973692]
    dvar: [0.00144209514838, 0.00157230417244, 0.00779893109575, 0.000178884758498, 0.000138100571348, 0.000126608967548]
    dvar2: [0.003926939331, 0.00370689597912, 0.00383320869878, 0.000441157288151, 0.00032082843245, 0.000300328800222]
    kurt: [0.896437644958, 4.4029545784, 26.8466587067, 4.23181724548, 3.26135969162, 3.08091926575]
    max: [-0.868602931499, -0.670848429203, -0.117214523256, -0.857909440994, -0.892360985279, -0.910912632942]
    mean: [-0.960487127304, -0.810211420059, -0.16197283566, -0.927334606647, -0.943118989468, -0.950658857822]
    median: [-0.977784156799, -0.819358468056, -0.136522784829, -0.935477793217, -0.951138556004, -0.956412017345]
    min: [-0.985568702221, -0.973483979702, -0.911242246628, -0.941446065903, -0.951973497868, -0.957379937172]
    skew: [1.53168809414, 0.13713657856, -5.11282062531, 2.09573245049, 2.01736688614, 2.11568522453]
    var: [0.00126485317014, 0.00200746231712, 0.0154417492449, 0.000380446523195, 0.000232968712226, 0.000155340283527]

SpecPeakAmp:
    dmean: [0.0129852062091, 0.0650159344077, 0.129661932588, 0.0434287004173, 0.0218503847718]
    dmean2: [0.019948516041, 0.132929310203, 0.265096306801, 0.0887702926993, 0.0446020327508]
    dvar: [0.00347010768019, 0.026548884809, 0.0447083860636, 0.0186380203813, 0.00979901012033]
    dvar2: [0.00890862569213, 0.0872948914766, 0.108094483614, 0.0551297217607, 0.0295552909374]
    kurt: [40.0215873718, 10.071015358, -0.214216709137, 17.5457553864, 40.0190887451]
    max: [0.28333312273, 0.47548982501, 0.475575327873, 0.475489616394, 0.475558876991]
    mean: [0.00651634484529, 0.0321320109069, 0.370013773441, 0.0215435437858, 0.0107648214325]
    median: [0.000223317547352, 0.000400083779823, 0.475518554449, 0.000369870132999, 7.3982970207e-05]
    min: [2.45263654506e-05, 7.8287353972e-05, 4.01119650633e-05, 2.62315170403e-05, 1.93146679521e-05]
    skew: [6.48235845566, 3.47430109978, -1.33632254601, 4.42100954056, 6.48206233978]
    var: [0.00174155796412, 0.0140402764082, 0.0389697030187, 0.00958442315459, 0.00491006113589]
