
metadata:
    version:
        essentia: "2.1-beta3"

Flux:
    dmean: 0.0135985314846
    dmean2: 0
    dvar: 0
    dvar2: 0
    kurt: -2
    max: 0.300586432219
    mean: 0.293787181377
    median: 0.293787181377
    min: 0.286987900734
    skew: -6.60065416014e-06
    var: 4.62300158688e-05

Rms:
    dmean: 0
    dmean2: 0
    dvar: 0
    dvar2: 0
    kurt: 0
    max: 0.10301745683
    mean: 0.10301745683
    median: 0.10301745683
    min: 0.10301745683
    skew: 0
    var: 0

RollOff:
    dmean: 279.931640625
    dmean2: 0
    dvar: 0
    dvar2: 0
    kurt: -2
    max: 1248.92578125
    mean: 1108.95996094
    median: 1108.95996094
    min: 968.994140625
    skew: 0
    var: 19590.4316406

SpecCent:
    dmean: 39.349609375
    dmean2: 0
    dvar: 0
    dvar2: 0
    kurt: -2
    max: 908.448547363
    mean: 888.773742676
    median: 888.773742676
    min: 869.098937988
    skew: 0
    var: 387.097930908

Zcr:
    dmean: 0
    dmean2: 0
    dvar: 0
    dvar2: 0
    kurt: 0
    max: 0.01171875
    mean: 0.01171875
    median: 0.01171875
    min: 0.01171875
    skew: 0
    var: 0

HarmonicAmpFreq:
    dmean: [29.8790283203]
    dmean2: [0]
    dvar: [0]
    dvar2: [0]
    kurt: [-2]
    max: [898.374023438]
    mean: [883.434509277]
    median: [883.434509277]
    min: [868.494995117]
    skew: [0]
    var: [223.189086914]

HarmonicAmpMag:
    dmean: [0.0822510868311]
    dmean2: [0]
    dvar: [0]
    dvar2: [0]
    kurt: [-2]
    max: [0.0822510868311]
    mean: [0.0411255434155]
    median: [0.0411255434155]
    min: [0]
    skew: [0]
    var: [0.00169131031726]

MfccCoeff:
    dmean: [344.112548828, 58.2464370728, 22.9637470245, 57.7173080444, 2.09731292725, 42.259765625, 34.0356903076, 9.96549987793, 25.1132946014, 9.60316467285, 8.76043891907, 7.86540031433, 0.334419250488]
    dmean2: [0, 0, 0, 0, 0, 0, 0, 0, 0, 0, 0, 0, 0]
    dvar: [0, 0, 0, 0, 0, 0, 0, 0, 0, 0, 0, 0, 0]
    dvar2: [0, 0, 0, 0, 0, 0, 0, 0, 0, 0, 0, 0, 0]
    kurt: [-2, -2, -2, -1.99999988079, -2, -2, -2, -2, -2, -2, -2, -2, -1.99999988079]
    max: [-648.150146484, 182.997116089, -7.77134132385, -44.3064117432, -47.2626724243, 30.9244384766, 48.3098526001, 22.7071933746, 9.35661888123, -3.95191192627, -0.905590057373, 3.39168548584, 1.21240234375]
    mean: [-820.206420898, 153.873901367, -19.2532157898, -73.1650695801, -48.3113288879, 9.79455566406, 31.2920074463, 17.7244434357, -3.20002841949, -8.7534942627, -5.28580951691, -0.541014671326, 1.04519271851]
    median: [-820.206420898, 153.873901367, -19.2532157898, -73.1650695801, -48.3113288879, 9.79455566406, 31.2920074463, 17.7244434357, -3.20002841949, -8.7534942627, -5.28580951691, -0.541014671326, 1.04519271851]
    min: [-992.262695312, 124.750679016, -30.7350883484, -102.023719788, -49.3599853516, -11.3353271484, 14.2741641998, 12.7416934967, -15.7566757202, -13.5550765991, -9.66602897644, -4.47371482849, 0.877983093262]
    skew: [0, -3.9535018459e-07, 2.01609864803e-07, 3.65691050774e-07, 0, 0, 1.48609871076e-07, 0, 0, 0, 0, 0, 0]
    var: [29603.3613281, 848.161865234, 131.8334198, 832.821899414, 1.09968042374, 446.471954346, 289.607025146, 24.827796936, 157.669387817, 23.0551929474, 19.1863231659, 15.4661302567, 0.0279590580612]

SpecContrastCoeff:
    dmean: [0.00143104791641, 0.0865584015846, 0.0402703881264, 0.196238458157, 0.0234656333923, 0.0155290961266]
    dmean2: [0, 0, 0, 0, 0, 0]
    dvar: [0, 0, 0, 0, 0, 0]
    dvar2: [0, 0, 0, 0, 0, 0]
    kurt: [-2, -2, -1.99999988079, -2, -2, -2]
    max: [-0.971319198608, -0.826252162457, -0.747518658638, -0.59683907032, -0.891822397709, -0.938096880913]
    mean: [-0.972034692764, -0.869531393051, -0.767653822899, -0.694958329201, -0.903555214405, -0.945861458778]
    median: [-0.972034692764, -0.869531393051, -0.767653822899, -0.694958329201, -0.903555214405, -0.945861458778]
    min: [-0.972750246525, -0.912810564041, -0.787789046764, -0.793077528477, -0.915288031101, -0.953625977039]
    skew: [-0.000124976970255, 2.06433560379e-06, -4.4564876589e-06, 8.9348191068e-07, 0, 1.15056427603e-05]
    var: [5.11974576511e-07, 0.00187308923341, 0.000405426020734, 0.00962738320231, 0.000137658993481, 6.02882064413e-05]

SpecPeakAmp:
    dmean: [0.0820998549461, 0.0394233502448, 0.0194228999317, 0.00940412841737, 0.00542059214786]
    dmean2: [0, 0, 0, 0, 0]
    dvar: [0, 0, 0, 0, 0]
    dvar2: [0, 0, 0, 0, 0]
    kurt: [-2, -2, -2, -2, -2]
    max: [0.0822510868311, 0.0395800098777, 0.0195889566094, 0.00958580523729, 0.00562755577266]
    mean: [0.041201159358, 0.0198683347553, 0.00987750664353, 0.00488374102861, 0.00291725969873]
    median: [0.041201159358, 0.0198683347553, 0.00987750664353, 0.00488374102861, 0.00291725969873]
    min: [0.000151233747602, 0.000156658657943, 0.000166057361639, 0.000181677285582, 0.000206963784876]
    skew: [0, -1.78123315209e-07, 1.55155817083e-07, 1.36695632591e-07, 1.33835513338e-07]
    var: [0.00168509653304, 0.000388550164644, 9.43122504395e-05, 2.21094051085e-05, 7.34570403438e-06]
