
metadata:
    version:
        essentia: "2.1-beta3"

Flux:
    dmean: 5.03516957906e-06
    dmean2: 7.46102659832e-06
    dvar: 3.21779908274e-10
    dvar2: 6.94989954475e-10
    kurt: 14.180437088
    max: 9.57842712523e-05
    mean: 5.80128380534e-06
    median: 1.04497871689e-06
    min: 4.67515349101e-07
    skew: 3.88228297234
    var: 3.29573035529e-10

Rms:
    dmean: 1.27360794977e-06
    dmean2: 1.16186822652e-06
    dvar: 2.49721875123e-11
    dvar2: 1.88053392303e-11
    kurt: 19.5630016327
    max: 7.73424908402e-05
    mean: 7.58998576202e-05
    median: 7.72616040194e-05
    min: 4.48379068985e-05
    skew: -4.50151395798
    var: 3.29258113829e-11

RollOff:
    dmean: 1.00154435635
    dmean2: 1.025390625
    dvar: 20.5633563995
    dvar2: 21.0285148621
    kurt: 17.0510482788
    max: 1421.19140625
    mean: 1400.6361084
    median: 1399.65820312
    min: 1399.65820312
    skew: 4.36493968964
    var: 20.1182975769

SpecCent:
    dmean: 2.2205696106
    dmean2: 2.13577699661
    dvar: 7.63551235199
    dvar2: 5.08922243118
    kurt: 14.2592601776
    max: 1557.67749023
    mean: 1532.87072754
    median: 1532.17456055
    min: 1528.14355469
    skew: 3.40914583206
    var: 22.9131031036

Zcr:
    dmean: 0.00158975285012
    dmean2: 0.00168573285919
    dvar: 4.10533757531e-05
    dvar2: 3.82855105272e-05
    kurt: 17.4264450073
    max: 0.0634765625
    mean: 0.0618341602385
    median: 0.0634765625
    min: 0.029296875
    skew: -4.38264083862
    var: 4.35665533587e-05

HarmonicAmpFreq:
    dmean: [0]
    dmean2: [0]
    dvar: [0]
    dvar2: [0]
    kurt: [-2]
    max: [1397.43432617]
    mean: [1397.43383789]
    median: [1397.43432617]
    min: [1397.43432617]
    skew: [1]
    var: [2.38418579102e-07]

HarmonicAmpMag:
    dmean: [0]
    dmean2: [0]
    dvar: [0]
    dvar2: [0]
    kurt: [nan]
    max: [0]
    mean: [0]
    median: [0]
    min: [0]
    skew: [nan]
    var: [0]

MfccCoeff:
    dmean: [0.0519792437553, 0.0254474021494, 0.0559032335877, 0.0641451105475, 0.0115015786141, 0.0721055865288, 0.0384134687483, 0.0455150157213, 0.0699207410216, 0.002886217786, 0.0679225474596, 0.0499051101506, 0.0333761163056]
    dmean2: [0.0533360056579, 0.0261070616543, 0.0573530644178, 0.0658089742064, 0.0118015836924, 0.0739786028862, 0.0394109077752, 0.0466975271702, 0.0717366561294, 0.00296075013466, 0.06968652457, 0.0512021370232, 0.0342425405979]
    dvar: [0.0557133443654, 0.0133505426347, 0.0644302070141, 0.0848289057612, 0.00272683636285, 0.107190787792, 0.0304211676121, 0.0427091941237, 0.100790664554, 0.000171782550751, 0.0951127111912, 0.0513448491693, 0.022966651246]
    dvar2: [0.0560704655945, 0.0134367719293, 0.0648459494114, 0.0853752717376, 0.00274427025579, 0.107881523669, 0.0306175388396, 0.0429842285812, 0.101439997554, 0.000172904896317, 0.0957262292504, 0.0516760274768, 0.0231147073209]
    kurt: [20.5673847198, 20.5489673615, 20.5493850708, 20.548828125, 20.5491867065, 20.5491867065, 20.5489196777, 20.5491142273, 20.549041748, 20.5493087769, 20.5491085052, 20.5490760803, 20.5491313934]
    max: [-1137.0859375, 0.653057098389, -6.103515625e-05, 8.01086425781e-05, 0.295074462891, 1.85045623779, 0.985752105713, -5.34057617188e-05, -4.57763671875e-05, -2.28881835938e-05, 1.74303817749, 1.28065490723, -3.81469726562e-05]
    mean: [-1137.13696289, 0.627986907959, -1.37962794304, -1.58286905289, 0.283749312162, 1.77942693233, 0.947916567326, -1.12325239182, -1.72550570965, -0.0712540373206, 1.67612636089, 1.23149299622, -0.823691964149]
    median: [-1137.08642578, 0.652797698975, -1.43416595459, -1.64545822144, 0.294967651367, 1.84976959229, 0.985385894775, -1.16765594482, -1.79371643066, -0.0740699768066, 1.74238967896, 1.28017425537, -0.856254577637]
    min: [-1138.42004395, 1.14440917969e-05, -1.43469238281, -1.646068573, -6.103515625e-05, 2.28881835938e-05, -2.67028808594e-05, -1.16809082031, -1.79438781738, -0.0740966796875, -2.67028808594e-05, -3.0517578125e-05, -0.856575012207]
    skew: [-4.66356086731, -4.66070699692, 4.66074323654, 4.66069698334, -4.66072702408, -4.66072559357, -4.66070413589, 4.6607208252, 4.66071462631, 4.66073989868, -4.66072130203, -4.66071605682, 4.66072273254]
    var: [0.0553727708757, 0.0132692158222, 0.0640380308032, 0.0843133702874, 0.00271026859991, 0.106538176537, 0.0302360765636, 0.0424493290484, 0.100177124143, 0.000170723767951, 0.0945333316922, 0.051032088697, 0.0228268746287]

SpecContrastCoeff:
    dmean: [0.0237810537219, 0.0241999067366, 0.0106099983677, 0.0141689125448, 0.00868845824152, 0.00752334669232]
    dmean2: [0.0365676619112, 0.0404450185597, 0.0149030461907, 0.0182998236269, 0.0128491166979, 0.010165466927]
    dvar: [0.00165852694772, 0.00045576467528, 0.000420070718974, 0.00106524687726, 0.000149891537149, 0.000101897174318]
    dvar2: [0.0016962767113, 0.000831145967823, 0.000423672347097, 0.00100510660559, 0.000126983199152, 0.000100882549305]
    kurt: [15.5837306976, 4.77978944778, 15.8095817566, 17.5283851624, 9.41737937927, 7.79492473602]
    max: [-0.659017562866, -0.848113775253, -0.823464155197, -0.592481851578, -0.868135511875, -0.865981042385]
    mean: [-0.693390905857, -0.898192167282, -0.839277982712, -0.614359140396, -0.884601771832, -0.884714305401]
    median: [-0.682652831078, -0.901166200638, -0.834265053272, -0.607166647911, -0.882887482643, -0.882741272449]
    min: [-0.906365573406, -0.989093661308, -0.95102506876, -0.798238813877, -0.947126150131, -0.934378266335]
    skew: [-3.97489738464, -1.37999069691, -4.06068563461, -4.2551445961, -2.84676361084, -2.52365326881]
    var: [0.00183209369425, 0.000518369895872, 0.000517587410286, 0.0012566796504, 0.000211004065932, 0.000149921965203]

SpecPeakAmp:
    dmean: [1.21058832292e-07, 3.41879513144e-07, 2.90390232749e-07, 2.08674677538e-07, 2.00435650299e-07]
    dmean2: [1.49174795183e-07, 6.17745229192e-07, 5.29616329459e-07, 3.49591431359e-07, 3.62843508128e-07]
    dvar: [1.70511703173e-13, 1.29784068692e-13, 8.6380677459e-14, 7.13638742826e-14, 1.76151262088e-13]
    dvar2: [1.75243459609e-13, 2.51251710409e-13, 1.38101525658e-13, 1.79432450885e-13, 4.87324481983e-13]
    kurt: [16.9621753693, -0.458329677582, -0.986949682236, 7.30345726013, 20.562538147]
    max: [8.42428835313e-06, 1.67354289715e-06, 1.14246654448e-06, 1.33161552185e-06, 2.13058683585e-06]
    mean: [8.2917540567e-06, 5.78510878313e-07, 3.5365528106e-07, 2.23937362875e-07, 2.40532813223e-07]
    median: [8.37938023324e-06, 7.99621489023e-07, 2.18983146283e-07, 1.85508014283e-07, 2.19288665448e-07]
    min: [6.3752704591e-06, 3.20809903087e-08, 1.26041328485e-08, 1.14250804373e-08, 2.59717793938e-08]
    skew: [-4.34668922424, -0.126058980823, 0.774532198906, 2.62138986588, 4.42242002487]
    var: [1.69669440715e-13, 1.51421206845e-13, 1.05623558402e-13, 6.45989135122e-14, 1.14863237736e-13]
