
metadata:
    version:
        essentia: "2.1-beta3"

Flux:
    dmean: 0.000124852071167
    dmean2: 0.000164548997418
    dvar: 1.67089169167e-07
    dvar2: 3.283372223e-07
    kurt: 9.61011695862
    max: 0.00238146213815
    mean: 0.000161990566994
    median: 4.68423058919e-06
    min: 2.53448251897e-06
    skew: 3.29770827293
    var: 2.71503495242e-07

Rms:
    dmean: 4.8702921049e-05
    dmean2: 3.55952179234e-05
    dvar: 3.02718277112e-08
    dvar2: 1.36384405991e-08
    kurt: 20.8250198364
    max: 0.00171491748188
    mean: 0.00165290117729
    median: 0.0017129117623
    min: 0.000315877172397
    skew: -4.53072738647
    var: 5.63812179166e-08

RollOff:
    dmean: 6.85147380829
    dmean2: 6.51003837585
    dvar: 1491.62805176
    dvar2: 1283.95654297
    kurt: 39.0403785706
    max: 1679.58984375
    mean: 1406.83508301
    median: 1399.65820312
    min: 1399.65820312
    skew: 6.37132263184
    var: 1710.45959473

SpecCent:
    dmean: 4.51780557632
    dmean2: 3.9687101841
    dvar: 357.727630615
    dvar2: 315.74319458
    kurt: 38.6572227478
    max: 1533.67871094
    mean: 1398.04772949
    median: 1395.29003906
    min: 1389.89355469
    skew: 6.32255029678
    var: 424.894836426

Zcr:
    dmean: 0.00223055761307
    dmean2: 0.00170330668334
    dvar: 6.03783737461e-05
    dvar2: 4.00251628889e-05
    kurt: 17.6553382874
    max: 0.0634765625
    mean: 0.0606336817145
    median: 0.0634765625
    min: 0.00244140625
    skew: -4.2204618454
    var: 0.000116912960948

HarmonicAmpFreq:
    dmean: [0.105848833919]
    dmean2: [0.108310431242]
    dvar: [0.481770962477]
    dvar2: [0.492708325386]
    kurt: [40.0495910645]
    max: [1401.81530762]
    mean: [1397.26074219]
    median: [1397.15795898]
    min: [1397.15795898]
    skew: [6.48560190201]
    var: [0.471308857203]

HarmonicAmpMag:
    dmean: [6.1524623618e-08]
    dmean2: [6.29554293141e-08]
    dvar: [1.62767016662e-13]
    dvar2: [1.66462221611e-13]
    kurt: [40.0227279663]
    max: [2.70708346761e-06]
    mean: [6.01574114967e-08]
    median: [0]
    min: [0]
    skew: [6.48249435425]
    var: [1.59232219424e-13]

MfccCoeff:
    dmean: [0.948747098446, 0.504945933819, 0.924495875835, 1.14208686352, 0.114245675504, 1.01969444752, 0.658931732178, 0.467238694429, 0.781159639359, 0.151819050312, 0.655621469021, 0.505570590496, 0.266930401325]
    dmean2: [1.14979445934, 0.623098671436, 1.09454131126, 1.37687981129, 0.0744895040989, 1.15892076492, 0.78622931242, 0.452562898397, 0.821951925755, 0.198378279805, 0.59806060791, 0.45854511857, 0.227304771543]
    dvar: [18.6011486053, 5.16649580002, 18.1774768829, 27.1295719147, 0.180661201477, 23.4287586212, 9.14417934418, 4.9712934494, 15.5552892685, 0.430879086256, 8.66751098633, 5.13724184036, 1.24324071407]
    dvar2: [29.6854362488, 8.66946601868, 27.1742401123, 42.692943573, 0.11270493269, 31.2641544342, 14.0064048767, 4.34982347488, 16.9248695374, 0.850150823593, 6.42417860031, 3.76742720604, 0.747647643089]
    kurt: [25.5390148163, 23.4514808655, 27.8421707153, 26.0506401062, 22.0306415558, 30.6067008972, 26.9067020416, 32.4822654724, 32.5614280701, 16.8832778931, 31.4729347229, 31.1619873047, 30.0453109741]
    max: [-1110.87609863, 14.4135551453, -6.103515625e-05, 8.01086425781e-05, 3.81221008301, 31.3049163818, 19.3929176331, -5.34057617188e-05, -4.57763671875e-05, -2.28881835938e-05, 21.8752098083, 16.8036289215, -3.81469726562e-05]
    mean: [-1118.85339355, 9.70765686035, -20.6942958832, -23.9930229187, 3.61744999886, 25.8476238251, 14.3157291412, -14.9827871323, -23.9004936218, -2.1059179306, 21.0487556458, 16.2223911285, -8.56763744354]
    median: [-1118.43847656, 9.89640426636, -21.1729316711, -24.5130996704, 3.76745605469, 26.5140380859, 14.6391639709, -15.4586029053, -24.5996170044, -2.13033294678, 21.7536735535, 16.7712497711, -8.86776351929]
    min: [-1138.42004395, 1.14440917969e-05, -27.4101066589, -33.3175125122, -6.103515625e-05, 2.28881835938e-05, -2.67028808594e-05, -15.5718536377, -25.4462661743, -3.99292755127, -2.67028808594e-05, -3.0517578125e-05, -8.95614242554]
    skew: [-4.45656299591, -3.93179368973, 4.94544410706, 4.57500696182, -4.6701169014, -5.43900823593, -4.76985549927, 5.71363592148, 5.72997140884, 0.814326524734, -5.59760808945, -5.56725740433, 5.43884515762]
    var: [10.8753137589, 2.81769704819, 11.6066808701, 16.1702194214, 0.401223450899, 17.2667560577, 5.65513658524, 5.63812398911, 14.3363199234, 0.191124811769, 11.2902889252, 6.73926401138, 1.91077780724]

SpecContrastCoeff:
    dmean: [0.0229982957244, 0.0142303518951, 0.00952043477446, 0.0178474728018, 0.00748556433246, 0.00719684362411]
    dmean2: [0.0359354615211, 0.0217792317271, 0.014274885878, 0.0199761092663, 0.0119385458529, 0.0128085222095]
    dvar: [0.00100112624932, 0.000132185698021, 7.56102017476e-05, 0.00225399015471, 3.50533955498e-05, 3.73600632884e-05]
    dvar2: [0.00160165375564, 0.000282737222733, 0.000152739114128, 0.00219604209997, 0.000117934061564, 0.000102544232504]
    kurt: [9.70098972321, 1.54414463043, 2.49336719513, 17.1805496216, 0.00415802001953, 3.84087467194]
    max: [-0.715566396713, -0.880984067917, -0.903674542904, -0.453899651766, -0.910116195679, -0.9078566432]
    mean: [-0.780565977097, -0.934631943703, -0.94305896759, -0.484425574541, -0.926829874516, -0.929843664169]
    median: [-0.773686587811, -0.933121681213, -0.943221271038, -0.467459648848, -0.92764633894, -0.929598867893]
    min: [-0.991713345051, -0.988371193409, -0.960520923138, -0.877002835274, -0.937941670418, -0.955694496632]
    skew: [-3.03631353378, -0.237529069185, 1.34557020664, -4.19546890259, 0.426907360554, -0.186085060239]
    var: [0.00262718554586, 0.000367384811398, 0.000139578158269, 0.00556363817304, 4.18264608015e-05, 4.99456291436e-05]

SpecPeakAmp:
    dmean: [1.21426649002e-06, 1.23270331187e-06, 1.15085993002e-06, 1.20051845443e-06, 1.24255882383e-06]
    dmean2: [1.8792420633e-06, 1.88842341231e-06, 1.80403969807e-06, 1.85836574929e-06, 1.93069809029e-06]
    dvar: [1.64265961944e-11, 2.22109119291e-11, 2.06094013383e-11, 2.30467971096e-11, 2.41879693358e-11]
    dvar2: [3.78049778982e-11, 5.71007026384e-11, 5.39686073608e-11, 5.92722607107e-11, 6.22299087261e-11]
    kurt: [25.2581386566, 39.2503890991, 38.7929763794, 39.7471199036, 39.7910308838]
    max: [2.35574971157e-05, 2.32920483541e-05, 2.33669343288e-05, 2.37093481701e-05, 2.41852430918e-05]
    mean: [8.50862397783e-06, 9.74964223133e-07, 9.48620140662e-07, 9.57176780503e-07, 1.01914065453e-06]
    median: [8.35483024275e-06, 4.4233479457e-07, 3.50140879846e-07, 4.18535108793e-07, 4.62838357862e-07]
    min: [3.88943647067e-07, 7.11443490786e-08, 1.54222050242e-07, 1.86952178183e-07, 2.44262821525e-07]
    skew: [3.74644780159, 6.39440584183, 6.34383678436, 6.45048856735, 6.4553103447]
    var: [6.61482847664e-12, 1.14225096395e-11, 1.15894255998e-11, 1.18029292936e-11, 1.22300234176e-11]
