
metadata:
    version:
        essentia: "2.1-beta3"

Flux:
    dmean: 0.00278768432327
    dmean2: 0.00366571545601
    dvar: 8.39230560814e-05
    dvar2: 0.000164785946254
    kurt: 9.59786891937
    max: 0.0533065870404
    mean: 0.00355574744754
    median: 2.20701294893e-05
    min: 9.03095497051e-06
    skew: 3.29610919952
    var: 0.000136567221489

Rms:
    dmean: 0.0010901670903
    dmean2: 0.000796806823928
    dvar: 1.51696331159e-05
    dvar2: 6.83264670442e-06
    kurt: 20.8209762573
    max: 0.0383870042861
    mean: 0.0370000116527
    median: 0.0383447296917
    min: 0.00706946756691
    skew: -4.53032255173
    var: 2.82574001176e-05

RollOff:
    dmean: 6.85147380829
    dmean2: 6.51003837585
    dvar: 1491.62805176
    dvar2: 1283.95654297
    kurt: 39.0403785706
    max: 1679.58984375
    mean: 1406.83508301
    median: 1399.65820312
    min: 1399.65820312
    skew: 6.37132263184
    var: 1710.45959473

SpecCent:
    dmean: 4.47585248947
    dmean2: 3.93026089668
    dvar: 348.32522583
    dvar2: 307.610595703
    kurt: 38.6407661438
    max: 1531.57568359
    mean: 1397.77661133
    median: 1394.98242188
    min: 1389.64990234
    skew: 6.32052469254
    var: 413.576477051

Zcr:
    dmean: 0.00223055761307
    dmean2: 0.00170330668334
    dvar: 6.03783737461e-05
    dvar2: 4.00251628889e-05
    kurt: 17.6553382874
    max: 0.0634765625
    mean: 0.0606336817145
    median: 0.0634765625
    min: 0.00244140625
    skew: -4.2204618454
    var: 0.000116912960948

HarmonicAmpFreq:
    dmean: [0.106192849576]
    dmean2: [0.108662448823]
    dvar: [0.484907537699]
    dvar2: [0.495916157961]
    kurt: [40.0392417908]
    max: [1401.83007812]
    mean: [1397.26098633]
    median: [1397.15759277]
    min: [1397.15759277]
    skew: [6.4844045639]
    var: [0.474377095699]

HarmonicAmpMag:
    dmean: [1.37633355735e-06]
    dmean2: [1.4083412907e-06]
    dvar: [8.14546416428e-11]
    dvar2: [8.33038568682e-11]
    kurt: [40.0227279663]
    max: [6.05586756137e-05]
    mean: [1.34574838739e-06]
    median: [0]
    min: [0]
    skew: [6.48249387741]
    var: [7.9685702481e-11]

MfccCoeff:
    dmean: [10.7510318756, 4.78056812286, 1.96252298355, 1.25131559372, 0.316208571196, 1.28192150593, 0.68721985817, 0.900527060032, 1.32347536087, 0.0844716131687, 1.27916514874, 0.992045342922, 0.565809488297]
    dmean2: [15.9438848495, 7.03952217102, 2.47135782242, 1.0205745697, 0.289639413357, 0.804788172245, 0.546741068363, 0.836715698242, 1.29523086548, 0.168538376689, 1.44961333275, 1.15849113464, 0.610275387764]
    dvar: [2372.59594727, 460.201629639, 94.9722900391, 34.3788108826, 1.33959877491, 30.5513687134, 8.78485393524, 12.6801767349, 28.8266620636, 0.168250948191, 27.5610904694, 15.6538639069, 5.12661552429]
    dvar2: [5860.39990234, 1130.70153809, 164.886489868, 20.1637020111, 1.16215658188, 12.8348875046, 6.9682559967, 11.4432563782, 27.5659770966, 0.326918751001, 32.2233734131, 18.9743461609, 5.74715614319]
    kurt: [37.2348327637, 36.4056625366, 26.859172821, 34.8837585449, 12.9833660126, 28.2304191589, 22.2714309692, 19.7175369263, 20.4441184998, 12.6357584, 17.7030563354, 16.9954338074, 17.7029705048]
    max: [-879.378051758, 115.358917236, -6.53973388672, -7.56470870972, 9.25021362305, 61.0158996582, 34.5180587769, -4.02952575684, -6.42321777344, -0.75146484375, 48.686214447, 36.3287734985, -1.50987243652]
    mean: [-1088.78259277, 24.1737594604, -48.1029396057, -54.4342460632, 8.81563186646, 58.5353507996, 31.2760982513, -34.3493003845, -52.7307929993, -3.2591650486, 46.7321243286, 34.178565979, -19.9163188934]
    median: [-1092.8248291, 22.4081840515, -48.4912528992, -55.5357131958, 9.24911499023, 60.2384643555, 32.1906356812, -35.6810455322, -54.66381073, -3.3254699707, 48.6849021912, 35.6133728027, -20.7934837341]
    min: [-1132.13208008, 3.13895797729, -69.1206817627, -62.6170425415, 0.997406005859, 7.71556854248, 4.29512405396, -35.6827392578, -55.4304122925, -4.44052124023, 4.87636947632, 3.71800231934, -20.7960472107]
    skew: [6.10308408737, 5.98369121552, 4.09160089493, 5.89007377625, -3.76060009003, -5.33224773407, -4.79278469086, 4.4981880188, 4.60337972641, 3.14984250069, -4.31038093567, -4.22668409348, 4.30162334442]
    var: [1031.48876953, 197.732681274, 48.6449508667, 53.2631225586, 2.63004469872, 69.8690109253, 22.830827713, 30.7785778046, 71.015007019, 0.34210011363, 64.0792617798, 34.7500152588, 12.3338947296]

SpecContrastCoeff:
    dmean: [0.0277367904782, 0.00925756152719, 0.00960076414049, 0.0199933480471, 0.00853156391531, 0.0119037469849]
    dmean2: [0.0312817469239, 0.0127166258171, 0.0108854807913, 0.0163135826588, 0.00987556949258, 0.014796892181]
    dvar: [0.000458234659163, 0.000103902122646, 0.000173990250914, 0.00358816236258, 8.49469506647e-05, 0.000113365582365]
    dvar2: [0.000724656740203, 0.000203212810447, 0.000379819248337, 0.00283113913611, 7.39257884561e-05, 0.000164873534231]
    kurt: [-0.0430300235748, 1.8309044838, 4.72940158844, 19.164768219, 1.92341375351, -0.842036962509]
    max: [-0.816608607769, -0.928265035152, -0.87303429842, -0.29927405715, -0.888634979725, -0.906167805195]
    mean: [-0.899074494839, -0.977598249912, -0.942056894302, -0.332569569349, -0.936745345592, -0.937998056412]
    median: [-0.913813412189, -0.983116328716, -0.946414768696, -0.312233150005, -0.941498398781, -0.942625045776]
    min: [-0.994333207607, -0.989489018917, -0.957194507122, -0.842797458172, -0.948590278625, -0.95317274332]
    skew: [0.303971469402, 1.50180828571, 2.16561126709, -4.3897652626, 1.52551555634, 0.835156023502]
    var: [0.00168101571035, 0.000193429979845, 0.000339289807016, 0.00868983566761, 0.000209043675568, 0.000242067500949]

SpecPeakAmp:
    dmean: [2.99207640637e-05, 2.48923442996e-05, 2.38441916736e-05, 2.55255563388e-05, 2.59035459749e-05]
    dmean2: [4.90062848257e-05, 3.72374997823e-05, 3.61140300811e-05, 3.81708123314e-05, 3.87151048926e-05]
    dvar: [1.08570228363e-08, 1.11542952652e-08, 1.02678407998e-08, 1.17896430396e-08, 1.23065291291e-08]
    dvar2: [2.79071787901e-08, 2.87689481127e-08, 2.69058482161e-08, 3.04059959433e-08, 3.1679483925e-08]
    kurt: [39.6610717773, 39.6457099915, 38.7601013184, 39.6533088684, 39.7642250061]
    max: [0.00051737180911, 0.000518199696671, 0.00052007677732, 0.000532656151336, 0.000541096786037]
    mean: [2.7860785849e-05, 1.63972745213e-05, 1.74100860022e-05, 1.68484784808e-05, 1.68917940755e-05]
    median: [1.71647789102e-05, 4.94761343361e-06, 4.8792344387e-06, 5.06403148393e-06, 4.97721703141e-06]
    min: [9.01154362509e-06, 9.78491925707e-07, 9.60474494605e-07, 1.16058026833e-06, 1.45709964272e-06]
    skew: [6.43977737427, 6.43919897079, 6.34116744995, 6.44007349014, 6.45269441605]
    var: [5.46900214005e-09, 5.74811842569e-09, 5.82894665868e-09, 6.07291195109e-09, 6.26410834315e-09]
