
metadata:
    version:
        essentia: "2.1-beta3"

Flux:
    dmean: 4.96391976412e-06
    dmean2: 7.22455479263e-06
    dvar: 3.20168391799e-10
    dvar2: 7.02690794441e-10
    kurt: 14.4219322205
    max: 9.63350030361e-05
    mean: 6.127668712e-06
    median: 1.47660171024e-06
    min: 6.64787307869e-07
    skew: 3.90531277657
    var: 3.26713489596e-10

Rms:
    dmean: 1.53025905547e-06
    dmean2: 1.50010737343e-06
    dvar: 2.48348060866e-11
    dvar2: 1.90997235389e-11
    kurt: 19.8139820099
    max: 7.77653986006e-05
    mean: 7.59048052714e-05
    median: 7.72590137785e-05
    min: 4.46422491223e-05
    skew: -4.51718997955
    var: 3.29741824123e-11

RollOff:
    dmean: 0
    dmean2: 0
    dvar: 0
    dvar2: 0
    kurt: 0
    max: 366.064453125
    mean: 366.064453125
    median: 366.064453125
    min: 366.064453125
    skew: 0
    var: 0

SpecCent:
    dmean: 5.33969736099
    dmean2: 6.24215269089
    dvar: 29.9422664642
    dvar2: 35.705619812
    kurt: 8.49396133423
    max: 709.241699219
    mean: 677.270690918
    median: 675.831298828
    min: 669.096618652
    skew: 2.65937995911
    var: 54.0240707397

Zcr:
    dmean: 0.000556413491722
    dmean2: 0.000744047632907
    dvar: 2.30191881201e-06
    dvar2: 2.03493914341e-06
    kurt: 16.8425960541
    max: 0.01611328125
    mean: 0.0154696376994
    median: 0.015625
    min: 0.00732421875
    skew: -4.25483512878
    var: 2.70683790404e-06

HarmonicAmpFreq:
    dmean: [0.246839657426]
    dmean2: [0.484949737787]
    dvar: [0.215731710196]
    dvar2: [0.533580839634]
    kurt: [3.31680059433]
    max: [349.472137451]
    mean: [348.425048828]
    median: [348.271606445]
    min: [348.258605957]
    skew: [2.26757717133]
    var: [0.147529140115]

HarmonicAmpMag:
    dmean: [2.27966684179e-05]
    dmean2: [4.36894661107e-05]
    dvar: [1.79302694914e-09]
    dvar2: [4.26672297493e-09]
    kurt: [2.38274431229]
    max: [0.00010700437997]
    mean: [9.19471785892e-05]
    median: [0.000106935418444]
    min: [0]
    skew: [-2.05544877052]
    var: [1.26165311531e-09]

MfccCoeff:
    dmean: [0.0721265226603, 0.0926442667842, 0.0662529543042, 0.0276907980442, 0.0159574989229, 0.0566771738231, 0.0869829058647, 0.101308777928, 0.0970253199339, 0.0749114304781, 0.039039965719, 0.00400489987805, 0.0463146828115]
    dmean2: [0.074439637363, 0.0956217423081, 0.0683840811253, 0.0285811647773, 0.0164696834981, 0.0584985651076, 0.0897801741958, 0.104566119611, 0.100145973265, 0.0773193687201, 0.0402950122952, 0.00413295207545, 0.0478043332696]
    dvar: [0.117223329842, 0.193348109722, 0.0988820567727, 0.0172735266387, 0.00573711749166, 0.0723607465625, 0.170433938503, 0.231197685003, 0.212049439549, 0.126415327191, 0.0343326404691, 0.000361352897016, 0.0483192130923]
    dvar2: [0.118562176824, 0.195557042956, 0.100013814867, 0.0174707882106, 0.00580246839672, 0.0731880292296, 0.17238253355, 0.233841627836, 0.214473411441, 0.12786115706, 0.0347249917686, 0.000365466548828, 0.0488719642162]
    kurt: [26.6871185303, 26.6971263885, 26.6966190338, 26.696395874, 26.6968154907, 26.6969394684, 26.6968154907, 26.6967506409, 26.6967010498, 26.6968746185, 26.6966953278, 26.6974849701, 26.6967010498]
    max: [-1136.31848145, 2.69910812378, 1.93014526367, 0.806812286377, -6.103515625e-05, 2.28881835938e-05, -2.67028808594e-05, -5.34057617188e-05, -4.57763671875e-05, -2.28881835938e-05, -2.67028808594e-05, 0.116653442383, 1.34925079346]
    mean: [-1136.38977051, 2.60774230957, 1.86480641365, 0.779515028, -0.449263483286, -1.59528386593, -2.44835305214, -2.85161161423, -2.73097157478, -2.1085999012, -1.09889030457, 0.112705752254, 1.30357789993]
    median: [-1136.31994629, 2.69724655151, 1.92881774902, 0.80627822876, -0.464683532715, -1.65003967285, -2.53239059448, -2.9494972229, -2.82471466064, -2.18097686768, -1.13660812378, 0.116577148438, 1.34832382202]
    min: [-1138.42004395, 1.14440917969e-05, -6.103515625e-05, 8.01086425781e-05, -0.464996337891, -1.65117645264, -2.53413009644, -2.95151519775, -2.82664489746, -2.182472229, -1.13738632202, -3.0517578125e-05, -3.81469726562e-05]
    skew: [-5.19814968109, -5.19954156876, -5.19949197769, -5.19947195053, 5.19950866699, 5.19952106476, 5.1995139122, 5.19950437546, 5.19949960709, 5.19951629639, 5.19949960709, -5.19957256317, -5.19949913025]
    var: [0.116091482341, 0.191489323974, 0.0979308634996, 0.0171074550599, 0.005682061892, 0.0716653168201, 0.168795362115, 0.22897438705, 0.210011258721, 0.125198796391, 0.0340024642646, 0.000357884477125, 0.0478544346988]

SpecContrastCoeff:
    dmean: [0.0211815740913, 0.0248663146049, 0.0108994496986, 0.0166973657906, 0.0126582970843, 0.0107897855341]
    dmean2: [0.0283071361482, 0.0383274666965, 0.0172686614096, 0.0299328453839, 0.0200455226004, 0.0173958986998]
    dvar: [0.00138118455652, 0.00198885472491, 0.000221011170652, 0.000187064928468, 0.000449527957244, 0.000170174331288]
    dvar2: [0.00120824342594, 0.00215949397534, 0.000297617953038, 0.000352885166649, 0.000561375287361, 0.000254069949733]
    kurt: [15.6695404053, 17.2461986542, 12.1553964615, 4.85231542587, 13.1440410614, 8.72265052795]
    max: [-0.670396387577, -0.519136071205, -0.860512018204, -0.871754348278, -0.82154917717, -0.845785439014]
    mean: [-0.721603691578, -0.556409299374, -0.879669249058, -0.897068560123, -0.849498391151, -0.876090764999]
    median: [-0.714578866959, -0.548966646194, -0.876623749733, -0.895226716995, -0.846549510956, -0.875848531723]
    min: [-0.94210267067, -0.805120706558, -0.956611990929, -0.957673370838, -0.948368251324, -0.937119662762]
    skew: [-3.86908912659, -4.12067079544, -3.3482568264, -1.40721511841, -3.54229879379, -2.45312380791]
    var: [0.00187993492, 0.00225322158076, 0.000272771256277, 0.000208533543628, 0.000460651528556, 0.000223748400458]

SpecPeakAmp:
    dmean: [1.76662126705e-07, 1.56676912866e-06, 9.30226451601e-06, 5.9653117205e-05, 5.4586223996e-05]
    dmean2: [1.87329121104e-07, 1.67194230016e-06, 1.71436713572e-05, 0.000122077399283, 0.000109206943307]
    dvar: [2.5386696868e-13, 8.91219112398e-11, 8.37973468393e-10, 2.80473622105e-09, 2.83533574397e-09]
    dvar2: [2.5880274486e-13, 9.06568570214e-11, 2.38482233961e-09, 5.18648191061e-09, 6.75539979511e-09]
    kurt: [16.2185211182, 39.0053710938, 15.7454071045, -1.99166750908, -1.39047896862]
    max: [8.55910548125e-06, 6.29373098491e-05, 0.000106936560769, 0.00010700437997, 0.000106996390969]
    mean: [8.28190422908e-06, 1.62575452123e-06, 5.69469284528e-06, 5.11794787599e-05, 3.4237626096e-05]
    median: [8.3825616457e-06, 2.08318894579e-07, 2.22892907686e-07, 1.07112418846e-06, 3.20870412907e-07]
    min: [5.8618602452e-06, 5.0920217376e-08, 1.34274543484e-07, 1.15179069837e-07, 9.43320017655e-08]
    skew: [-4.17045783997, 6.40280628204, 4.16328620911, 0.0909590944648, 0.780692517757]
    var: [2.50323226774e-13, 8.74397221295e-11, 4.95793572863e-10, 2.84012680041e-09, 2.46632292367e-09]
