
metadata:
    version:
        essentia: "2.1-beta3"

Flux:
    dmean: 0.0249997153878
    dmean2: 0.0329072922468
    dvar: 0.00680498220026
    dvar2: 0.0130553869531
    kurt: 9.41686534882
    max: 0.491204410791
    mean: 0.0327190123498
    median: 0.000164882498211
    min: 4.38590177509e-05
    skew: 3.26920080185
    var: 0.011516854167

Rms:
    dmean: 0.0100047057495
    dmean2: 0.00732767302543
    dvar: 0.00128405180294
    dvar2: 0.000581008498557
    kurt: 21.0171947479
    max: 0.353731364012
    mean: 0.341016918421
    median: 0.353343248367
    min: 0.0651136115193
    skew: -4.54941892624
    var: 0.00238785007969

RollOff:
    dmean: 6.85147380829
    dmean2: 6.51003837585
    dvar: 1491.62805176
    dvar2: 1283.95654297
    kurt: 39.0403785706
    max: 1679.58984375
    mean: 1406.83508301
    median: 1399.65820312
    min: 1399.65820312
    skew: 6.37132263184
    var: 1710.45959473

SpecCent:
    dmean: 4.41267824173
    dmean2: 3.86520314217
    dvar: 334.10369873
    dvar2: 295.14151001
    kurt: 38.6125411987
    max: 1528.75732422
    mean: 1397.70959473
    median: 1394.92468262
    min: 1389.78088379
    skew: 6.31713438034
    var: 396.877227783

Zcr:
    dmean: 0.00223055761307
    dmean2: 0.00170330668334
    dvar: 6.03783737461e-05
    dvar2: 4.00251628889e-05
    kurt: 17.6553382874
    max: 0.0634765625
    mean: 0.0606336817145
    median: 0.0634765625
    min: 0.00244140625
    skew: -4.2204618454
    var: 0.000116912960948

HarmonicAmpFreq:
    dmean: [39.2345733643]
    dmean2: [80.1667785645]
    dvar: [5154.49462891]
    dvar2: [14115.0654297]
    kurt: [2.65261554718]
    max: [1401.54699707]
    mean: [1374.48339844]
    median: [1397.15710449]
    min: [1225.18322754]
    skew: [-2.15672302246]
    var: [3412.30419922]

HarmonicAmpMag:
    dmean: [0.180878385901]
    dmean2: [0.370142519474]
    dvar: [0.0572140328586]
    dvar2: [0.104550406337]
    kurt: [-0.886363744736]
    max: [0.497328042984]
    mean: [0.132651746273]
    median: [0]
    min: [0]
    skew: [1.05528926849]
    var: [0.0483579970896]

MfccCoeff:
    dmean: [25.4220352173, 10.1857852936, 5.66731357574, 3.84447407722, 3.24572753906, 3.86417293549, 2.00766396523, 1.73320162296, 2.85563445091, 0.91450637579, 2.58409142494, 1.57121348381, 1.44781827927]
    dmean2: [35.1561431885, 11.5758838654, 6.18148994446, 6.00848722458, 3.16587853432, 4.4176158905, 2.48779630661, 2.62176060677, 3.92765665054, 1.59955155849, 3.0219848156, 2.08342933655, 1.37695264816]
    dvar: [7230.22705078, 262.411193848, 26.9816951752, 79.0054855347, 4.43435049057, 82.9015579224, 24.3366622925, 27.3200874329, 58.4583091736, 0.825890123844, 47.1064071655, 22.172328949, 9.13255310059]
    dvar2: [17987.3574219, 379.153930664, 15.5814208984, 132.557250977, 4.281935215, 102.35874939, 33.9110374451, 41.1778411865, 87.8263626099, 1.05534994602, 63.9340324402, 28.634771347, 9.65861988068]
    kurt: [29.3000411987, 11.8654146194, 2.81832122803, 11.7159538269, -1.04449510574, 11.6123247147, 13.3029174805, 12.3923883438, 11.4002981186, -0.678522348404, 11.9816579819, 12.3175611496, 14.4740333557]
    max: [-635.91027832, 152.661376953, -40.8601646423, -43.4932937622, 18.631942749, 91.4061965942, 46.7774429321, -12.0698852539, -17.6114273071, -0.746757507324, 59.7458763123, 41.3242263794, 1.81274414062]
    mean: [-1033.37426758, 55.7059631348, -78.2968673706, -91.4249801636, 10.5883054733, 84.2626800537, 42.8223609924, -45.3511924744, -65.3919830322, -2.74549770355, 55.1905708313, 38.70936203, -23.043888092]
    median: [-1043.7668457, 55.7711257935, -76.4360198975, -93.4408950806, 9.0845489502, 86.5571365356, 44.0954818726, -47.2980194092, -68.201133728, -2.34066009521, 57.8455314636, 40.5048065186, -23.9858360291]
    min: [-1054.28393555, 39.4305839539, -90.6177368164, -105.029518127, 4.10848617554, 23.3979797363, 7.83690261841, -48.0850219727, -69.9634628296, -4.53754425049, 8.61394882202, 7.01403045654, -25.8225517273]
    skew: [5.40437316895, 3.10964369774, 1.21382749081, 3.53146052361, 0.548748373985, -3.53726482391, -3.75066018105, 3.70931982994, 3.5784304142, -0.729550540447, -3.61818170547, -3.69499826431, 3.79910445213]
    var: [4181.80126953, 391.737731934, 91.3707122803, 123.620727539, 21.8452320099, 174.798629761, 53.7495765686, 55.0812721252, 118.162414551, 0.981975376606, 103.363357544, 47.8184738159, 24.0943412781]

SpecContrastCoeff:
    dmean: [0.0121997380629, 0.0114903310314, 0.012036409229, 0.0231843050569, 0.00955109577626, 0.0115768369287]
    dmean2: [0.01495314762, 0.016190469265, 0.014979599975, 0.0159043502063, 0.0119130704552, 0.0150511460379]
    dvar: [0.000160540337674, 0.000196471242816, 0.000334320502589, 0.00553599698469, 0.000126589540741, 0.000150880587171]
    dvar2: [0.000391710898839, 0.000448900565971, 0.000807459815405, 0.00308715435676, 0.000130973989144, 0.000256166909821]
    kurt: [1.16316175461, 3.59017896652, 5.24742603302, 21.6434211731, 2.99229049683, -0.374147891998]
    max: [-0.913869798183, -0.912238478661, -0.844583570957, -0.147099435329, -0.865788400173, -0.899569451809]
    mean: [-0.966898918152, -0.974617242813, -0.9289675951, -0.18088029325, -0.92570412159, -0.937093377113]
    median: [-0.973170399666, -0.979954898357, -0.933878719807, -0.156088918447, -0.931242406368, -0.944091022015]
    min: [-0.993646085262, -0.986984729767, -0.946671426296, -0.803753316402, -0.939475178719, -0.950200021267]
    skew: [1.22108006477, 1.77667605877, 2.29283022881, -4.60813426971, 1.81440401077, 1.07975637913]
    var: [0.000258538173512, 0.000242850044742, 0.000511563906912, 0.0119366617873, 0.000303989101667, 0.000247745600063]

SpecPeakAmp:
    dmean: [0.00024059106363, 0.000241853762418, 0.0228442568332, 0.0680778697133, 0.0906869769096]
    dmean2: [0.00036632316187, 0.000361282989616, 0.0466304719448, 0.13918992877, 0.185456767678]
    dvar: [9.63551542554e-07, 9.58778059612e-07, 0.010720141232, 0.0290895123035, 0.0367375612259]
    dvar2: [2.47047432822e-06, 2.46390959546e-06, 0.0208336766809, 0.0611479319632, 0.103628568351]
    kurt: [38.6709442139, 38.4317016602, 17.5445556641, 4.12471389771, 4.12470388412]
    max: [0.00478872656822, 0.00479809893295, 0.497327417135, 0.497328042984, 0.497327297926]
    mean: [0.000164134718943, 0.000163649703609, 0.0222839787602, 0.0554383397102, 0.0554485097528]
    median: [4.95461899845e-05, 4.43097487732e-05, 4.7248609917e-05, 5.39542197657e-05, 5.52880119358e-05]
    min: [9.65856997936e-06, 8.51657114254e-06, 1.1682843251e-05, 1.3347013919e-05, 1.5855048332e-05]
    skew: [6.33359575272, 6.30739021301, 4.42079782486, 2.47477340698, 2.47477030754]
    var: [4.93914456001e-07, 4.97462451676e-07, 0.0104965856299, 0.0244085676968, 0.0244064703584]
