
metadata:
    version:
        essentia: "2.1-beta3"

Flux:
    dmean: 0.0132429301739
    dmean2: 0
    dvar: 0
    dvar2: 0
    kurt: -2
    max: 0.297199517488
    mean: 0.290578067303
    median: 0.290578067303
    min: 0.283956587315
    skew: -6.75518094795e-06
    var: 4.38438000856e-05

Rms:
    dmean: 0
    dmean2: 0
    dvar: 0
    dvar2: 0
    kurt: 0
    max: 0.102041140199
    mean: 0.102041140199
    median: 0.102041140199
    min: 0.102041140199
    skew: 0
    var: 0

RollOff:
    dmean: 538.330078125
    dmean2: 0
    dvar: 0
    dvar2: 0
    kurt: -2
    max: 2497.8515625
    mean: 2228.68652344
    median: 2228.68652344
    min: 1959.52148438
    skew: 0
    var: 72449.8203125

SpecCent:
    dmean: 0.046142578125
    dmean2: 0
    dvar: 0
    dvar2: 0
    kurt: -2
    max: 1760.05517578
    mean: 1760.03210449
    median: 1760.03210449
    min: 1760.0090332
    skew: 0
    var: 0.000532284379005

Zcr:
    dmean: 0
    dmean2: 0
    dvar: 0
    dvar2: 0
    kurt: 0
    max: 0.0234375
    mean: 0.0234375
    median: 0.0234375
    min: 0.0234375
    skew: 0
    var: 0

HarmonicAmpFreq:
    dmean: [118.827026367]
    dmean2: [0]
    dvar: [0]
    dvar2: [0]
    kurt: [-2]
    max: [1779.70507812]
    mean: [1720.29150391]
    median: [1720.29150391]
    min: [1660.87805176]
    skew: [3.12905808642e-06]
    var: [3529.96557617]

HarmonicAmpMag:
    dmean: [0.0640185624361]
    dmean2: [0]
    dvar: [0]
    dvar2: [0]
    kurt: [-2]
    max: [0.0640185624361]
    mean: [0.0320092812181]
    median: [0.0320092812181]
    min: [0]
    skew: [0]
    var: [0.0010245940648]

MfccCoeff:
    dmean: [340.48614502, 109.667327881, 15.5765686035, 9.76361465454, 50.9496498108, 28.7564697266, 28.3156433105, 22.9010372162, 14.6497306824, 19.4335041046, 0.502368927002, 9.09355545044, 5.19074821472]
    dmean2: [0, 0, 0, 0, 0, 0, 0, 0, 0, 0, 0, 0, 0]
    dvar: [0, 0, 0, 0, 0, 0, 0, 0, 0, 0, 0, 0, 0]
    dvar2: [0, 0, 0, 0, 0, 0, 0, 0, 0, 0, 0, 0, 0]
    kurt: [-1.99999988079, -2, -2, -2, -1.99999988079, -2, -2, -2, -2, -2, -2, -2, -2]
    max: [-649.286193848, 157.367233276, -111.011566162, -23.9786491394, 83.6839294434, 33.8888931274, -19.0254745483, 7.07145881653, 19.969783783, 8.50403785706, -2.67464828491, 9.03219604492, 0.113599777222]
    mean: [-819.529296875, 102.533569336, -118.799850464, -28.8604564667, 58.2091064453, 19.5106582642, -33.1832962036, -4.37905979156, 12.6449184418, -1.21271419525, -2.92583274841, 4.4854183197, -2.48177433014]
    median: [-819.529296875, 102.533569336, -118.799850464, -28.8604564667, 58.2091064453, 19.5106582642, -33.1832962036, -4.37905979156, 12.6449184418, -1.21271419525, -2.92583274841, 4.4854183197, -2.48177433014]
    min: [-989.772338867, 47.6999015808, -126.588134766, -33.7422637939, 32.7342796326, 5.13242340088, -47.3411178589, -15.8295783997, 5.32005310059, -10.9294662476, -3.17701721191, -0.0613594055176, -5.0771484375]
    skew: [5.57345288144e-07, -9.47715932398e-08, 0, 0, -1.77209784624e-07, 0, 0, 0, 0, 0, 0, 0, 0]
    var: [28982.703125, 3006.73095703, 60.657371521, 23.8320426941, 648.966674805, 206.733642578, 200.443908691, 131.114379883, 53.6536521912, 94.4152679443, 0.0630936324596, 20.6731872559, 6.73596668243]

SpecContrastCoeff:
    dmean: [0.0051863193512, 0.00869935750961, 0.0547918081284, 0.0362524986267, 0.187112122774, 0.0185361504555]
    dmean2: [0, 0, 0, 0, 0, 0]
    dvar: [0, 0, 0, 0, 0, 0]
    dvar2: [0, 0, 0, 0, 0, 0]
    kurt: [-2, -2, -2, -2, -1.99999988079, -2]
    max: [-0.989497423172, -0.97451120615, -0.889240860939, -0.753633320332, -0.499023169279, -0.886540770531]
    mean: [-0.992090582848, -0.978860855103, -0.916636765003, -0.771759569645, -0.592579245567, -0.895808815956]
    median: [-0.992090582848, -0.978860855103, -0.916636765003, -0.771759569645, -0.592579245567, -0.895808815956]
    min: [-0.994683742523, -0.98321056366, -0.944032669067, -0.789885818958, -0.686135292053, -0.905076920986]
    skew: [0, -2.05492324312e-05, 0, 0, 4.97579435432e-07, -9.67499636317e-06]
    var: [6.72447731631e-06, 1.8919705326e-05, 0.000750535575207, 0.000328560912749, 0.00875273626298, 8.5897219833e-05]

SpecPeakAmp:
    dmean: [0.00539195444435, 0.0639440342784, 0.0407945923507, 0.0285096354783, 0.0200224351138]
    dmean2: [0, 0, 0, 0, 0]
    dvar: [0, 0, 0, 0, 0]
    dvar2: [0, 0, 0, 0, 0]
    kurt: [-2, -2, -2, -2, -1.99999988079]
    max: [0.00546465115622, 0.0640185624361, 0.040870167315, 0.0285871643573, 0.0201021935791]
    mean: [0.00276867393404, 0.0320465452969, 0.0204728711396, 0.0143323466182, 0.0100909760222]
    median: [0.00276867393404, 0.0320465452969, 0.0204728711396, 0.0143323466182, 0.0100909760222]
    min: [7.26967045921e-05, 7.45306824683e-05, 7.55743603804e-05, 7.75283187977e-05, 7.97576940386e-05]
    skew: [0, 1.66971133808e-07, 0, -1.17746054684e-07, -1.69957644403e-07]
    var: [7.26829330233e-06, 0.0010222097626, 0.000416049704654, 0.000203199844691, 0.000100224482594]
