
metadata:
    version:
        essentia: "2.1-beta3"

Flux:
    dmean: 5.23245307704e-06
    dmean2: 7.81173366704e-06
    dvar: 3.16151965718e-10
    dvar2: 6.82486456238e-10
    kurt: 14.2070426941
    max: 9.57860247581e-05
    mean: 6.10617007624e-06
    median: 1.52247332608e-06
    min: 3.29707546598e-07
    skew: 3.88413143158
    var: 3.26759619362e-10

Rms:
    dmean: 1.28493877583e-06
    dmean2: 1.18174523323e-06
    dvar: 2.51473772361e-11
    dvar2: 1.88968337506e-11
    kurt: 19.5937175751
    max: 7.73329302319e-05
    mean: 7.58974201744e-05
    median: 7.72616040194e-05
    min: 4.47122256446e-05
    skew: -4.50402736664
    var: 3.31422320143e-11

RollOff:
    dmean: 1.00154435635
    dmean2: 1.025390625
    dvar: 20.5633563995
    dvar2: 21.0285148621
    kurt: 17.0543556213
    max: 2820.84960938
    mean: 2800.29345703
    median: 2799.31640625
    min: 2799.31640625
    skew: 4.36551809311
    var: 20.1182918549

SpecCent:
    dmean: 3.28538894653
    dmean2: 4.4586763382
    dvar: 6.74375152588
    dvar2: 6.24688959122
    kurt: 8.27730941772
    max: 2837.4675293
    mean: 2818.89379883
    median: 2818.57617188
    min: 2814.5534668
    skew: 2.45132493973
    var: 16.2465553284

Zcr:
    dmean: 0.00315679516643
    dmean2: 0.00337146571837
    dvar: 0.000164046883583
    dvar2: 0.00015550351236
    kurt: 17.3803710938
    max: 0.126953125
    mean: 0.123690515757
    median: 0.12646484375
    min: 0.05908203125
    skew: -4.38355398178
    var: 0.000173956388608

HarmonicAmpFreq:
    dmean: [0]
    dmean2: [0]
    dvar: [0]
    dvar2: [0]
    kurt: [nan]
    max: [2797.89086914]
    mean: [2797.89086914]
    median: [2797.89086914]
    min: [2797.89086914]
    skew: [nan]
    var: [0]

HarmonicAmpMag:
    dmean: [0]
    dmean2: [0]
    dvar: [0]
    dvar2: [0]
    kurt: [nan]
    max: [0]
    mean: [0]
    median: [0]
    min: [0]
    skew: [nan]
    var: [0]

MfccCoeff:
    dmean: [0.00338390260004, 0.000926882727072, 0.00439878972247, 0.002648641821, 0.00336899864487, 0.00395876867697, 0.00182324787602, 0.00466989912093, 0, 0.00467060878873, 0.0018221832579, 0.00395983317867, 0.00336651480757]
    dmean2: [0.00386555981822, 0.0010593959596, 0.00502014160156, 0.00302051356994, 0.00384557805955, 0.00451769167557, 0.00208173482679, 0.00533058540896, 0, 0.00533185666427, 0.00208046333864, 0.00452005304396, 0.00384267163463]
    dvar: [0.000115060778626, 8.74403576745e-06, 0.000196044857148, 7.08911320544e-05, 0.000114813177788, 0.000158806229592, 3.36534794769e-05, 0.000220902307774, 0, 0.000220912828809, 3.36288503604e-05, 0.000158773502335, 0.000114823626063]
    dvar2: [9.77421732387e-05, 7.43724422136e-06, 0.000166644123965, 6.02545078436e-05, 9.75476723397e-05, 0.000135010443046, 2.85892074317e-05, 0.000187755649677, 0, 0.000187746321899, 2.85794412775e-05, 0.000134932954097, 9.75880029728e-05]
    kurt: [16.4554824829, 16.441740036, 16.4444389343, 16.4429321289, 16.4432563782, 16.4439182281, 16.4450645447, 16.4438648224, nan, 16.4444923401, 16.44348526, 16.4440288544, 16.4442214966]
    max: [-1138.36315918, 1.14440917969e-05, -6.103515625e-05, 0.0447273254395, 0.0567626953125, 2.28881835938e-05, -2.67028808594e-05, 0.0787506103516, -4.57763671875e-05, -2.28881835938e-05, 0.0307197570801, 0.066780090332, -3.81469726562e-05]
    mean: [-1138.36706543, -0.014591217041, -0.0692152529955, 0.0416651628911, 0.0528713576496, -0.0622163265944, -0.028678547591, 0.0733554139733, -4.57763671875e-05, -0.0734346583486, 0.0286164712161, 0.0622067898512, -0.0529625639319]
    median: [-1138.36437988, -0.0153388977051, -0.07275390625, 0.0437812805176, 0.0555725097656, -0.0653991699219, -0.0301475524902, 0.0771064758301, -4.57763671875e-05, -0.0771865844727, 0.0300788879395, 0.0653877258301, -0.0556678771973]
    min: [-1138.42004395, -0.0156745910645, -0.0742797851562, 8.01086425781e-05, -6.103515625e-05, -0.0667953491211, -0.0307884216309, -5.34057617188e-05, -4.57763671875e-05, -0.0788269042969, -2.67028808594e-05, -3.0517578125e-05, -0.0568542480469]
    skew: [-4.26571512222, 4.26344203949, 4.26386022568, -4.26359462738, -4.26366519928, 4.26377296448, 4.26394987106, -4.26376152039, nan, 4.26386547089, -4.2637052536, -4.2637887001, 4.26382064819]
    var: [0.000135683207191, 1.03120482891e-05, 0.000231253230595, 8.36261242512e-05, 0.000135489884997, 0.000187320169061, 3.96961659135e-05, 0.000260587403318, 0, 0.000260604108917, 3.96737741539e-05, 0.000187308149179, 0.000135445647174]

SpecContrastCoeff:
    dmean: [0.0331684909761, 0.0310350731015, 0.0135971372947, 0.0128226485103, 0.00886472035199, 0.0085532264784]
    dmean2: [0.0511968247592, 0.0518533997238, 0.0224594958127, 0.0191732551903, 0.0108521440998, 0.0132447648793]
    dvar: [0.00119570526294, 0.00042335971375, 0.000194153966731, 0.000250564859016, 0.000528110947926, 0.000108429579996]
    dvar2: [0.00180074444506, 0.000994887552224, 0.000420637661591, 0.000334682612447, 0.000476573011838, 0.000128605373902]
    kurt: [9.52584457397, 3.32420015335, 10.2088279724, 11.7733192444, 18.8483715057, 12.8270378113]
    max: [-0.637120723724, -0.815125048161, -0.882225930691, -0.823527157307, -0.673675775528, -0.86427539587]
    mean: [-0.683483064175, -0.864737510681, -0.908414840698, -0.84470063448, -0.689146280289, -0.876745223999]
    median: [-0.677304506302, -0.861419856548, -0.907423019409, -0.840390920639, -0.684791922569, -0.875503838062]
    min: [-0.847359120846, -0.968902587891, -0.986822605133, -0.936379551888, -0.820474803448, -0.936671733856]
    skew: [-2.8765001297, -1.43084335327, -2.5402867794, -3.34694552422, -4.41036748886, -3.35923576355]
    var: [0.00162441993598, 0.000807371572591, 0.000265275186393, 0.00039116825792, 0.000608286005445, 0.000151872853166]

SpecPeakAmp:
    dmean: [1.11831191418e-07, 1.42743459719e-07, 2.5256497338e-07, 2.73843113519e-07, 3.48637314573e-07]
    dmean2: [1.32913342554e-07, 2.42721057475e-07, 4.97693406487e-07, 5.20773653534e-07, 6.40722134904e-07]
    dvar: [1.32257730158e-13, 3.49307917118e-14, 5.66888963343e-14, 6.65312328342e-14, 7.91988680584e-14]
    dvar2: [1.30752830438e-13, 6.3570581633e-14, 1.14473250215e-13, 1.12707864146e-13, 1.3987929196e-13]
    kurt: [20.4246711731, 0.839047670364, -0.939207077026, -0.23899102211, -1.33033883572]
    max: [8.44051646709e-06, 6.40518294404e-07, 6.15011572336e-07, 8.89871671461e-07, 8.86264331257e-07]
    mean: [8.30172302813e-06, 1.49760182921e-07, 4.32185885302e-07, 3.17124317917e-07, 5.73384852487e-07]
    median: [8.37936204334e-06, 6.64444286258e-08, 5.61303522773e-07, 1.6125301272e-07, 7.5006971656e-07]
    min: [6.28665384284e-06, 1.39740521377e-08, 2.38327420021e-08, 1.16023095131e-07, 3.16866319849e-08]
    skew: [-4.63075447083, 1.61779022217, -0.940857172012, 1.13377571106, -0.712331473827]
    var: [1.36641240857e-13, 3.77104997348e-14, 4.98889463269e-14, 6.82650889484e-14, 9.44078867274e-14]
