
metadata:
    version:
        essentia: "2.1-beta3"

Flux:
    dmean: 0.000124975616927
    dmean2: 0.000165553487022
    dvar: 1.66914162492e-07
    dvar2: 3.29160144474e-07
    kurt: 9.57122421265
    max: 0.00237441970967
    mean: 0.00016264358419
    median: 5.67147344555e-06
    min: 3.14797875944e-06
    skew: 3.29329109192
    var: 2.70901068689e-07

Rms:
    dmean: 4.91242863063e-05
    dmean2: 3.66637905245e-05
    dvar: 3.05926342037e-08
    dvar2: 1.37369022823e-08
    kurt: 20.8917655945
    max: 0.00171446008608
    mean: 0.00165270501748
    median: 0.00171288906131
    min: 0.0003086552897
    skew: -4.5371723175
    var: 5.6873009413e-08

RollOff:
    dmean: 7.83025550842
    dmean2: 7.51158237457
    dvar: 2025.24182129
    dvar2: 1787.50793457
    kurt: 39.2827110291
    max: 3122.31445312
    mean: 2807.44946289
    median: 2799.31640625
    min: 2799.31640625
    skew: 6.39828109741
    var: 2272.82788086

SpecCent:
    dmean: 8.79481124878
    dmean2: 10.0088405609
    dvar: 1451.52001953
    dvar2: 1300.42565918
    kurt: 39.588142395
    max: 3046.56567383
    mean: 2781.87988281
    median: 2776.20874023
    min: 2772.44580078
    skew: 6.43158960342
    var: 1600.3536377

Zcr:
    dmean: 0.00442782323807
    dmean2: 0.00338390260004
    dvar: 0.000238878041273
    dvar2: 0.000161463729455
    kurt: 17.8310279846
    max: 0.126953125
    mean: 0.121278211474
    median: 0.12646484375
    min: 0.0048828125
    skew: -4.23761034012
    var: 0.000464792217826

HarmonicAmpFreq:
    dmean: [0.09679620713]
    dmean2: [0.099047280848]
    dvar: [0.402888804674]
    dvar2: [0.412035286427]
    kurt: [40.0595321655]
    max: [2802.00415039]
    mean: [2797.83886719]
    median: [2797.74511719]
    min: [2797.74511719]
    skew: [6.48675107956]
    var: [0.394140064716]

HarmonicAmpMag:
    dmean: [5.8262386915e-08]
    dmean2: [5.96173279632e-08]
    dvar: [1.45963726132e-13]
    dvar2: [1.49277468099e-13]
    kurt: [40.0227279663]
    max: [2.56354496742e-06]
    mean: [5.69676643636e-08]
    median: [0]
    min: [0]
    skew: [6.48249435425]
    var: [1.42793871345e-13]

MfccCoeff:
    dmean: [0.595930635929, 0.191170439124, 0.748209357262, 0.523580372334, 0.492275595665, 0.722269237041, 0.148568928242, 0.745668411255, 0.204093232751, 0.605330526829, 0.461298674345, 0.358217060566, 0.602574169636]
    dmean2: [0.655974626541, 0.208474099636, 0.823051631451, 0.568577945232, 0.541878640652, 0.77782779932, 0.170028328896, 0.793240010738, 0.200771957636, 0.634581267834, 0.458201378584, 0.372564435005, 0.58504652977]
    dvar: [8.27920055389, 0.862826108932, 13.0700445175, 6.51658773422, 5.66330909729, 12.5734186172, 0.493513375521, 13.6833648682, 0.982072234154, 9.25625038147, 5.17206144333, 3.30373549461, 8.38789463043]
    dvar2: [10.2157526016, 1.03829789162, 16.0987014771, 7.75532341003, 6.98758649826, 14.6374883652, 0.676364541054, 15.4282808304, 0.909187734127, 10.0529098511, 4.911277771, 3.51720905304, 7.50072050095]
    kurt: [30.7883834839, 30.9540710449, 30.8253555298, 31.062587738, 30.8934745789, 31.2567901611, 29.8503952026, 31.4969291687, 31.0779037476, 31.7459640503, 31.4513893127, 32.0494613647, 31.3998603821]
    max: [-1119.87194824, 1.14440917969e-05, -6.103515625e-05, 16.43907547, 15.3501586914, 2.28881835938e-05, -2.67028808594e-05, 23.7924900055, -4.57763671875e-05, -2.28881835938e-05, 15.0534553528, 11.6867218018, -3.81469726562e-05]
    mean: [-1122.31860352, -5.2764544487, -20.2563781738, 14.6001176834, 13.328499794, -20.5493240356, -3.66977000237, 21.8354129791, -6.41329622269, -18.3352928162, 14.5888547897, 11.0879173279, -19.0921154022]
    median: [-1121.86914062, -5.42634963989, -20.8225593567, 15.0174446106, 13.6999816895, -21.1436691284, -3.76331710815, 22.477060318, -6.62050628662, -18.8830184937, 15.0529975891, 11.4205322266, -19.711315155]
    min: [-1138.42004395, -5.98265457153, -23.307094574, 8.01086425781e-05, -6.103515625e-05, -22.8251419067, -4.53959274292, -5.34057617188e-05, -6.62072753906, -19.5484848022, -2.67028808594e-05, -3.0517578125e-05, -19.7118797302]
    skew: [-5.52310037613, 5.55210781097, 5.5275645256, -5.56723308563, -5.53292989731, 5.59359741211, 5.32840824127, -5.62459754944, 5.5897026062, 5.65384626389, -5.62655353546, -5.68388462067, 5.61571645737]
    var: [6.6870970726, 0.716377317905, 10.5772228241, 5.47573661804, 4.57422876358, 10.8154850006, 0.352360278368, 12.1672010422, 1.05690848827, 8.54640865326, 5.43640232086, 3.11053538322, 9.31512069702]

SpecContrastCoeff:
    dmean: [0.0266284830868, 0.0138159254566, 0.011070237495, 0.00919295754284, 0.0162621736526, 0.00652645668015]
    dmean2: [0.0409949868917, 0.0236597452313, 0.0180386062711, 0.0139892250299, 0.0195477884263, 0.0100350910798]
    dvar: [0.00103097921237, 0.000195683387574, 9.22830076888e-05, 5.9506179241e-05, 0.00150990439579, 1.50451323861e-05]
    dvar2: [0.00180007901508, 0.000385859893868, 0.000287466449663, 0.000139790732646, 0.00156502891332, 3.92174260924e-05]
    kurt: [9.9969959259, 2.18095397949, 1.81929445267, 0.0607941150665, 17.3025417328, 3.08427429199]
    max: [-0.700514137745, -0.884473621845, -0.912048339844, -0.915628433228, -0.522600591183, -0.913877248764]
    mean: [-0.769687473774, -0.931272566319, -0.939165651798, -0.93704277277, -0.557349383831, -0.925220489502]
    median: [-0.763598918915, -0.92911195755, -0.939167439938, -0.936702549458, -0.543490409851, -0.924427449703]
    min: [-0.975566148758, -0.988710701466, -0.973941504955, -0.960790276527, -0.874450922012, -0.94824129343]
    skew: [-2.99457478523, -0.758590936661, -0.74027121067, 0.0322625748813, -4.22009658813, -1.33666181564]
    var: [0.00209961622022, 0.000343546853401, 0.000125935359392, 8.1150130427e-05, 0.0036500308197, 4.54523687949e-05]

SpecPeakAmp:
    dmean: [4.68691837341e-07, 2.65388166554e-07, 2.67131042619e-07, 2.0050266869e-07, 2.17907142996e-07]
    dmean2: [6.07263132224e-07, 4.21096984837e-07, 4.47477731313e-07, 3.63834601558e-07, 3.45272098912e-07]
    dvar: [1.46861689476e-12, 1.40038750995e-13, 1.76302548949e-13, 1.35992061254e-13, 2.01409039186e-13]
    dvar2: [1.45325841205e-12, 3.3860498498e-13, 4.38532483981e-13, 2.94179800962e-13, 5.29059651991e-13]
    kurt: [32.4012069702, 24.516254425, 29.5728645325, 15.1409416199, 31.6339416504]
    max: [8.79380149854e-06, 2.38608072323e-06, 2.65889912043e-06, 2.69036740974e-06, 2.6735440315e-06]
    mean: [8.14593386167e-06, 4.60483505549e-07, 5.07178981479e-07, 4.40345644392e-07, 3.57718420219e-07]
    median: [8.38594496599e-06, 3.77673245566e-07, 4.65455514131e-07, 3.36999363526e-07, 2.85979837145e-07]
    min: [2.04171385576e-07, 1.30574349555e-07, 1.82570317975e-07, 1.64737670616e-07, 1.23835704358e-07]
    skew: [-5.6343998909, 4.57827711105, 5.20609760284, 3.98532176018, 5.48961305618]
    var: [1.58253748647e-12, 1.05561664011e-13, 1.21033635588e-13, 2.37394630863e-13, 1.3591412067e-13]
