
metadata:
    version:
        essentia: "2.1-beta3"

Flux:
    dmean: 0.00280011002906
    dmean2: 0.00371294165961
    dvar: 8.38131963974e-05
    dvar2: 0.00016497958859
    kurt: 9.55997562408
    max: 0.0531560592353
    mean: 0.00356349884532
    median: 4.11406908825e-05
    min: 9.64476657828e-06
    skew: 3.29179620743
    var: 0.00013632014452

Rms:
    dmean: 0.00109935749788
    dmean2: 0.000819735752884
    dvar: 1.53259388753e-05
    dvar2: 6.88347972755e-06
    kurt: 20.8847179413
    max: 0.038377545774
    mean: 0.0369958058
    median: 0.0383452922106
    min: 0.00691588455811
    skew: -4.53650474548
    var: 2.84916204691e-05

RollOff:
    dmean: 7.83025550842
    dmean2: 7.51158237457
    dvar: 2025.24182129
    dvar2: 1787.50793457
    kurt: 39.2827110291
    max: 3122.31445312
    mean: 2807.44946289
    median: 2799.31640625
    min: 2799.31640625
    skew: 6.39828109741
    var: 2272.82788086

SpecCent:
    dmean: 8.80819988251
    dmean2: 9.94133281708
    dvar: 1435.47265625
    dvar2: 1286.8059082
    kurt: 39.5826301575
    max: 3045.20532227
    mean: 2781.77246094
    median: 2776.04833984
    min: 2772.34667969
    skew: 6.43095541
    var: 1585.34130859

Zcr:
    dmean: 0.00442782323807
    dmean2: 0.00338390260004
    dvar: 0.000238878041273
    dvar2: 0.000161463729455
    kurt: 17.8310279846
    max: 0.126953125
    mean: 0.121278211474
    median: 0.12646484375
    min: 0.0048828125
    skew: -4.23761034012
    var: 0.000464792217826

HarmonicAmpFreq:
    dmean: [0.0937832891941]
    dmean2: [0.0959642976522]
    dvar: [0.37819814682]
    dvar2: [0.386784136295]
    kurt: [40.0600280762]
    max: [2801.86962891]
    mean: [2797.83398438]
    median: [2797.74316406]
    min: [2797.74316406]
    skew: [6.48680925369]
    var: [0.369985610247]

HarmonicAmpMag:
    dmean: [1.30638898099e-06]
    dmean2: [1.33677008307e-06]
    dvar: [7.33860403002e-11]
    dvar2: [7.50520687265e-11]
    kurt: [40.0227279663]
    max: [5.74811128899e-05]
    mean: [1.2773580238e-06]
    median: [0]
    min: [0]
    skew: [6.48249340057]
    var: [7.17923151483e-11]

MfccCoeff:
    dmean: [8.38700962067, 2.1870174408, 3.7540204525, 0.928604483604, 0.610738992691, 0.916969358921, 0.208476155996, 0.995397746563, 0.368408888578, 0.85375058651, 0.767008185387, 0.518069028854, 1.00780582428]
    dmean2: [12.4833555222, 3.23724603653, 5.26991939545, 1.10460019112, 0.507994174957, 0.738758444786, 0.205099731684, 0.666698873043, 0.21513672173, 0.569887936115, 0.623137652874, 0.379588723183, 0.928510904312]
    dvar: [1472.13525391, 101.222419739, 303.489471436, 26.5561847687, 9.7307434082, 21.5059757233, 1.02474558353, 19.6111812592, 1.9495395422, 12.9348173141, 9.49886131287, 4.5326628685, 16.7047233582]
    dvar2: [3638.89892578, 247.100036621, 678.608947754, 37.8212394714, 6.43151569366, 11.5897884369, 1.12921500206, 7.72453546524, 1.01574110985, 7.84892511368, 7.27694511414, 2.95409417152, 14.9197883606]
    kurt: [37.4247398376, 35.8713302612, 23.5720176697, 36.0886878967, 36.9901847839, 35.7437820435, 31.3977851868, 30.1327896118, 23.3891601562, 24.568353653, 21.6972560883, 24.1065921783, 20.5123844147]
    max: [-936.388427734, -0.995471954346, -4.16687011719, 36.919719696, 29.7805366516, -3.94396209717, -1.14222335815, 46.3161849976, -0.728126525879, -3.77328491211, 30.829082489, 23.7760715485, -3.22897338867]
    mean: [-1101.66967773, -11.79737854, -42.8848190308, 30.1266841888, 27.1389465332, -41.9605560303, -7.36857891083, 44.3677787781, -13.2028112411, -37.0120429993, 29.6965866089, 22.1862506866, -38.6699371338]
    median: [-1104.79333496, -11.0594062805, -42.2729301453, 30.5921058655, 27.7195320129, -43.0255393982, -7.43663787842, 45.6475296021, -13.717666626, -38.2005844116, 30.8289756775, 22.8792362213, -40.1749534607]
    min: [-1135.15185547, -54.0565109253, -104.596939087, 2.7689704895, 2.90872192383, -43.526714325, -9.59468841553, 4.28853607178, -13.7177429199, -39.003944397, 2.29034042358, 2.57182312012, -40.1750450134]
    skew: [6.12892150879, -5.89001989365, -3.05425286293, -5.9250369072, -6.14473056793, 6.03709840775, 5.156270504, -5.50660276413, 4.81389570236, 5.00889825821, -4.70593452454, -4.96671199799, 4.5956864357]
    var: [641.038085938, 42.7903709412, 118.359352112, 17.8793888092, 13.8444719315, 34.6477050781, 0.993514001369, 41.9587402344, 4.63132190704, 32.4589996338, 23.7193851471, 11.4413108826, 41.2599754333]

SpecContrastCoeff:
    dmean: [0.0410992987454, 0.00735417287797, 0.0088575836271, 0.0115350568667, 0.02312303707, 0.0119758369401]
    dmean2: [0.06988389045, 0.0116331269965, 0.0133709870279, 0.0185267627239, 0.0277499128133, 0.0198218021542]
    dvar: [0.000989274587482, 3.13781747536e-05, 5.0651604397e-05, 6.5933309088e-05, 0.00246266298927, 7.73482315708e-05]
    dvar2: [0.00164935656358, 6.90219021635e-05, 6.37218690827e-05, 5.90168820054e-05, 0.00209454679862, 0.000137394483318]
    kurt: [-0.350238084793, 1.31737756729, 12.6001710892, 4.28587198257, 18.3380374908, -0.979178667068]
    max: [-0.812000632286, -0.965553581715, -0.923497974873, -0.8955540061, -0.372170120478, -0.916926026344]
    mean: [-0.894183456898, -0.986687958241, -0.983153045177, -0.948497235775, -0.421703010798, -0.938928842545]
    median: [-0.909527957439, -0.988224804401, -0.985401153564, -0.949009001255, -0.408086240292, -0.940514087677]
    min: [-0.982184350491, -0.994583666325, -0.991833090782, -0.961917698383, -0.841288506985, -0.949051678181]
    skew: [0.0412372872233, 1.20310974121, 3.10403776169, 1.79334974289, -4.29318141937, 0.575773537159]
    var: [0.00144303892739, 4.39926516265e-05, 0.000137172042741, 0.000195119821001, 0.00606072088704, 0.000101252138847]

SpecPeakAmp:
    dmean: [4.41561269326e-06, 3.63171034223e-06, 3.46182218891e-06, 3.09859547087e-06, 3.6418189211e-06]
    dmean2: [4.85136797579e-06, 5.77441096539e-06, 5.60615626455e-06, 4.62681236968e-06, 5.91103389525e-06]
    dvar: [7.17780904158e-11, 6.06915698254e-11, 5.38670219541e-11, 4.01774169489e-11, 7.00372468354e-11]
    dvar2: [1.75841091687e-10, 1.62615712562e-10, 1.46439693705e-10, 5.52542213372e-11, 1.90384333298e-10]
    kurt: [14.7740688324, 32.5144882202, 30.7422943115, 18.0473957062, 31.7576599121]
    max: [5.20496141689e-05, 4.29660940426e-05, 4.32639972132e-05, 5.74811128899e-05, 4.89800513606e-05]
    mean: [1.69271443156e-05, 4.74150692753e-06, 4.85795362692e-06, 5.90180934523e-06, 5.06296782987e-06]
    median: [1.5442376025e-05, 4.53233951703e-06, 4.55376402897e-06, 4.52275344287e-06, 4.51048163086e-06]
    min: [4.51714595329e-06, 9.72396492216e-07, 1.06987863546e-06, 1.06416086965e-06, 1.10003418285e-06]
    skew: [3.07784700394, 5.58985805511, 5.40209388733, 4.35056352615, 5.53743171692]
    var: [4.41415098917e-11, 3.6568043732e-11, 3.7896061289e-11, 9.84034659313e-11, 4.8823556309e-11]
