
metadata:
    version:
        essentia: "2.1-beta3"

Flux:
    dmean: 0.025102859363
    dmean2: 0.0333126783371
    dvar: 0.00679588131607
    dvar2: 0.0130715826526
    kurt: 9.37979507446
    max: 0.489855080843
    mean: 0.0328184664249
    median: 0.000365982879885
    min: 6.98661242495e-05
    skew: 3.26501893997
    var: 0.0114947278053

Rms:
    dmean: 0.0100887501612
    dmean2: 0.00753543386236
    dvar: 0.0012966170907
    dvar2: 0.000585087516811
    kurt: 21.0784702301
    max: 0.353645086288
    mean: 0.340979784727
    median: 0.353354275227
    min: 0.0637691393495
    skew: -4.55536031723
    var: 0.00240666279569

RollOff:
    dmean: 7.83025550842
    dmean2: 7.51158237457
    dvar: 2025.24182129
    dvar2: 1787.50793457
    kurt: 39.2827110291
    max: 3122.31445312
    mean: 2807.44946289
    median: 2799.31640625
    min: 2799.31640625
    skew: 6.39828109741
    var: 2272.82788086

SpecCent:
    dmean: 8.8301115036
    dmean2: 9.87224674225
    dvar: 1423.98046875
    dvar2: 1278.03527832
    kurt: 39.578540802
    max: 3044.29833984
    mean: 2781.75634766
    median: 2775.93383789
    min: 2772.3359375
    skew: 6.43048334122
    var: 1574.71252441

Zcr:
    dmean: 0.00442782323807
    dmean2: 0.00338390260004
    dvar: 0.000238878041273
    dvar2: 0.000161463729455
    kurt: 17.8310279846
    max: 0.126953125
    mean: 0.121278211474
    median: 0.12646484375
    min: 0.0048828125
    skew: -4.23761034012
    var: 0.000464792217826

HarmonicAmpFreq:
    dmean: [0.0868252813816]
    dmean2: [0.0888444781303]
    dvar: [0.324161052704]
    dvar2: [0.331520289183]
    kurt: [40.0533409119]
    max: [2801.56323242]
    mean: [2797.82714844]
    median: [2797.74291992]
    min: [2797.74291992]
    skew: [6.48603439331]
    var: [0.317121773958]

HarmonicAmpMag:
    dmean: [1.20545364553e-05]
    dmean2: [1.23348745547e-05]
    dvar: [6.24841023367e-09]
    dvar2: [6.39026254134e-09]
    kurt: [40.0227279663]
    max: [0.000530399614945]
    mean: [1.17866584333e-05]
    median: [0]
    min: [0]
    skew: [6.48249340057]
    var: [6.11271389062e-09]

MfccCoeff:
    dmean: [30.8384628296, 14.5471487045, 3.26952362061, 8.17098236084, 2.73213005066, 3.75640797615, 1.53300249577, 3.07746481895, 1.42994570732, 2.12505316734, 2.2512793541, 1.23047530651, 1.88242137432]
    dmean2: [47.6516265869, 23.8380432129, 5.44659566879, 13.8619270325, 4.15264558792, 5.85701465607, 2.24287939072, 4.29544353485, 2.31596684456, 3.06560134888, 2.98935174942, 1.88649201393, 2.34062504768]
    dvar: [6300.44482422, 131.751113892, 50.2328605652, 36.6927185059, 28.5576343536, 35.1250991821, 2.18220210075, 36.3032798767, 2.78478217125, 23.3714885712, 15.8493509293, 6.73563051224, 28.370847702]
    dvar2: [15297.5029297, 117.60660553, 89.1257858276, 37.4127044678, 47.5853996277, 54.6612510681, 5.18412542343, 42.1101112366, 3.03993201256, 32.9795303345, 17.8152809143, 10.2726144791, 30.9882125854]
    kurt: [25.1371364594, 0.537161111832, 22.5992527008, -0.399825334549, 10.5478553772, 10.5576972961, 6.79163837433, 14.0737018585, 9.49590778351, 12.5491504669, 13.3721580505, 12.5243854523, 15.8128395081]
    max: [-695.394104004, 5.16076278687, -60.9048271179, 61.9960632324, 57.5944404602, -29.5463829041, -4.00445175171, 68.133895874, -5.5513381958, -13.9295196533, 38.7884178162, 27.8895816803, -3.37801361084]
    mean: [-1040.6295166, -13.3300046921, -91.517791748, 51.5645446777, 50.4551963806, -64.8392562866, -11.6809844971, 59.3163566589, -17.0693626404, -44.1923980713, 34.7768592834, 25.0471191406, -43.0396308899]
    median: [-1056.87011719, -18.5283699036, -91.4983215332, 50.657043457, 52.31798172, -65.9908752441, -11.3140182495, 60.7950439453, -18.1197814941, -45.501411438, 35.840877533, 25.8860111237, -44.8711357117]
    min: [-1077.89611816, -58.0925712585, -107.50138092, 30.1473579407, 22.1879177094, -70.3273010254, -16.4818649292, 16.4112491608, -18.7606658936, -51.6823730469, 5.59703445435, 8.78886413574, -46.7373313904]
    skew: [4.97311973572, -0.593032062054, 3.53559732437, -0.374795258045, -3.38744997978, 3.34878754616, 1.42262852192, -3.78079915047, 3.10428190231, 3.62731647491, -3.7296538353, -3.65377736092, 4.05437040329]
    var: [3420.43774414, 178.28678894, 28.6324157715, 59.2450523376, 46.0509757996, 64.6672592163, 3.09724402428, 74.8315505981, 6.93821668625, 41.815700531, 36.011390686, 12.3631343842, 59.4612426758]

SpecContrastCoeff:
    dmean: [0.0145139368251, 0.00828598439693, 0.0102266045287, 0.0138958897442, 0.0271097831428, 0.0137328542769]
    dmean2: [0.0241140369326, 0.0141802607104, 0.0154258869588, 0.0229467581958, 0.0272008124739, 0.0229988992214]
    dvar: [0.000121131146443, 8.39980857563e-05, 7.19919771655e-05, 0.000125794947962, 0.00410413648933, 0.000111419518362]
    dvar2: [0.000308181537548, 0.000219948866288, 0.000103766389657, 0.000135506983497, 0.00295424903743, 0.000238894179347]
    kurt: [0.562931060791, 8.39087963104, 11.7719774246, 5.4768819809, 18.997095108, -0.526306152344]
    max: [-0.932499349117, -0.950402855873, -0.910118341446, -0.86847281456, -0.230020552874, -0.901884019375]
    mean: [-0.969753444195, -0.991033792496, -0.981405317783, -0.936951696873, -0.283057749271, -0.929530501366]
    median: [-0.974989414215, -0.994336843491, -0.98533397913, -0.938680052757, -0.264139175415, -0.931784808636]
    min: [-0.991756618023, -0.996934771538, -0.991128087044, -0.953059673309, -0.804026067257, -0.940618395805]
    skew: [1.02378928661, 2.65702748299, 3.10743331909, 2.0774936676, -4.33214139938, 0.778917491436]
    var: [0.000144203208038, 7.69925827626e-05, 0.000206206939765, 0.000319886195939, 0.00897329300642, 0.000131360822706]

SpecPeakAmp:
    dmean: [3.47399218299e-05, 3.32653544319e-05, 3.21819570672e-05, 3.12901793222e-05, 3.4332388168e-05]
    dmean2: [5.29514945811e-05, 5.14763196406e-05, 5.04587551404e-05, 4.14912647102e-05, 5.3772899264e-05]
    dvar: [4.29646762612e-09, 3.98929467238e-09, 3.57909168969e-09, 3.35281402641e-09, 4.86948703582e-09]
    dvar2: [1.0729021227e-08, 9.91497639546e-09, 9.02750407761e-09, 3.4439358032e-09, 1.25699806119e-08]
    kurt: [20.409029007, 20.0309810638, 19.1951847076, 16.9844589233, 22.1663513184]
    max: [0.000342984305462, 0.000337435689289, 0.000344054715242, 0.000530399614945, 0.000402817677241]
    mean: [5.18083070347e-05, 4.35005495092e-05, 4.46669437224e-05, 5.45225666428e-05, 4.67898025818e-05]
    median: [4.45209079771e-05, 4.00061726396e-05, 4.0200236981e-05, 4.04738093494e-05, 4.03234589612e-05]
    min: [1.02071835499e-05, 6.91497552907e-06, 7.75725766289e-06, 8.69610630616e-06, 9.22400067793e-06]
    skew: [4.36499261856, 4.36832332611, 4.22655200958, 4.13018417358, 4.55169153214]
    var: [2.70110511735e-09, 2.80151346566e-09, 2.93255775219e-09, 8.15842149393e-09, 3.83284737282e-09]
