
metadata:
    version:
        essentia: "2.1-beta3"

Flux:
    dmean: 0.0131880640984
    dmean2: 0
    dvar: 0
    dvar2: 0
    kurt: -1.99999988079
    max: 0.296344608068
    mean: 0.289750576019
    median: 0.289750576019
    min: 0.28315654397
    skew: 0
    var: 4.34812573076e-05

Rms:
    dmean: 0
    dmean2: 0
    dvar: 0
    dvar2: 0
    kurt: 0
    max: 0.101794540882
    mean: 0.101794540882
    median: 0.101794540882
    min: 0.101794540882
    skew: 0
    var: 0

RollOff:
    dmean: 882.861328125
    dmean2: 0
    dvar: 0
    dvar2: 0
    kurt: -2
    max: 2627.05078125
    mean: 2185.62011719
    median: 2185.62011719
    min: 1744.18945312
    skew: 0
    var: 194861.03125

SpecCent:
    dmean: 45.3017578125
    dmean2: 0
    dvar: 0
    dvar2: 0
    kurt: -2
    max: 2259.80126953
    mean: 2237.15039062
    median: 2237.15039062
    min: 2214.49951172
    skew: 0
    var: 513.062316895

Zcr:
    dmean: 0.00048828125
    dmean2: 0
    dvar: 0
    dvar2: 0
    kurt: -2
    max: 0.017578125
    mean: 0.017333984375
    median: 0.017333984375
    min: 0.01708984375
    skew: 0
    var: 5.96046447754e-08

HarmonicAmpFreq:
    dmean: [0]
    dmean2: [0]
    dvar: [0]
    dvar2: [0]
    kurt: [nan]
    max: [2357.37719727]
    mean: [2357.37719727]
    median: [2357.37719727]
    min: [2357.37719727]
    skew: [nan]
    var: [0]

HarmonicAmpMag:
    dmean: [0]
    dmean2: [0]
    dvar: [0]
    dvar2: [0]
    kurt: [nan]
    max: [0]
    mean: [0]
    median: [0]
    min: [0]
    skew: [nan]
    var: [0]

MfccCoeff:
    dmean: [293.737060547, 124.351417542, 46.9110183716, 57.8459777832, 15.0555782318, 0.126022338867, 5.06575775146, 7.92019844055, 1.55881690979, 1.79748153687, 1.04299163818, 2.82617950439, 1.26865005493]
    dmean2: [0, 0, 0, 0, 0, 0, 0, 0, 0, 0, 0, 0, 0]
    dvar: [0, 0, 0, 0, 0, 0, 0, 0, 0, 0, 0, 0, 0]
    dvar2: [0, 0, 0, 0, 0, 0, 0, 0, 0, 0, 0, 0, 0]
    kurt: [-2, -2, -2, -2, -2, -2, -2, -2, -2, -2, -2, -1.99999988079, -2]
    max: [-593.145874023, 170.271026611, -78.4773254395, -13.6332473755, 26.265417099, -2.99509429932, -12.8326950073, 11.6975345612, 6.75741386414, -3.50159454346, 0.138423919678, 5.69174957275, -0.149055480957]
    mean: [-740.014404297, 108.095321655, -101.932830811, -42.5562362671, 18.7376289368, -3.05810546875, -15.3655738831, 7.73743534088, 5.97800540924, -4.40033531189, -0.383071899414, 4.27865982056, -0.783380508423]
    median: [-740.014404297, 108.095321655, -101.932830811, -42.5562362671, 18.7376289368, -3.05810546875, -15.3655738831, 7.73743534088, 5.97800540924, -4.40033531189, -0.383071899414, 4.27865982056, -0.783380508423]
    min: [-886.88293457, 45.9196090698, -125.388343811, -71.4792251587, 11.2098388672, -3.12111663818, -17.8984527588, 3.77733612061, 5.19859695435, -5.29907608032, -0.904567718506, 2.86557006836, -1.41770553589]
    skew: [0, -1.95019950411e-07, -4.91902255817e-07, 0, -3.57699008191e-07, 0, 0, 0, 0, 0, 0, 0, 0]
    var: [21570.3652344, 3865.81884766, 550.160888672, 836.539306641, 56.6676101685, 0.00397040741518, 6.4154753685, 15.6823854446, 0.607477545738, 0.807734966278, 0.2719579041, 1.9968225956, 0.402368247509]

SpecContrastCoeff:
    dmean: [0.0377303361893, 0.0646074414253, 0.116494834423, 0.0599194169044, 0.150370776653, 0.036561191082]
    dmean2: [0, 0, 0, 0, 0, 0]
    dvar: [0, 0, 0, 0, 0, 0]
    dvar2: [0, 0, 0, 0, 0, 0]
    kurt: [-1.99999988079, -2, -2, -2, -2, -2]
    max: [-0.898567855358, -0.823479473591, -0.868892192841, -0.851646184921, -0.57762414217, -0.902437150478]
    mean: [-0.917433023453, -0.855783224106, -0.927139639854, -0.881605863571, -0.652809500694, -0.920717716217]
    median: [-0.917433023453, -0.855783224106, -0.927139639854, -0.881605863571, -0.652809500694, -0.920717716217]
    min: [-0.936298191547, -0.888086915016, -0.985387027264, -0.911565601826, -0.727994918823, -0.93899834156]
    skew: [0, 2.75196362054e-06, 1.54635586114e-06, -2.97625479107e-06, -1.19836158774e-06, -4.9129580475e-06]
    var: [0.000355894560926, 0.00104353041388, 0.0033927615732, 0.000897584133781, 0.00565284257755, 0.000334180193022]

SpecPeakAmp:
    dmean: [0.00186881690752, 0.000368031673133, 0.000139807583764, 0.000172070926055, 0.000919127138332]
    dmean2: [0, 0, 0, 0, 0]
    dvar: [0, 0, 0, 0, 0]
    dvar2: [0, 0, 0, 0, 0]
    kurt: [-2, -2, -2, -2, -2]
    max: [0.00227898336016, 0.00273737683892, 0.00280521647073, 0.00311980210245, 0.00390342064202]
    mean: [0.00134457484819, 0.00255336100236, 0.00273531256244, 0.003033766523, 0.00344385718927]
    median: [0.00134457484819, 0.00255336100236, 0.00273531256244, 0.003033766523, 0.00344385718927]
    min: [0.000410166452639, 0.00236934516579, 0.00266540888697, 0.00294773117639, 0.00298429350369]
    skew: [2.04122656555e-07, 0, 4.99906309415e-06, 4.08591176893e-06, -7.50659069126e-07]
    var: [8.73119176958e-07, 3.38618271201e-08, 4.88654006148e-09, 7.40210115424e-09, 2.11198681654e-07]
