
metadata:
    version:
        essentia: "2.1-beta3"

Flux:
    dmean: 5.03254568684e-06
    dmean2: 7.44948420106e-06
    dvar: 3.25356408482e-10
    dvar2: 7.08910818936e-10
    kurt: 14.4151821136
    max: 9.66835141298e-05
    mean: 5.83166138313e-06
    median: 1.06333402528e-06
    min: 6.57353723454e-07
    skew: 3.90540790558
    var: 3.31471017301e-10

Rms:
    dmean: 1.881631988e-06
    dmean2: 2.22438461606e-06
    dvar: 2.38080076487e-11
    dvar2: 1.75722925794e-11
    kurt: 19.2897071838
    max: 7.82158313086e-05
    mean: 7.58951791795e-05
    median: 7.71603663452e-05
    min: 4.47160382464e-05
    skew: -4.4539899826
    var: 3.33722632861e-11

RollOff:
    dmean: 0.500772178173
    dmean2: 0.5126953125
    dvar: 10.5324554443
    dvar2: 10.7771167755
    kurt: 39.023223877
    max: 215.33203125
    mean: 194.288223267
    median: 193.798828125
    min: 193.798828125
    skew: 6.40493679047
    var: 10.2986516953

SpecCent:
    dmean: 8.95062732697
    dmean2: 13.6068811417
    dvar: 248.299667358
    dvar2: 262.347991943
    kurt: 31.0706596375
    max: 591.422973633
    mean: 487.745239258
    median: 485.287750244
    min: 476.781677246
    skew: 5.44828748703
    var: 277.831481934

Zcr:
    dmean: 0.000454215129139
    dmean2: 0.000697544659488
    dvar: 6.47559943445e-07
    dvar2: 4.6710582069e-07
    kurt: 15.2739143372
    max: 0.00830078125
    mean: 0.0079456679523
    median: 0.00830078125
    min: 0.00341796875
    skew: -3.96601128578
    var: 8.492426673e-07

HarmonicAmpFreq:
    dmean: [0.0975753441453]
    dmean2: [0.112909950316]
    dvar: [0.183146089315]
    dvar2: [0.188491821289]
    kurt: [35.7054252625]
    max: [181.408569336]
    mean: [178.671798706]
    median: [178.618408203]
    min: [178.049560547]
    skew: [5.94043302536]
    var: [0.18173789978]

HarmonicAmpMag:
    dmean: [2.83417875835e-06]
    dmean2: [2.89394233732e-06]
    dvar: [1.68432504055e-10]
    dvar2: [1.66615249375e-10]
    kurt: [23.5411071777]
    max: [0.000104958358861]
    mean: [0.000102144294942]
    median: [0.000104910359369]
    min: [2.72846737062e-05]
    skew: [-4.91889953613]
    var: [1.70361197371e-10]

MfccCoeff:
    dmean: [0.113386288285, 0.156243607402, 0.144161492586, 0.124794185162, 0.0992463603616, 0.0689551755786, 0.0356672406197, 0.00145331094973, 0.032866012305, 0.0642742812634, 0.091611109674, 0.113535501063, 0.129062205553]
    dmean2: [0.116126649082, 0.160002931952, 0.147614985704, 0.127754569054, 0.101556323469, 0.0705025047064, 0.0364368967712, 0.00161416188348, 0.0338697880507, 0.0660176947713, 0.0939968675375, 0.116413660347, 0.132260635495]
    dvar: [0.287523716688, 0.546081781387, 0.465110957623, 0.348836392164, 0.220957815647, 0.106981776655, 0.0287846513093, 4.62406351289e-05, 0.0236090421677, 0.0913410633802, 0.186335012317, 0.286934643984, 0.371565341949]
    dvar2: [0.290892660618, 0.552490830421, 0.47055003047, 0.352881371975, 0.22348061204, 0.108165808022, 0.0290708336979, 4.3576965254e-05, 0.0239388383925, 0.0925202220678, 0.188664227724, 0.290445655584, 0.376033931971]
    kurt: [25.1680793762, 25.1776752472, 25.1923522949, 25.220664978, 25.2725219727, 25.3767280579, 25.6764392853, 37.5618133545, 24.4733695984, 24.8143310547, 24.9425048828, 25.0227146149, 25.0882873535]
    max: [-1135.18603516, 4.45704269409, 4.11404418945, 3.5643196106, 2.8385925293, 1.97800445557, 1.03010940552, 0.0475616455078, -4.57763671875e-05, -2.28881835938e-05, -2.67028808594e-05, -3.0517578125e-05, -3.81469726562e-05]
    mean: [-1135.29772949, 4.30339622498, 3.97229480743, 3.44164299965, 2.74097728729, 1.91008174419, 0.994893848896, 0.0458339340985, -0.885837733746, -1.75098419189, -2.50548148155, -3.112647295, -3.54534554482]
    median: [-1135.18701172, 4.45580673218, 4.11294555664, 3.56343460083, 2.83786773682, 1.97744750977, 1.02979660034, 0.0470809936523, -0.91764831543, -1.81341934204, -2.59461593628, -3.22319793701, -3.67109298706]
    min: [-1138.42004395, 1.14440917969e-05, -6.103515625e-05, 8.01086425781e-05, -6.103515625e-05, 2.28881835938e-05, -2.67028808594e-05, -5.34057617188e-05, -0.918258666992, -1.81430053711, -2.59566879272, -3.22438049316, -3.67231750488]
    skew: [-5.06284809113, -5.06403064728, -5.065325737, -5.06783103943, -5.07242774963, -5.08166790009, -5.10828065872, -6.24079942703, 5.00181436539, 5.03189182281, 5.04321861267, 5.05031108856, 5.05611276627]
    var: [0.28416955471, 0.539711594582, 0.459710508585, 0.34482973814, 0.218466937542, 0.105821758509, 0.0285114962608, 4.98458175571e-05, 0.0232692658901, 0.090145714581, 0.183989420533, 0.283413171768, 0.367100715637]

SpecContrastCoeff:
    dmean: [0.0219222232699, 0.0141476672143, 0.0121053596959, 0.0122422743589, 0.00910537596792, 0.00702855177224]
    dmean2: [0.027048451826, 0.0241286121309, 0.01751591824, 0.0156979952008, 0.0119191305712, 0.00952413678169]
    dvar: [0.00214228662662, 9.99502881314e-05, 0.000143287295941, 0.00048628388322, 0.000292436714517, 0.000172572079464]
    dvar2: [0.00168295297772, 0.000245448609348, 0.000208770725294, 0.000448330072686, 0.000273781042779, 0.000169526334503]
    kurt: [13.1872901917, 1.32781124115, 10.5380296707, 16.4092025757, 15.5226306915, 16.1595993042]
    max: [-0.538900911808, -0.869914531708, -0.883200585842, -0.820096433163, -0.847030818462, -0.849194705486]
    mean: [-0.574155092239, -0.914141237736, -0.900620400906, -0.838115334511, -0.861299872398, -0.869889676571]
    median: [-0.560447752476, -0.913735687733, -0.89725625515, -0.831390500069, -0.857677280903, -0.867414414883]
    min: [-0.834712922573, -0.943083882332, -0.97229385376, -0.965641260147, -0.951891303062, -0.946437180042]
    skew: [-3.77191877365, 0.551128804684, -2.68424797058, -3.90487194061, -4.04090738297, -3.94540190697]
    var: [0.00338137918152, 0.000181348746992, 0.000214678701013, 0.000587372516748, 0.000356848322554, 0.000224388189963]

SpecPeakAmp:
    dmean: [2.6989852131e-07, 2.83417875835e-06, 1.20544783044e-07, 8.64375166998e-08, 9.22775313938e-08]
    dmean2: [4.40552298642e-07, 2.89394233732e-06, 1.2840700947e-07, 1.13415353553e-07, 1.38621999213e-07]
    dvar: [1.13195849992e-13, 1.68432504055e-10, 1.17740927143e-13, 1.0379160232e-13, 4.87761279934e-14]
    dvar2: [1.28773741345e-13, 1.66615249375e-10, 1.11317842422e-13, 1.07769966996e-13, 5.28881714085e-14]
    kurt: [11.2604589462, 23.5411071777, 19.3167686462, 37.9831008911, 33.1230010986]
    max: [8.66282789502e-06, 0.000104958358861, 2.18710238187e-06, 2.26340284826e-06, 1.56690066433e-06]
    mean: [8.31143552205e-06, 0.000102144294942, 2.76109517472e-07, 1.66487410524e-07, 1.7594162216e-07]
    median: [8.35472746985e-06, 0.000104910359369, 1.89538070572e-07, 1.1596895888e-07, 1.30170377588e-07]
    min: [6.70305644235e-06, 2.72846737062e-05, 1.07701204399e-07, 5.02509500677e-08, 6.02956191642e-08]
    skew: [-3.25137853622, -4.91889953613, 4.46450519562, 6.28179979324, 5.72784423828]
    var: [1.32170370568e-13, 1.70361197371e-10, 1.26321953657e-13, 1.03548876559e-13, 4.85613644836e-14]
