
metadata:
    version:
        essentia: "2.1-beta3"

Flux:
    dmean: 0.000125954800751
    dmean2: 0.000166774188983
    dvar: 1.66425721204e-07
    dvar2: 3.27637366127e-07
    kurt: 9.61188602448
    max: 0.00238060788251
    mean: 0.000165023928275
    median: 8.6784521045e-06
    min: 4.73001136925e-06
    skew: 3.29795384407
    var: 2.70110547262e-07

Rms:
    dmean: 6.19477141299e-05
    dmean2: 5.94491611992e-05
    dvar: 2.96498949837e-08
    dvar2: 1.27525945359e-08
    kurt: 20.8048229218
    max: 0.00172731175553
    mean: 0.00165269395802
    median: 0.00171128939837
    min: 0.000306903704768
    skew: -4.52514123917
    var: 5.71234721747e-08

RollOff:
    dmean: 9.29842853546
    dmean2: 9.01389884949
    dvar: 3338.43969727
    dvar2: 3045.88623047
    kurt: 39.7850570679
    max: 602.9296875
    mean: 203.369140625
    median: 193.798828125
    min: 193.798828125
    skew: 6.45529460907
    var: 3638.44750977

SpecCent:
    dmean: 26.9706039429
    dmean2: 25.8389949799
    dvar: 17585.5234375
    dvar2: 11722.8300781
    kurt: 37.827041626
    max: 1232.65124512
    mean: 208.440444946
    median: 181.561233521
    min: 178.336090088
    skew: 6.24623727798
    var: 24478.6425781

Zcr:
    dmean: 0.00053267047042
    dmean2: 0.000726744183339
    dvar: 7.4579673992e-07
    dvar2: 3.14624855946e-07
    kurt: 15.7911548615
    max: 0.00830078125
    mean: 0.0078125
    median: 0.00830078125
    min: 0.0009765625
    skew: -3.96142935753
    var: 1.71661372406e-06

HarmonicAmpFreq:
    dmean: [0.118046849966]
    dmean2: [0.185728207231]
    dvar: [0.169273674488]
    dvar2: [0.429299026728]
    kurt: [21.8151836395]
    max: [180.99949646]
    mean: [178.717498779]
    median: [178.62286377]
    min: [178.602935791]
    skew: [4.62537574768]
    var: [0.159522473812]

HarmonicAmpMag:
    dmean: [9.26550419535e-05]
    dmean2: [7.24564233678e-05]
    dvar: [1.18439487551e-07]
    dvar2: [8.18578413941e-08]
    kurt: [15.7040634155]
    max: [0.0023435219191]
    mean: [0.00223066075705]
    median: [0.00234212190844]
    min: [0]
    skew: [-4.07154941559]
    var: [1.93541197291e-07]

MfccCoeff:
    dmean: [1.76630473137, 2.26108336449, 1.64713358879, 0.891493022442, 0.388527274132, 0.262871295214, 0.318277865648, 0.332512944937, 0.313853859901, 0.410868048668, 0.539987266064, 0.639081776142, 0.702390253544]
    dmean2: [2.4615676403, 3.12796545029, 2.21599555016, 1.10490095615, 0.322175145149, 0.369612932205, 0.527206778526, 0.462392926216, 0.349087029696, 0.371978223324, 0.446022421122, 0.495104044676, 0.508459508419]
    dvar: [68.2392807007, 112.856735229, 62.3647422791, 21.3583545685, 4.30116224289, 1.80801951885, 1.99993336201, 1.76163446903, 2.12281274796, 3.41158270836, 5.1597032547, 6.69105100632, 7.57079935074]
    dvar2: [148.792495728, 242.033721924, 125.184387207, 34.6672286987, 2.64915561676, 2.66582751274, 5.20655727386, 4.05577135086, 2.69860816002, 2.50607395172, 2.93048071861, 3.31063246727, 3.54527878761]
    kurt: [21.4808502197, 20.4752826691, 19.6813583374, 30.6674423218, 37.0303916931, 18.6342163086, 23.2670497894, 24.0067100525, 27.3635959625, 31.0454940796, 29.8760108948, 28.3755702972, 26.4441356659]
    max: [-1089.98010254, 62.9359817505, 48.3791847229, 30.0860481262, 16.8463287354, 11.5337677002, 6.07487869263, 0.578620910645, -4.57763671875e-05, -2.28881835938e-05, -2.67028808594e-05, -3.0517578125e-05, -3.81469726562e-05]
    mean: [-1117.97607422, 28.0242862701, 25.4568519592, 21.4653663635, 16.3938674927, 10.6039133072, 4.43365335464, -1.79983472824, -7.78211545944, -13.193403244, -17.7277355194, -21.1299514771, -23.2301273346]
    median: [-1118.12561035, 27.8995475769, 25.5452919006, 21.7837257385, 16.8456268311, 11.0336151123, 4.70001602173, -1.77494812012, -8.00881958008, -13.6412811279, -18.3573360443, -21.9063568115, -24.117565155]
    min: [-1138.42004395, 1.14440917969e-05, -6.103515625e-05, 8.01086425781e-05, -6.103515625e-05, 2.28881835938e-05, -3.95470809937, -7.02166748047, -9.21018981934, -13.6418151855, -18.358007431, -21.9072036743, -24.1184959412]
    skew: [2.15018796921, 1.53173065186, -0.741815924644, -4.94990444183, -6.16508769989, -4.50626277924, -4.81703710556, -3.79305958748, 5.18342161179, 5.55676746368, 5.42059707642, 5.27010965347, 5.08468723297]
    var: [26.7618923187, 44.6107330322, 26.114484787, 11.9905567169, 6.33503293991, 4.244161129, 2.12649536133, 0.804216265678, 1.66153073311, 4.46609163284, 8.20213508606, 11.9478178024, 14.9671382904]

SpecContrastCoeff:
    dmean: [0.0316134802997, 0.0119695132598, 0.0161392260343, 0.0157247558236, 0.0102673741058, 0.0071673435159]
    dmean2: [0.0356577821076, 0.0196116622537, 0.0279984455556, 0.0277097839862, 0.0176704432815, 0.0117324078456]
    dvar: [0.0034082790371, 0.000178215224878, 0.000139355630381, 0.000104069360532, 7.50104882172e-05, 4.06664876209e-05]
    dvar2: [0.00168843276333, 0.000302694970742, 0.000368864857592, 0.000268390664132, 0.00016250689805, 8.42648805701e-05]
    kurt: [17.9818992615, 10.8853645325, -0.263332843781, 0.711339473724, 4.15632343292, 9.19417572021]
    max: [-0.395758152008, -0.866178750992, -0.91791164875, -0.910877883434, -0.908622980118, -0.913654565811]
    mean: [-0.45145830512, -0.956260681152, -0.951902508736, -0.934357762337, -0.928805530071, -0.930136442184]
    median: [-0.429404854774, -0.962947845459, -0.955224454403, -0.936010956764, -0.929793953896, -0.928728878498]
    min: [-0.990488290787, -0.97203540802, -0.982645273209, -0.974658966064, -0.971878290176, -0.971977114677]
    skew: [-4.15690231323, 3.26457023621, 0.397467195988, -0.536130189896, -1.44230484962, -2.6629281044]
    var: [0.00978789292276, 0.0003897358838, 0.000192317267647, 0.000173014108441, 0.000127597071696, 8.97554782568e-05]

SpecPeakAmp:
    dmean: [6.49947978673e-05, 0.000836776336655, 0.000746978679672, 2.10052530747e-06, 1.92680977307e-06]
    dmean2: [9.85918668448e-05, 0.00166862143669, 0.0015263503883, 3.370055083e-06, 3.08049561681e-06]
    dvar: [8.23755783586e-08, 1.22485823795e-06, 1.18452874176e-06, 3.0555901559e-11, 2.83260134099e-11]
    dvar2: [2.11776793435e-07, 1.08690721845e-06, 1.23426150367e-06, 7.70300073727e-11, 7.23672580194e-11]
    kurt: [40.0057182312, -1.87452590466, -1.63576436043, 33.5113792419, 37.5259933472]
    max: [0.00138461217284, 0.00234344205819, 0.0023435219191, 2.77480303339e-05, 2.68930998573e-05]
    mean: [3.90948480344e-05, 0.00136860017665, 0.00083523610374, 2.4544488042e-06, 2.24165273721e-06]
    median: [8.66658228915e-06, 0.0023414704483, 2.43573595071e-06, 1.94988342628e-06, 1.74054719082e-06]
    min: [3.34408969138e-06, 6.90396973368e-07, 4.14010202121e-07, 2.9997173101e-07, 2.35001962778e-07]
    skew: [6.4804816246, -0.331926763058, 0.603443622589, 5.78041648865, 6.19095420837]
    var: [4.11539886613e-08, 1.30259093112e-06, 1.25357894376e-06, 1.58099644487e-11, 1.42315490989e-11]
