
metadata:
    version:
        essentia: "2.1-beta3"

Flux:
    dmean: 0.00284630525857
    dmean2: 0.00379819958471
    dvar: 8.33266603877e-05
    dvar2: 0.000164216704434
    kurt: 9.56425285339
    max: 0.0531445480883
    mean: 0.00366164138541
    median: 0.000164778772159
    min: 1.55674806592e-05
    skew: 3.29240942001
    var: 0.000135501803015

Rms:
    dmean: 0.00139296578709
    dmean2: 0.00134069856722
    dvar: 1.50718697114e-05
    dvar2: 6.51060827295e-06
    kurt: 20.905954361
    max: 0.0386572554708
    mean: 0.036990378052
    median: 0.038295917213
    min: 0.00666467892006
    skew: -4.5353474617
    var: 2.89280196739e-05

RollOff:
    dmean: 10.2772102356
    dmean2: 10.0154428482
    dvar: 4120.17919922
    dvar2: 3803.21948242
    kurt: 39.8280639648
    max: 645.99609375
    mean: 204.326171875
    median: 193.798828125
    min: 193.798828125
    skew: 6.46014547348
    var: 4443.53173828

SpecCent:
    dmean: 28.0502624512
    dmean2: 26.9148025513
    dvar: 19389.0761719
    dvar2: 13130.6640625
    kurt: 37.9529647827
    max: 1278.21630859
    mean: 207.939361572
    median: 180.101531982
    min: 176.821456909
    skew: 6.25923299789
    var: 26688.296875

Zcr:
    dmean: 0.00053267047042
    dmean2: 0.000715388800018
    dvar: 7.34959428428e-07
    dvar2: 3.03277687408e-07
    kurt: 17.1273078918
    max: 0.00830078125
    mean: 0.00780164916068
    median: 0.00830078125
    min: 0.00048828125
    skew: -4.09061050415
    var: 1.85954684184e-06

HarmonicAmpFreq:
    dmean: [0.120003789663]
    dmean2: [0.189583718777]
    dvar: [0.178558036685]
    dvar2: [0.459119439125]
    kurt: [23.1541614532]
    max: [181.070251465]
    mean: [178.717468262]
    median: [178.621841431]
    min: [178.604782104]
    skew: [4.75998830795]
    var: [0.164436936378]

HarmonicAmpMag:
    dmean: [0.00207413220778]
    dmean2: [0.00161875493359]
    dvar: [5.93326949456e-05]
    dvar2: [4.10769389418e-05]
    kurt: [15.6610832214]
    max: [0.0524548403919]
    mean: [0.0499303974211]
    median: [0.0524302944541]
    min: [0]
    skew: [-4.06669712067]
    var: [9.71250628936e-05]

MfccCoeff:
    dmean: [14.1205329895, 6.42783403397, 1.88559305668, 2.29236578941, 3.30391550064, 4.23961257935, 4.82043886185, 4.69046020508, 4.1405415535, 3.46163010597, 2.79416036606, 2.08888411522, 1.7653657198]
    dmean2: [21.0444030762, 8.95525169373, 1.9145283699, 3.01252150536, 6.01450204849, 7.54887914658, 8.54224491119, 8.22032833099, 7.16241312027, 5.60070991516, 3.99434280396, 2.70553231239, 1.81472229958]
    dvar: [3299.45336914, 460.779266357, 27.0361404419, 18.8519744873, 22.8252639771, 13.8364648819, 11.2078428268, 5.76340103149, 4.05574178696, 3.28047251701, 7.12862586975, 15.1696557999, 22.5201416016]
    dvar2: [8266.61523438, 1028.97216797, 22.3695373535, 16.6594829559, 41.0324745178, 26.5054912567, 27.6810302734, 18.0552082062, 13.5742282867, 7.37115812302, 5.95015668869, 10.6169404984, 17.3546657562]
    kurt: [37.6934013367, 17.2151298523, 13.1308822632, 15.4714183807, 14.2218952179, 10.6759872437, 4.41374349594, -0.756319761276, -0.678214550018, 11.2806138992, 19.158575058, 18.309425354, 16.6878890991]
    max: [-831.903869629, 142.17565918, 84.6633911133, 66.8516387939, 47.4295082092, 31.1238861084, 18.5072822571, 5.71352386475, -2.18537902832, -1.96092224121, -1.15105056763, -0.191436767578, 0.563217163086]
    mean: [-1085.84912109, 66.0723342896, 58.3707351685, 50.0303916931, 39.0924415588, 26.9763679504, 14.1280584335, 1.58461976051, -10.1307220459, -20.3508090973, -28.776763916, -35.0809288025, -39.1888198853]
    median: [-1091.87731934, 64.1256484985, 59.0791358948, 50.8566131592, 40.1581916809, 27.6707000732, 14.5417060852, 1.3165512085, -10.6806316376, -21.352684021, -29.7409725189, -36.7124595642, -41.132976532]
    min: [-1124.76965332, 18.3726005554, 15.7601623535, 11.9727210999, 7.71133422852, 3.70613861084, -3.25859451294, -6.71710968018, -16.3141021729, -25.0607833862, -32.4532089233, -37.7317314148, -41.7901115417]
    skew: [6.1949057579, 2.68152427673, -2.44490718842, -3.35399413109, -3.7777235508, -3.14002490044, -1.81615865231, -0.348520725965, 0.195904180408, 2.82188367844, 4.22054290771, 4.28818130493, 4.12973880768]
    var: [1507.44396973, 208.79019165, 77.369430542, 54.7518615723, 48.2156028748, 29.1718864441, 19.9170532227, 11.1405305862, 8.96708679199, 13.7106122971, 25.0665473938, 41.8018493652, 57.1880950928]

SpecContrastCoeff:
    dmean: [0.0402276068926, 0.013288507238, 0.00916779693216, 0.00866231322289, 0.00899227615446, 0.0126396929845]
    dmean2: [0.047776799649, 0.0235036313534, 0.0175758246332, 0.0145578747615, 0.0153722250834, 0.0224911104888]
    dvar: [0.00628097774461, 0.000443115073722, 0.000118565236335, 0.000185963654076, 0.000251255696639, 0.000265961629339]
    dvar2: [0.00238976604305, 0.000760484312195, 0.000221004724153, 0.000302290922264, 0.000359814614058, 0.000419501011493]
    kurt: [21.7169799805, 11.9480190277, 6.2380437851, 17.653673172, 22.639125824, 14.9726028442]
    max: [-0.201667040586, -0.818693459034, -0.911931097507, -0.879964411259, -0.866481125355, -0.867394328117]
    mean: [-0.269240409136, -0.946748197079, -0.959693670273, -0.961597859859, -0.958980381489, -0.955611765385]
    median: [-0.245330810547, -0.957542538643, -0.965492904186, -0.967026472092, -0.964430332184, -0.962752938271]
    min: [-0.988967239857, -0.958439409733, -0.974254846573, -0.967708230019, -0.965186059475, -0.964283525944]
    skew: [-4.54965686798, 3.5594792366, 2.49070906639, 3.96484088898, 4.55771684647, 3.59017848969]
    var: [0.0158112291247, 0.000782755902037, 0.000156128939125, 0.000221644571866, 0.000253938225796, 0.000278777675703]

SpecPeakAmp:
    dmean: [0.00143863342237, 0.00207378179766, 6.54066388961e-05, 4.4582378905e-05, 3.96896502934e-05]
    dmean2: [0.00220741820522, 0.00327899190597, 9.86044033198e-05, 6.85886770952e-05, 6.23616870143e-05]
    dvar: [4.10217107856e-05, 8.75383047969e-05, 3.21485380539e-08, 1.87477997571e-08, 1.75423870985e-08]
    dvar2: [0.000105323466414, 0.000141723867273, 7.60050156146e-08, 4.76297188357e-08, 4.48162715827e-08]
    kurt: [40.0037956238, 11.1267242432, 21.8900165558, 34.4533996582, 38.1593704224]
    max: [0.0308663733304, 0.0524548403919, 0.000845785369165, 0.000676969008055, 0.000654206087347]
    mean: [0.000751366023906, 0.0492645315826, 6.78330834489e-05, 4.40074145445e-05, 3.57970675395e-05]
    median: [5.94814482611e-05, 0.0524302944541, 4.2843297706e-05, 2.46755716944e-05, 1.87512632692e-05]
    min: [1.09373895611e-05, 1.54097233462e-05, 9.40421796258e-06, 6.8552672019e-06, 5.42528641745e-06]
    skew: [6.48026895523, -3.58843493462, 4.75399875641, 5.89381027222, 6.27308034897]
    var: [2.0616214897e-05, 0.000142021497595, 1.91929192539e-08, 9.77300462779e-09, 8.88680506961e-09]
