
metadata:
    version:
        essentia: "2.1-beta3"

Flux:
    dmean: 0.000124104888528
    dmean2: 0.000167338730535
    dvar: 1.67048526123e-07
    dvar2: 3.32907433176e-07
    kurt: 9.41396808624
    max: 0.00234886910766
    mean: 0.000162896962138
    median: 5.65547952647e-06
    min: 2.77322601505e-06
    skew: 3.27521467209
    var: 2.69833947186e-07

Rms:
    dmean: 5.41028020962e-05
    dmean2: 4.20975156885e-05
    dvar: 2.96430737734e-08
    dvar2: 1.28029133961e-08
    kurt: 20.7516384125
    max: 0.00172172207385
    mean: 0.00165247090627
    median: 0.00171193480492
    min: 0.000308637419948
    skew: -4.51951551437
    var: 5.70258364974e-08

RollOff:
    dmean: 6.36208295822
    dmean2: 6.51003837585
    dvar: 1740.47192383
    dvar2: 1779.98510742
    kurt: 40.022731781
    max: 645.99609375
    mean: 372.28515625
    median: 366.064453125
    min: 366.064453125
    skew: 6.48249435425
    var: 1702.67443848

SpecCent:
    dmean: 13.4684534073
    dmean2: 13.2138700485
    dvar: 4147.10009766
    dvar2: 3348.70849609
    kurt: 39.0199928284
    max: 833.88848877
    mean: 361.994628906
    median: 350.053344727
    min: 346.749237061
    skew: 6.37047958374
    var: 5121.16308594

Zcr:
    dmean: 0.000732421875
    dmean2: 0.000794876425061
    dvar: 3.75509262085e-06
    dvar2: 2.47315779234e-06
    kurt: 17.8392887115
    max: 0.01611328125
    mean: 0.0151801211759
    median: 0.015625
    min: 0.0009765625
    skew: -4.21908807755
    var: 6.9175534918e-06

HarmonicAmpFreq:
    dmean: [1.85673594475]
    dmean2: [2.22286558151]
    dvar: [99.5850067139]
    dvar2: [102.296287537]
    kurt: [39.9003944397]
    max: [349.241851807]
    mean: [346.979949951]
    median: [348.270721436]
    min: [281.417480469]
    skew: [-6.46791219711]
    var: [97.831237793]

HarmonicAmpMag:
    dmean: [0.000851869524922]
    dmean2: [0.00162422307767]
    dvar: [1.21569223666e-06]
    dvar2: [3.1971626413e-06]
    kurt: [-0.233121871948]
    max: [0.00238832714967]
    mean: [0.00184793572407]
    median: [0.00238774926402]
    min: [0]
    skew: [-1.30068492889]
    var: [9.3950285418e-07]

MfccCoeff:
    dmean: [1.70249795914, 2.18186092377, 1.57799613476, 0.78630900383, 0.134813129902, 0.53250849247, 0.820701181889, 0.950162529945, 0.904310464859, 0.701266050339, 0.389312952757, 0.0342662110925, 0.303466796875]
    dmean2: [2.23343539238, 2.86069178581, 2.07060313225, 1.05364882946, 0.185872986913, 0.525405168533, 0.790312230587, 0.839032351971, 0.717936873436, 0.497490108013, 0.245568782091, 0.0586359761655, 0.195201247931]
    dvar: [57.5957603455, 94.6258010864, 49.468082428, 12.1528711319, 0.356229662895, 7.15791940689, 16.0984783173, 18.0145435333, 13.7442808151, 7.39772033691, 2.1787378788, 0.0264119133353, 1.32551002502]
    dvar2: [112.882293701, 185.214385986, 97.028968811, 25.0527210236, 0.527071237564, 6.64614868164, 14.0255699158, 12.2582569122, 7.10804796219, 3.52423191071, 1.27956080437, 0.0509260073304, 0.803972005844]
    kurt: [18.1582450867, 18.1826000214, 18.1313648224, 17.983839035, 16.6915512085, 33.9234962463, 33.6327896118, 31.9678459167, 28.9791145325, 25.6245727539, 22.4686203003, 14.6542682648, 22.5594329834]
    max: [-1091.89367676, 59.662727356, 43.1044960022, 20.9441566467, -6.103515625e-05, 2.28881835938e-05, -2.67028808594e-05, -5.34057617188e-05, -4.57763671875e-05, -2.28881835938e-05, -2.67028808594e-05, 0.0372619628906, 10.4445266724]
    mean: [-1113.23327637, 32.3768615723, 23.2971687317, 10.1830148697, -4.40206480026, -17.6780433655, -27.2226905823, -31.4413108826, -29.8426837921, -23.0733337402, -12.721165657, -0.944029390812, 9.99082183838]
    median: [-1112.97668457, 32.7103385925, 23.5335693359, 10.2379951477, -4.61553955078, -18.2155227661, -28.0703659058, -32.4959030151, -30.9240818024, -23.9692611694, -13.2477321625, -0.999137878418, 10.4007797241]
    min: [-1138.42004395, 1.14440917969e-05, -6.103515625e-05, 8.01086425781e-05, -4.63703918457, -18.2522354126, -28.1122512817, -32.5314407349, -30.9433689117, -23.969871521, -13.2483730316, -1.00012207031, -3.81469726562e-05]
    skew: [-1.14820981026, -1.18238544464, -1.12594711781, 0.32394489646, 4.23762178421, 5.85705327988, 5.82340574265, 5.63751745224, 5.3295879364, 5.00604772568, 4.71538925171, 4.00701665878, -4.73238992691]
    var: [25.3561382294, 41.7257499695, 21.7600364685, 5.06574583054, 0.776169359684, 7.68413829803, 18.2945022583, 24.9840717316, 23.5867404938, 15.008108139, 4.91079759598, 0.0467648729682, 3.02892637253]

SpecContrastCoeff:
    dmean: [0.0251135397702, 0.0300368480384, 0.012485563755, 0.00989462062716, 0.00961730256677, 0.00477428874001]
    dmean2: [0.0366045534611, 0.0297579541802, 0.0211033821106, 0.013042951934, 0.0169842988253, 0.00746020069346]
    dvar: [0.000481546885567, 0.00354465167038, 0.00012710642477, 3.50257905666e-05, 5.62247951166e-05, 2.91543601634e-05]
    dvar2: [0.00081290997332, 0.00218761130236, 0.000330134178512, 9.02840110939e-05, 0.00013257972023, 6.93660113029e-05]
    kurt: [7.72367858887, 17.997756958, 1.75232362747, -0.554777622223, 2.41271066666, 8.8180513382]
    max: [-0.794147908688, -0.38511800766, -0.914353072643, -0.919137477875, -0.910661160946, -0.914997696877]
    mean: [-0.85698723793, -0.436324775219, -0.949311673641, -0.939418852329, -0.92966324091, -0.925028085709]
    median: [-0.860117912292, -0.414926767349, -0.952352941036, -0.940719485283, -0.930358350277, -0.923731267452]
    min: [-0.996935486794, -0.979665637016, -0.965191304684, -0.961617708206, -0.962079763412, -0.96409124136]
    skew: [-1.82735395432, -4.22250890732, 1.49786758423, 0.0460427924991, -1.20963561535, -2.67476439476]
    var: [0.00093757599825, 0.0101175783202, 0.000136024566018, 9.19978047023e-05, 0.000109005384729, 7.42729898775e-05]

SpecPeakAmp:
    dmean: [4.28026805821e-06, 6.25445318292e-05, 0.000215567895793, 0.000774274638388, 0.00108613912016]
    dmean2: [6.00886414759e-06, 9.57384690992e-05, 0.000386630592402, 0.00156826071907, 0.00222168932669]
    dvar: [2.67829508571e-10, 8.01356279112e-08, 4.59505940853e-07, 1.22050744267e-06, 1.40988595376e-06]
    dvar2: [6.84846346299e-10, 2.05871359071e-07, 1.27887892631e-06, 3.10822042593e-06, 3.27810312228e-06]
    kurt: [38.7257537842, 40.0167160034, 17.5502758026, 0.192224264145, -1.99798130989]
    max: [8.48243289511e-05, 0.00136045936961, 0.0023874216713, 0.00238832714967, 0.00238832295872]
    mean: [1.00261013358e-05, 3.17419908242e-05, 0.000107446758193, 0.000493312312756, 0.00122184574138]
    median: [8.56510723679e-06, 1.43357226534e-06, 1.51163203554e-06, 1.62747721788e-06, 0.00238749291748]
    min: [2.43041381509e-06, 5.43256476249e-07, 3.53458318614e-07, 2.58550443277e-07, 2.05915654305e-07]
    skew: [6.32500553131, 6.48178577423, 4.42114400864, 1.46931743622, -0.044484924525]
    var: [1.29123572945e-10, 4.01275741524e-08, 2.37446798224e-07, 9.06300499537e-07, 1.42173178119e-06]
