
metadata:
    version:
        essentia: "2.1-beta3"

Flux:
    dmean: 0.0255928803235
    dmean2: 0.0343797914684
    dvar: 0.00672426400706
    dvar2: 0.0129493651912
    kurt: 9.33934783936
    max: 0.488479882479
    mean: 0.0336713045835
    median: 0.00158426025882
    min: 0.000119664335216
    skew: 3.26013183594
    var: 0.01140659675

Rms:
    dmean: 0.0128612006083
    dmean2: 0.0124500310048
    dvar: 0.00129649881274
    dvar2: 0.000565027061384
    kurt: 21.222114563
    max: 0.356213480234
    mean: 0.34087741375
    median: 0.352685809135
    min: 0.0592442080379
    skew: -4.56643867493
    var: 0.00247355201282

RollOff:
    dmean: 10.7666015625
    dmean2: 10.5162153244
    dvar: 4541.94482422
    dvar2: 4213.48388672
    kurt: 39.8453178406
    max: 667.529296875
    mean: 204.8046875
    median: 193.798828125
    min: 193.798828125
    skew: 6.46209859848
    var: 4876.29882812

SpecCent:
    dmean: 29.1057434082
    dmean2: 28.0256538391
    dvar: 21302.0351562
    dvar2: 14730.3720703
    kurt: 38.1178817749
    max: 1323.55480957
    mean: 208.948745728
    median: 180.207321167
    min: 176.819091797
    skew: 6.27631187439
    var: 28885.8476562

Zcr:
    dmean: 0.00053267047042
    dmean2: 0.000726744183339
    dvar: 7.4579673992e-07
    dvar2: 3.14624855946e-07
    kurt: 15.7911548615
    max: 0.00830078125
    mean: 0.0078125
    median: 0.00830078125
    min: 0.0009765625
    skew: -3.96142935753
    var: 1.71661372406e-06

HarmonicAmpFreq:
    dmean: [0.114979833364]
    dmean2: [0.185100108385]
    dvar: [0.176449984312]
    dvar2: [0.465623825788]
    kurt: [25.9066333771]
    max: [181.091949463]
    mean: [178.711624146]
    median: [178.622924805]
    min: [178.604812622]
    skew: [5.05582666397]
    var: [0.159469619393]

HarmonicAmpMag:
    dmean: [0.0189287737012]
    dmean2: [0.0147148454562]
    dvar: [0.00492196343839]
    dvar2: [0.00338355917484]
    kurt: [15.8295574188]
    max: [0.483364403248]
    mean: [0.460267931223]
    median: [0.483125120401]
    min: [0]
    skew: [-4.07937812805]
    var: [0.00813960190862]

MfccCoeff:
    dmean: [55.1817398071, 15.7410955429, 26.263633728, 19.98279953, 8.34012508392, 7.35087013245, 4.66502952576, 3.82574534416, 4.19134807587, 3.2341966629, 3.19352793694, 2.6340470314, 2.57022476196]
    dmean2: [93.8852386475, 29.5628795624, 47.4742584229, 37.1264686584, 15.5838422775, 13.4807157516, 8.26286125183, 6.65407466888, 7.5718793869, 5.30485725403, 4.93552398682, 3.616086483, 3.26733994484]
    dvar: [7554.90917969, 144.211608887, 233.790527344, 172.9972229, 44.5948143005, 24.8095264435, 12.784160614, 6.82573986053, 5.39681243896, 6.08354377747, 11.4918031693, 17.882226944, 22.6497306824]
    dvar2: [19724.9394531, 259.087188721, 535.398498535, 325.662536621, 86.0275344849, 48.868724823, 35.2334976196, 22.5362300873, 13.126455307, 8.64789962769, 10.2839546204, 13.1075839996, 16.7387771606]
    kurt: [27.1427593231, 0.875874042511, 0.0995469093323, 0.314462900162, 4.92171812057, 3.03919839859, 2.76849985123, -0.551421165466, -0.263021707535, 12.8258066177, 18.2685813904, 17.5428237915, 16.1957702637]
    max: [-588.000610352, 189.916809082, 120.683898926, 81.0222625732, 53.7158699036, 30.5214385986, 17.1385383606, 4.45764923096, -3.4031829834, -0.866836547852, 1.70993423462, 2.46836853027, 2.33748626709]
    mean: [-993.070983887, 150.08795166, 83.2803573608, 53.722454071, 38.9040107727, 22.985376358, 10.5675067902, -0.302727222443, -11.3805732727, -20.5282840729, -28.8051948547, -35.2687950134, -39.5028038025]
    median: [-995.362976074, 156.890472412, 79.1082763672, 47.7033615112, 39.3961982727, 23.3049163818, 10.2746620178, 0.574424743652, -10.7464447021, -21.3752365112, -29.4748592377, -36.6033744812, -41.0384788513]
    min: [-1043.2779541, 111.52570343, 31.6799449921, 7.41701126099, 6.41569519043, -1.47835540771, -3.91624069214, -6.13970947266, -17.1289520264, -26.3080215454, -34.6122512817, -40.3822746277, -44.7678489685]
    skew: [4.92871618271, -0.442932903767, -0.359927713871, 0.0528760515153, -1.54158937931, -1.48714196682, -1.24230849743, -0.393079102039, -0.0601277463138, 2.97931337357, 4.01396942139, 4.13466262817, 4.0159277916]
    var: [4465.44482422, 190.478881836, 382.548950195, 243.68296814, 77.0691604614, 42.7581710815, 18.6281719208, 7.85051012039, 8.88699913025, 14.9046926498, 30.9839458466, 49.3439559937, 63.7225761414]

SpecContrastCoeff:
    dmean: [0.0377582535148, 0.0156927928329, 0.0100296968594, 0.00656251609325, 0.00570036191493, 0.00727731687948]
    dmean2: [0.0411189384758, 0.0284297466278, 0.0188413765281, 0.0110989045352, 0.00959138944745, 0.0132544049993]
    dvar: [0.011609791778, 0.000993899768218, 0.000142932360177, 8.02584545454e-05, 8.32860387163e-05, 0.000201200833544]
    dvar2: [0.00529017765075, 0.002189229941, 0.000304223038256, 0.000177958252607, 0.00017420281074, 0.000531742465682]
    kurt: [27.2431926727, 9.83353996277, 3.96966743469, 6.4864988327, 10.0030488968, 13.825220108]
    max: [-0.0327675081789, -0.794284701347, -0.906319379807, -0.91518509388, -0.915897905827, -0.896823585033]
    mean: [-0.103062696755, -0.934214711189, -0.951316058636, -0.955835044384, -0.955132365227, -0.954281687737]
    median: [-0.0726928710938, -0.946711182594, -0.957320034504, -0.959718585014, -0.957338631153, -0.95782661438]
    min: [-0.988175272942, -0.947015583515, -0.962311267853, -0.960972428322, -0.960091650486, -0.960421919823]
    skew: [-5.13874864578, 3.36418962479, 2.12507677078, 2.58650326729, 3.22314214706, 3.65100455284]
    var: [0.0213763918728, 0.00115063670091, 0.000140113988891, 8.98325379239e-05, 7.29829916963e-05, 0.000127509410959]

SpecPeakAmp:
    dmean: [0.0351575165987, 0.0408573783934, 0.00062071060529, 0.000393531750888, 0.000360679812729]
    dmean2: [0.0651434659958, 0.0749254524708, 0.000928725639824, 0.000591617834289, 0.00055340025574]
    dvar: [0.0129742212594, 0.0166052039713, 2.85899136543e-06, 1.6706170527e-06, 1.53295161454e-06]
    dvar2: [0.0375150702894, 0.0397471636534, 6.57854661767e-06, 4.18175068262e-06, 3.90883042201e-06]
    kurt: [23.0113964081, 7.04545021057, 19.716878891, 30.7857971191, 35.4857978821]
    max: [0.482992559671, 0.483364403248, 0.00778193306178, 0.00623052753508, 0.00601642485708]
    mean: [0.0176009144634, 0.443435460329, 0.000629107875284, 0.000286853552097, 0.000245955248829]
    median: [0.000482442614157, 0.483125120401, 0.000384386454243, 8.57954364619e-05, 7.58846435929e-05]
    min: [3.5262433812e-05, 0.000142379445606, 8.35690661916e-05, 3.93363261537e-05, 2.01426173589e-05]
    skew: [4.88081979752, -2.98074030876, 4.56938171387, 5.54942655563, 6.00129413605]
    var: [0.00665854429826, 0.0163855031133, 1.77695699222e-06, 9.11586141683e-07, 8.00856355454e-07]
