
metadata:
    version:
        essentia: "2.1-beta3"

Flux:
    dmean: 0.0171119570732
    dmean2: 0
    dvar: 0
    dvar2: 0
    kurt: -2
    max: 0.308735311031
    mean: 0.300179332495
    median: 0.300179332495
    min: 0.291623353958
    skew: 0
    var: 7.32047701604e-05

Rms:
    dmean: 0
    dmean2: 0
    dvar: 0
    dvar2: 0
    kurt: 0
    max: 0.105038359761
    mean: 0.105038359761
    median: 0.105038359761
    min: 0.105038359761
    skew: 0
    var: 0

RollOff:
    dmean: 64.599609375
    dmean2: 0
    dvar: 0
    dvar2: 0
    kurt: -1.99999988079
    max: 344.53125
    mean: 312.231445312
    median: 312.231445312
    min: 279.931640625
    skew: 0
    var: 1043.27734375

SpecCent:
    dmean: 106.731079102
    dmean2: 0
    dvar: 0
    dvar2: 0
    kurt: -2
    max: 323.030029297
    mean: 269.664489746
    median: 269.664489746
    min: 216.298950195
    skew: 0
    var: 2847.88085938

Zcr:
    dmean: 0.00048828125
    dmean2: 0
    dvar: 0
    dvar2: 0
    kurt: -2
    max: 0.00390625
    mean: 0.003662109375
    median: 0.003662109375
    min: 0.00341796875
    skew: 0
    var: 5.96046447754e-08

HarmonicAmpFreq:
    dmean: [34.9567108154]
    dmean2: [0]
    dvar: [0]
    dvar2: [0]
    kurt: [-2]
    max: [271.443267822]
    mean: [253.964904785]
    median: [253.964904785]
    min: [236.486557007]
    skew: [1.28025453705e-06]
    var: [305.492919922]

HarmonicAmpMag:
    dmean: [0.106986753643]
    dmean2: [0]
    dvar: [0]
    dvar2: [0]
    kurt: [-1.99999988079]
    max: [0.11628844589]
    mean: [0.0627950653434]
    median: [0.0627950653434]
    min: [0.00930169131607]
    skew: [1.9012976793e-07]
    var: [0.00286154123023]

MfccCoeff:
    dmean: [334.962463379, 29.4807434082, 42.1248855591, 0.829555511475, 20.2897949219, 34.8693351746, 29.5960197449, 23.5116157532, 14.9735012054, 10.4415473938, 4.43055343628, 0.0179595947266, 4.22899055481]
    dmean2: [0, 0, 0, 0, 0, 0, 0, 0, 0, 0, 0, 0, 0]
    dvar: [0, 0, 0, 0, 0, 0, 0, 0, 0, 0, 0, 0, 0]
    dvar2: [0, 0, 0, 0, 0, 0, 0, 0, 0, 0, 0, 0, 0]
    kurt: [-2, -2, -2, -1.99999988079, -2, -2, -2, -2, -2, -2, -2, -2, -2]
    max: [-687.252075195, 174.815765381, 97.4021606445, 42.5550994873, 18.5604248047, 10.296081543, -1.06035995483, -5.34047317505, -10.4291782379, -11.1560401917, -12.0589694977, -10.2134857178, -4.50819396973]
    mean: [-854.733276367, 160.075393677, 76.3397216797, 42.1403198242, 8.41552734375, -7.13858604431, -15.8583698273, -17.0962810516, -17.915927887, -16.3768138885, -14.2742462158, -10.2224655151, -6.62268924713]
    median: [-854.733276367, 160.075393677, 76.3397216797, 42.1403198242, 8.41552734375, -7.13858604431, -15.8583698273, -17.0962810516, -17.915927887, -16.3768138885, -14.2742462158, -10.2224655151, -6.62268924713]
    min: [-1022.21453857, 145.335021973, 55.2772750854, 41.7255439758, -1.72937011719, -24.5732536316, -30.6563796997, -28.8520889282, -25.4026794434, -21.5975875854, -16.489522934, -10.2314453125, -8.73718452454]
    skew: [-5.32159162958e-07, 0, -5.22569223449e-07, 1.38343775689e-05, 0, 0, 0, 0, -3.63613423815e-07, 0, 0, 0, 0]
    var: [28049.9628906, 217.278564453, 443.626495361, 0.172040581703, 102.918945312, 303.96762085, 218.98109436, 138.199020386, 56.0514373779, 27.256477356, 4.9074511528, 8.06367606856e-05, 4.47109031677]

SpecContrastCoeff:
    dmean: [0.110933244228, 0.0561783909798, 0.045600771904, 0.0639697313309, 0.00477921962738, 0.0148389339447]
    dmean2: [0, 0, 0, 0, 0, 0]
    dvar: [0, 0, 0, 0, 0, 0]
    dvar2: [0, 0, 0, 0, 0, 0]
    kurt: [-1.99999988079, -1.99999988079, -2, -2, -2, -2]
    max: [-0.606645643711, -0.647402703762, -0.872636735439, -0.873136162758, -0.934717476368, -0.9442704916]
    mean: [-0.662112236023, -0.675491929054, -0.895437121391, -0.905121028423, -0.937107086182, -0.951689958572]
    median: [-0.662112236023, -0.675491929054, -0.895437121391, -0.905121028423, -0.937107086182, -0.951689958572]
    min: [-0.717578887939, -0.703581094742, -0.918237507343, -0.937105894089, -0.939496695995, -0.959109425545]
    skew: [-1.62023718531e-06, 3.15989768751e-06, 0, 0, 0, 0]
    var: [0.00307654612698, 0.000789002864622, 0.000519857625477, 0.00102303165477, 5.71023520024e-06, 5.50484910491e-05]

SpecPeakAmp:
    dmean: [0.115576930344, 0.0169492084533, 5.66719099879e-05, 0.00638205418363, 0.00504350941628]
    dmean2: [0, 0, 0, 0, 0]
    dvar: [0, 0, 0, 0, 0]
    dvar2: [0, 0, 0, 0, 0]
    kurt: [-2, -2, -2, -2, -2]
    max: [0.11628844589, 0.0181445796043, 0.00935836322606, 0.0066698747687, 0.00523627083749]
    mean: [0.0584999807179, 0.00966997537762, 0.0093300268054, 0.00347884767689, 0.00271451612934]
    median: [0.0584999807179, 0.00966997537762, 0.0093300268054, 0.00347884767689, 0.00271451612934]
    min: [0.000711512635462, 0.00119537173305, 0.00930169131607, 0.000287820701487, 0.000192761246581]
    skew: [-1.13106587207e-07, 1.86789293366e-07, 4.93290317536e-05, 5.4668703342e-08, -1.10769867945e-07]
    var: [0.00333950691856, 7.18189112376e-05, 8.02926392041e-10, 1.01826535683e-05, 6.35924743619e-06]
