
metadata:
    version:
        essentia: "2.1-beta3"

Flux:
    dmean: 5.0687131079e-06
    dmean2: 7.57709358368e-06
    dvar: 3.2214736434e-10
    dvar2: 7.01697866479e-10
    kurt: 14.3902339935
    max: 9.62738486123e-05
    mean: 5.98503856963e-06
    median: 1.23766631077e-06
    min: 5.5569239521e-07
    skew: 3.90305948257
    var: 3.27910781861e-10

Rms:
    dmean: 1.56276041707e-06
    dmean2: 1.64880680131e-06
    dvar: 2.41423617209e-11
    dvar2: 1.77573667576e-11
    kurt: 19.4750041962
    max: 7.76073502493e-05
    mean: 7.59042304708e-05
    median: 7.72435741965e-05
    min: 4.48683240393e-05
    skew: -4.48333501816
    var: 3.28774819869e-11

RollOff:
    dmean: 1.00154435635
    dmean2: 1.025390625
    dvar: 20.5633563995
    dvar2: 21.0285148621
    kurt: 17.0475826263
    max: 387.59765625
    mean: 367.043243408
    median: 366.064453125
    min: 366.064453125
    skew: 4.36435222626
    var: 20.118303299

SpecCent:
    dmean: 5.65552330017
    dmean2: 8.11757659912
    dvar: 28.128162384
    dvar2: 35.4083061218
    kurt: 8.14597892761
    max: 719.333740234
    mean: 687.143188477
    median: 685.856384277
    min: 680.669555664
    skew: 2.8019053936
    var: 58.5541229248

Zcr:
    dmean: 0.000635901174974
    dmean2: 0.000918433768675
    dvar: 2.42338433054e-06
    dvar2: 2.11400515582e-06
    kurt: 17.4864006042
    max: 0.0166015625
    mean: 0.0159024316818
    median: 0.01611328125
    min: 0.00732421875
    skew: -4.32140541077
    var: 2.854495051e-06

HarmonicAmpFreq:
    dmean: [3.86789298058]
    dmean2: [7.81258153915]
    dvar: [219.701965332]
    dvar2: [655.138977051]
    kurt: [38.8012924194]
    max: [360.467102051]
    mean: [358.517303467]
    median: [360.455078125]
    min: [288.87097168]
    skew: [-6.37847757339]
    var: [113.104393005]

HarmonicAmpMag:
    dmean: [4.69751139462e-05]
    dmean2: [9.32578186621e-05]
    dvar: [2.62863086853e-09]
    dvar2: [5.47862777367e-09]
    kurt: [-0.66774892807]
    max: [0.000105521641672]
    mean: [7.87383105489e-05]
    median: [0.000105479819467]
    min: [0]
    skew: [-1.12654387951]
    var: [1.99231497966e-09]

MfccCoeff:
    dmean: [0.0725466683507, 0.0931602269411, 0.0666234195232, 0.0278448052704, 0.0160465687513, 0.0569905117154, 0.0874669253826, 0.101872466505, 0.0975618585944, 0.0753294453025, 0.0392569601536, 0.00402672355995, 0.0465714223683]
    dmean2: [0.074166432023, 0.095222838223, 0.0681007057428, 0.0284620020539, 0.0164006557316, 0.0582526065409, 0.0894016101956, 0.104128882289, 0.0997209101915, 0.076997667551, 0.0401264354587, 0.0041151503101, 0.0476023368537]
    dvar: [0.121275223792, 0.200034499168, 0.102300673723, 0.0178711991757, 0.00593558279797, 0.0748633816838, 0.17632894218, 0.239193633199, 0.21938355267, 0.130786925554, 0.0355200059712, 0.000373849645257, 0.0499901548028]
    dvar2: [0.122476294637, 0.202011272311, 0.103310383856, 0.0180484987795, 0.00599418161437, 0.0756024494767, 0.178072497249, 0.241557955742, 0.221551343799, 0.132080197334, 0.035871244967, 0.000377532094717, 0.0504845790565]
    kurt: [26.802488327, 26.8060398102, 26.8060798645, 26.8065814972, 26.806224823, 26.8061122894, 26.8058872223, 26.8059062958, 26.8058643341, 26.8059616089, 26.8058586121, 26.8063526154, 26.8059272766]
    max: [-1136.28088379, 2.74738693237, 1.96469116211, 0.82124710083, -6.103515625e-05, 2.28881835938e-05, -2.67028808594e-05, -5.34057617188e-05, -4.57763671875e-05, -2.28881835938e-05, -2.67028808594e-05, 0.118743896484, 1.37339019775]
    mean: [-1136.35241699, 2.65558338165, 1.8990187645, 0.793817341328, -0.457506000996, -1.62455165386, -2.49327111244, -2.90392780304, -2.78107523918, -2.14728498459, -1.11905014515, 0.114773839712, 1.32749450207]
    median: [-1136.28137207, 2.74682235718, 1.96424865723, 0.82107925415, -0.473220825195, -1.68036651611, -2.57892227173, -3.00368881226, -2.87661743164, -2.22105407715, -1.15749359131, 0.118721008301, 1.37310028076]
    min: [-1138.42004395, 1.14440917969e-05, -6.103515625e-05, 8.01086425781e-05, -0.473327636719, -1.68071746826, -2.57946395874, -3.0043258667, -2.8772277832, -2.22151947021, -1.15774154663, -3.0517578125e-05, -3.81469726562e-05]
    skew: [-5.20886135101, -5.2093205452, -5.2093205452, -5.20936155319, 5.20933532715, 5.20932245255, 5.20930624008, 5.20930290222, 5.2093000412, 5.20930767059, 5.20929956436, -5.20934534073, -5.20930767059]
    var: [0.12011167407, 0.198120698333, 0.101321056485, 0.0176995508373, 0.00587881216779, 0.0741467773914, 0.174640432, 0.236902996898, 0.217283338308, 0.129534244537, 0.035179823637, 0.000370277732145, 0.0495113767684]

SpecContrastCoeff:
    dmean: [0.0306485332549, 0.0212804283947, 0.011551857926, 0.0167712364346, 0.0104612363502, 0.00971363205463]
    dmean2: [0.0446966141462, 0.0284694209695, 0.0174111966044, 0.0272065903991, 0.0152822537348, 0.0140523612499]
    dvar: [0.00171157019213, 0.00174182082992, 8.9286644652e-05, 0.000249172793701, 0.000288752809865, 0.00015637181059]
    dvar2: [0.00161807588302, 0.00174466322642, 0.000176993693458, 0.000451532541774, 0.000309809431201, 0.000189074184163]
    kurt: [12.2225465775, 17.3369960785, 5.84079456329, 4.50791215897, 14.0940589905, 11.1185569763]
    max: [-0.648213922977, -0.525227665901, -0.889982759953, -0.863186240196, -0.847539246082, -0.855988562107]
    mean: [-0.71848487854, -0.566196262836, -0.912405729294, -0.898765623569, -0.865349590778, -0.874846816063]
    median: [-0.712911605835, -0.557916641235, -0.91242814064, -0.899139285088, -0.862577915192, -0.873079061508]
    min: [-0.946400821209, -0.808617413044, -0.962713778019, -0.963744580746, -0.953745007515, -0.936388969421]
    skew: [-3.35064077377, -4.1707110405, -1.48887455463, -1.367831707, -3.74222874641, -3.21198320389]
    var: [0.00243096193299, 0.00216366071254, 0.000137524635647, 0.000273320503766, 0.00034350642818, 0.000211105623748]

SpecPeakAmp:
    dmean: [2.25660372166e-07, 1.50589664827e-06, 1.10070857318e-07, 2.87545899482e-05, 5.88359725953e-05]
    dmean2: [3.1464952599e-07, 1.5653755554e-06, 1.33947722247e-07, 5.70172160224e-05, 0.000117945615784]
    dvar: [2.44398061901e-13, 8.81483844251e-11, 1.13432294157e-13, 2.14159689982e-09, 2.73348921276e-09]
    dvar2: [2.55126513448e-13, 9.01640220818e-11, 1.12408861516e-13, 4.65284655249e-09, 4.86175721903e-09]
    kurt: [15.9360694885, 39.0072822571, 18.5286693573, 0.652646064758, -1.96658396721]
    max: [8.54534573591e-06, 6.2747982156e-05, 1.96252858586e-06, 0.000105515347968, 0.000105521641672]
    mean: [8.26908126328e-06, 1.87436205579e-06, 1.77713587846e-07, 1.98842681129e-05, 5.76331513003e-05]
    median: [8.36711751617e-06, 4.32814260876e-07, 1.08574866431e-07, 1.12190377877e-07, 0.00010546152771]
    min: [5.9619037529e-06, 3.86829441368e-07, 4.67813556781e-08, 1.96184810619e-08, 4.91130904834e-08]
    skew: [-4.16186523438, 6.40303945541, 4.46496295929, 1.61693394184, -0.182622298598]
    var: [2.58610515814e-13, 8.61930943286e-11, 1.18009795729e-13, 1.63731217473e-09, 2.74840483705e-09]
