
metadata:
    version:
        essentia: "2.1-beta3"

Flux:
    dmean: 0.000125858845422
    dmean2: 0.0001644044969
    dvar: 1.67374636817e-07
    dvar2: 3.27451857629e-07
    kurt: 9.73559188843
    max: 0.00239822058938
    mean: 0.000164567492902
    median: 7.93985236669e-06
    min: 4.7065536819e-06
    skew: 3.3125193119
    var: 2.7140137604e-07

Rms:
    dmean: 5.50743206986e-05
    dmean2: 4.66015517304e-05
    dvar: 2.92947266445e-08
    dvar2: 1.25605224e-08
    kurt: 20.7312068939
    max: 0.00172100903001
    mean: 0.00165317370556
    median: 0.00171238277107
    min: 0.000323355023284
    skew: -4.51861715317
    var: 5.58948158869e-08

RollOff:
    dmean: 9.78781986237
    dmean2: 9.51467132568
    dvar: 3339.63745117
    dvar2: 3047.39038086
    kurt: 39.559173584
    max: 775.1953125
    mean: 376.11328125
    median: 366.064453125
    min: 366.064453125
    skew: 6.42932271957
    var: 3639.36376953

SpecCent:
    dmean: 19.7955799103
    dmean2: 20.2218036652
    dvar: 9274.54199219
    dvar2: 7030.10302734
    kurt: 38.8116416931
    max: 1092.26281738
    mean: 378.256713867
    median: 360.392730713
    min: 357.003631592
    skew: 6.34883260727
    var: 11753.6142578

Zcr:
    dmean: 0.00081010296708
    dmean2: 0.000953851733357
    dvar: 3.67319717043e-06
    dvar2: 2.40585040956e-06
    kurt: 17.9196510315
    max: 0.0166015625
    mean: 0.0156141491607
    median: 0.01611328125
    min: 0.0009765625
    skew: -4.22640657425
    var: 7.31668478693e-06

HarmonicAmpFreq:
    dmean: [17.9400444031]
    dmean2: [34.9302139282]
    dvar: [919.07598877]
    dvar2: [2361.90600586]
    kurt: [3.77622795105]
    max: [428.101135254]
    mean: [353.584503174]
    median: [359.370300293]
    min: [288.221466064]
    skew: [-1.31335520744]
    var: [618.85925293]

HarmonicAmpMag:
    dmean: [0.00101103866473]
    dmean2: [0.0019972352311]
    dvar: [1.26920735966e-06]
    dvar2: [2.30514820032e-06]
    kurt: [-1.90559196472]
    max: [0.00235602795146]
    mean: [0.00103948963806]
    median: [2.16463399738e-06]
    min: [0]
    skew: [0.239454448223]
    var: [1.31106753543e-06]

MfccCoeff:
    dmean: [1.67467153072, 2.08014798164, 1.33124911785, 0.408720523119, 0.373043060303, 0.813523232937, 0.89148080349, 0.963728845119, 0.893307864666, 0.662780582905, 0.326020896435, 0.0468772538006, 0.377737730742]
    dmean2: [2.18756818771, 2.70224380493, 1.6952496767, 0.484757900238, 0.487571179867, 0.958370387554, 0.933935046196, 0.865589559078, 0.703087806702, 0.475508213043, 0.228333622217, 0.0820534303784, 0.288579016924]
    dvar: [55.8207168579, 86.44896698, 35.9798736572, 3.68493652344, 2.75298810005, 14.654794693, 21.1651535034, 19.1302204132, 13.2393188477, 6.65029859543, 1.5873169899, 0.0536316595972, 2.07135987282]
    dvar2: [108.30103302, 165.455169678, 65.4686660767, 5.53343772888, 5.35777330399, 21.6469669342, 22.8722362518, 13.6882333755, 6.72839355469, 3.14318466187, 0.757246494293, 0.100054815412, 1.48195612431]
    kurt: [18.3649044037, 18.7515602112, 20.7157707214, 28.9320793152, 18.1308326721, 29.1841278076, 33.7561340332, 32.2955703735, 28.7266483307, 26.0527000427, 25.5712089539, 14.772403717, 20.7030258179]
    max: [-1092.46240234, 57.4458694458, 37.5893592834, 12.4156837463, -6.103515625e-05, 2.28881835938e-05, -2.67028808594e-05, -5.34057617188e-05, -4.57763671875e-05, -2.28881835938e-05, -2.67028808594e-05, 1.46398162842, 12.8078308105]
    mean: [-1113.07836914, 32.4421310425, 22.9636497498, 9.36982917786, -5.57776975632, -18.9399013519, -28.2226905823, -31.8590927124, -29.4672336578, -21.8550014496, -10.7936162949, 1.38400197029, 12.2786407471]
    median: [-1112.7989502, 32.8319206238, 23.3110046387, 9.57905960083, -5.63912963867, -19.3745346069, -29.0324630737, -32.9149856567, -30.5406131744, -22.6952285767, -11.2118663788, 1.46192169189, 12.8062210083]
    min: [-1138.42004395, 1.14440917969e-05, -6.103515625e-05, 8.01086425781e-05, -10.1871490479, -24.7676200867, -29.9280166626, -32.9419326782, -30.568567276, -22.720375061, -11.231710434, -0.00264739990234, -3.81469726562e-05]
    skew: [-1.40660607815, -1.74053823948, -2.81006836891, -5.0410990715, 1.3078674078, 5.11240148544, 5.84337902069, 5.67396450043, 5.30459213257, 5.04771947861, 5.00515985489, -4.02475738525, -4.55720424652]
    var: [24.8877925873, 39.2127799988, 17.4613952637, 2.33451843262, 1.22460734844, 9.49401283264, 19.6347675323, 25.532497406, 23.0958271027, 13.3511362076, 3.29026055336, 0.0963714271784, 4.8172249794]

SpecContrastCoeff:
    dmean: [0.0337778925896, 0.0302529055625, 0.0125707574189, 0.0138449370861, 0.00709561863914, 0.00694637000561]
    dmean2: [0.058188226074, 0.0360313914716, 0.020086703822, 0.0230775866657, 0.0104417195544, 0.0128816245124]
    dvar: [0.000503709714394, 0.003261344973, 9.58983291639e-05, 0.000102405327198, 4.62818316009e-05, 4.98673725815e-05]
    dvar2: [0.00112165347673, 0.00200112001039, 0.000168268757989, 0.000333018513629, 0.000134557441925, 0.00012690188305]
    kurt: [1.41301631927, 19.1798686981, 2.79132032394, 1.4161529541, 8.86544322968, 10.5585355759]
    max: [-0.813096106052, -0.414490103722, -0.904474318027, -0.900087893009, -0.914060652256, -0.910473048687]
    mean: [-0.869515240192, -0.460035353899, -0.951559305191, -0.938755273819, -0.928679406643, -0.92818748951]
    median: [-0.877465069294, -0.440826565027, -0.955676794052, -0.938759863377, -0.928749740124, -0.928296387196]
    min: [-0.961005091667, -0.988593578339, -0.967844724655, -0.961875319481, -0.962188601494, -0.962905347347]
    skew: [-0.189911752939, -4.36211252213, 1.65509712696, 0.774235188961, -1.79756200314, -2.0910179615]
    var: [0.000728439772502, 0.00928066577762, 0.000174641565536, 0.000137252107379, 5.11292273586e-05, 5.12040387548e-05]

SpecPeakAmp:
    dmean: [6.56148258713e-05, 2.12544568967e-06, 2.10302800951e-06, 0.000199037938728, 0.000857484177686]
    dmean2: [0.000101201039797, 3.30076932187e-06, 2.98079999084e-06, 0.000367716129404, 0.00175362161826]
    dvar: [8.43994243382e-08, 2.78960448491e-11, 2.54167034641e-11, 3.97634295268e-07, 1.27945338591e-06]
    dvar2: [2.16488572846e-07, 6.98108723607e-11, 4.81194875612e-11, 1.13211274311e-06, 2.33842342823e-06]
    kurt: [40.0176506042, 29.5134544373, 18.2479152679, 16.0536422729, -1.74578416348]
    max: [0.00140312488656, 2.66676997853e-05, 2.59856296907e-05, 0.0023549022153, 0.00235602795146]
    mean: [3.92629990529e-05, 2.31285230257e-06, 2.67417067334e-06, 0.000120198899822, 0.000891770236194]
    median: [8.67159633344e-06, 1.71479587152e-06, 1.85048224921e-06, 1.74992953816e-06, 2.10678763324e-06]
    min: [3.00465171676e-06, 5.54683651899e-07, 5.6932191228e-07, 4.21529847472e-07, 3.33295105293e-07]
    skew: [6.48189210892, 5.39582109451, 4.42012166977, 4.1960735321, 0.504144251347]
    var: [4.22779322662e-08, 1.56186591438e-11, 2.04280724281e-11, 2.37555184412e-07, 1.3006321069e-06]
