
metadata:
    version:
        essentia: "2.1-beta3"

Flux:
    dmean: 0.00284408032894
    dmean2: 0.0037438494619
    dvar: 8.38553460198e-05
    dvar2: 0.000164122509887
    kurt: 9.69977283478
    max: 0.0536001250148
    mean: 0.00363331381232
    median: 0.000126878410811
    min: 1.26648192236e-05
    skew: 3.3082242012
    var: 0.000136296002893

Rms:
    dmean: 0.00123266945593
    dmean2: 0.0010424698703
    dvar: 1.46247011799e-05
    dvar2: 6.22874813416e-06
    kurt: 20.6514053345
    max: 0.0385233648121
    mean: 0.0370058082044
    median: 0.0383267104626
    min: 0.00728327501565
    skew: -4.51066589355
    var: 2.79829782812e-05

RollOff:
    dmean: 10.2772102356
    dmean2: 10.0154428482
    dvar: 3719.72900391
    dvar2: 3415.02368164
    kurt: 39.6041374207
    max: 796.728515625
    mean: 376.591796875
    median: 366.064453125
    min: 366.064453125
    skew: 6.43440771103
    var: 4031.37255859

SpecCent:
    dmean: 20.9001541138
    dmean2: 21.0967884064
    dvar: 10463.1679688
    dvar2: 7821.92724609
    kurt: 38.7044639587
    max: 1141.16333008
    mean: 378.795227051
    median: 359.446807861
    min: 356.240264893
    skew: 6.33751869202
    var: 13417.1142578

Zcr:
    dmean: 0.00081010296708
    dmean2: 0.000953851733357
    dvar: 3.67319717043e-06
    dvar2: 2.40585040956e-06
    kurt: 17.9196510315
    max: 0.0166015625
    mean: 0.0156141491607
    median: 0.01611328125
    min: 0.0009765625
    skew: -4.22640657425
    var: 7.31668478693e-06

HarmonicAmpFreq:
    dmean: [0.0495563857257]
    dmean2: [0.0510878451169]
    dvar: [0.0340856276453]
    dvar2: [0.0290912203491]
    kurt: [18.8716030121]
    max: [360.465759277]
    mean: [360.411956787]
    median: [360.456481934]
    min: [359.370544434]
    skew: [-4.50448131561]
    var: [0.0396198183298]

HarmonicAmpMag:
    dmean: [0.00207772222348]
    dmean2: [0.00161558878608]
    dvar: [6.02809559496e-05]
    dvar2: [4.15264803451e-05]
    kurt: [15.7200927734]
    max: [0.0527372211218]
    mean: [0.0502117797732]
    median: [0.0527252964675]
    min: [0]
    skew: [-4.07462406158]
    var: [9.81697012321e-05]

MfccCoeff:
    dmean: [14.2545528412, 7.46790122986, 3.88340687752, 3.50756430626, 3.56059098244, 3.77137970924, 3.76828837395, 3.23347187042, 2.35517668724, 1.97820138931, 1.7553062439, 1.17124640942, 1.62203073502]
    dmean2: [21.3092060089, 10.8445863724, 5.97471666336, 5.77217006683, 6.11029672623, 5.81772565842, 5.46376609802, 4.56191968918, 2.87172007561, 2.50055384636, 2.36806797981, 2.0053665638, 2.34804940224]
    dvar: [3047.70556641, 429.615600586, 20.615322113, 5.67009592056, 5.33750963211, 8.79319477081, 23.9974975586, 42.1100845337, 44.2070884705, 28.6188964844, 7.3600230217, 0.444653987885, 9.2073507309]
    dvar2: [7570.88720703, 925.575378418, 20.9475307465, 7.62851238251, 9.54176235199, 8.28474807739, 19.8402862549, 44.0032234192, 45.5249862671, 29.0539894104, 5.9933257103, 1.01193130016, 11.4159641266]
    kurt: [36.7186889648, 14.9963226318, 11.3928508759, 6.66906642914, -0.333784818649, 16.199962616, 19.7131576538, 18.200340271, 17.3863582611, 15.8206653595, 14.7318058014, -0.45300579071, 12.9079294205]
    max: [-839.757629395, 139.073501587, 71.4397277832, 32.2892341614, -5.11625671387, -9.67055511475, -10.7059173584, -8.66379547119, -4.95941162109, -1.29988861084, 1.02116012573, 3.90865325928, 25.2487640381]
    mean: [-1079.80493164, 69.7846832275, 48.1061515808, 20.541425705, -9.93479251862, -36.7709732056, -55.3599700928, -62.4024848938, -57.4758911133, -42.3006515503, -20.6966381073, 2.71440029144, 23.2382640839]
    median: [-1085.80969238, 67.2286758423, 47.7335548401, 20.1433448792, -10.2390594482, -37.812953949, -57.2204055786, -65.0157775879, -60.0116348267, -44.2717514038, -21.9102993011, 2.42736053467, 24.3354110718]
    min: [-1125.5098877, 15.9868583679, 9.93420410156, 2.08488845825, -17.6648902893, -40.9766349792, -61.5639724731, -68.6332092285, -62.1573562622, -45.1479721069, -22.6736507416, 0.246208190918, 0.709564208984]
    skew: [6.06068897247, 1.63005518913, -2.50912833214, -1.74401736259, -0.247977688909, 3.68407607079, 4.37598371506, 4.31531476974, 4.23218345642, 4.05946445465, 3.85921907425, -0.223751977086, -3.70301628113]
    var: [1363.92016602, 199.877212524, 69.4471588135, 20.5471591949, 7.02490854263, 25.7485733032, 65.6282043457, 102.05355072, 99.1563796997, 63.7159614563, 18.0934143066, 0.742761909962, 22.6068611145]

SpecContrastCoeff:
    dmean: [0.0272463969886, 0.0345296822488, 0.0121332639828, 0.0105818323791, 0.0109783448279, 0.0180725157261]
    dmean2: [0.0501802526414, 0.0364713408053, 0.0196504946798, 0.0170431025326, 0.0177903585136, 0.0310925990343]
    dvar: [0.00108916324098, 0.00570522109047, 0.000128998697619, 0.000195706918021, 0.000454807275673, 0.000557024264708]
    dvar2: [0.00284757791087, 0.00303944805637, 0.000143790646689, 0.000223834984354, 0.000636748562101, 0.00087091041496]
    kurt: [5.44645214081, 21.6458854675, 6.00286769867, 14.327009201, 19.8713111877, 14.1738262177]
    max: [-0.805506825447, -0.239600017667, -0.881590485573, -0.872141242027, -0.836772620678, -0.825570106506]
    mean: [-0.92927891016, -0.288507819176, -0.947026968002, -0.956626355648, -0.955804586411, -0.949162125587]
    median: [-0.943987905979, -0.263480722904, -0.954271733761, -0.963341236115, -0.963301002979, -0.958268344402]
    min: [-0.951911568642, -0.985348045826, -0.957846462727, -0.96487057209, -0.96409291029, -0.961659669876]
    skew: [2.44931864738, -4.61473369598, 2.50617933273, 3.56366109848, 4.25518417358, 3.47905421257]
    var: [0.00109720299952, 0.0150246908888, 0.000297870457871, 0.000265160313575, 0.000447179045295, 0.000559890293516]

SpecPeakAmp:
    dmean: [0.00144360389095, 3.69916451746e-05, 0.0239628534764, 0.0236120522022, 4.29220490332e-05]
    dmean2: [0.00221728649922, 5.62112472835e-05, 0.0489986501634, 0.0474386587739, 6.40447469777e-05]
    dvar: [4.24209429184e-05, 6.85966616842e-09, 0.000686490209773, 0.000671820656862, 1.01354515891e-08]
    dvar2: [0.00010894859588, 1.65491265136e-08, 0.00134132325184, 0.00148381432518, 1.63557611899e-08]
    kurt: [40.0205192566, 23.7680988312, -1.33396279812, -0.619415521622, 21.3392314911]
    max: [0.0313441492617, 0.000423057412263, 0.0527346543968, 0.0527372211218, 0.000570544740185]
    mean: [0.000738269649446, 4.90037054988e-05, 0.0363542363048, 0.0132259530947, 4.09470594604e-05]
    median: [4.23995224992e-05, 3.79870907636e-05, 0.0527201108634, 3.72343347408e-05, 1.47004775499e-05]
    min: [1.04037117126e-05, 1.92648622033e-05, 1.32113491418e-05, 9.75531384029e-06, 7.76487559051e-06]
    skew: [6.48223304749, 4.85222959518, -0.816071391106, 1.16397070885, 4.67132329941]
    var: [2.1289633878e-05, 4.15292822353e-09, 0.000593416916672, 0.000507603632286, 8.99577567992e-09]
