
metadata:
    version:
        essentia: "2.1-beta3"

Flux:
    dmean: 0.0255875959992
    dmean2: 0.0338644981384
    dvar: 0.00679798005149
    dvar2: 0.0130236083642
    kurt: 9.48816299438
    max: 0.492885857821
    mean: 0.0333852544427
    median: 0.00113321188837
    min: 9.41064790823e-05
    skew: 3.27780628204
    var: 0.0114934360608

Rms:
    dmean: 0.0113231157884
    dmean2: 0.00959879811853
    dvar: 0.00123484851792
    dvar2: 0.000525502779055
    kurt: 20.7788124084
    max: 0.354989111423
    mean: 0.341063320637
    median: 0.353200674057
    min: 0.0673415064812
    skew: -4.52305650711
    var: 0.00236436980776

RollOff:
    dmean: 10.7666015625
    dmean2: 10.5162153244
    dvar: 4120.41845703
    dvar2: 3803.72119141
    kurt: 39.6428718567
    max: 818.26171875
    mean: 377.0703125
    median: 366.064453125
    min: 366.064453125
    skew: 6.43879747391
    var: 4443.53173828

SpecCent:
    dmean: 21.6717758179
    dmean2: 21.6982707977
    dvar: 11339.8583984
    dvar2: 8399.60644531
    kurt: 38.62840271
    max: 1176.3145752
    mean: 379.769958496
    median: 359.62411499
    min: 356.231384277
    skew: 6.32951784134
    var: 14660.5419922

Zcr:
    dmean: 0.00081010296708
    dmean2: 0.000953851733357
    dvar: 3.67319717043e-06
    dvar2: 2.40585040956e-06
    kurt: 17.9196510315
    max: 0.0166015625
    mean: 0.0156141491607
    median: 0.01611328125
    min: 0.0009765625
    skew: -4.22640657425
    var: 7.31668478693e-06

HarmonicAmpFreq:
    dmean: [0.0544613935053]
    dmean2: [0.0588542148471]
    dvar: [0.0425267182291]
    dvar2: [0.0440012067556]
    kurt: [18.0997066498]
    max: [360.53527832]
    mean: [360.413513184]
    median: [360.45791626]
    min: [359.368652344]
    skew: [-4.43448972702]
    var: [0.0423207171261]

HarmonicAmpMag:
    dmean: [0.0189779512584]
    dmean2: [0.0147064365447]
    dvar: [0.00501426775008]
    dvar2: [0.00343149923719]
    kurt: [15.8775138855]
    max: [0.485970109701]
    mean: [0.462851345539]
    median: [0.485862284899]
    min: [0]
    skew: [-4.08669376373]
    var: [0.00823586247861]

MfccCoeff:
    dmean: [37.2024688721, 8.1020822525, 30.7090015411, 18.3383522034, 6.26711702347, 8.2505197525, 6.25113534927, 5.19083881378, 4.74943113327, 2.67025923729, 2.18568944931, 0.999318540096, 1.36143219471]
    dmean2: [58.85414505, 12.5895595551, 51.5677528381, 30.5404930115, 11.5507164001, 14.325135231, 9.84328746796, 7.72751331329, 6.96488285065, 3.53459835052, 3.00925064087, 1.8971837759, 1.86332881451]
    dvar: [6890.35644531, 38.5380401611, 228.051574707, 92.4083557129, 17.9130115509, 39.4675445557, 38.2982292175, 47.1502571106, 42.7838897705, 28.7699146271, 6.2752532959, 0.827964425087, 9.86666202545]
    dvar2: [17091.8535156, 57.0667457581, 590.427490234, 270.281036377, 37.1656608582, 94.7672653198, 46.1367225647, 51.1161422729, 44.3592147827, 25.424030304, 3.60131049156, 1.8551197052, 10.8417797089]
    kurt: [30.6538391113, 10.3882913589, -0.772446632385, -1.06967580318, -0.133407831192, 2.4326839447, 10.9669685364, 12.5112447739, 13.6193351746, 15.3233699799, 16.4617557526, 2.67855644226, 13.3559322357]
    max: [-593.981079102, 195.986312866, 102.387878418, 40.5717048645, -9.90507507324, -17.5388870239, -15.1906967163, -12.3515930176, -6.65158081055, 0.728088378906, 3.55006790161, 3.49715423584, 24.806602478]
    mean: [-983.100524902, 157.101287842, 70.5786437988, 16.0482559204, -18.0168895721, -44.9524650574, -60.3998756409, -64.16771698, -58.0360183716, -41.9846343994, -20.4845523834, 2.52649593353, 22.7963218689]
    median: [-989.828063965, 158.281890869, 71.2859802246, 14.2259712219, -16.0268058777, -44.5672569275, -61.7495040894, -65.9378814697, -59.8790054321, -43.7707443237, -21.2170772552, 2.72032928467, 24.1982269287]
    min: [-1016.72747803, 108.270378113, 16.1925487518, -3.83710861206, -28.8437461853, -57.7731895447, -70.3036575317, -73.1791534424, -66.0463027954, -47.1592712402, -24.4698848724, -0.51784324646, -1.38249206543]
    skew: [5.45780706406, -1.1673169136, -0.313462764025, 0.289050638676, -0.906990587711, 1.05442667007, 3.12106919289, 3.53702807426, 3.68884348869, 3.9499707222, 3.91451907158, -1.60197162628, -3.75858473778]
    var: [3903.87744141, 116.925300598, 528.970031738, 171.321868896, 21.5315856934, 61.3391151428, 90.0656051636, 115.337097168, 106.967521667, 68.9133377075, 20.3496818542, 0.71450316906, 24.9529190063]

SpecContrastCoeff:
    dmean: [0.0577647313476, 0.03359958902, 0.0138242123649, 0.00836760457605, 0.0054239127785, 0.0109327053651]
    dmean2: [0.10903313756, 0.0322555042803, 0.0228369124234, 0.0134161645547, 0.00824864115566, 0.0192686580122]
    dvar: [0.00376177486032, 0.00973835214972, 0.000168758022483, 8.93077158253e-05, 8.73866665643e-05, 0.000293463905109]
    dvar2: [0.00972610991448, 0.00406061578542, 0.000273029640084, 0.000157225047587, 0.00015103048645, 0.000782407762017]
    kurt: [4.43199872971, 26.6487388611, 6.34668445587, 7.70068454742, 10.1673736572, 10.2664194107]
    max: [-0.69876074791, -0.0749635323882, -0.856041967869, -0.895394086838, -0.900510132313, -0.878522634506]
    mean: [-0.927399218082, -0.11908274889, -0.934942781925, -0.950219213963, -0.95262992382, -0.94801145792]
    median: [-0.954928159714, -0.0889631733298, -0.942874848843, -0.956102192402, -0.956363260746, -0.954013288021]
    min: [-0.968873620033, -0.981333732605, -0.947132527828, -0.956672132015, -0.95737528801, -0.95569473505]
    skew: [2.11579704285, -5.10164022446, 2.48090982437, 2.676633358, 3.18691802025, 3.13248157501]
    var: [0.00336297927424, 0.0205416567624, 0.000350297195837, 0.000147778802784, 0.000121300086903, 0.000216408225242]

SpecPeakAmp:
    dmean: [0.0132783707231, 0.287183016539, 0.312216669321, 0.110226869583, 0.000330334733007]
    dmean2: [0.0203821472824, 0.587495863438, 0.635311901569, 0.214444801211, 0.000489702622872]
    dvar: [0.00358236348256, 0.0567983053625, 0.0529062375426, 0.0410179644823, 7.39499171232e-07]
    dvar2: [0.00920044444501, 0.0934116542339, 0.0679836049676, 0.112125210464, 1.73633281975e-06]
    kurt: [40.0157585144, -1.33411002159, -1.98092794418, 4.12565231323, 18.5614261627]
    max: [0.288003087044, 0.485928088427, 0.485970109701, 0.485963851213, 0.00395567249507]
    mean: [0.0067618410103, 0.151563107967, 0.251714169979, 0.0542764626443, 0.000272698322078]
    median: [0.000331069255481, 0.000425471516792, 0.485780835152, 0.000296586134937, 7.81696217018e-05]
    min: [6.88861618983e-05, 0.000183350799489, 0.000124460842926, 5.40832006664e-05, 2.01337370527e-05]
    skew: [6.48167276382, 0.815984606743, -0.0622134506702, 2.47482347488, 4.41619873047]
    var: [0.00179779657628, 0.0504662655294, 0.0577428936958, 0.0231402870268, 4.89802857828e-07]
