
metadata:
    version:
        essentia: "2.1-beta3"

Flux:
    dmean: 0.0152039527893
    dmean2: 0
    dvar: 0
    dvar2: 0
    kurt: -2
    max: 0.288672745228
    mean: 0.281070768833
    median: 0.281070768833
    min: 0.273468792439
    skew: 0
    var: 5.77900464123e-05

Rms:
    dmean: 0
    dmean2: 0
    dvar: 0
    dvar2: 0
    kurt: 0
    max: 0.0994751527905
    mean: 0.0994751527905
    median: 0.0994751527905
    min: 0.0994751527905
    skew: 0
    var: 0

RollOff:
    dmean: 129.19921875
    dmean2: 0
    dvar: 0
    dvar2: 0
    kurt: -1.99999988079
    max: 645.99609375
    mean: 581.396484375
    median: 581.396484375
    min: 516.796875
    skew: 0
    var: 4173.109375

SpecCent:
    dmean: 137.638549805
    dmean2: 0
    dvar: 0
    dvar2: 0
    kurt: -2
    max: 611.659179688
    mean: 542.839904785
    median: 542.839904785
    min: 474.020629883
    skew: 0
    var: 4736.09277344

Zcr:
    dmean: 0
    dmean2: 0
    dvar: 0
    dvar2: 0
    kurt: 0
    max: 0.0068359375
    mean: 0.0068359375
    median: 0.0068359375
    min: 0.0068359375
    skew: 0
    var: 0

HarmonicAmpFreq:
    dmean: [78.7833557129]
    dmean2: [0]
    dvar: [0]
    dvar2: [0]
    kurt: [-2.00000023842]
    max: [557.511047363]
    mean: [518.119384766]
    median: [518.119384766]
    min: [478.72769165]
    skew: [-1.15032105441e-06]
    var: [1551.7043457]

HarmonicAmpMag:
    dmean: [0.0884231328964]
    dmean2: [0]
    dvar: [0]
    dvar2: [0]
    kurt: [-2]
    max: [0.0961677804589]
    mean: [0.0519562140107]
    median: [0.0519562140107]
    min: [0.0077446475625]
    skew: [0]
    var: [0.00195466261357]

MfccCoeff:
    dmean: [370.712463379, 16.9067840576, 21.6314735413, 41.5412902832, 50.5505142212, 34.7410888672, 2.05951690674, 15.5858135223, 21.4673461914, 15.6168994904, 7.84385299683, 1.26723480225, 5.56902694702]
    dmean2: [0, 0, 0, 0, 0, 0, 0, 0, 0, 0, 0, 0, 0]
    dvar: [0, 0, 0, 0, 0, 0, 0, 0, 0, 0, 0, 0, 0]
    dvar2: [0, 0, 0, 0, 0, 0, 0, 0, 0, 0, 0, 0, 0]
    kurt: [-2, -2, -2, -2, -2, -1.99999988079, -2, -2, -2, -1.99999988079, -2, -2, -2]
    max: [-635.278625488, 164.068099976, 54.7439918518, 10.5449428558, -18.0382289886, -23.9077129364, -26.310333252, -1.88954162598, 12.7577171326, 17.3504734039, 14.8645133972, 9.51847076416, 7.19649887085]
    mean: [-820.634887695, 155.614715576, 43.9282531738, -10.2257013321, -43.3134880066, -41.2782554626, -27.3400917053, -9.68244838715, 2.02404403687, 9.54202365875, 10.9425868988, 8.88485336304, 4.41198539734]
    median: [-820.634887695, 155.614715576, 43.9282531738, -10.2257013321, -43.3134880066, -41.2782554626, -27.3400917053, -9.68244838715, 2.02404403687, 9.54202365875, 10.9425868988, 8.88485336304, 4.41198539734]
    min: [-1005.99108887, 147.161315918, 33.1125183105, -30.99634552, -68.5887451172, -58.6487998962, -28.3698501587, -17.4753551483, -8.70962905884, 1.73357391357, 7.02066040039, 8.25123596191, 1.62747192383]
    skew: [5.10342545113e-07, -2.67752079708e-06, 5.30645422714e-07, 0, 1.20960407912e-07, -1.86320150419e-07, 0, 0, 0, 0, 0, 0, 0]
    var: [34356.9335938, 71.4598388672, 116.980163574, 431.419708252, 638.838684082, 301.735778809, 1.06040251255, 60.7293968201, 115.211738586, 60.9718856812, 15.3815078735, 0.401471018791, 7.75351524353]

SpecContrastCoeff:
    dmean: [0.0456957221031, 0.0527374744415, 0.170584857464, 0.037777364254, 0.015657544136, 0.0199905633926]
    dmean2: [0, 0, 0, 0, 0, 0]
    dvar: [0, 0, 0, 0, 0, 0]
    dvar2: [0, 0, 0, 0, 0, 0]
    kurt: [-2, -2, -2, -2, -2, -2]
    max: [-0.872043907642, -0.674202203751, -0.683206617832, -0.887630820274, -0.933458209038, -0.9403398633]
    mean: [-0.894891738892, -0.700570940971, -0.768499016762, -0.906519532204, -0.941286981106, -0.950335144997]
    median: [-0.894891738892, -0.700570940971, -0.768499016762, -0.906519532204, -0.941286981106, -0.950335144997]
    min: [-0.917739629745, -0.726939678192, -0.853791475296, -0.925408184528, -0.949115753174, -0.960330426693]
    skew: [-3.8889620555e-06, 0, -1.03190893697e-06, 4.75723163618e-06, 0, 0]
    var: [0.0005220247549, 0.000695310300216, 0.00727479858324, 0.000356782315066, 6.12896692473e-05, 9.99056574074e-05]

SpecPeakAmp:
    dmean: [0.0958852767944, 0.0255455505103, 0.0110001144931, 7.35213980079e-05, 0.00571066280827]
    dmean2: [0, 0, 0, 0, 0]
    dvar: [0, 0, 0, 0, 0]
    dvar2: [0, 0, 0, 0, 0]
    kurt: [-2, -1.99999988079, -2, -2, -2]
    max: [0.0961677804589, 0.0258570667356, 0.0113959843293, 0.0077446475625, 0.00613731425256]
    mean: [0.0482251420617, 0.0130842914805, 0.00589592708275, 0.0077078868635, 0.00328198284842]
    median: [0.0482251420617, 0.0130842914805, 0.00589592708275, 0.0077078868635, 0.00328198284842]
    min: [0.000282502558548, 0.000311515730573, 0.000395869690692, 0.0076711261645, 0.000426651589805]
    skew: [0, -5.45574856403e-08, 0, 0, 1.52612699367e-07]
    var: [0.00229849666357, 0.000163143791724, 3.02506305161e-05, 1.35134903267e-09, 8.15291696199e-06]
