
metadata:
    version:
        essentia: "2.1-beta3"

Flux:
    dmean: 5.1121528486e-06
    dmean2: 7.65236654843e-06
    dvar: 3.20278276122e-10
    dvar2: 6.93367974147e-10
    kurt: 14.1702327728
    max: 9.58839227678e-05
    mean: 6.15105864199e-06
    median: 1.50437608681e-06
    min: 5.93830634443e-07
    skew: 3.88244771957
    var: 3.28421317919e-10

Rms:
    dmean: 1.41156510836e-06
    dmean2: 1.41849648116e-06
    dvar: 2.48183053969e-11
    dvar2: 1.83889535543e-11
    kurt: 19.6183223724
    max: 7.74717336753e-05
    mean: 7.58918686188e-05
    median: 7.72203929955e-05
    min: 4.46587982879e-05
    skew: -4.5038523674
    var: 3.31848541701e-11

RollOff:
    dmean: 1.00154435635
    dmean2: 1.025390625
    dvar: 20.5633563995
    dvar2: 21.0285148621
    kurt: 17.0477027893
    max: 753.662109375
    mean: 733.107666016
    median: 732.12890625
    min: 732.12890625
    skew: 4.36437177658
    var: 20.118303299

SpecCent:
    dmean: 4.47779750824
    dmean2: 6.78529119492
    dvar: 25.0192756653
    dvar2: 19.3664665222
    kurt: 23.6070976257
    max: 1017.93481445
    mean: 970.895446777
    median: 969.797241211
    min: 965.584594727
    skew: 4.7106719017
    var: 65.636756897

Zcr:
    dmean: 0.000987917883322
    dmean2: 0.0012090774253
    dvar: 1.0551266314e-05
    dvar2: 9.85734004644e-06
    kurt: 17.3354282379
    max: 0.03271484375
    mean: 0.0318159610033
    median: 0.03271484375
    min: 0.01513671875
    skew: -4.36857032776
    var: 1.15084931167e-05

HarmonicAmpFreq:
    dmean: [0.0438956320286]
    dmean2: [0.0449407659471]
    dvar: [0.0809267163277]
    dvar2: [0.0828065797687]
    kurt: [38.9944763184]
    max: [719.744628906]
    mean: [719.701416016]
    median: [719.744628906]
    min: [717.857116699]
    skew: [-6.40156984329]
    var: [0.0791303664446]

HarmonicAmpMag:
    dmean: [1.43185957313e-06]
    dmean2: [1.46595141359e-06]
    dvar: [8.61093141236e-11]
    dvar2: [8.81095543748e-11]
    kurt: [39.0232620239]
    max: [6.15699609625e-05]
    mean: [1.39931728427e-06]
    median: [0]
    min: [0]
    skew: [6.40493965149]
    var: [8.41978223254e-11]

MfccCoeff:
    dmean: [0.0644133836031, 0.0662110820413, 0.00524334562942, 0.0584880039096, 0.0899863988161, 0.0723078548908, 0.0155937727541, 0.0493252761662, 0.0866480991244, 0.0766317695379, 0.0255645047873, 0.0389530286193, 0.0811778232455]
    dmean2: [0.0659470334649, 0.0677838996053, 0.00539361871779, 0.0599031001329, 0.0921318382025, 0.0739985853434, 0.0160340815783, 0.0505518242717, 0.0887149646878, 0.0784042030573, 0.0262863524258, 0.0399600453675, 0.0831137150526]
    dvar: [0.0868766009808, 0.0919838920236, 0.0006171411369, 0.0710158497095, 0.16950429976, 0.110649563372, 0.00546459760517, 0.0498075634241, 0.157163456082, 0.125195249915, 0.0146840363741, 0.0304313972592, 0.137942627072]
    dvar2: [0.0873556286097, 0.0925275161862, 0.000628735753708, 0.0713166370988, 0.170443147421, 0.111452817917, 0.00556765357032, 0.0499120280147, 0.15803475678, 0.126251354814, 0.014960674569, 0.0303981341422, 0.138707250357]
    kurt: [21.8389015198, 21.942861557, 25.1090335846, 21.5674114227, 21.8565158844, 22.2511558533, 25.1111297607, 21.0767288208, 21.8565635681, 22.5207862854, 25.1109714508, 20.371421814, 21.8565368652]
    max: [-1136.71264648, 1.7589225769, 0.149139404297, 8.01086425781e-05, -6.103515625e-05, 2.28881835938e-05, -2.67028808594e-05, 1.27842712402, 2.296459198, 2.06711578369, 0.727764129639, -3.0517578125e-05, -3.81469726562e-05]
    mean: [-1136.77709961, 1.69296681881, 0.143995806575, -1.47915613651, -2.29531788826, -1.86491978168, -0.428671747446, 1.22904253006, 2.21008014679, 1.99101650715, 0.702630460262, -0.948736727238, -2.07061314583]
    median: [-1136.71411133, 1.75742721558, 0.149078369141, -1.5359916687, -2.38290405273, -1.93537139893, -0.443813323975, 1.27688217163, 2.29442596436, 2.06566619873, 0.727436065674, -0.986373901367, -2.14963150024]
    min: [-1138.42004395, 1.14440917969e-05, -6.103515625e-05, -1.53754806519, -2.38502502441, -1.93683624268, -0.444011688232, -5.34057617188e-05, -4.57763671875e-05, -2.28881835938e-05, -2.67028808594e-05, -0.987915039062, -2.15153503418]
    skew: [-4.77038764954, -4.78065538406, -5.05803394318, 4.74814414978, 4.77317285538, 4.80740737915, 5.05822134018, -4.70576047897, -4.77317428589, -4.83084630966, -5.05820417404, 4.6450381279, 4.77317523956]
    var: [0.0864729210734, 0.0915188267827, 0.000605802575592, 0.0707853287458, 0.1687156111, 0.109931156039, 0.00536336284131, 0.049762584269, 0.156432077289, 0.124226763844, 0.0144122000784, 0.0305112823844, 0.137301146984]

SpecContrastCoeff:
    dmean: [0.0195334423333, 0.0175403691828, 0.0156654361635, 0.0103292856365, 0.00798027031124, 0.00663301954046]
    dmean2: [0.0263724885881, 0.0307758189738, 0.0219974592328, 0.0164222717285, 0.0116803832352, 0.0098822247237]
    dvar: [0.00116724264808, 0.000233681857935, 0.00121187977493, 0.000158783470397, 8.1436795881e-05, 7.88328470662e-05]
    dvar2: [0.00114135269541, 0.000673064147122, 0.00123388902284, 0.000207818273338, 0.000111944762466, 9.39009187277e-05]
    kurt: [22.506696701, 5.47198104858, 18.8899326324, 10.7040529251, 8.65433597565, 16.6242733002]
    max: [-0.703076124191, -0.861595869064, -0.573380172253, -0.875492572784, -0.87667298317, -0.851042568684]
    mean: [-0.743150532246, -0.938021242619, -0.596599519253, -0.897233247757, -0.897821068764, -0.872066557407]
    median: [-0.737801909447, -0.941716015339, -0.589531898499, -0.896183013916, -0.896780371666, -0.871066272259]
    min: [-0.9576343894, -0.966986656189, -0.792777895927, -0.962464392185, -0.945513427258, -0.931683421135]
    skew: [-4.58277273178, 1.95601677895, -4.39430761337, -2.97740054131, -2.51505637169, -3.56721258163]
    var: [0.00140069308691, 0.000333910837071, 0.0013454753207, 0.000204497031518, 0.000126296989038, 0.000124646016047]

SpecPeakAmp:
    dmean: [1.8101816579e-07, 1.11342288278e-07, 1.88026518799e-07, 1.56849830546e-06, 1.13339709173e-07]
    dmean2: [2.30924825928e-07, 1.5107647755e-07, 2.92692533321e-07, 1.71735814547e-06, 1.66822445635e-07]
    dvar: [2.43774428811e-13, 1.48845887872e-13, 1.18947251137e-13, 8.51504006194e-11, 6.27260965608e-14]
    dvar2: [2.55275022041e-13, 1.510144684e-13, 9.23298506335e-14, 8.72720229417e-11, 7.02560636078e-14]
    kurt: [17.0483837128, 36.28383255, 30.6836128235, 39.0085868835, 31.0163459778]
    max: [8.48767922434e-06, 2.76394030152e-06, 2.70730697594e-06, 6.15699609625e-05, 1.75923150891e-06]
    mean: [8.27568237582e-06, 2.30134119761e-07, 3.53892744442e-07, 1.68652195498e-06, 1.69292178498e-07]
    median: [8.39245876705e-06, 1.6300543848e-07, 3.5437204815e-07, 2.59329340224e-07, 9.11460631414e-08]
    min: [5.86055921303e-06, 9.19692269008e-08, 5.30797379383e-08, 6.05175713986e-08, 4.32923599192e-08]
    skew: [-4.32077884674, 6.09365844727, 5.37315273285, 6.4031791687, 5.45713758469]
    var: [2.44206374957e-13, 1.54442376856e-13, 1.43932405599e-13, 8.34105423619e-11, 6.53778179055e-14]
