
metadata:
    version:
        essentia: "2.1-beta3"

Flux:
    dmean: 0.000124964644783
    dmean2: 0.000164649085491
    dvar: 1.67151284813e-07
    dvar2: 3.29460362991e-07
    kurt: 9.61653423309
    max: 0.00238036317751
    mean: 0.000163795950357
    median: 6.89050511937e-06
    min: 4.62603338747e-06
    skew: 3.29870557785
    var: 2.70723433005e-07

Rms:
    dmean: 5.14193670824e-05
    dmean2: 4.11705805163e-05
    dvar: 3.05236547149e-08
    dvar2: 1.35430280324e-08
    kurt: 21.0330142975
    max: 0.00171630457044
    mean: 0.0016526960535
    median: 0.00171297544148
    min: 0.000304659944959
    skew: -4.55054140091
    var: 5.69914533344e-08

RollOff:
    dmean: 5.38330078125
    dmean2: 5.0077214241
    dvar: 845.686950684
    dvar2: 686.615844727
    kurt: 38.3793106079
    max: 947.4609375
    mean: 737.87109375
    median: 732.12890625
    min: 732.12890625
    skew: 6.29871559143
    var: 1018.03265381

SpecCent:
    dmean: 4.79742145538
    dmean2: 7.45881843567
    dvar: 126.152542114
    dvar2: 121.34147644
    kurt: 37.7848014832
    max: 795.937438965
    mean: 720.482971191
    median: 718.710205078
    min: 715.297790527
    skew: 6.21562719345
    var: 132.905090332

Zcr:
    dmean: 0.00133167614695
    dmean2: 0.00126044696663
    dvar: 1.5717894712e-05
    dvar2: 1.05484423329e-05
    kurt: 17.4997138977
    max: 0.03271484375
    mean: 0.0311957467347
    median: 0.03271484375
    min: 0.00146484375
    skew: -4.2021074295
    var: 3.06682777591e-05

HarmonicAmpFreq:
    dmean: [1.06199920177]
    dmean2: [1.06619763374]
    dvar: [46.6602935791]
    dvar2: [45.9011459351]
    kurt: [39.9914703369]
    max: [718.763977051]
    mean: [717.705810547]
    median: [718.763977051]
    min: [672.036010742]
    skew: [-6.47883844376]
    var: [47.4202156067]

HarmonicAmpMag:
    dmean: [6.28164198133e-05]
    dmean2: [9.64455539361e-05]
    dvar: [8.2864019646e-08]
    dvar2: [2.12852000914e-07]
    kurt: [40.0224342346]
    max: [0.00138323672581]
    mean: [3.07952868752e-05]
    median: [0]
    min: [0]
    skew: [6.4824590683]
    var: [4.15705514456e-08]

MfccCoeff:
    dmean: [1.61444091797, 1.80340921879, 0.667094171047, 0.551028192043, 1.16445457935, 0.992549002171, 0.377452671528, 0.527934908867, 0.714454889297, 0.482976078987, 0.164287224412, 0.517969846725, 0.691344439983]
    dmean2: [2.21380186081, 2.50562882423, 1.01566469669, 0.577318072319, 1.4155318737, 1.26922559738, 0.556095838547, 0.464557617903, 0.706207871437, 0.49610799551, 0.218065485358, 0.40493029356, 0.532084882259]
    dvar: [52.8958740234, 66.027633667, 8.98161888123, 8.43661785126, 30.7078971863, 21.830329895, 2.48808693886, 5.3933839798, 13.6636190414, 7.46288728714, 0.375787049532, 4.08718824387, 7.74308443069]
    dvar2: [113.714012146, 145.709579468, 23.0216598511, 9.13209152222, 49.0342063904, 39.5110282898, 6.25327157974, 3.64608740807, 12.8311300278, 7.70079517365, 0.758163452148, 2.18333411217, 3.79487776756]
    kurt: [20.0769042969, 22.0826053619, 39.8802604675, 35.1479759216, 28.4187526703, 23.0989952087, 36.0734405518, 30.8884544373, 35.2522201538, 37.7620544434, 15.6354904175, 25.0130805969, 28.0794734955]
    max: [-1095.48986816, 47.202922821, 14.4697570801, 8.01086425781e-05, -6.103515625e-05, 2.28881835938e-05, -2.67028808594e-05, 17.6989536285, 25.2434577942, 18.1603794098, 2.93407058716, -3.0517578125e-05, -3.81469726562e-05]
    mean: [-1119.61999512, 18.9359855652, 0.476459413767, -17.9798297882, -25.7190151215, -18.4262771606, -0.630806803703, 17.109916687, 24.5205001831, 17.6066398621, 0.80796533823, -15.8552980423, -22.8055477142]
    median: [-1119.65222168, 18.8061943054, 0.149078369141, -18.4796562195, -26.2149925232, -18.6694412231, -0.443828582764, 17.6982364655, 25.2426490784, 18.0730686188, 0.727474212646, -16.4811019897, -23.648891449]
    min: [-1138.42004395, 1.14440917969e-05, -6.103515625e-05, -19.063243866, -35.8534812927, -29.5792655945, -7.74591064453, -5.34057617188e-05, -4.57763671875e-05, -2.28881835938e-05, -2.67028808594e-05, -16.4818496704, -23.6496543884]
    skew: [1.67860710621, 2.62716770172, 6.46601438522, 5.97713661194, 4.75979804993, 3.1713950634, -6.06168317795, -5.53235006332, -5.98642492294, -6.23975992203, 3.96109223366, 4.93980741501, 5.24093103409]
    var: [21.1424827576, 26.0717258453, 4.45767259598, 7.81298351288, 17.8172645569, 10.5542669296, 1.20817911625, 7.52474451065, 14.509806633, 7.23962068558, 0.215705364943, 7.16656827927, 13.9901351929]

SpecContrastCoeff:
    dmean: [0.0501066893339, 0.0223646648228, 0.0289519317448, 0.0151960430667, 0.00856505706906, 0.00454671680927]
    dmean2: [0.0916001871228, 0.0411325469613, 0.0382195524871, 0.0275677572936, 0.0153605677187, 0.0062597100623]
    dvar: [0.000991116976365, 0.000526821473613, 0.00271193636581, 6.69644869049e-05, 6.74252878525e-05, 1.9225939468e-05]
    dvar2: [0.00256015313789, 0.00100723071955, 0.00197671051137, 0.000194760228624, 0.000207594537642, 3.06488727801e-05]
    kurt: [1.65450334549, 10.3284578323, 20.5161380768, -0.0877506732941, 2.77639341354, 6.62330436707]
    max: [-0.76993894577, -0.815076112747, -0.45894870162, -0.912888586521, -0.9070302248, -0.915836632252]
    mean: [-0.849749863148, -0.946972310543, -0.494230538607, -0.943202018738, -0.931520760059, -0.928869366646]
    median: [-0.857623457909, -0.956354320049, -0.478516638279, -0.945522606373, -0.933109760284, -0.927909374237]
    min: [-0.983665823936, -0.976407766342, -0.952991187572, -0.957414031029, -0.957854866982, -0.96083676815]
    skew: [-0.482829064131, 3.16926646233, -4.48940467834, 0.811149179935, 0.349463075399, -2.39980077744]
    var: [0.00158940267283, 0.000961867626756, 0.00669996999204, 0.000124113008496, 6.51285081403e-05, 6.26794062555e-05]

SpecPeakAmp:
    dmean: [3.28860028276e-06, 6.337659579e-05, 1.34690060349e-06, 1.22697178995e-06, 1.14131478313e-06]
    dmean2: [5.10253721586e-06, 9.74208232947e-05, 2.18343757297e-06, 2.01362900043e-06, 1.8331982119e-06]
    dvar: [8.38965841243e-11, 8.28439823408e-08, 1.3411857562e-11, 1.11737017208e-11, 9.53774038914e-12]
    dvar2: [2.06793873692e-10, 2.12634446939e-07, 3.34024786997e-11, 2.76336210858e-11, 2.3839165017e-11]
    kurt: [36.7715759277, 40.0224571228, 38.3546714783, 38.3190612793, 37.9167976379]
    max: [5.09633537149e-05, 0.00138323672581, 1.88099584193e-05, 1.72535001184e-05, 1.59685987455e-05]
    mean: [9.15494456422e-06, 3.16690202453e-05, 1.43361251048e-06, 1.41122757213e-06, 1.46823629166e-06]
    median: [8.38030882733e-06, 1.01357466065e-06, 1.09974575935e-06, 1.1394113244e-06, 1.19492892736e-06]
    min: [2.55116788139e-06, 2.60446910261e-07, 2.83615776198e-07, 1.98723782319e-07, 1.52265116071e-07]
    skew: [6.07602500916, 6.48246335983, 6.28349399567, 6.27800798416, 6.23072862625]
    var: [4.13325589033e-11, 4.15168379675e-08, 6.99955891859e-12, 5.82076097391e-12, 4.9004450671e-12]
