
metadata:
    version:
        essentia: "2.1-beta3"

Flux:
    dmean: 0.00282146246172
    dmean2: 0.00371263013221
    dvar: 8.38253472466e-05
    dvar2: 0.000164852302987
    kurt: 9.64098072052
    max: 0.0533992834389
    mean: 0.00362139102072
    median: 0.000117975738249
    min: 1.89448273886e-05
    skew: 3.30141162872
    var: 0.000136116126669

Rms:
    dmean: 0.00114697276149
    dmean2: 0.000915829965379
    dvar: 1.51689246195e-05
    dvar2: 6.72743817631e-06
    kurt: 20.9830341339
    max: 0.0384179838002
    mean: 0.0369992591441
    median: 0.0383456833661
    min: 0.00695356773213
    skew: -4.54583692551
    var: 2.83521931124e-05

RollOff:
    dmean: 6.36208295822
    dmean2: 6.00926589966
    dvar: 1255.71704102
    dvar2: 1063.77819824
    kurt: 38.872215271
    max: 990.52734375
    mean: 738.828125
    median: 732.12890625
    min: 732.12890625
    skew: 6.35273075104
    var: 1459.50073242

SpecCent:
    dmean: 7.08852577209
    dmean2: 9.58327198029
    dvar: 628.634521484
    dvar2: 579.481262207
    kurt: 39.4598426819
    max: 895.570251465
    mean: 722.423522949
    median: 718.547119141
    min: 713.523986816
    skew: 6.4157781601
    var: 685.868164062

Zcr:
    dmean: 0.00135387072805
    dmean2: 0.00130586849991
    dvar: 1.56691239681e-05
    dvar2: 1.04762339106e-05
    kurt: 17.5038318634
    max: 0.03271484375
    mean: 0.0311848949641
    median: 0.03271484375
    min: 0.00146484375
    skew: -4.20225954056
    var: 3.0640494515e-05

HarmonicAmpFreq:
    dmean: [0.371828943491]
    dmean2: [0.507078647614]
    dvar: [2.64941954613]
    dvar2: [2.97672438622]
    kurt: [37.3081893921]
    max: [718.763916016]
    mean: [717.610229492]
    median: [717.751464844]
    min: [707.145141602]
    skew: [-6.13979244232]
    var: [2.57224154472]

HarmonicAmpMag:
    dmean: [0.00711277266964]
    dmean2: [0.0128537015989]
    dvar: [0.000290168245556]
    dvar2: [0.000858587678522]
    kurt: [3.65045404434]
    max: [0.0521391704679]
    mean: [0.0458739697933]
    median: [0.0521316342056]
    min: [0]
    skew: [-2.35107016563]
    var: [0.000272532459348]

MfccCoeff:
    dmean: [10.9755058289, 7.66318559647, 1.0224956274, 1.70259022713, 1.62476170063, 2.20340275764, 2.05203533173, 2.63729381561, 2.04702830315, 1.79751968384, 1.86720001698, 2.67239713669, 2.42908573151]
    dmean2: [16.2733802795, 11.2766904831, 1.85043692589, 1.97203946114, 1.34381330013, 2.86561608315, 3.76967597008, 3.82648134232, 2.67189288139, 2.54547715187, 3.4573533535, 4.18583726883, 3.38634729385]
    dvar: [2131.11254883, 883.272277832, 0.334709018469, 15.3280305862, 30.6585197449, 11.2840642929, 0.931466281414, 8.85675811768, 25.9684143066, 15.9350881577, 0.940631866455, 10.8007507324, 29.2903327942]
    dvar2: [5295.27783203, 2139.47827148, 1.06774532795, 7.35276699066, 14.8226261139, 7.855032444, 3.44740962982, 6.4102563858, 24.5940856934, 17.2690238953, 2.90347456932, 9.73220729828, 27.9567241669]
    kurt: [37.0807151794, 32.9627952576, 3.43906354904, 24.0656242371, 25.917634964, 19.961359024, -1.29138314724, 21.605140686, 20.3564071655, 19.3952732086, 2.49410057068, 13.8062782288, 15.3479061127]
    max: [-891.198364258, 168.631103516, 3.4407043457, -7.03007125854, -11.1399078369, -9.13245391846, -3.15871810913, 36.9542350769, 55.6964378357, 42.0936203003, 8.14137649536, -0.735977172852, -1.15951538086]
    mean: [-1092.4552002, 44.7991714478, 1.86857235432, -38.3685073853, -56.1566467285, -41.8440742493, -5.06591272354, 32.7830924988, 50.3013076782, 38.8889274597, 6.56780147552, -27.159488678, -43.334400177]
    median: [-1097.0378418, 41.8174247742, 1.78817749023, -38.6860733032, -56.860168457, -42.4576835632, -4.91564559937, 33.8774337769, 52.2260780334, 40.4877929688, 6.75392532349, -28.493221283, -45.6041069031]
    min: [-1128.62939453, 10.269908905, -0.969207763672, -53.607673645, -74.6480407715, -52.8801841736, -7.84426879883, 2.75270080566, 5.45360183716, 4.43311309814, 1.55071640015, -29.8271903992, -46.0946617126]
    skew: [6.11063289642, 5.53760290146, -0.946194708347, 3.89975786209, 4.41748285294, 4.1651763916, -0.261114984751, -4.57407951355, -4.58677530289, -4.48147821426, -1.35102307796, 3.73505234718, 4.00267982483]
    var: [954.262817383, 382.440155029, 0.516767144203, 28.9574661255, 57.0906791687, 34.6991271973, 1.70247638226, 28.1036567688, 66.893409729, 40.7313766479, 2.18047833443, 28.2366485596, 68.775604248]

SpecContrastCoeff:
    dmean: [0.0286369081587, 0.0310424622148, 0.0328796058893, 0.0147919263691, 0.0115874353796, 0.0124996490777]
    dmean2: [0.0505505166948, 0.0560990162194, 0.0393776707351, 0.0276562105864, 0.0213755294681, 0.0239897556603]
    dvar: [0.00064219412161, 0.000939360470511, 0.00456199236214, 9.22095205169e-05, 0.000133130859467, 0.000166513622389]
    dvar2: [0.00184889498632, 0.00178062275518, 0.00261652912013, 0.000194166088477, 0.000313737778924, 0.000414635956986]
    kurt: [1.34420108795, 9.96888446808, 23.0278663635, 3.34450960159, 3.05096483231, 1.92159748077]
    max: [-0.874126911163, -0.75012075901, -0.292933672667, -0.891134381294, -0.909748733044, -0.92082798481]
    mean: [-0.946754038334, -0.936126947403, -0.332724034786, -0.941438138485, -0.95279109478, -0.955611944199]
    median: [-0.959441244602, -0.950366914272, -0.311389565468, -0.947334170341, -0.958780407906, -0.96137046814]
    min: [-0.981585085392, -0.961806178093, -0.939498066902, -0.952033102512, -0.960511028767, -0.96352404356]
    skew: [1.5044875145, 3.17023730278, -4.74655437469, 1.72988331318, 1.91287744045, 1.77319633961]
    var: [0.000678725598846, 0.00186094513629, 0.0109958723187, 0.000170171944774, 0.0001355985587, 0.000129975291202]

SpecPeakAmp:
    dmean: [5.83584187552e-05, 5.75096673856e-05, 0.0142146982253, 0.0237003490329, 0.0165983159095]
    dmean2: [9.21664541238e-05, 8.88841823325e-05, 0.0273836348206, 0.0484900325537, 0.0339580178261]
    dvar: [4.23778736547e-08, 4.57918680752e-08, 0.000508382043336, 0.000671709422022, 0.00058818096295]
    dvar2: [1.08728720249e-07, 1.16695908048e-07, 0.00115593953524, 0.00156116031576, 0.0018767704023]
    kurt: [39.6037368774, 39.6738243103, -0.751018285751, -1.98212623596, 1.61273670197]
    max: [0.00104900880251, 0.00106487306766, 0.0521388761699, 0.052138902247, 0.0521391704679]
    mean: [5.06566466356e-05, 4.70988125016e-05, 0.0134584717453, 0.0243584103882, 0.00814374443144]
    median: [2.83380541077e-05, 2.48033848038e-05, 3.93437221646e-05, 4.68085381726e-05, 3.98203155783e-05]
    min: [9.62017657002e-06, 5.55494125365e-06, 8.06500156614e-06, 5.83961082157e-06, 4.61517765871e-06]
    skew: [6.43295717239, 6.44120836258, 1.10137617588, 0.133615225554, 1.90070867538]
    var: [2.27637233507e-08, 2.36385702124e-08, 0.000504653144162, 0.000675008865073, 0.000356517150067]
