
metadata:
    version:
        essentia: "2.1-beta3"

Flux:
    dmean: 0.00282172625884
    dmean2: 0.0036742715165
    dvar: 8.38418563944e-05
    dvar2: 0.000163175616763
    kurt: 9.74538040161
    max: 0.0538151115179
    mean: 0.0035930192098
    median: 7.31062245904e-05
    min: 1.64322100318e-05
    skew: 3.31320309639
    var: 0.000136841656058

Rms:
    dmean: 0.00121934188064
    dmean2: 0.000972952344455
    dvar: 1.513621919e-05
    dvar2: 6.85073973727e-06
    kurt: 20.8738193512
    max: 0.0385453365743
    mean: 0.0370108485222
    median: 0.0383259430528
    min: 0.00709024304524
    skew: -4.53645992279
    var: 2.82140372292e-05

RollOff:
    dmean: 7.83025550842
    dmean2: 8.01235485077
    dvar: 2636.45483398
    dvar2: 2696.30859375
    kurt: 40.022731781
    max: 710.595703125
    mean: 373.720703125
    median: 366.064453125
    min: 366.064453125
    skew: 6.48249340057
    var: 2579.19921875

SpecCent:
    dmean: 17.3861656189
    dmean2: 16.8671016693
    dvar: 7522.68603516
    dvar2: 5951.20117188
    kurt: 39.0654983521
    max: 998.725402832
    mean: 365.141662598
    median: 349.733093262
    min: 345.896453857
    skew: 6.37583065033
    var: 9226.82617188

Zcr:
    dmean: 0.000721324584447
    dmean2: 0.000749454949982
    dvar: 3.57073577106e-06
    dvar2: 2.15518048208e-06
    kurt: 17.2412185669
    max: 0.01611328125
    mean: 0.01513671875
    median: 0.015625
    min: 0.00048828125
    skew: -4.15808153152
    var: 7.49164155422e-06

HarmonicAmpFreq:
    dmean: [1.11581146717]
    dmean2: [1.17017948627]
    dvar: [46.21534729]
    dvar2: [45.8911552429]
    kurt: [39.9496154785]
    max: [394.592376709]
    mean: [349.352844238]
    median: [348.269714355]
    min: [348.265899658]
    skew: [6.47392702103]
    var: [46.5535964966]

HarmonicAmpMag:
    dmean: [0.00453534862027]
    dmean2: [0.00659816339612]
    dvar: [0.000175690511242]
    dvar2: [0.000400580844143]
    kurt: [9.44362163544]
    max: [0.0534726195037]
    mean: [0.0497167147696]
    median: [0.053461663425]
    min: [0]
    skew: [-3.30041527748]
    var: [0.000157202201081]

MfccCoeff:
    dmean: [12.477347374, 6.13177490234, 1.80302917957, 1.17391514778, 1.03497684002, 1.25274217129, 1.71258735657, 2.02311563492, 1.98152542114, 1.58026349545, 0.912809729576, 0.238152071834, 0.875003635883]
    dmean2: [18.4068470001, 8.55729866028, 2.23980259895, 1.70613574982, 1.63354814053, 1.39108371735, 1.89399325848, 2.42757725716, 2.26876091957, 1.82754123211, 0.965539813042, 0.356751561165, 1.07931864262]
    dvar: [2779.95507812, 519.333557129, 16.0695419312, 3.6263961792, 3.26022648811, 10.1040353775, 26.3276748657, 43.1998329163, 43.4493751526, 28.797876358, 8.35132312775, 0.241528645158, 9.09342002869]
    dvar2: [6893.72216797, 1154.94091797, 14.5639944077, 5.34544801712, 5.52344751358, 6.11683034897, 19.9791564941, 44.7122192383, 43.485244751, 29.5706310272, 6.96369981766, 0.369925886393, 11.742474556]
    kurt: [37.0542106628, 19.6158885956, 14.4934005737, 13.8963432312, 20.9374980927, 22.3223171234, 21.9966983795, 19.5235481262, 18.6570014954, 17.6893196106, 19.2510967255, 12.7727470398, 10.8394298553]
    max: [-851.749206543, 150.032867432, 63.8740577698, 27.9289131165, -0.453063964844, -5.15645599365, -6.93014526367, -6.00462341309, -3.45051574707, -0.652099609375, 1.26375198364, 1.80630493164, 22.4162826538]
    mean: [-1081.84875488, 67.783493042, 46.788230896, 20.1214370728, -9.55141067505, -35.9609222412, -54.6642913818, -62.3440055847, -58.381942749, -44.1896362305, -23.2633514404, 0.00766381155699, 21.0049781799]
    median: [-1087.34655762, 65.5582351685, 46.8722572327, 19.8899269104, -10.0974884033, -37.3198509216, -56.7131576538, -64.9360198975, -60.9898757935, -46.3213806152, -24.4036617279, 0.0906219482422, 22.3271942139]
    min: [-1123.66906738, 18.8521232605, 13.4566040039, 6.33220291138, -12.303691864, -40.0047111511, -59.2877883911, -67.4901275635, -62.4878311157, -46.8343505859, -24.9832057953, -3.00580596924, 1.17775726318]
    skew: [6.10488605499, 2.99891972542, -2.80380678177, -2.46544623375, 4.07752132416, 4.76399755478, 4.76882600784, 4.51653909683, 4.39536571503, 4.28589963913, 4.4270825386, -2.72198462486, -3.49406933784]
    var: [1247.80578613, 225.942230225, 43.0545692444, 7.45489931107, 2.54262208939, 29.5291099548, 72.075843811, 109.22858429, 105.343421936, 68.2185668945, 20.249546051, 0.397291898727, 20.128950119]

SpecContrastCoeff:
    dmean: [0.0274399165064, 0.0324321240187, 0.00969088356942, 0.00747282523662, 0.00739739043638, 0.0162158384919]
    dmean2: [0.0418331027031, 0.0284692738205, 0.0140705285594, 0.0112244654447, 0.01210546121, 0.0275545287877]
    dvar: [0.00108790514059, 0.00644679926336, 9.79368414846e-05, 8.04653609521e-05, 0.000123458536109, 0.000244582857704]
    dvar2: [0.00188641925342, 0.00386968348175, 0.000132185261464, 0.000128067884361, 0.000221857786528, 0.000579824612942]
    kurt: [14.0814208984, 21.4955768585, 8.86235713959, 7.24395084381, 6.70544815063, 0.386398553848]
    max: [-0.705214142799, -0.219054877758, -0.878971934319, -0.912026286125, -0.912923276424, -0.910009741783]
    mean: [-0.933571457863, -0.268749713898, -0.949647605419, -0.959601819515, -0.959181129932, -0.949140310287]
    median: [-0.949047446251, -0.242748856544, -0.955911397934, -0.965227901936, -0.964080452919, -0.95697259903]
    min: [-0.976472198963, -0.981499671936, -0.959664404392, -0.966062963009, -0.964948713779, -0.961517333984]
    skew: [3.54442024231, -4.59349679947, 2.72908496857, 2.66404461861, 2.69839501381, 1.35683166981]
    var: [0.00196773814969, 0.0157519392669, 0.000227725715376, 0.000132411252707, 0.000136060727527, 0.00024269457208]

SpecPeakAmp:
    dmean: [0.00144495326094, 0.00490145944059, 0.019423417747, 0.0100744916126, 0.00247031799518]
    dmean2: [0.00221527740359, 0.0100031560287, 0.0384444147348, 0.0202637985349, 0.00502877682447]
    dvar: [4.31082007708e-05, 0.00023553565552, 0.000655908661429, 0.000422411132604, 0.000123782156152]
    dvar2: [0.000110706423584, 0.000696871546097, 0.0013670156477, 0.00105632108171, 0.000373401300749]
    kurt: [40.0220184326, 17.5425930023, -1.13200497627, 2.50346899033, 40.0070915222]
    max: [0.0315862521529, 0.0534571483731, 0.0534726195037, 0.0534718036652, 0.0534697845578]
    mean: [0.000731633335818, 0.00242260703817, 0.0380325689912, 0.00748524069786, 0.0012302781688]
    median: [3.29257200065e-05, 3.18535530823e-05, 0.0534567162395, 2.97506976494e-05, 1.9399827579e-05]
    min: [7.66297307564e-06, 1.46460306496e-05, 1.14276481327e-05, 8.41665587359e-06, 6.69245264362e-06]
    skew: [6.48241043091, 4.42045116425, -0.931524038315, 2.10713100433, 6.48065233231]
    var: [2.16367116082e-05, 0.00012114947458, 0.000583953340538, 0.000329811009578, 6.20332575636e-05]
