
metadata:
    version:
        essentia: "2.1-beta3"

Flux:
    dmean: 0.0253704655915
    dmean2: 0.0333351828158
    dvar: 0.00679417001083
    dvar2: 0.0130326803774
    kurt: 9.48018932343
    max: 0.492693483829
    mean: 0.0332773216069
    median: 0.00100239540916
    min: 1.7449425286e-05
    skew: 3.27666544914
    var: 0.0114829260856

Rms:
    dmean: 0.0104742748663
    dmean2: 0.00837026443332
    dvar: 0.00127299863379
    dvar2: 0.000566583301406
    kurt: 21.101978302
    max: 0.354016780853
    mean: 0.341040313244
    median: 0.353287100792
    min: 0.0653755068779
    skew: -4.55761575699
    var: 0.00237861927599

RollOff:
    dmean: 6.36208295822
    dmean2: 6.00926589966
    dvar: 1487.55651855
    dvar2: 1279.44262695
    kurt: 39.5171012878
    max: 1012.06054688
    mean: 738.828125
    median: 732.12890625
    min: 732.12890625
    skew: 6.42548513412
    var: 1706.79602051

SpecCent:
    dmean: 9.87542152405
    dmean2: 12.2102279663
    dvar: 1797.31164551
    dvar2: 1597.48596191
    kurt: 39.5906906128
    max: 1023.26721191
    mean: 725.54473877
    median: 718.850036621
    min: 714.267089844
    skew: 6.43244838715
    var: 2024.71789551

Zcr:
    dmean: 0.00135387072805
    dmean2: 0.00130586849991
    dvar: 1.56691239681e-05
    dvar2: 1.04762320916e-05
    kurt: 17.5038318634
    max: 0.03271484375
    mean: 0.0311848949641
    median: 0.03271484375
    min: 0.00146484375
    skew: -4.20225954056
    var: 3.0640494515e-05

HarmonicAmpFreq:
    dmean: [0.373698830605]
    dmean2: [0.401115953922]
    dvar: [4.86128044128]
    dvar2: [4.70927286148]
    kurt: [39.2361488342]
    max: [732.94354248]
    mean: [718.142089844]
    median: [717.751037598]
    min: [717.744934082]
    skew: [6.3927230835]
    var: [5.02534580231]

HarmonicAmpMag:
    dmean: [0.0218755360693]
    dmean2: [0.0290975980461]
    dvar: [0.00747963646427]
    dvar2: [0.0109553644434]
    kurt: [8.7471075058]
    max: [0.480456054211]
    mean: [0.444087564945]
    median: [0.480393111706]
    min: [0]
    skew: [-3.23367619514]
    var: [0.0148875871673]

MfccCoeff:
    dmean: [28.3674602509, 18.3655281067, 36.0625724792, 10.8869285583, 6.69819831848, 6.02992296219, 2.72406339645, 2.82859921455, 2.76930642128, 2.07460045815, 1.4499475956, 1.20734095573, 2.05892801285]
    dmean2: [44.1133422852, 34.4873847961, 67.9847564697, 20.8195209503, 9.0593996048, 10.6866035461, 5.0780711174, 3.37991905212, 3.72260189056, 2.90048742294, 2.40526890755, 1.69133031368, 2.62108421326]
    dvar: [6621.66455078, 132.798934937, 374.338256836, 55.3434906006, 31.4388599396, 28.3718585968, 4.12845659256, 17.635225296, 32.3632545471, 17.9309978485, 1.09963130951, 12.1534891129, 27.0593090057]
    dvar2: [15887.1074219, 329.930541992, 1232.54602051, 121.114097595, 59.7195281982, 56.3020744324, 10.605340004, 26.0263729095, 36.8132476807, 15.349319458, 1.5724183321, 16.5169277191, 26.2844753265]
    kurt: [27.6991672516, -0.601118803024, -1.32472658157, 2.57959413528, 9.94942474365, 7.06974697113, 0.054488658905, 13.4733448029, 16.092042923, 18.4786739349, 12.3332605362, 12.3132400513, 15.4453926086]
    max: [-625.135864258, 147.664306641, 34.8312416077, -31.8611526489, -28.6318321228, -18.782661438, -1.20536422729, 43.2649154663, 56.7702903748, 40.4082794189, 7.05575942993, -5.02568054199, -1.13092803955]
    mean: [-983.943603516, 130.240371704, 3.42001652718, -62.6632385254, -73.1103973389, -48.868396759, -4.65756702423, 34.2318344116, 49.9356460571, 37.7744445801, 5.27501392365, -27.3999023438, -42.4530296326]
    median: [-993.235656738, 133.862884521, 2.58532714844, -62.9395828247, -73.3343276978, -48.8562278748, -4.62028121948, 35.5323905945, 52.1466789246, 39.5288848877, 5.65182113647, -28.5615348816, -44.3244895935]
    min: [-1027.05480957, 101.608924866, -33.0830497742, -79.5789871216, -94.8746643066, -60.0979881287, -9.79629516602, 5.48551177979, 6.77801895142, 1.88562011719, -3.25120162964, -29.8559684753, -45.9243125916]
    skew: [5.23863601685, -0.760643601418, -0.0552114322782, 1.02002596855, 2.46636295319, 2.10158276558, -0.36312815547, -3.45272564888, -4.02984046936, -4.31089544296, -3.02941036224, 3.68425536156, 4.01102161407]
    var: [3509.36914062, 150.14364624, 483.290710449, 90.034866333, 90.9863967896, 51.8948249817, 4.64456415176, 32.6307983398, 69.4568252563, 44.1155014038, 2.82650899887, 23.4568881989, 65.623374939]

SpecContrastCoeff:
    dmean: [0.0326256193221, 0.039166059345, 0.0339373014867, 0.016446499154, 0.011453717947, 0.00744686229154]
    dmean2: [0.0633251816034, 0.0708275139332, 0.0375248119235, 0.0308229420334, 0.0204264037311, 0.0128012979403]
    dvar: [0.00108670885675, 0.00176785921212, 0.00798859447241, 0.000129171661683, 0.000144646866829, 0.000136578426464]
    dvar2: [0.00282637053169, 0.00368773727678, 0.00377878197469, 0.000264174334006, 0.000267583149252, 0.000308301852783]
    kurt: [2.44411420822, 7.89706993103, 26.0478401184, 4.28896808624, 10.0001363754, 8.73169994354]
    max: [-0.875848650932, -0.712390303612, -0.120997823775, -0.866724133492, -0.877160310745, -0.900740087032]
    mean: [-0.964638769627, -0.919092655182, -0.162241995335, -0.928216040134, -0.944462656975, -0.952612280846]
    median: [-0.976267933846, -0.934862971306, -0.135999813676, -0.935532569885, -0.951312661171, -0.957082509995]
    min: [-0.985962748528, -0.95181620121, -0.924011170864, -0.940390706062, -0.951964974403, -0.958297848701]
    skew: [1.76994049549, 2.91866993904, -5.0354218483, 1.92824029922, 2.90495991707, 2.98280596733]
    var: [0.000810144993011, 0.00276070809923, 0.0162040200084, 0.000237116459175, 0.000193165367818, 0.000134603105835]

SpecPeakAmp:
    dmean: [0.00046498895972, 0.087715998292, 0.174612730742, 0.0438812226057, 0.0220666807145]
    dmean2: [0.000731279840693, 0.17925991118, 0.341651171446, 0.0896858721972, 0.0450536385179]
    dvar: [2.8776905765e-06, 0.0341906286776, 0.0507979430258, 0.0190235022455, 0.0100002922118]
    dvar2: [7.44597218727e-06, 0.0964278206229, 0.130901068449, 0.0562646985054, 0.0301632098854]
    kurt: [39.5226097107, 6.34609603882, -0.314234495163, 17.5454597473, 40.018196106]
    max: [0.00859946385026, 0.480360716581, 0.480456054211, 0.480433881283, 0.480385005474]
    mean: [0.000391924142605, 0.0432064346969, 0.369424849749, 0.0217351969332, 0.0108554791659]
    median: [0.000213244406041, 0.00038546702126, 0.480388581753, 0.000350231392076, 7.05175625626e-05]
    min: [4.36335103586e-05, 0.000144098157762, 8.92462776392e-05, 6.57452692394e-05, 3.47456516465e-05]
    skew: [6.42379760742, 2.88879466057, -1.28202581406, 4.4209561348, 6.48195552826]
    var: [1.53998212227e-06, 0.0186454318464, 0.0397311784327, 0.00978486053646, 0.00501067470759]
