
metadata:
    version:
        essentia: "2.1-beta3"

Flux:
    dmean: 0.0137225091457
    dmean2: 0
    dvar: 0
    dvar2: 0
    kurt: -2
    max: 0.302576303482
    mean: 0.295715034008
    median: 0.295715034008
    min: 0.288853794336
    skew: 6.46735861665e-06
    var: 4.70768136438e-05

Rms:
    dmean: 0
    dmean2: 0
    dvar: 0
    dvar2: 0
    kurt: 0
    max: 0.103618204594
    mean: 0.103618204594
    median: 0.103618204594
    min: 0.103618204594
    skew: 0
    var: 0

RollOff:
    dmean: 279.931640625
    dmean2: 0
    dvar: 0
    dvar2: 0
    kurt: -2
    max: 1291.9921875
    mean: 1152.02636719
    median: 1152.02636719
    min: 1012.06054688
    skew: 0
    var: 19590.4316406

SpecCent:
    dmean: 177.508239746
    dmean2: 0
    dvar: 0
    dvar2: 0
    kurt: -2
    max: 1067.09069824
    mean: 978.336547852
    median: 978.336547852
    min: 889.582458496
    skew: 1.02804528979e-06
    var: 7877.29394531

Zcr:
    dmean: 0
    dmean2: 0
    dvar: 0
    dvar2: 0
    kurt: 0
    max: 0.0126953125
    mean: 0.0126953125
    median: 0.0126953125
    min: 0.0126953125
    skew: 0
    var: 0

HarmonicAmpFreq:
    dmean: [35.0409545898]
    dmean2: [0]
    dvar: [0]
    dvar2: [0]
    kurt: [-2]
    max: [928.249023438]
    mean: [910.728515625]
    median: [910.728515625]
    min: [893.208068848]
    skew: [5.22035543327e-06]
    var: [306.967132568]

HarmonicAmpMag:
    dmean: [0.0839751586318]
    dmean2: [0]
    dvar: [0]
    dvar2: [0]
    kurt: [-2]
    max: [0.0839751586318]
    mean: [0.0419875793159]
    median: [0.0419875793159]
    min: [0]
    skew: [0]
    var: [0.00176295684651]

MfccCoeff:
    dmean: [393.233703613, 19.7294235229, 23.9165458679, 62.964225769, 0.307083129883, 44.7179641724, 31.5017375946, 12.2521057129, 24.7818031311, 9.33301734924, 8.57745170593, 8.90061950684, 0.632959365845]
    dmean2: [0, 0, 0, 0, 0, 0, 0, 0, 0, 0, 0, 0, 0]
    dvar: [0, 0, 0, 0, 0, 0, 0, 0, 0, 0, 0, 0, 0]
    dvar2: [0, 0, 0, 0, 0, 0, 0, 0, 0, 0, 0, 0, 0]
    kurt: [-2, -2, -2, -2, -2, -2, -2, -1.99999988079, -2, -2, -2, -2, -2]
    max: [-603.051452637, 133.816314697, -21.3212432861, -44.8466949463, -44.7173156738, 34.3643188477, 45.3941574097, 21.8076953888, 8.9960899353, -3.90376091003, -0.997249603271, 4.25880432129, 1.44704437256]
    mean: [-799.668334961, 123.951599121, -33.2795181274, -76.3288116455, -44.8708572388, 12.0053358078, 29.6432876587, 15.6816425323, -3.39481163025, -8.57026958466, -5.28597545624, -0.191505432129, 1.13056468964]
    median: [-799.668334961, 123.951599121, -33.2795181274, -76.3288116455, -44.8708572388, 12.0053358078, 29.6432876587, 15.6816425323, -3.39481163025, -8.57026958466, -5.28597545624, -0.191505432129, 1.13056468964]
    min: [-996.28515625, 114.086891174, -45.2377891541, -107.810920715, -45.0243988037, -10.3536472321, 13.8924198151, 9.5555896759, -15.7857131958, -13.2367782593, -9.5747013092, -4.64181518555, 0.814085006714]
    skew: [4.60474751662e-07, 1.14445674626e-06, 4.99692362155e-07, 3.44271541053e-07, 0, 0, 1.87433727206e-07, 0, 0, 0, 0, 0, 0]
    var: [38658.1875, 97.312538147, 143.000289917, 991.123413086, 0.0235750116408, 499.924072266, 248.089874268, 37.5285224915, 153.534439087, 21.7763023376, 18.3931694031, 19.8052577972, 0.100159391761]

SpecContrastCoeff:
    dmean: [0.00221568346024, 0.0971772670746, 0.00993019342422, 0.225264370441, 0.014795422554, 0.0231592655182]
    dmean2: [0, 0, 0, 0, 0, 0]
    dvar: [0, 0, 0, 0, 0, 0]
    dvar2: [0, 0, 0, 0, 0, 0]
    kurt: [-2, -1.99999988079, -1.99999976158, -1.99999988079, -2, -2]
    max: [-0.964565813541, -0.813431680202, -0.764016509056, -0.588958084583, -0.923566401005, -0.935991227627]
    mean: [-0.965673685074, -0.86202031374, -0.768981575966, -0.701590299606, -0.930964112282, -0.947570860386]
    median: [-0.965673685074, -0.86202031374, -0.768981575966, -0.701590299606, -0.930964112282, -0.947570860386]
    min: [-0.966781497002, -0.910608947277, -0.77394670248, -0.814222455025, -0.938361823559, -0.959150493145]
    skew: [8.07149044704e-05, 0, -1.79957023647e-05, 8.14746783817e-07, 0, 0]
    var: [1.22731330521e-06, 0.0023608552292, 2.46521849476e-05, 0.0126860085875, 5.4726133385e-05, 0.000134087895276]

SpecPeakAmp:
    dmean: [0.0838834345341, 0.042012527585, 0.0221265181899, 0.0117851588875, 0.00752253318205]
    dmean2: [0, 0, 0, 0, 0]
    dvar: [0, 0, 0, 0, 0]
    dvar2: [0, 0, 0, 0, 0]
    kurt: [-2, -1.99999988079, -2, -2, -2]
    max: [0.0839751586318, 0.0421210750937, 0.0222408305854, 0.0119106685743, 0.00766615942121]
    mean: [0.0420334413648, 0.0211148113012, 0.0111775714904, 0.00601808913052, 0.00390489283018]
    median: [0.0420334413648, 0.0211148113012, 0.0111775714904, 0.00601808913052, 0.00390489283018]
    min: [9.17218931136e-05, 0.000108545857074, 0.000114311980724, 0.000125509264763, 0.000143626224599]
    skew: [-9.86169297335e-08, -1.47178695897e-07, 0, -1.3891009587e-07, 0]
    var: [0.00175910780672, 0.000441263138782, 0.000122395707876, 3.47224959114e-05, 1.41471264214e-05]
