
metadata:
    version:
        essentia: "2.1-beta3"

Flux:
    dmean: 5.4307456594e-06
    dmean2: 8.31996931083e-06
    dvar: 3.17547238504e-10
    dvar2: 6.84117207328e-10
    kurt: 14.1898231506
    max: 9.59106037044e-05
    mean: 6.00382236371e-06
    median: 1.38945529216e-06
    min: 3.72915280877e-07
    skew: 3.88264536858
    var: 3.28895549684e-10

Rms:
    dmean: 1.34673985031e-06
    dmean2: 1.26557608837e-06
    dvar: 2.52296222109e-11
    dvar2: 1.89425558572e-11
    kurt: 19.5362606049
    max: 7.7398326539e-05
    mean: 7.58948226576e-05
    median: 7.72509301896e-05
    min: 4.46906087745e-05
    skew: -4.49923467636
    var: 3.3269068056e-11

RollOff:
    dmean: 1.00154435635
    dmean2: 1.025390625
    dvar: 20.5633563995
    dvar2: 21.0285148621
    kurt: 17.0443572998
    max: 1464.2578125
    mean: 1443.70422363
    median: 1442.72460938
    min: 1442.72460938
    skew: 4.36379337311
    var: 20.118309021

SpecCent:
    dmean: 4.38241767883
    dmean2: 5.85160017014
    dvar: 11.1896705627
    dvar2: 10.8418254852
    kurt: 11.7332210541
    max: 1600.04772949
    mean: 1572.80480957
    median: 1571.92565918
    min: 1566.93127441
    skew: 2.84709334373
    var: 29.5998973846

Zcr:
    dmean: 0.0017373728333
    dmean2: 0.00192987348419
    dvar: 4.28077764809e-05
    dvar2: 3.89752203773e-05
    kurt: 17.4635028839
    max: 0.0654296875
    mean: 0.063609726727
    median: 0.06494140625
    min: 0.02978515625
    skew: -4.38321304321
    var: 4.67122918053e-05

HarmonicAmpFreq:
    dmean: [0]
    dmean2: [0]
    dvar: [0]
    dvar2: [0]
    kurt: [-2]
    max: [1438.62792969]
    mean: [1438.62866211]
    median: [1438.62792969]
    min: [1438.62792969]
    skew: [-1]
    var: [5.36441802979e-07]

HarmonicAmpMag:
    dmean: [0]
    dmean2: [0]
    dvar: [0]
    dvar2: [0]
    kurt: [nan]
    max: [0]
    mean: [0]
    median: [0]
    min: [0]
    skew: [nan]
    var: [0]

MfccCoeff:
    dmean: [0.0441922917962, 0.0216206386685, 0.0475038029253, 0.0545072332025, 0.00977236684412, 0.06127326563, 0.0326410345733, 0.0386767722666, 0.0594148859382, 0.00245329388417, 0.0577167235315, 0.0424055941403, 0.028362184763]
    dmean2: [0.0455409474671, 0.022276379168, 0.0489432923496, 0.056160338223, 0.010069347918, 0.063128516078, 0.0336300060153, 0.0398486927152, 0.0612164437771, 0.00252696452662, 0.0594662241638, 0.043690636754, 0.0292225796729]
    dvar: [0.0371718741953, 0.00890628248453, 0.0429877787828, 0.056594312191, 0.00181938963942, 0.071516007185, 0.0202963743359, 0.0284948535264, 0.0672459825873, 0.000114588270662, 0.0634579882026, 0.0342561416328, 0.0153230233118]
    dvar2: [0.0373513698578, 0.00895021762699, 0.0431977286935, 0.0568698979914, 0.00182828889228, 0.0718658417463, 0.0203953124583, 0.0286340620369, 0.0675743445754, 0.000115142262075, 0.0637681856751, 0.0344232022762, 0.0153978411108]
    kurt: [18.4007949829, 18.3912887573, 18.3908882141, 18.3907318115, 18.3912239075, 18.3910140991, 18.3907985687, 18.3909912109, 18.3909397125, 18.3911571503, 18.3909225464, 18.3910179138, 18.390920639]
    max: [-1137.38830566, 0.505016326904, -6.103515625e-05, 8.01086425781e-05, 0.228179931641, 1.43103790283, 0.762317657471, -5.34057617188e-05, -4.57763671875e-05, -2.28881835938e-05, 1.34794998169, 0.990371704102, -3.81469726562e-05]
    mean: [-1137.43237305, 0.483416825533, -1.062058568, -1.21845829487, 0.218418121338, 1.36981964111, 0.729704082012, -0.864700138569, -1.3283149004, -0.0548576004803, 1.29028618336, 0.948005139828, -0.634091317654]
    median: [-1137.390625, 0.503917694092, -1.10704040527, -1.27007675171, 0.227676391602, 1.42784881592, 0.76061630249, -0.90132522583, -1.38457870483, -0.0571823120117, 1.34494400024, 0.988162994385, -0.660949707031]
    min: [-1138.42004395, 1.14440917969e-05, -1.1095123291, -1.27293014526, -6.103515625e-05, 2.28881835938e-05, -2.67028808594e-05, -0.903343200684, -1.38767242432, -0.0573120117188, -2.67028808594e-05, -3.0517578125e-05, -0.66242980957]
    skew: [-4.47862958908, -4.47701120377, 4.47697973251, 4.47696399689, -4.47700691223, -4.47698879242, -4.47697019577, 4.47698640823, 4.4769821167, 4.47699737549, -4.4769821167, -4.47698974609, 4.47698116302]
    var: [0.0369462221861, 0.00885219033808, 0.0427255965769, 0.0562502704561, 0.00180821749382, 0.0710802674294, 0.0201729480177, 0.0283214338124, 0.0668361932039, 0.000113904832688, 0.0630710348487, 0.034047562629, 0.0152297019958]

SpecContrastCoeff:
    dmean: [0.0159317385405, 0.013350176625, 0.0106984497979, 0.011221723631, 0.00765044614673, 0.00483360281214]
    dmean2: [0.0203918367624, 0.0174774192274, 0.0175641290843, 0.0140216760337, 0.00923154596239, 0.00605276087299]
    dvar: [0.00116379268002, 0.000624203821644, 8.22095898911e-05, 0.000816243700683, 0.000121508368466, 5.95801393501e-05]
    dvar2: [0.0011377253104, 0.00046288309386, 0.000175783949089, 0.000676594383549, 0.000106308900286, 5.59841391805e-05]
    kurt: [16.7524776459, 13.1789913177, 1.72269105911, 21.1045131683, 11.2019119263, 7.16285133362]
    max: [-0.691045880318, -0.800576269627, -0.900685966015, -0.607610166073, -0.862237632275, -0.866011857986]
    mean: [-0.721435964108, -0.827497541904, -0.921833217144, -0.623666882515, -0.878957033157, -0.885300040245]
    median: [-0.717043399811, -0.819599449635, -0.920476794243, -0.617953777313, -0.876540064812, -0.885701179504]
    min: [-0.911227405071, -0.974086463451, -0.959367752075, -0.799049139023, -0.942676544189, -0.931419968605]
    skew: [-4.15739250183, -3.59029364586, -0.932861149311, -4.61111974716, -3.18237066269, -1.98131549358]
    var: [0.00140250683762, 0.000973861140665, 0.000119499301945, 0.000992081360891, 0.000190146136447, 0.000121685377962]

SpecPeakAmp:
    dmean: [1.79046750759e-07, 8.98835210705e-08, 5.58063106837e-08, 6.46044568953e-08, 3.17244513326e-07]
    dmean2: [2.52471579643e-07, 1.33198554408e-07, 7.2642379223e-08, 8.48049808155e-08, 5.89747571667e-07]
    dvar: [1.68490533483e-13, 4.24200842367e-14, 3.89031932753e-14, 4.07878652999e-14, 4.16168401823e-13]
    dvar2: [1.68246899702e-13, 4.12072347002e-14, 3.97942583833e-14, 4.07842738802e-14, 1.1311408624e-12]
    kurt: [16.3563404083, 23.4524478912, 35.0934448242, 30.1475524902, 6.92125606537]
    max: [8.48435865919e-06, 1.3916790067e-06, 1.42181647789e-06, 1.43098509398e-06, 2.08720939554e-06]
    mean: [8.28614156489e-06, 1.47353105717e-07, 1.73693436523e-07, 1.79695675229e-07, 3.11057164026e-07]
    median: [8.3590439317e-06, 1.10012123855e-07, 1.36825221375e-07, 1.37873655603e-07, 1.35476170726e-07]
    min: [6.35273590888e-06, 3.9424744358e-08, 9.31847452534e-08, 9.47277243313e-08, 9.84693784289e-08]
    skew: [-4.23810720444, 4.81967353821, 5.97466516495, 5.47865390778, 2.92784380913]
    var: [1.80947664079e-13, 4.66327687186e-14, 3.80733550969e-14, 4.12062656945e-14, 2.6227395364e-13]
