
metadata:
    version:
        essentia: "2.1-beta3"

Flux:
    dmean: 0.000124883139506
    dmean2: 0.000164763478097
    dvar: 1.67170441046e-07
    dvar2: 3.28844350861e-07
    kurt: 9.59920024872
    max: 0.00237923744135
    mean: 0.000161627598573
    median: 4.09138465329e-06
    min: 3.12610745823e-06
    skew: 3.29647469521
    var: 2.71433492571e-07

Rms:
    dmean: 4.95995409437e-05
    dmean2: 3.72215690732e-05
    dvar: 3.01104812195e-08
    dvar2: 1.34280915276e-08
    kurt: 20.7989311218
    max: 0.0017154479865
    mean: 0.00165290397126
    median: 0.00171289290302
    min: 0.000316595629556
    skew: -4.52774524689
    var: 5.63561073363e-08

RollOff:
    dmean: 6.36208295822
    dmean2: 6.00926589966
    dvar: 1255.71704102
    dvar2: 1063.77819824
    kurt: 38.8716468811
    max: 1701.12304688
    mean: 1449.42468262
    median: 1442.72460938
    min: 1442.72460938
    skew: 6.352663517
    var: 1459.50073242

SpecCent:
    dmean: 4.06511878967
    dmean2: 5.08875083923
    dvar: 45.2458496094
    dvar2: 33.6743087769
    kurt: 32.0025901794
    max: 1488.45031738
    mean: 1436.37878418
    median: 1435.57373047
    min: 1429.78869629
    skew: 5.51017665863
    var: 68.3502731323

Zcr:
    dmean: 0.00239701708779
    dmean2: 0.00197583576664
    dvar: 6.38399942545e-05
    dvar2: 4.33583991253e-05
    kurt: 17.8554859161
    max: 0.0654296875
    mean: 0.0623914934695
    median: 0.06494140625
    min: 0.00244140625
    skew: -4.23922777176
    var: 0.000123202931718

HarmonicAmpFreq:
    dmean: [0.0629688575864]
    dmean2: [0.0644332543015]
    dvar: [0.17049831152]
    dvar2: [0.174369037151]
    kurt: [40.0023536682]
    max: [1437.86767578]
    mean: [1437.80578613]
    median: [1437.86767578]
    min: [1435.0970459]
    skew: [-6.48013591766]
    var: [0.166795730591]

HarmonicAmpMag:
    dmean: [6.15605557641e-08]
    dmean2: [6.29921927953e-08]
    dvar: [1.62957199275e-13]
    dvar2: [1.66656686823e-13]
    kurt: [40.0227279663]
    max: [2.70866439678e-06]
    mean: [6.01925407295e-08]
    median: [0]
    min: [0]
    skew: [6.48249387741]
    var: [1.59418241412e-13]

MfccCoeff:
    dmean: [0.965956270695, 0.495822548866, 0.967261731625, 1.13784563541, 0.219882622361, 1.06148028374, 0.593910932541, 0.572398781776, 0.773923873901, 0.199099883437, 0.689018785954, 0.327076137066, 0.523707568645]
    dmean2: [1.2124761343, 0.642050802708, 1.17770457268, 1.43764948845, 0.163771525025, 1.25450646877, 0.790853440762, 0.551228165627, 0.889055490494, 0.276798129082, 0.642776310444, 0.384196251631, 0.403133571148]
    dvar: [18.7019481659, 4.82330131531, 19.3100204468, 25.8444499969, 0.7251906991, 24.1326313019, 6.88661909103, 7.54499387741, 13.4060821533, 0.758358359337, 10.2441959381, 2.37924265862, 4.2607383728]
    dvar2: [32.9826622009, 9.20803642273, 31.3957977295, 46.3580131531, 0.361242800951, 36.1547355652, 14.0292358398, 6.60373353958, 18.5632362366, 1.13063085079, 8.20809650421, 3.4931602478, 2.15932321548]
    kurt: [21.216468811, 18.2617912292, 24.6291942596, 20.5455207825, 25.2813301086, 27.5949897766, 17.6651535034, 31.926738739, 29.8921966553, 15.4886074066, 31.6893119812, 29.3588905334, 26.3616657257]
    max: [-1111.23583984, 13.5399589539, -6.103515625e-05, 8.01086425781e-05, 7.23539733887, 31.5820465088, 15.8306007385, -5.34057617188e-05, -4.57763671875e-05, 6.45167732239, 22.9113121033, 9.98655700684, -3.81469726562e-05]
    mean: [-1121.18664551, 7.64262914658, -19.4909763336, -19.749917984, 6.96164560318, 23.7676086426, 7.8937292099, -18.3587779999, -19.010219574, 6.13771295547, 22.1775150299, 7.67434024811, -16.638463974]
    median: [-1120.88500977, 7.74094772339, -19.8970680237, -20.0780143738, 7.23509216309, 24.3218536377, 7.94911575317, -18.9513015747, -19.4876480103, 6.45133399963, 22.910610199, 7.85189819336, -17.2772712708]
    min: [-1138.42004395, 1.14440917969e-05, -27.9964561462, -31.8494338989, -6.103515625e-05, 2.28881835938e-05, -2.67028808594e-05, -18.951965332, -23.6815032959, -2.28881835938e-05, -2.67028808594e-05, -3.0517578125e-05, -17.2779426575]
    skew: [-3.24057984352, -1.72813284397, 4.25891399384, 2.97095441818, -4.96442365646, -4.91130208969, -0.0226376261562, 5.66237020493, 5.31652879715, -4.08793640137, -5.62896156311, -5.1450753212, 5.07024908066]
    var: [9.5233707428, 2.20528626442, 11.0165815353, 12.8506813049, 1.3737282753, 15.3803043365, 2.9113471508, 8.53942108154, 9.44813156128, 1.58061897755, 12.4999809265, 1.55398511887, 7.68265295029]

SpecContrastCoeff:
    dmean: [0.0371718667448, 0.0175836514682, 0.0139328064397, 0.0177704263479, 0.00788019970059, 0.00461937766522]
    dmean2: [0.0584991015494, 0.0280862580985, 0.0213936585933, 0.020143603906, 0.0127425258979, 0.00808854866773]
    dvar: [0.00143722712528, 0.000190116523299, 9.58969612839e-05, 0.00199095276184, 4.15045287809e-05, 3.01585259876e-05]
    dvar2: [0.00232779956423, 0.000477198482258, 0.000242548630922, 0.00183308345731, 9.84391808743e-05, 6.79719742038e-05]
    kurt: [6.13792037964, -0.75844502449, -0.171278476715, 18.1769237518, 0.609218835831, 5.77806282043]
    max: [-0.71573060751, -0.918218016624, -0.913738191128, -0.484426617622, -0.904601752758, -0.908447504044]
    mean: [-0.797159135342, -0.950490474701, -0.945793807507, -0.510619044304, -0.93009865284, -0.924614489079]
    median: [-0.789202213287, -0.949673175812, -0.948760330677, -0.495012760162, -0.932102322578, -0.923313379288]
    min: [-0.989994525909, -0.988016664982, -0.963166058064, -0.883465826511, -0.941249728203, -0.953404605389]
    skew: [-2.2674882412, -0.0553559139371, 0.729119241238, -4.30057764053, 0.91143321991, -1.61607539654]
    var: [0.00265833572485, 0.000297114864225, 0.000150825551827, 0.00482836784795, 6.87595893396e-05, 5.33086094947e-05]

SpecPeakAmp:
    dmean: [1.54120198204e-06, 1.28096223762e-06, 1.25402550566e-06, 1.30309410906e-06, 1.31558147132e-06]
    dmean2: [2.47159096034e-06, 1.93926507563e-06, 1.91319713849e-06, 1.97306121663e-06, 2.01484681384e-06]
    dvar: [1.7925501361e-11, 2.40477585761e-11, 2.32844750425e-11, 2.6730230876e-11, 2.75438716973e-11]
    dvar2: [4.13011014277e-11, 6.11903097636e-11, 6.04962815953e-11, 6.85223058849e-11, 7.06927641425e-11]
    kurt: [25.560464859, 39.4480476379, 39.0386009216, 39.7434921265, 39.7945251465]
    max: [2.47880416282e-05, 2.46099389187e-05, 2.50286811934e-05, 2.55844188359e-05, 2.57728406723e-05]
    mean: [8.50432843436e-06, 1.21515233786e-06, 1.09697657535e-06, 1.04031767023e-06, 1.05202877876e-06]
    median: [8.31533270684e-06, 6.65880065753e-07, 4.9737656127e-07, 4.80990365759e-07, 4.76274919947e-07]
    min: [4.7505491807e-07, 9.24528293922e-08, 1.58003643946e-07, 1.79411145496e-07, 1.80963610319e-07]
    skew: [4.00124359131, 6.41516828537, 6.37063789368, 6.44990348816, 6.45580482483]
    var: [7.61383490977e-12, 1.25230346926e-11, 1.31682156498e-11, 1.37358978358e-11, 1.3926081642e-11]
