
metadata:
    version:
        essentia: "2.1-beta3"

Flux:
    dmean: 0.0028002995532
    dmean2: 0.00369057222269
    dvar: 8.3861668827e-05
    dvar2: 0.000164682365721
    kurt: 9.60937309265
    max: 0.0533218644559
    mean: 0.00357496039942
    median: 5.05173520651e-05
    min: 1.5178972717e-05
    skew: 3.29755592346
    var: 0.000136414877488

Rms:
    dmean: 0.00110887736082
    dmean2: 0.000828552758321
    dvar: 1.49646684804e-05
    dvar2: 6.66732330501e-06
    kurt: 20.7093029022
    max: 0.038400311023
    mean: 0.0370028540492
    median: 0.0383470058441
    min: 0.00722509576008
    skew: -4.51911830902
    var: 2.80558615486e-05

RollOff:
    dmean: 6.85147380829
    dmean2: 6.51003837585
    dvar: 1491.62805176
    dvar2: 1283.95654297
    kurt: 39.0393943787
    max: 1722.65625
    mean: 1449.90307617
    median: 1442.72460938
    min: 1442.72460938
    skew: 6.37120676041
    var: 1710.4597168

SpecCent:
    dmean: 7.1469669342
    dmean2: 7.76644277573
    dvar: 628.616210938
    dvar2: 531.631408691
    kurt: 38.7029533386
    max: 1623.32702637
    mean: 1439.50158691
    median: 1435.13928223
    min: 1431.57531738
    skew: 6.33030462265
    var: 780.075500488

Zcr:
    dmean: 0.00239701708779
    dmean2: 0.00197583576664
    dvar: 6.38399942545e-05
    dvar2: 4.33694840467e-05
    kurt: 17.8594055176
    max: 0.0654296875
    mean: 0.0623806416988
    median: 0.06494140625
    min: 0.00244140625
    skew: -4.23961734772
    var: 0.000123142206576

HarmonicAmpFreq:
    dmean: [0.0748901367188]
    dmean2: [0.0753769949079]
    dvar: [0.233217805624]
    dvar2: [0.230632513762]
    kurt: [40.023651123]
    max: [1441.16308594]
    mean: [1437.94189453]
    median: [1437.86791992]
    min: [1437.86791992]
    skew: [6.48256826401]
    var: [0.235817357898]

HarmonicAmpMag:
    dmean: [0.00141365698073]
    dmean2: [0.00217053084634]
    dvar: [4.19669959228e-05]
    dvar2: [0.000107803898572]
    kurt: [40.0223770142]
    max: [0.0311319213361]
    mean: [0.000693219015375]
    median: [0]
    min: [0]
    skew: [6.48245191574]
    var: [2.10572361539e-05]

MfccCoeff:
    dmean: [11.631072998, 3.85307788849, 2.54697036743, 1.27827703953, 0.398274868727, 1.12789237499, 0.525336265564, 0.935308814049, 0.908594667912, 0.504125535488, 1.2125762701, 0.45036059618, 1.01719963551]
    dmean2: [17.2171669006, 5.59543991089, 3.25989341736, 1.21703922749, 0.266371071339, 0.915835380554, 0.334358215332, 0.779601335526, 0.739964842796, 0.48336648941, 1.30369269848, 0.47252112627, 1.11601066589]
    dvar: [2674.56665039, 279.376464844, 119.504058838, 30.2676887512, 2.21548175812, 22.4456348419, 2.96872639656, 12.5404367447, 11.5576877594, 3.07125020027, 21.1778812408, 2.15999770164, 15.601436615]
    dvar2: [6704.83007812, 692.989257812, 245.973495483, 33.6933059692, 1.2630559206, 11.8712005615, 1.21909511089, 9.63679695129, 8.17749404907, 2.87295842171, 23.0060329437, 2.86827611923, 17.6750011444]
    kurt: [38.3908157349, 36.4213562012, 16.3335170746, 22.8032836914, 21.7746486664, 29.7790298462, 14.5379962921, 22.7078704834, 23.0438690186, 11.2830648422, 19.5303211212, 17.7284183502, 15.8232917786]
    max: [-869.742492676, 89.2186126709, -7.03480529785, -7.62189865112, 14.605758667, 57.8211975098, 26.7912216187, -5.02412414551, -6.35982513428, 13.4526920319, 48.1264610291, 19.8508396149, -2.67373657227]
    mean: [-1098.76318359, 16.8480319977, -39.8020324707, -39.4002342224, 14.0813112259, 47.262172699, 15.2320661545, -36.5639915466, -37.2190093994, 12.6869926453, 43.6434288025, 14.3992595673, -33.1330795288]
    median: [-1103.80932617, 15.1975517273, -39.3735771179, -39.479347229, 14.6055908203, 48.0065612793, 15.2053108215, -37.7545471191, -38.0681838989, 13.4524478912, 45.2211418152, 14.6288528442, -34.6846427917]
    min: [-1131.8770752, 3.09965133667, -72.8964233398, -57.8372879028, 1.7042388916, 8.1979598999, 3.67691421509, -39.8090667725, -44.1228408813, 0.400054931641, 5.57361221313, 2.99447631836, -34.6849784851]
    skew: [6.27717542648, 6.03063488007, -0.17788502574, 3.22915458679, -4.62860965729, -5.18234872818, 0.0808838382363, 4.80669498444, 4.71464920044, -3.53356575966, -4.49781751633, -3.5012011528, 4.07980108261]
    var: [1215.59570312, 124.441604614, 52.2535591125, 31.3042297363, 4.70352268219, 39.9228286743, 6.79859161377, 30.5756130219, 28.7411937714, 7.15270471573, 49.4597816467, 4.52460956573, 35.8965759277]

SpecContrastCoeff:
    dmean: [0.0505099631846, 0.0162241328508, 0.0157255064696, 0.0219366177917, 0.0126475244761, 0.0157237052917]
    dmean2: [0.085682593286, 0.026956897229, 0.0230929777026, 0.021915173158, 0.0207545086741, 0.0275234449655]
    dvar: [0.00161849032156, 0.000194499400095, 0.00023327213421, 0.00338458665647, 0.000107527317596, 0.000226876873057]
    dvar2: [0.00394170731306, 0.000444928824436, 0.000648997025564, 0.00281683611684, 0.000188137055375, 0.000461150222691]
    kurt: [0.572921991348, 1.5101776123, 6.46775436401, 19.6856098175, 0.946615934372, 1.16293239594]
    max: [-0.809741258621, -0.932038903236, -0.865843951702, -0.33421432972, -0.893175005913, -0.898312032223]
    mean: [-0.922745108604, -0.977594912052, -0.942887604237, -0.364056438208, -0.934381961823, -0.947446286678]
    median: [-0.941228270531, -0.984600126743, -0.948962390423, -0.343862384558, -0.941398739815, -0.954885542393]
    min: [-0.993248522282, -0.989927768707, -0.957915663719, -0.855211377144, -0.945360124111, -0.959516465664]
    skew: [1.19953846931, 1.51490259171, 2.37315368652, -4.44793558121, 1.29001379013, 1.49195075035]
    var: [0.00179673766252, 0.000222783928621, 0.000343461637385, 0.0079393228516, 0.0001739282161, 0.000236163439695]

SpecPeakAmp:
    dmean: [2.74599296972e-05, 2.2177819119e-05, 0.00141758390237, 2.56553594227e-05, 2.46802228503e-05]
    dmean2: [4.45344521722e-05, 3.34803662554e-05, 0.0021757367067, 3.87650579796e-05, 3.72058239009e-05]
    dvar: [6.46096109946e-09, 6.63195676154e-09, 4.19415300712e-05, 9.72880265238e-09, 8.908989102e-09]
    dvar2: [1.67504463633e-08, 1.70595484406e-08, 0.000107731175376, 2.50033576066e-08, 2.28447465389e-08]
    kurt: [39.0795669556, 39.5696487427, 40.0223731995, 39.7348060608, 39.6849861145]
    max: [0.000407125975471, 0.000407857587561, 0.0311319213361, 0.00049036135897, 0.000466830882942]
    mean: [2.61318691628e-05, 1.62424021255e-05, 0.000700225587934, 1.83807387657e-05, 1.79492799361e-05]
    median: [1.68021815625e-05, 7.55413338993e-06, 7.80745267548e-06, 8.15404473542e-06, 8.22054516902e-06]
    min: [9.04711123439e-06, 8.72260841334e-07, 1.32431773636e-06, 1.61593300163e-06, 2.0963955194e-06]
    skew: [6.37074518204, 6.42938947678, 6.48245239258, 6.4487156868, 6.44311523438]
    var: [3.33583871637e-09, 3.50403395188e-09, 2.10475427593e-05, 5.07990494114e-09, 4.59752635962e-09]
