
metadata:
    version:
        essentia: "2.1-beta3"

Flux:
    dmean: 0.0251434985548
    dmean2: 0.0332818366587
    dvar: 0.00680245645344
    dvar2: 0.0130667481571
    kurt: 9.41212177277
    max: 0.490828663111
    mean: 0.0328889787197
    median: 0.000431165681221
    min: 6.94389891578e-05
    skew: 3.26878905296
    var: 0.0115011464804

Rms:
    dmean: 0.0101889725775
    dmean2: 0.00766326393932
    dvar: 0.00127260084264
    dvar2: 0.000570927979425
    kurt: 20.9164676666
    max: 0.353854268789
    mean: 0.341030567884
    median: 0.353372722864
    min: 0.0661476030946
    skew: -4.5395989418
    var: 0.00237694592215

RollOff:
    dmean: 7.34086465836
    dmean2: 7.01081037521
    dvar: 1748.13659668
    dvar2: 1525.20007324
    kurt: 39.1731071472
    max: 1744.18945312
    mean: 1450.3815918
    median: 1442.72460938
    min: 1442.72460938
    skew: 6.386054039
    var: 1981.56872559

SpecCent:
    dmean: 10.3896760941
    dmean2: 11.1233959198
    dvar: 2148.77148438
    dvar2: 1857.38659668
    kurt: 39.3094062805
    max: 1775.48608398
    mean: 1443.20056152
    median: 1435.30273438
    min: 1431.57165527
    skew: 6.40095615387
    var: 2530.49511719

Zcr:
    dmean: 0.00239701708779
    dmean2: 0.00197583576664
    dvar: 6.38399942545e-05
    dvar2: 4.34249304817e-05
    kurt: 17.8594055176
    max: 0.0654296875
    mean: 0.0623806416988
    median: 0.06494140625
    min: 0.00244140625
    skew: -4.23961734772
    var: 0.000123142206576

HarmonicAmpFreq:
    dmean: [69.1490020752]
    dmean2: [141.052749634]
    dvar: [4645.66748047]
    dvar2: [10363.0351562]
    kurt: [-0.694639444351]
    max: [1444.30419922]
    mean: [1389.56420898]
    median: [1437.86767578]
    min: [1267.07751465]
    skew: [-0.922684669495]
    var: [4317.77880859]

HarmonicAmpMag:
    dmean: [0.0800358131528]
    dmean2: [0.157107576728]
    dvar: [0.030155710876]
    dvar2: [0.0744445547462]
    kurt: [4.98014450073]
    max: [0.490851014853]
    mean: [0.0500968024135]
    median: [0.000155157715199]
    min: [0]
    skew: [2.61104440689]
    var: [0.0207302197814]

MfccCoeff:
    dmean: [31.0464801788, 19.5491313934, 17.9128246307, 3.12673711777, 4.66452550888, 3.99704194069, 2.78319597244, 3.83304738998, 1.92493700981, 1.73809468746, 2.04323387146, 1.42497861385, 1.91244363785]
    dmean2: [46.2833442688, 29.4087333679, 26.2839355469, 5.11805343628, 6.22874498367, 6.10149288177, 5.24762868881, 4.96915960312, 2.38633942604, 3.13872718811, 3.38752841949, 2.3877146244, 2.01007437706]
    dvar: [7247.89208984, 127.697601318, 89.9983596802, 48.9823646545, 5.71526575089, 45.6191291809, 6.03796720505, 26.0811462402, 20.2967472076, 3.98410320282, 27.3520374298, 3.18013381958, 23.0834503174]
    dvar2: [17517.2558594, 223.523620605, 178.099060059, 83.21068573, 15.1795244217, 70.2588195801, 16.9104537964, 40.925239563, 26.5187511444, 9.23141384125, 46.8292312622, 7.40096759796, 14.785112381]
    kurt: [26.9116764069, -1.32810890675, -1.39355957508, 10.3941411972, 0.0653173923492, 12.9794063568, 5.7087688446, 11.527264595, 16.6841831207, 10.6165161133, 11.4450817108, 11.3849830627, 17.2996444702]
    max: [-629.623291016, 84.4143676758, -56.0372428894, -40.806678772, 27.3397712708, 82.5262527466, 28.7094802856, -9.84432983398, -9.38311767578, 16.3915882111, 51.7492179871, 20.155298233, 6.50646209717]
    mean: [-1015.56109619, 62.6950187683, -77.6337814331, -75.9889602661, 20.7977619171, 66.4624328613, 19.3377990723, -43.373840332, -42.1594619751, 14.485373497, 47.4520721436, 15.2934761047, -34.5909004211]
    median: [-1024.55944824, 67.1138381958, -76.1873321533, -77.6811294556, 22.1743469238, 68.1351852417, 19.128818512, -44.3254699707, -43.4117507935, 14.9223423004, 49.0466117859, 15.2581100464, -36.5349082947]
    min: [-1044.71630859, 36.1726493835, -99.5252838135, -90.8674087524, 7.32323074341, 24.5459289551, 9.4861946106, -51.3449401855, -51.5797805786, 4.04131889343, 18.8136711121, 8.58957099915, -37.350566864]
    skew: [5.17196559906, -0.385421037674, -0.210047185421, 3.17401862144, -0.694542229176, -3.36738991737, -0.519961833954, 3.33950352669, 3.98793673515, -3.23162198067, -3.58125710487, -1.46154618263, 4.17297506332]
    var: [4125.85839844, 257.93057251, 203.736236572, 64.0263977051, 20.5862369537, 73.457901001, 7.37361907959, 50.6644973755, 38.9883995056, 5.43294715881, 43.8214530945, 2.00838732719, 59.2835884094]

SpecContrastCoeff:
    dmean: [0.0234971567988, 0.0177607405931, 0.0179687701166, 0.0260735861957, 0.0135521804914, 0.0122146783397]
    dmean2: [0.0403701737523, 0.0293456614017, 0.0277282167226, 0.0218281652778, 0.0211565643549, 0.0221628919244]
    dvar: [0.000641235383227, 0.000207652396057, 0.000295008096145, 0.0057689473033, 9.67904998106e-05, 0.000221809605137]
    dvar2: [0.00142240035348, 0.000457045855001, 0.000549655174837, 0.00368470954709, 0.000225431504077, 0.000583562359679]
    kurt: [3.53075504303, 2.22940397263, 6.81728744507, 21.1122684479, -0.547627925873, 2.59673547745]
    max: [-0.888519227505, -0.908162236214, -0.81975466013, -0.167411074042, -0.889781653881, -0.904480874538]
    mean: [-0.970658421516, -0.972877323627, -0.928083539009, -0.2077473104, -0.922003924847, -0.944812119007]
    median: [-0.981007814407, -0.981196463108, -0.936042845249, -0.182323366404, -0.927280306816, -0.951645314693]
    min: [-0.988769352436, -0.987210035324, -0.94749557972, -0.831619560719, -0.934478104115, -0.953763663769]
    skew: [2.05467677116, 1.56441700459, 2.53914809227, -4.5573015213, 0.840986967087, 1.86626636982]
    var: [0.000574937148485, 0.000311480514938, 0.000668646884151, 0.0121430121362, 0.00016192845942, 0.000161420713994]

SpecPeakAmp:
    dmean: [0.000115319366159, 0.000119975113194, 0.000126434824779, 0.0354100763798, 0.0672363340855]
    dmean2: [0.000172045038198, 0.000183907875908, 0.000205928328796, 0.0657825544477, 0.137435153127]
    dvar: [1.140368866e-07, 1.15480403906e-07, 1.13551692493e-07, 0.0134182330221, 0.0283095221967]
    dvar2: [2.92628897114e-07, 2.96679417033e-07, 2.99436209161e-07, 0.0388103090227, 0.081880427897]
    kurt: [36.3382492065, 35.3914070129, 30.9325485229, 23.0893688202, 10.0704517365]
    max: [0.00174353830516, 0.00176617095713, 0.00195765541866, 0.490846633911, 0.490851014853]
    mean: [0.000114114118333, 0.000113478730782, 0.000141678247019, 0.0174015201628, 0.0329770892859]
    median: [7.83674113336e-05, 7.1247399319e-05, 7.9711266153e-05, 9.25039421418e-05, 0.000155157715199]
    min: [1.03317470348e-05, 1.49568495544e-05, 1.91381441255e-05, 2.40724384639e-05, 2.70628224825e-05]
    skew: [6.07273244858, 5.96689414978, 5.48227357864, 4.88791656494, 3.47416734695]
    var: [6.31267056406e-08, 6.57420997641e-08, 8.45480698786e-08, 0.00687484163791, 0.0149754043669]
