
metadata:
    version:
        essentia: "2.1-beta3"

Flux:
    dmean: 0.0134427249432
    dmean2: 0
    dvar: 0
    dvar2: 0
    kurt: -1.99999988079
    max: 0.296849638224
    mean: 0.290128290653
    median: 0.290128290653
    min: 0.28340691328
    skew: -6.69243718221e-06
    var: 4.51767118648e-05

Rms:
    dmean: 0
    dmean2: 0
    dvar: 0
    dvar2: 0
    kurt: 0
    max: 0.101945012808
    mean: 0.101945012808
    median: 0.101945012808
    min: 0.101945012808
    skew: 0
    var: 0

RollOff:
    dmean: 516.796875
    dmean2: 0
    dvar: 0
    dvar2: 0
    kurt: -1.99999988079
    max: 2562.45117188
    mean: 2304.05273438
    median: 2304.05273438
    min: 2045.65429688
    skew: 0
    var: 66769.75

SpecCent:
    dmean: 132.319091797
    dmean2: 0
    dvar: 0
    dvar2: 0
    kurt: -2
    max: 1959.45727539
    mean: 1893.29772949
    median: 1893.29772949
    min: 1827.13818359
    skew: 0
    var: 4377.08544922

Zcr:
    dmean: 0
    dmean2: 0
    dvar: 0
    dvar2: 0
    kurt: 0
    max: 0.0244140625
    mean: 0.0244140625
    median: 0.0244140625
    min: 0.0244140625
    skew: 0
    var: 0

HarmonicAmpFreq:
    dmean: [132.131713867]
    dmean2: [0]
    dvar: [0]
    dvar2: [0]
    kurt: [-1.99999988079]
    max: [1842.78186035]
    mean: [1776.71606445]
    median: [1776.71606445]
    min: [1710.65014648]
    skew: [-2.76349692285e-06]
    var: [4364.69726562]

HarmonicAmpMag:
    dmean: [0.065535672009]
    dmean2: [0]
    dvar: [0]
    dvar2: [0]
    kurt: [-2]
    max: [0.065535672009]
    mean: [0.0327678360045]
    median: [0.0327678360045]
    min: [0]
    skew: [0]
    var: [0.0010737311095]

MfccCoeff:
    dmean: [389.910766602, 20.8670330048, 27.7038116455, 29.9631156921, 64.7898178101, 24.0158195496, 24.9175777435, 30.277048111, 11.9739360809, 21.2006397247, 1.29369926453, 9.01587677002, 6.05577278137]
    dmean2: [0, 0, 0, 0, 0, 0, 0, 0, 0, 0, 0, 0, 0]
    dvar: [0, 0, 0, 0, 0, 0, 0, 0, 0, 0, 0, 0, 0]
    dvar2: [0, 0, 0, 0, 0, 0, 0, 0, 0, 0, 0, 0, 0]
    kurt: [-2, -2, -2, -2, -2, -2, -2, -2, -2, -2, -2, -2, -1.99999988079]
    max: [-626.274414062, 31.5964756012, -118.6587677, -17.731212616, 89.9957885742, 27.012638092, -17.464220047, 11.9954471588, 15.5320167542, 8.46431159973, -0.616939544678, 6.65549468994, -0.750780105591]
    mean: [-821.229797363, 21.1629600525, -132.510681152, -32.7127685547, 57.6008796692, 15.0047283173, -29.9230079651, -3.14307689667, 9.54504871368, -2.13600826263, -1.26378917694, 2.14755630493, -3.77866649628]
    median: [-821.229797363, 21.1629600525, -132.510681152, -32.7127685547, 57.6008796692, 15.0047283173, -29.9230079651, -3.14307689667, 9.54504871368, -2.13600826263, -1.26378917694, 2.14755630493, -3.77866649628]
    min: [-1016.18518066, 10.7294425964, -146.362579346, -47.6943283081, 25.2059688568, 2.99681854248, -42.3817977905, -18.2816009521, 3.55808067322, -12.736328125, -1.9106388092, -2.36038208008, -6.80655288696]
    skew: [0, -2.68694009264e-07, 1.65342305536e-06, -3.63027169215e-07, -1.7235380767e-07, 0, -2.84050202026e-07, 0, 0, 0, 0, 0, 0]
    var: [38007.6015625, 108.858261108, 191.875289917, 224.44708252, 1049.43029785, 144.18989563, 155.221420288, 229.174911499, 35.843788147, 112.366783142, 0.418414443731, 20.3215084076, 9.16809558868]

SpecContrastCoeff:
    dmean: [0.00119006633759, 0.0260992050171, 0.0692885518074, 0.025880753994, 0.233384728432, 0.0255244970322]
    dmean2: [0, 0, 0, 0, 0, 0]
    dvar: [0, 0, 0, 0, 0, 0]
    dvar2: [0, 0, 0, 0, 0, 0]
    kurt: [-2, -2, -2, -1.99999988079, -2, -2]
    max: [-0.942250967026, -0.915866553783, -0.850305438042, -0.739498794079, -0.52826654911, -0.929211437702]
    mean: [-0.942846000195, -0.928916156292, -0.884949684143, -0.752439141273, -0.644958913326, -0.941973686218]
    median: [-0.942846000195, -0.928916156292, -0.884949684143, -0.752439141273, -0.644958913326, -0.941973686218]
    min: [-0.943441033363, -0.941965758801, -0.919593989849, -0.765379548073, -0.761651277542, -0.954735934734]
    skew: [0, 0, -2.53725238508e-06, -6.92537560099e-06, 0, 0]
    var: [3.54064468411e-07, 0.000170292129042, 0.00120022590272, 0.000167453355971, 0.0136171076447, 0.000162874988746]

SpecPeakAmp:
    dmean: [0.0655260533094, 0.0427433177829, 0.0307357814163, 0.0223522577435, 0.0164155531675]
    dmean2: [0, 0, 0, 0, 0]
    dvar: [0, 0, 0, 0, 0]
    dvar2: [0, 0, 0, 0, 0]
    kurt: [-2, -2, -2, -1.99999988079, -2]
    max: [0.065535672009, 0.0427585095167, 0.0307533685118, 0.0223734546453, 0.016440782696]
    mean: [0.0327726453543, 0.0213868506253, 0.0153854778036, 0.0111973257735, 0.00823300611228]
    median: [0.0327726453543, 0.0213868506253, 0.0153854778036, 0.0111973257735, 0.00823300611228]
    min: [9.62162084761e-06, 1.51901822392e-05, 1.75868735823e-05, 2.11971891986e-05, 2.52294757956e-05]
    skew: [2.06889353649e-07, -1.39758000728e-07, 0, 0, 0]
    var: [0.00107341585681, 0.000456747831777, 0.000236172068981, 0.000124905855046, 6.73675967846e-05]
