
metadata:
    version:
        essentia: "2.1-beta3"

Flux:
    dmean: 5.6087046687e-06
    dmean2: 8.75623572938e-06
    dvar: 3.1026575753e-10
    dvar2: 6.73422706488e-10
    kurt: 14.2892971039
    max: 9.5438263088e-05
    mean: 6.4619675868e-06
    median: 2.03476156457e-06
    min: 6.08604636909e-07
    skew: 3.89038085938
    var: 3.19682974537e-10

Rms:
    dmean: 1.34077629355e-06
    dmean2: 1.25665474116e-06
    dvar: 2.49898556709e-11
    dvar2: 1.86912308547e-11
    kurt: 19.54504776
    max: 7.73865685915e-05
    mean: 7.58987589506e-05
    median: 7.72616040194e-05
    min: 4.47516176791e-05
    skew: -4.49854230881
    var: 3.31139317356e-11

RollOff:
    dmean: 1.00154435635
    dmean2: 1.025390625
    dvar: 20.5633563995
    dvar2: 21.0285148621
    kurt: 17.0410709381
    max: 2906.98242188
    mean: 2886.4296875
    median: 2885.44921875
    min: 2885.44921875
    skew: 4.36323451996
    var: 20.1182861328

SpecCent:
    dmean: 1.97171938419
    dmean2: 2.98143959045
    dvar: 3.54474186897
    dvar2: 5.00471448898
    kurt: 8.07097434998
    max: 2902.23486328
    mean: 2890.78979492
    median: 2890.22290039
    min: 2887.38549805
    skew: 2.68526411057
    var: 7.17622327805

Zcr:
    dmean: 0.00311137363315
    dmean2: 0.003173828125
    dvar: 0.000174256507307
    dvar2: 0.000166498473845
    kurt: 17.4550247192
    max: 0.13037109375
    mean: 0.127274945378
    median: 0.13037109375
    min: 0.060546875
    skew: -4.39012479782
    var: 0.000183657524758

HarmonicAmpFreq:
    dmean: [0]
    dmean2: [0]
    dvar: [0]
    dvar2: [0]
    kurt: [-2]
    max: [2880.90527344]
    mean: [2880.90600586]
    median: [2880.90527344]
    min: [2880.90527344]
    skew: [-1]
    var: [5.36441802979e-07]

HarmonicAmpMag:
    dmean: [0]
    dmean2: [0]
    dvar: [0]
    dvar2: [0]
    kurt: [nan]
    max: [0]
    mean: [0]
    median: [0]
    min: [0]
    skew: [nan]
    var: [0]

MfccCoeff:
    dmean: [0.0164312310517, 0.00630507338792, 0.0198108758777, 0.0170614551753, 0.0105491457507, 0.0227881148458, 0.00182253820822, 0.0217987764627, 0.0136576807126, 0.0143840704113, 0.0214662775397, 0.00273132324219, 0.022948153317]
    dmean2: [0.0183047335595, 0.00702122272924, 0.022064935416, 0.0190030056983, 0.0117474514991, 0.0253786351532, 0.00203050882556, 0.0242760069668, 0.0152097428218, 0.016019186005, 0.0239068903029, 0.00304158520885, 0.0255568362772]
    dvar: [0.00274889403954, 0.000404925231123, 0.00399627257138, 0.00296389614232, 0.00113304925617, 0.00528794201091, 3.38296049449e-05, 0.00483852857724, 0.00189920340199, 0.00210679811426, 0.00469202687964, 7.59336471674e-05, 0.00536249252036]
    dvar2: [0.00262878485955, 0.000387208041502, 0.00382189941593, 0.00283466768451, 0.00108380417805, 0.0050575081259, 3.23575113725e-05, 0.00462795374915, 0.00181659241207, 0.00201504793949, 0.00448772637174, 7.26306971046e-05, 0.00512887956575]
    kurt: [16.8420391083, 16.8145828247, 16.8146533966, 16.8148059845, 16.8147411346, 16.8147544861, 16.8145542145, 16.8147964478, 16.8147277832, 16.814748764, 16.8147544861, 16.814573288, 16.814781189]
    max: [-1138.15478516, 1.14440917969e-05, -6.103515625e-05, 0.275531768799, 0.170257568359, 2.28881835938e-05, 0.0294075012207, 0.351898193359, -4.57763671875e-05, -2.28881835938e-05, 0.346561431885, 0.044059753418, -3.81469726562e-05]
    mean: [-1138.17260742, -0.0949204191566, -0.298278808594, 0.256904244423, 0.158731982112, -0.343020349741, 0.0274106804281, 0.328088074923, -0.205629527569, -0.216554120183, 0.323108166456, 0.0410763137043, -0.34549036622]
    median: [-1138.16088867, -0.0994300842285, -0.312408447266, 0.269077301025, 0.166259765625, -0.359283447266, 0.0287132263184, 0.343639373779, -0.21537399292, -0.226818084717, 0.338424682617, 0.0430221557617, -0.361862182617]
    min: [-1138.42004395, -0.101825714111, -0.319915771484, 8.01086425781e-05, -6.103515625e-05, -0.36791229248, -2.67028808594e-05, -5.34057617188e-05, -0.220550537109, -0.232269287109, -2.67028808594e-05, -3.0517578125e-05, -0.370559692383]
    skew: [-4.32735109329, 4.32259130478, 4.3226017952, -4.32262706757, -4.32261657715, 4.32261991501, -4.32257986069, -4.3226275444, 4.3226146698, 4.32261800766, -4.32261896133, -4.32258653641, 4.32262420654]
    var: [0.00293063535355, 0.000431677908637, 0.00425992626697, 0.00315940310247, 0.00120780512225, 0.00563678704202, 3.60596495739e-05, 0.00515769561753, 0.00202447199263, 0.00224582082592, 0.00500151515007, 8.09401317383e-05, 0.00571622839198]

SpecContrastCoeff:
    dmean: [0.0205200463533, 0.0169236287475, 0.0099670663476, 0.00770882796496, 0.00859110988677, 0.00667101144791]
    dmean2: [0.0271258912981, 0.0288883112371, 0.0138302687556, 0.0127728711814, 0.0105801299214, 0.00968606676906]
    dvar: [0.00101383705623, 0.000257152947597, 0.000263010966592, 3.84315062547e-05, 0.000555856560823, 0.000126503757201]
    dvar2: [0.000935452058911, 0.000451027415693, 0.00028167347773, 8.61774969962e-05, 0.000551104662009, 0.000123693636851]
    kurt: [11.0354585648, 2.75407600403, 14.3485813141, 5.02092838287, 19.207151413, 14.0555095673]
    max: [-0.639612853527, -0.885850012302, -0.840660512447, -0.903939306736, -0.673913836479, -0.862040996552]
    mean: [-0.692851603031, -0.92147308588, -0.863249003887, -0.919944763184, -0.685650706291, -0.873056173325]
    median: [-0.692226290703, -0.920942544937, -0.861075997353, -0.91948223114, -0.680298686028, -0.870162606239]
    min: [-0.860467731953, -0.989288330078, -0.948737323284, -0.956630468369, -0.817380666733, -0.931394398212]
    skew: [-3.09884858131, -0.956848442554, -3.69503927231, -1.61399519444, -4.48923063278, -3.81790614128]
    var: [0.00149628776126, 0.000322549487464, 0.000304603134282, 7.80203918112e-05, 0.000610354938544, 0.00017376888718]

SpecPeakAmp:
    dmean: [1.01310128287e-07, 3.83924856351e-08, 4.34958771223e-08, 5.53031362927e-08, 4.10560012654e-08]
    dmean2: [1.15572731829e-07, 4.53092710018e-08, 6.10613355434e-08, 8.304922261e-08, 5.35221182929e-08]
    dvar: [1.35575049993e-13, 1.09924386827e-14, 8.5896967436e-15, 4.76650215134e-15, 6.07084564572e-15]
    dvar2: [1.39555657612e-13, 1.02733526032e-14, 9.77642886622e-15, 4.55649854327e-15, 8.31365971752e-15]
    kurt: [22.9778060913, 18.8731632233, 13.7183570862, 11.2110443115, 13.7198524475]
    max: [8.46000784804e-06, 6.63933008127e-07, 5.43566727629e-07, 4.93598179219e-07, 5.27395570771e-07]
    mean: [8.29614054965e-06, 8.03184505571e-08, 9.59289963021e-08, 1.11192527186e-07, 1.39897579743e-07]
    median: [8.36688377603e-06, 5.89352708857e-08, 7.28109483816e-08, 9.31991621655e-08, 1.29336541477e-07]
    min: [6.16277156951e-06, 1.69608753708e-08, 2.4765544282e-08, 2.20626148462e-08, 3.37784058502e-08]
    skew: [-4.83620071411, 4.42411231995, 3.76032972336, 3.15656328201, 3.48928523064]
    var: [1.39921047296e-13, 1.2039462885e-14, 9.57275471186e-15, 6.85843890293e-15, 6.14858760016e-15]
