
metadata:
    version:
        essentia: "2.1-beta3"

Flux:
    dmean: 0.000124407873955
    dmean2: 0.000164842422237
    dvar: 1.67478845015e-07
    dvar2: 3.30836257945e-07
    kurt: 9.57519340515
    max: 0.00237453053705
    mean: 0.000162305062986
    median: 5.14920475325e-06
    min: 4.3163704504e-06
    skew: 3.29387784004
    var: 2.70879411346e-07

Rms:
    dmean: 4.82106552226e-05
    dmean2: 3.52437782567e-05
    dvar: 3.03749878583e-08
    dvar2: 1.36463436107e-08
    kurt: 20.8166828156
    max: 0.00171349826269
    mean: 0.00165280618239
    median: 0.00171338999644
    min: 0.000314136734232
    skew: -4.52954149246
    var: 5.65287123777e-08

RollOff:
    dmean: 5.87269163132
    dmean2: 5.5084939003
    dvar: 1040.40332031
    dvar2: 864.664428711
    kurt: 38.6570053101
    max: 3122.31445312
    mean: 2891.67163086
    median: 2885.44921875
    min: 2885.44921875
    skew: 6.3290553093
    var: 1228.69165039

SpecCent:
    dmean: 2.99661540985
    dmean2: 4.75227689743
    dvar: 56.8672637939
    dvar2: 63.7931785583
    kurt: 37.2181434631
    max: 2858.39233398
    mean: 2853.83422852
    median: 2854.81079102
    min: 2806.42260742
    skew: -6.15519571304
    var: 52.8454093933

Zcr:
    dmean: 0.00446111522615
    dmean2: 0.0032589933835
    dvar: 0.000257964420598
    dvar2: 0.000174752276507
    kurt: 17.8776721954
    max: 0.13037109375
    mean: 0.12470702827
    median: 0.13037109375
    min: 0.00390625
    skew: -4.24232769012
    var: 0.000499856774695

HarmonicAmpFreq:
    dmean: [0.500127613544]
    dmean2: [0.511758506298]
    dvar: [10.7554883957]
    dvar2: [10.999663353]
    kurt: [40.014919281]
    max: [2879.50927734]
    mean: [2879.01928711]
    median: [2879.50927734]
    min: [2857.50366211]
    skew: [-6.48159074783]
    var: [10.5219125748]

HarmonicAmpMag:
    dmean: [6.00717839916e-08]
    dmean2: [6.14688033806e-08]
    dvar: [1.55170635455e-13]
    dvar2: [1.58693357392e-13]
    kurt: [40.0227279663]
    max: [2.64315849563e-06]
    mean: [5.87368553795e-08]
    median: [0]
    min: [0]
    skew: [6.48249387741]
    var: [1.51800813131e-13]

MfccCoeff:
    dmean: [0.605010986328, 0.203236669302, 0.750264763832, 0.551725208759, 0.467628479004, 0.746173143387, 0.0972400978208, 0.742705106735, 0.254849880934, 0.561875402927, 0.489258676767, 0.318901747465, 0.602968633175]
    dmean2: [0.673453390598, 0.226926580071, 0.831820487976, 0.612126529217, 0.511051952839, 0.816658198833, 0.098662622273, 0.79419708252, 0.278626024723, 0.577744066715, 0.509243965149, 0.304717123508, 0.594300985336]
    dvar: [8.34438705444, 0.940962553024, 12.8968191147, 6.99697113037, 5.09925556183, 13.050494194, 0.232045084238, 13.3765869141, 1.55789792538, 8.11650180817, 6.13026237488, 2.21203780174, 8.70900440216]
    dvar2: [10.6176528931, 1.20716810226, 16.2341442108, 8.82271099091, 6.17542076111, 15.863196373, 0.232412427664, 15.2923002243, 1.88679099083, 8.40321922302, 6.5411567688, 1.89377629757, 8.10780334473]
    kurt: [30.1735954285, 30.2374610901, 30.27135849, 30.4405937195, 30.4938011169, 30.7884292603, 29.5791702271, 31.1438522339, 31.7323951721, 31.2261657715, 31.8741760254, 30.1731109619, 31.548034668]
    max: [-1119.82275391, 1.14440917969e-05, -6.103515625e-05, 17.0442848206, 14.5094909668, 2.28881835938e-05, -2.67028808594e-05, 23.493478775, -4.57763671875e-05, -2.28881835938e-05, 15.9025840759, 10.2282028198, -3.81469726562e-05]
    mean: [-1122.60986328, -5.2870721817, -19.7913246155, 14.5836601257, 12.7356510162, -20.3824043274, -2.96381521225, 21.3764743805, -7.10897350311, -17.4964809418, 15.0664196014, 9.89554214478, -19.122253418]
    median: [-1122.17456055, -5.43120193481, -20.340259552, 14.9861030579, 13.0990142822, -20.9587783813, -3.05965805054, 22.003610611, -7.30667877197, -18.0370559692, 15.5194511414, 10.2279129028, -19.7333488464]
    min: [-1138.42004395, -6.25123977661, -23.1138877869, 8.01086425781e-05, -6.103515625e-05, -23.2610549927, -3.05976486206, -5.34057617188e-05, -8.08029937744, -18.1723175049, -2.67028808594e-05, -3.0517578125e-05, -19.7339134216]
    skew: [-5.44322872162, 5.44240188599, 5.46099948883, -5.47562599182, -5.50603675842, 5.53158903122, 5.4584569931, -5.58850288391, 5.6221203804, 5.60893964767, -5.66742372513, -5.49652481079, 5.63375234604]
    var: [6.51124954224, 0.727274000645, 10.1881303787, 5.51597833633, 4.20543050766, 10.7178049088, 0.231750324368, 11.7274532318, 1.28396427631, 7.84960460663, 5.7592291832, 2.5535068512, 9.32436943054]

SpecContrastCoeff:
    dmean: [0.0280468147248, 0.0197624731809, 0.0172869134694, 0.0140492701903, 0.0208359789103, 0.00576235214248]
    dmean2: [0.0523202680051, 0.0323753356934, 0.0279760081321, 0.0272644776851, 0.0320507697761, 0.0100949006155]
    dvar: [0.000974812544882, 0.000380906654755, 0.000141122276546, 7.67458550399e-05, 0.00118447816931, 2.37442618527e-05]
    dvar2: [0.00190132576972, 0.00116794568021, 0.000421574310167, 0.000263411435299, 0.00123933854047, 6.53802926536e-05]
    kurt: [10.4460821152, 2.47294807434, 0.723527669907, -0.599786043167, 18.1699295044, 2.78429937363]
    max: [-0.732876896858, -0.88844949007, -0.915156424046, -0.919605910778, -0.523418366909, -0.906787931919]
    mean: [-0.790098428726, -0.934775114059, -0.947977900505, -0.940794229507, -0.570793807507, -0.926983952522]
    median: [-0.784102678299, -0.934835851192, -0.947640061378, -0.942102313042, -0.561291456223, -0.927773833275]
    min: [-0.980778515339, -0.997010529041, -0.992217421532, -0.962296664715, -0.855921328068, -0.938509345055]
    skew: [-3.09601283073, -0.611410081387, -0.254204243422, 0.0514594353735, -4.25258588791, 1.22733438015]
    var: [0.00185516825877, 0.000315217679599, 0.000209295729292, 9.16199132917e-05, 0.00281848851591, 3.02962598653e-05]

SpecPeakAmp:
    dmean: [9.58616510616e-07, 7.3009141488e-07, 7.7814826227e-07, 7.92703076513e-07, 7.11070981652e-07]
    dmean2: [1.29082059175e-06, 1.12756015369e-06, 1.25401095374e-06, 1.28972305902e-06, 1.18937884963e-06]
    dvar: [7.96249524648e-12, 6.25993050798e-12, 6.60810685685e-12, 6.12820081139e-12, 5.73980750082e-12]
    dvar2: [1.6581788026e-11, 1.59507025643e-11, 1.7011215353e-11, 1.54850195166e-11, 1.51088412614e-11]
    kurt: [16.5202217102, 39.2949180603, 39.2705688477, 39.1789474487, 37.1568145752]
    max: [1.75132681761e-05, 1.27034682009e-05, 1.30347807499e-05, 1.28403362396e-05, 1.31092810989e-05]
    mean: [8.34401726024e-06, 8.05841750662e-07, 9.27954715735e-07, 7.90245223925e-07, 7.48833372199e-07]
    median: [8.39450513013e-06, 5.11079633725e-07, 6.55381143133e-07, 5.61513900266e-07, 4.14915859892e-07]
    min: [3.87865156881e-07, 1.69133542727e-07, 2.1711146303e-07, 1.44124115309e-07, 1.79850346171e-07]
    skew: [0.834296286106, 6.39622688293, 6.39307022095, 6.38241624832, 6.17128038406]
    var: [3.55755312362e-12, 3.24473802861e-12, 3.36082051945e-12, 3.33301095057e-12, 3.59510164694e-12]
