
metadata:
    version:
        essentia: "2.1-beta3"

Flux:
    dmean: 0.00278303353116
    dmean2: 0.00367093109526
    dvar: 8.41129076434e-05
    dvar2: 0.000165816469234
    kurt: 9.59512996674
    max: 0.0532539710402
    mean: 0.00357990269549
    median: 5.57036291866e-05
    min: 1.96713572223e-05
    skew: 3.29606366158
    var: 0.000136242175358

Rms:
    dmean: 0.00107990705874
    dmean2: 0.000790802878328
    dvar: 1.52850916493e-05
    dvar2: 6.89373655405e-06
    kurt: 20.8394412994
    max: 0.0383560582995
    mean: 0.0369983315468
    median: 0.0383541956544
    min: 0.0070111262612
    skew: -4.53245306015
    var: 2.83539320662e-05

RollOff:
    dmean: 6.36208295822
    dmean2: 6.00926589966
    dvar: 1255.71704102
    dvar2: 1063.77819824
    kurt: 38.8712425232
    max: 3143.84765625
    mean: 2892.14990234
    median: 2885.44921875
    min: 2885.44921875
    skew: 6.35261535645
    var: 1459.50073242

SpecCent:
    dmean: 4.26760053635
    dmean2: 5.48235940933
    dvar: 313.393096924
    dvar2: 272.580749512
    kurt: 39.5874824524
    max: 2982.18457031
    mean: 2857.85668945
    median: 2854.94482422
    min: 2853.45166016
    skew: 6.43205738068
    var: 353.09753418

Zcr:
    dmean: 0.00445001758635
    dmean2: 0.00324763800018
    dvar: 0.000256616651313
    dvar2: 0.000174731889274
    kurt: 17.7986164093
    max: 0.13037109375
    mean: 0.124717883766
    median: 0.13037109375
    min: 0.00439453125
    skew: -4.23464584351
    var: 0.000497240398545

HarmonicAmpFreq:
    dmean: [0.296797305346]
    dmean2: [0.303699582815]
    dvar: [3.78781151772]
    dvar2: [3.87380456924]
    kurt: [40.0051612854]
    max: [2879.50976562]
    mean: [2879.21826172]
    median: [2879.50976562]
    min: [2866.45068359]
    skew: [-6.48046112061]
    var: [3.70555377007]

HarmonicAmpMag:
    dmean: [1.34909930694e-06]
    dmean2: [1.38047369092e-06]
    dvar: [7.82629586138e-11]
    dvar2: [8.0039717909e-11]
    kurt: [40.0227279663]
    max: [5.93603690504e-05]
    mean: [1.31911929202e-06]
    median: [0]
    min: [0]
    skew: [6.48249387741]
    var: [7.65633320632e-11]

MfccCoeff:
    dmean: [10.2319755554, 0.839215695858, 2.77458095551, 1.39517664909, 0.575646221638, 0.948504447937, 0.19345907867, 1.018627882, 0.356399893761, 0.863952815533, 0.764786124229, 0.587070167065, 1.00067651272]
    dmean2: [15.3368768692, 1.39774644375, 3.80990839005, 1.83054566383, 0.478075414896, 0.841057956219, 0.130920767784, 0.715541481972, 0.354522883892, 0.66692084074, 0.571282684803, 0.574777543545, 0.899428248405]
    dvar: [2181.77514648, 14.9035177231, 170.499130249, 45.685634613, 8.90392398834, 21.5274868011, 0.480558991432, 19.0584659576, 2.22506570816, 13.1189336777, 8.61378097534, 5.19742107391, 15.6638021469]
    dvar2: [5437.18115234, 39.7882347107, 356.074798584, 82.4880828857, 5.16105890274, 12.4500293732, 0.268733501434, 7.62231016159, 1.3187340498, 9.491522789, 5.50145530701, 5.13058376312, 13.1880292892]
    kurt: [38.3257102966, 28.030330658, 19.5179042816, 24.3302097321, 36.4618759155, 36.0140304565, 21.8750553131, 29.9874382019, 32.6867179871, 22.8276367188, 24.4703712463, 18.8492279053, 21.5944747925]
    max: [-896.286132812, 11.7197914124, -4.16201782227, 46.2388725281, 27.4438972473, -4.41394805908, -0.214443206787, 46.4961929321, -1.92994689941, -3.22441101074, 33.2885246277, 21.6867313385, -3.84080505371]
    mean: [-1101.03491211, -10.3805761337, -41.9544906616, 30.4004993439, 26.4657154083, -41.8929214478, -6.44860839844, 43.9307403564, -14.1465997696, -36.0707893372, 30.371969223, 20.7831516266, -38.8024177551]
    median: [-1105.09875488, -11.064289093, -41.7907218933, 30.5608100891, 27.1186256409, -42.8407096863, -6.7329864502, 45.1741867065, -14.4038619995, -37.3546524048, 31.2954826355, 21.6866092682, -40.1970787048]
    min: [-1135.03112793, -12.0750312805, -82.6832580566, 3.26805496216, 2.4641418457, -44.9510307312, -6.73303985596, 4.36634063721, -16.4653778076, -37.3548049927, 3.38894271851, 1.40512084961, -41.1627464294]
    skew: [6.25863552094, 5.31133794785, -0.529826045036, -3.39976119995, -6.10814476013, 6.05463218689, 4.62617731094, -5.49143028259, 5.62467384338, 4.83779096603, -4.98651885986, -4.4128780365, 4.712454319]
    var: [972.506591797, 13.2641534805, 68.766166687, 22.1779918671, 13.6792984009, 33.5486907959, 1.19378829002, 40.9885368347, 3.73206448555, 33.165145874, 21.413520813, 13.0175018311, 38.9227523804]

SpecContrastCoeff:
    dmean: [0.0644572302699, 0.0132535155863, 0.012281014584, 0.015367468819, 0.0262140799314, 0.0176199059933]
    dmean2: [0.123012945056, 0.0243444796652, 0.0227660126984, 0.0300268959254, 0.0384397543967, 0.0354835726321]
    dvar: [0.00291935564019, 0.000372327282093, 0.000172317537363, 8.68648567121e-05, 0.00215495796874, 0.000186247038073]
    dvar2: [0.0123915337026, 0.000787552446127, 0.000383810867788, 0.000350422080373, 0.00233885948546, 0.000722643744666]
    kurt: [1.91801977158, 18.3060741425, 15.518447876, 0.250755786896, 19.2348594666, -0.450746536255]
    max: [-0.747131049633, -0.884796857834, -0.91169667244, -0.920071601868, -0.375720947981, -0.904985368252]
    mean: [-0.905982017517, -0.986008942127, -0.983817517757, -0.953067004681, -0.443442881107, -0.935326874256]
    median: [-0.923842191696, -0.992182672024, -0.988487124443, -0.955947101116, -0.429571777582, -0.94168138504]
    min: [-0.996069610119, -0.995976924896, -0.992930114269, -0.964624345303, -0.828156292439, -0.947215497494]
    skew: [1.47064983845, 3.99934267998, 3.57041501999, 0.958261013031, -4.35364103317, 0.981844425201]
    var: [0.00247080717236, 0.000334006879712, 0.000182146497536, 0.00011362774967, 0.00493711512536, 0.000177993337275]

SpecPeakAmp:
    dmean: [1.49049292304e-05, 1.2568701095e-05, 1.24202770166e-05, 1.23952486319e-05, 1.13630585474e-05]
    dmean2: [2.19052944885e-05, 2.06422591873e-05, 2.03906438401e-05, 2.0430301447e-05, 1.93530049728e-05]
    dvar: [1.5435488443e-09, 1.60992119635e-09, 1.59615187734e-09, 1.56784019101e-09, 1.26977783843e-09]
    dvar2: [3.89754051255e-09, 4.08952782749e-09, 4.06152933508e-09, 4.00860322713e-09, 3.33586069878e-09]
    kurt: [37.2950744629, 39.3710632324, 39.3897781372, 39.2240867615, 33.9885673523]
    max: [0.000209565725527, 0.000203554940526, 0.000203446325031, 0.00020442729874, 0.000205549731618]
    mean: [2.06490440178e-05, 9.64933951764e-06, 9.61052501225e-06, 9.77845411398e-06, 1.08068197733e-05]
    median: [1.65781893884e-05, 5.76072488911e-06, 5.47151012142e-06, 5.67819961361e-06, 5.53572226636e-06]
    min: [7.32329817765e-06, 4.59120002461e-07, 5.8244762613e-07, 7.15746750757e-07, 7.6351085454e-07]
    skew: [6.1565952301, 6.40546989441, 6.40757417679, 6.3885807991, 5.85407924652]
    var: [8.38191016594e-10, 8.61088977899e-10, 8.60279014692e-10, 8.69212535282e-10, 9.31397292625e-10]
