
metadata:
    version:
        essentia: "2.1-beta3"

Flux:
    dmean: 0.0196371078491
    dmean2: 0
    dvar: 0
    dvar2: 0
    kurt: -2
    max: 0.277623087168
    mean: 0.267804533243
    median: 0.267804533243
    min: 0.257985979319
    skew: 0
    var: 9.64040009421e-05

Rms:
    dmean: 0
    dmean2: 0
    dvar: 0
    dvar2: 0
    kurt: 0
    max: 0.0962307676673
    mean: 0.0962307676673
    median: 0.0962307676673
    min: 0.0962307676673
    skew: 0
    var: 0

RollOff:
    dmean: 43.06640625
    dmean2: 0
    dvar: 0
    dvar2: 0
    kurt: -2
    max: 322.998046875
    mean: 301.46484375
    median: 301.46484375
    min: 279.931640625
    skew: 0
    var: 463.678833008

SpecCent:
    dmean: 449.071777344
    dmean2: 0
    dvar: 0
    dvar2: 0
    kurt: -2
    max: 680.848388672
    mean: 456.3125
    median: 456.3125
    min: 231.776611328
    skew: 0
    var: 50416.3671875

Zcr:
    dmean: 0.00048828125
    dmean2: 0
    dvar: 0
    dvar2: 0
    kurt: -2
    max: 0.00390625
    mean: 0.003662109375
    median: 0.003662109375
    min: 0.00341796875
    skew: 0
    var: 5.96046447754e-08

HarmonicAmpFreq:
    dmean: [19.9900512695]
    dmean2: [0]
    dvar: [0]
    dvar2: [0]
    kurt: [-2]
    max: [251.825073242]
    mean: [241.830047607]
    median: [241.830047607]
    min: [231.835021973]
    skew: [0]
    var: [99.9005355835]

HarmonicAmpMag:
    dmean: [0.100796572864]
    dmean2: [0]
    dvar: [0]
    dvar2: [0]
    kurt: [-2]
    max: [0.110261119902]
    mean: [0.0598628334701]
    median: [0.0598628334701]
    min: [0.00946454517543]
    skew: [-1.13677053548e-07]
    var: [0.00253998744301]

MfccCoeff:
    dmean: [401.96081543, 7.33712768555, 54.9092941284, 5.1468372345, 5.7986869812, 16.2737293243, 19.017118454, 22.8985996246, 17.7213287354, 12.7024917603, 7.13572120667, 3.7387752533, 0.685907363892]
    dmean2: [0, 0, 0, 0, 0, 0, 0, 0, 0, 0, 0, 0, 0]
    dvar: [0, 0, 0, 0, 0, 0, 0, 0, 0, 0, 0, 0, 0]
    dvar2: [0, 0, 0, 0, 0, 0, 0, 0, 0, 0, 0, 0, 0]
    kurt: [-2, -2, -1.99999988079, -2, -2, -2, -2, -1.99999976158, -2, -2.00000023842, -2, -2, -2]
    max: [-609.749450684, 150.181121826, 86.8447265625, 31.9903450012, 8.79786300659, 4.88746070862, -3.39632606506, -5.71867179871, -9.79842376709, -10.2754974365, -11.5292778015, -10.395029068, -9.07524490356]
    mean: [-810.729858398, 146.512557983, 59.3900794983, 29.4169273376, 5.89851951599, -3.24940395355, -12.9048852921, -17.1679725647, -18.6590881348, -16.6267433167, -15.0971384048, -12.2644166946, -9.41819858551]
    median: [-810.729858398, 146.512557983, 59.3900794983, 29.4169273376, 5.89851951599, -3.24940395355, -12.9048852921, -17.1679725647, -18.6590881348, -16.6267433167, -15.0971384048, -12.2644166946, -9.41819858551]
    min: [-1011.71026611, 142.843994141, 31.9354324341, 26.8435077667, 2.99917602539, -11.3862686157, -22.413444519, -28.6172714233, -27.5197525024, -22.9779891968, -18.6649990082, -14.1338043213, -9.76115226746]
    skew: [0, 0, 0, -1.17513582154e-06, 0, 0, 0, 2.44002677618e-07, 0, 0, 0, 0, 0]
    var: [40393.125, 13.458360672, 753.757629395, 6.62248325348, 8.40619277954, 66.2085647583, 90.4126968384, 131.086456299, 78.5113754272, 40.3383255005, 12.7296295166, 3.49461007118, 0.117617227137]

SpecContrastCoeff:
    dmean: [0.014353454113, 0.135973572731, 0.0398960709572, 0.0010489821434, 0.0220774412155, 0.022595345974]
    dmean2: [0, 0, 0, 0, 0, 0]
    dvar: [0, 0, 0, 0, 0, 0]
    dvar2: [0, 0, 0, 0, 0, 0]
    kurt: [-2, -2, -2, -2, -1.99999988079, -1.99999988079]
    max: [-0.601685106754, -0.670054674149, -0.884405910969, -0.933702468872, -0.932690083981, -0.937467634678]
    mean: [-0.608861804008, -0.738041460514, -0.90435397625, -0.934226989746, -0.943728804588, -0.948765277863]
    median: [-0.608861804008, -0.738041460514, -0.90435397625, -0.934226989746, -0.943728804588, -0.948765277863]
    min: [-0.616038560867, -0.80602824688, -0.924301981926, -0.934751451015, -0.954767525196, -0.960062980652]
    skew: [-1.24562093333e-05, 0, 4.46852709501e-06, 0.000170487357536, 0, -7.96277799964e-06]
    var: [5.15054125572e-05, 0.00462220329791, 0.00039792410098, 2.75090883406e-07, 0.00012185335072, 0.000127637409605]
