
metadata:
    version:
        essentia: "2.1-beta3"

Flux:
    dmean: 0.0251241214573
    dmean2: 0.0340635925531
    dvar: 0.00679213600233
    dvar2: 0.0132397245616
    kurt: 9.21519088745
    max: 0.48434895277
    mean: 0.0330682471395
    median: 0.000684781523887
    min: 6.87553110765e-05
    skew: 3.24631381035
    var: 0.011439781636

Rms:
    dmean: 0.0111265899613
    dmean2: 0.00867329165339
    dvar: 0.00125867582392
    dvar2: 0.000546150957234
    kurt: 20.9482097626
    max: 0.355133473873
    mean: 0.340931206942
    median: 0.353140711784
    min: 0.0634817704558
    skew: -4.53869962692
    var: 0.00241734995507

RollOff:
    dmean: 6.36208295822
    dmean2: 6.51003837585
    dvar: 1740.47192383
    dvar2: 1779.98510742
    kurt: 40.022731781
    max: 645.99609375
    mean: 372.28515625
    median: 366.064453125
    min: 366.064453125
    skew: 6.48249435425
    var: 1702.67443848

SpecCent:
    dmean: 13.7262077332
    dmean2: 13.450334549
    dvar: 4357.55273438
    dvar2: 3515.94775391
    kurt: 39.0207290649
    max: 845.123535156
    mean: 361.410644531
    median: 349.40637207
    min: 345.892547607
    skew: 6.37061023712
    var: 5380.85791016

Zcr:
    dmean: 0.000732421875
    dmean2: 0.000783521099947
    dvar: 3.73341822524e-06
    dvar2: 2.45226806328e-06
    kurt: 18.52576828
    max: 0.01611328125
    mean: 0.015169271268
    median: 0.015625
    min: 0.00048828125
    skew: -4.28230381012
    var: 7.20977823221e-06

HarmonicAmpFreq:
    dmean: [1.35140228271]
    dmean2: [1.3905313015]
    dvar: [75.696723938]
    dvar2: [78.4606933594]
    kurt: [40.0107765198]
    max: [348.828979492]
    mean: [347.003234863]
    median: [348.269042969]
    min: [290.263763428]
    skew: [-6.48107194901]
    var: [73.1776275635]

HarmonicAmpMag:
    dmean: [0.019239127636]
    dmean2: [0.0145810870454]
    dvar: [0.0051212082617]
    dvar2: [0.00356231327169]
    kurt: [15.4500236511]
    max: [0.492662101984]
    mean: [0.468934744596]
    median: [0.492565661669]
    min: [0.000499279354699]
    skew: [-4.03900718689]
    var: [0.00857349671423]

MfccCoeff:
    dmean: [31.0754814148, 7.70583486557, 20.1094474792, 17.6408786774, 7.28875684738, 6.46579265594, 6.95092964172, 4.4976682663, 4.03868913651, 3.13860464096, 1.89016079903, 1.16583371162, 1.51436185837]
    dmean2: [45.3103065491, 13.2626838684, 25.8611526489, 22.3667926788, 7.87094593048, 11.5769443512, 11.1348695755, 5.92773914337, 5.5248131752, 4.43673801422, 2.52007818222, 2.11957740784, 2.11001133919]
    dvar: [7018.10205078, 51.323764801, 102.449874878, 57.022518158, 7.93832397461, 41.6189308167, 56.1138343811, 73.348815918, 62.430847168, 40.0545082092, 11.0385923386, 0.895255982876, 8.64591217041]
    dvar2: [16841.2910156, 91.4866256714, 237.054870605, 178.350524902, 51.9366493225, 78.654296875, 91.0964126587, 95.8338394165, 72.3201828003, 45.5070877075, 8.0722360611, 2.15762686729, 10.1175832748]
    kurt: [26.4896469116, 10.3356389999, -1.09897780418, -1.23238182068, -0.556418180466, 8.12605667114, 11.0234422684, 13.3111133575, 14.6955432892, 14.8559322357, 18.691444397, 3.23938083649, 11.031794548]
    max: [-620.39440918, 177.893600464, 100.092102051, 44.565448761, -2.80805969238, -7.03380584717, -9.50252532959, -6.46223449707, -1.66918182373, 2.72420501709, 5.86915206909, 4.47841644287, 23.7959213257]
    mean: [-997.930664062, 148.569290161, 76.7103424072, 20.2743396759, -16.9464569092, -44.0143508911, -61.7725906372, -66.3256912231, -60.0048484802, -44.7577781677, -23.012342453, 0.646126687527, 21.6039733887]
    median: [-1006.22332764, 149.349029541, 79.7365112305, 18.9746437073, -17.0229759216, -45.0767936707, -63.5983047485, -69.0547027588, -62.3883895874, -46.6726837158, -24.0635128021, 0.657035827637, 23.0677337646]
    min: [-1037.34362793, 108.44733429, 33.9817199707, -2.75819015503, -28.9187889099, -55.5622825623, -73.2721786499, -75.1799316406, -67.9502029419, -51.2533721924, -26.561498642, -2.12503814697, -0.629997253418]
    skew: [5.1051158905, -1.14135336876, -0.318583637476, 0.181305408478, 0.0537171177566, 2.55756187439, 3.19468426704, 3.70859980583, 3.8768992424, 3.88468575478, 4.28128671646, 0.483313828707, -3.44004917145]
    var: [3974.71606445, 75.8611221313, 348.513458252, 218.684295654, 37.1135253906, 71.608833313, 123.50907135, 151.015304565, 133.370330811, 87.1993560791, 27.8415031433, 1.04975104332, 23.4298496246]

SpecContrastCoeff:
    dmean: [0.0442763864994, 0.0316405296326, 0.012899780646, 0.00772705674171, 0.00566842593253, 0.0153103414923]
    dmean2: [0.0774027332664, 0.0265599358827, 0.0209570843726, 0.0137624209747, 0.0110021354631, 0.0287180636078]
    dvar: [0.00263290293515, 0.0100430529565, 0.000195040323888, 8.555646491e-05, 8.12029684312e-05, 0.000576462363824]
    dvar2: [0.00583727704361, 0.00425331061706, 0.000458968366729, 0.000199052563403, 0.000210989135667, 0.00158291205298]
    kurt: [4.62357854843, 26.5170154572, 4.76351356506, 3.49350166321, 3.66377973557, 9.03817749023]
    max: [-0.722125530243, -0.0635122656822, -0.874904036522, -0.915705263615, -0.929143548012, -0.86348092556]
    mean: [-0.931026041508, -0.107035845518, -0.937888264656, -0.952390015125, -0.954413712025, -0.945800185204]
    median: [-0.954011201859, -0.0765390917659, -0.94549793005, -0.957587063313, -0.957492887974, -0.953174173832]
    min: [-0.994105041027, -0.966543674469, -0.949519097805, -0.958123981953, -0.958593904972, -0.955600142479]
    skew: [2.18671655655, -5.08369350433, 2.23681092262, 2.04088234901, 2.2768239975, 3.0385594368]
    var: [0.00283376080915, 0.0204466432333, 0.000298698607367, 9.6694297099e-05, 6.76407871651e-05, 0.000358409364708]

SpecPeakAmp:
    dmean: [0.000909171998501, 0.111998222768, 0.111581377685, 0.000332064955728, 0.00334927299991]
    dmean2: [0.0013554666657, 0.212702348828, 0.217030107975, 0.000444759207312, 0.00351790175773]
    dvar: [1.23713398352e-05, 0.0398375242949, 0.0421888493001, 1.07146547634e-06, 0.000436729285866]
    dvar2: [3.19866339851e-05, 0.0574159957469, 0.0701371580362, 1.16131445793e-06, 0.00044445155072]
    kurt: [38.4912719727, -1.96839141846, -1.90066099167, 34.3019828796, 40.0062904358]
    max: [0.0172855220735, 0.492661744356, 0.492662101984, 0.00721845822409, 0.140715569258]
    mean: [0.000677460047882, 0.258175104856, 0.208058744669, 0.000398033618694, 0.00328000751324]
    median: [0.000261333276285, 0.492497801781, 0.000310639909003, 0.000201532413485, 7.45014622225e-05]
    min: [7.2404902312e-05, 0.000119211465062, 7.33832494006e-05, 5.3665949963e-05, 2.31806043303e-05]
    skew: [6.3138999939, -0.0982721373439, 0.31499800086, 5.88111209869, 6.48055887222]
    var: [6.38392975816e-06, 0.0591074302793, 0.0589835904539, 1.13720614081e-06, 0.000429367064498]
