
metadata:
    version:
        essentia: "2.1-beta3"

Flux:
    dmean: 0.0249234363437
    dmean2: 0.032972138375
    dvar: 0.00681709172204
    dvar2: 0.0131543241441
    kurt: 9.38684177399
    max: 0.489840716124
    mean: 0.0329828672111
    median: 0.000617796962615
    min: 0.000123895035358
    skew: 3.26602077484
    var: 0.0114789670333

Rms:
    dmean: 0.00992697104812
    dmean2: 0.00728726107627
    dvar: 0.00129903992638
    dvar2: 0.000588952738326
    kurt: 21.0624141693
    max: 0.353444635868
    mean: 0.34098187089
    median: 0.353428304195
    min: 0.0639213621616
    skew: -4.55411577225
    var: 0.00240522134118

RollOff:
    dmean: 8.31964683533
    dmean2: 8.01235485077
    dvar: 2322.94506836
    dvar2: 2070.88134766
    kurt: 39.3698425293
    max: 3229.98046875
    mean: 2894.06420898
    median: 2885.44921875
    min: 2885.44921875
    skew: 6.40801858902
    var: 2584.23657227

SpecCent:
    dmean: 8.18846511841
    dmean2: 9.42207336426
    dvar: 1751.84228516
    dvar2: 1628.26745605
    kurt: 39.8269996643
    max: 3149.88525391
    mean: 2861.71362305
    median: 2854.91674805
    min: 2853
    skew: 6.45981216431
    var: 1891.6496582

Zcr:
    dmean: 0.00447221240029
    dmean2: 0.00329305953346
    dvar: 0.000256429339061
    dvar2: 0.00017447915161
    kurt: 17.8001689911
    max: 0.13037109375
    mean: 0.12470702827
    median: 0.13037109375
    min: 0.00439453125
    skew: -4.23477268219
    var: 0.000497122935485

HarmonicAmpFreq:
    dmean: [0.408402889967]
    dmean2: [0.417900621891]
    dvar: [7.17209482193]
    dvar2: [7.3349199295]
    kurt: [40.0146942139]
    max: [2897.4765625]
    mean: [2879.90698242]
    median: [2879.50683594]
    min: [2879.50683594]
    skew: [6.48156499863]
    var: [7.01634025574]

HarmonicAmpMag:
    dmean: [1.2118525774e-05]
    dmean2: [1.24003518067e-05]
    dvar: [6.31492191872e-09]
    dvar2: [6.45828679424e-09]
    kurt: [40.022731781]
    max: [0.000533215119503]
    mean: [1.18492253023e-05]
    median: [0]
    min: [0]
    skew: [6.48249435425]
    var: [6.17778184164e-09]

MfccCoeff:
    dmean: [41.1902961731, 31.4845905304, 4.9935836792, 12.3829183578, 4.51732826233, 2.69753718376, 0.99420851469, 3.714012146, 2.66918730736, 2.46620345116, 1.98218500614, 0.94140714407, 2.15456175804]
    dmean2: [71.3601531982, 61.956905365, 8.5294418335, 25.168088913, 8.36587715149, 4.26027965546, 1.60408234596, 5.89233875275, 4.66656303406, 4.07867908478, 3.08119440079, 1.3144261837, 3.19235658646]
    dvar: [5683.93261719, 242.892074585, 44.9275054932, 62.303024292, 20.4371376038, 36.0749778748, 0.921043157578, 28.2817020416, 2.73947119713, 19.5788650513, 15.4907722473, 6.41161155701, 22.1180343628]
    dvar2: [14077.8740234, 987.401367188, 57.1878700256, 224.917922974, 29.8621177673, 54.6230316162, 1.69452702999, 37.5561904907, 7.32784748077, 28.0053310394, 21.913684845, 7.88996648788, 27.5646858215]
    kurt: [24.6370582581, -0.851077318192, 26.3564777374, -0.681655883789, 8.84420108795, 11.435883522, 4.5841255188, 13.6424007416, 9.33637905121, 13.5616436005, 14.594625473, 13.2670917511, 15.2421398163]
    max: [-697.107666016, 14.4589653015, -56.8718070984, 69.8278121948, 51.0536689758, -30.0750389099, 0.388614654541, 67.1020050049, -5.83463287354, -10.5282821655, 41.2643241882, 23.6771259308, -7.31764602661]
    mean: [-1021.14086914, -10.4336414337, -97.0931243896, 56.7635803223, 44.9883613586, -63.9215660095, -6.21575117111, 54.8027114868, -18.5630283356, -40.4697227478, 34.7347068787, 21.8510284424, -41.7472457886]
    median: [-1026.34216309, -8.46605300903, -98.2039794922, 55.786819458, 45.3504981995, -65.7395935059, -5.94234466553, 55.9579620361, -18.4672317505, -42.0480651855, 35.7525596619, 22.9473667145, -43.5645256042]
    min: [-1083.29943848, -60.3368835449, -104.252937317, 39.1449737549, 19.4480266571, -76.0772094727, -8.66472625732, 17.3106937408, -23.4613265991, -45.8842544556, 8.04467391968, 3.55758666992, -46.8207969666]
    skew: [4.76731300354, -0.300977498293, 4.79125213623, 0.0392378345132, -2.96868681908, 3.39210295677, 1.23846316338, -3.56369614601, 2.48463869095, 3.77161645889, -3.81815648079, -3.74545049667, 3.97399425507]
    var: [3014.29931641, 359.69644165, 44.6073265076, 65.0730819702, 41.1472854614, 56.024559021, 2.50461316109, 57.4339828491, 7.34157562256, 38.309589386, 28.2989311218, 14.4178848267, 46.179058075]

SpecContrastCoeff:
    dmean: [0.0252546835691, 0.0139973452315, 0.0159084461629, 0.0199856292456, 0.0299414414912, 0.0215912014246]
    dmean2: [0.0506861656904, 0.0268155578524, 0.0284907370806, 0.0391130112112, 0.0365442000329, 0.0434560738504]
    dvar: [0.000841986795422, 0.00019225286087, 0.00019836233696, 0.000154024121002, 0.00361844920553, 0.000254187587416]
    dvar2: [0.00314516108483, 0.000716090609785, 0.000455118628452, 0.000523487862665, 0.00251478119753, 0.00100913154893]
    kurt: [7.9380941391, 0.603047609329, 15.5684375763, 2.95941972733, 19.1140518188, -0.466854810715]
    max: [-0.860473096371, -0.951142132282, -0.870844125748, -0.877417802811, -0.251464426517, -0.890430748463]
    mean: [-0.968196034431, -0.986855089664, -0.97876816988, -0.939868748188, -0.305344164371, -0.924315392971]
    median: [-0.977012455463, -0.994492709637, -0.987548470497, -0.945940494537, -0.28581058979, -0.93182271719]
    min: [-0.984950959682, -0.997110009193, -0.991970896721, -0.95670068264, -0.801889359951, -0.93855547905]
    skew: [2.6214735508, 1.43842494488, 3.51691627502, 1.5887016058, -4.33917045593, 1.01845490932]
    var: [0.000561963708606, 0.000197299406864, 0.000406253617257, 0.000298746337648, 0.00811778195202, 0.000238483276917]

SpecPeakAmp:
    dmean: [5.04238632857e-05, 5.05241187057e-05, 4.88259101985e-05, 4.70724626211e-05, 4.92367289553e-05]
    dmean2: [9.23640254769e-05, 9.2939058959e-05, 9.08201764105e-05, 8.09168268461e-05, 9.13944750209e-05]
    dvar: [3.81365872215e-09, 4.05336519904e-09, 3.55719698142e-09, 3.07221847962e-09, 4.37020464261e-09]
    dvar2: [1.02284642978e-08, 1.09813385052e-08, 9.88783455114e-09, 4.2652961163e-09, 1.20481571386e-08]
    kurt: [19.2946586609, 20.4423713684, 20.4538879395, 17.1781082153, 22.5693244934]
    max: [0.000338698650012, 0.000349686888512, 0.000354175106622, 0.000533215119503, 0.000405599043006]
    mean: [6.08889276918e-05, 5.26202638866e-05, 5.40026157978e-05, 6.42987506581e-05, 5.69950279896e-05]
    median: [5.80780142627e-05, 4.8699304898e-05, 4.94235355291e-05, 4.96157226735e-05, 4.97810651723e-05]
    min: [1.08892345452e-05, 5.42711495655e-06, 6.54711902826e-06, 7.28592522137e-06, 1.19553133118e-05]
    skew: [3.94026207924, 4.15624666214, 4.1313586235, 4.09731674194, 4.43786478043]
    var: [2.46184606034e-09, 2.75354095081e-09, 2.80113909845e-09, 7.87591858398e-09, 3.60648311215e-09]
