
metadata:
    version:
        essentia: "2.1-beta3"

Flux:
    dmean: 0.0130977928638
    dmean2: 0
    dvar: 0
    dvar2: 0
    kurt: -2
    max: 0.298653751612
    mean: 0.292104840279
    median: 0.292104840279
    min: 0.285555958748
    skew: 6.8810504672e-06
    var: 4.28880448453e-05

Rms:
    dmean: 0
    dmean2: 0
    dvar: 0
    dvar2: 0
    kurt: 0
    max: 0.102479666471
    mean: 0.102479666471
    median: 0.102479666471
    min: 0.102479666471
    skew: 0
    var: 0

RollOff:
    dmean: 925.927734375
    dmean2: 0
    dvar: 0
    dvar2: 0
    kurt: -2
    max: 2734.71679688
    mean: 2271.75292969
    median: 2271.75292969
    min: 1808.7890625
    skew: 0
    var: 214335.546875

SpecCent:
    dmean: 104.082275391
    dmean2: 0
    dvar: 0
    dvar2: 0
    kurt: -1.99999988079
    max: 2354.09863281
    mean: 2302.05761719
    median: 2302.05761719
    min: 2250.01635742
    skew: -7.03968817106e-06
    var: 2708.2800293

Zcr:
    dmean: 0
    dmean2: 0
    dvar: 0
    dvar2: 0
    kurt: 0
    max: 0.017578125
    mean: 0.017578125
    median: 0.017578125
    min: 0.017578125
    skew: 0
    var: 0

HarmonicAmpFreq:
    dmean: [0]
    dmean2: [0]
    dvar: [0]
    dvar2: [0]
    kurt: [nan]
    max: [2430.97851562]
    mean: [2430.97851562]
    median: [2430.97851562]
    min: [2430.97851562]
    skew: [nan]
    var: [0]

HarmonicAmpMag:
    dmean: [0]
    dmean2: [0]
    dvar: [0]
    dvar2: [0]
    kurt: [nan]
    max: [0]
    mean: [0]
    median: [0]
    min: [0]
    skew: [nan]
    var: [0]

MfccCoeff:
    dmean: [288.28515625, 139.387954712, 47.6830291748, 52.23487854, 9.25368881226, 1.66149330139, 4.63538551331, 8.23531532288, 1.56032752991, 1.67002105713, 0.666961669922, 3.08637619019, 1.64862442017]
    dmean2: [0, 0, 0, 0, 0, 0, 0, 0, 0, 0, 0, 0, 0]
    dvar: [0, 0, 0, 0, 0, 0, 0, 0, 0, 0, 0, 0, 0]
    dvar2: [0, 0, 0, 0, 0, 0, 0, 0, 0, 0, 0, 0, 0]
    kurt: [-1.99999988079, -2, -2, -2, -2, -2, -2, -2, -2, -2, -2, -1.99999988079, -2]
    max: [-593.948486328, 168.800689697, -82.2746124268, -13.9180545807, 22.6942558289, -5.89682769775, -12.1091747284, 12.732126236, 4.47376823425, -4.31880187988, 0.87756729126, 5.45232009888, -0.970474243164]
    mean: [-738.091064453, 99.1067123413, -106.116127014, -40.0354919434, 18.0674114227, -6.72757434845, -14.426867485, 8.61446857452, 3.6936044693, -5.15381240845, 0.544086456299, 3.90913200378, -1.79478645325]
    median: [-738.091064453, 99.1067123413, -106.116127014, -40.0354919434, 18.0674114227, -6.72757434845, -14.426867485, 8.61446857452, 3.6936044693, -5.15381240845, 0.544086456299, 3.90913200378, -1.79478645325]
    min: [-882.233642578, 29.412733078, -129.957641602, -66.1529312134, 13.4405670166, -7.55832099915, -16.7445602417, 4.49681091309, 2.91344070435, -5.98882293701, 0.210605621338, 2.36594390869, -2.61909866333]
    skew: [0, 0, 0, -1.09632246392e-07, 0, 0, 0, 0, 0, 0, 0, 0, 0]
    var: [20777.0820312, 4857.25048828, 568.41784668, 682.120605469, 21.4076900482, 0.690140008926, 5.37169981003, 16.9551048279, 0.608655512333, 0.697242558002, 0.111209467053, 2.38142943382, 0.679490625858]

SpecContrastCoeff:
    dmean: [0.0389250516891, 0.0557561516762, 0.108398497105, 0.0784694552422, 0.142217218876, 0.037390768528]
    dmean2: [0, 0, 0, 0, 0, 0]
    dvar: [0, 0, 0, 0, 0, 0]
    dvar2: [0, 0, 0, 0, 0, 0]
    kurt: [-2, -1.99999976158, -2, -2, -1.99999988079, -2]
    max: [-0.889229893684, -0.845081806183, -0.873566150665, -0.842897236347, -0.582314550877, -0.902500808239]
    mean: [-0.908692419529, -0.872959852219, -0.927765369415, -0.882131934166, -0.653423190117, -0.921196222305]
    median: [-0.908692419529, -0.872959852219, -0.927765369415, -0.882131934166, -0.653423190117, -0.921196222305]
    min: [-0.928154945374, -0.900837957859, -0.98196464777, -0.921366691589, -0.724531769753, -0.939891576767]
    skew: [0, -3.19025525641e-06, -1.64517791745e-06, -2.25880899052e-06, 1.25462895539e-06, 4.76713603348e-06]
    var: [0.000378789904062, 0.000777187058702, 0.00293755857274, 0.00153936387505, 0.00505643431097, 0.000349517387804]
