
metadata:
    version:
        essentia: "2.1-beta3"

Flux:
    dmean: 5.15046212968e-06
    dmean2: 7.79503170634e-06
    dvar: 3.16759923846e-10
    dvar2: 6.93352486536e-10
    kurt: 14.448381424
    max: 9.62301564869e-05
    mean: 5.99907752985e-06
    median: 1.39752364703e-06
    min: 5.04300828652e-07
    skew: 3.90648913383
    var: 3.25515281396e-10

Rms:
    dmean: 1.74855131263e-06
    dmean2: 2.05973628908e-06
    dvar: 2.33479121453e-11
    dvar2: 1.6727109281e-11
    kurt: 19.2369117737
    max: 7.77010500315e-05
    mean: 7.58996466175e-05
    median: 7.73465289967e-05
    min: 4.50667866971e-05
    skew: -4.45269870758
    var: 3.26845772669e-11

RollOff:
    dmean: 1.00154435635
    dmean2: 1.025390625
    dvar: 20.5633563995
    dvar2: 21.0285148621
    kurt: 17.0476436615
    max: 215.33203125
    mean: 194.777603149
    median: 193.798828125
    min: 193.798828125
    skew: 4.36436223984
    var: 20.118303299

SpecCent:
    dmean: 4.95983028412
    dmean2: 8.92257022858
    dvar: 8.8648223877
    dvar2: 24.9009723663
    kurt: 3.77290058136
    max: 509.121154785
    mean: 492.347198486
    median: 491.43762207
    min: 487.536743164
    skew: 1.7321344614
    var: 19.2507553101

Zcr:
    dmean: 0.000340661325026
    dmean2: 0.000476655492093
    dvar: 7.5999918181e-07
    dvar2: 7.09444179847e-07
    kurt: 16.5426712036
    max: 0.0087890625
    mean: 0.00815651658922
    median: 0.00830078125
    min: 0.00341796875
    skew: -4.16711187363
    var: 9.05769354631e-07

HarmonicAmpFreq:
    dmean: [0.126416578889]
    dmean2: [0.149641856551]
    dvar: [0.203283861279]
    dvar2: [0.202128276229]
    kurt: [18.4786376953]
    max: [185.734619141]
    mean: [185.605331421]
    median: [185.702224731]
    min: [183.249465942]
    skew: [-4.47831916809]
    var: [0.208169206977]

HarmonicAmpMag:
    dmean: [2.78170819001e-06]
    dmean2: [2.8574290809e-06]
    dvar: [1.62018662375e-10]
    dvar2: [1.60813182215e-10]
    kurt: [23.6591644287]
    max: [0.000103729056718]
    mean: [0.000100951576314]
    median: [0.000103643396869]
    min: [2.75244419754e-05]
    skew: [-4.92945766449]
    var: [1.63371982609e-10]

MfccCoeff:
    dmean: [0.119217276573, 0.163995787501, 0.15047223866, 0.128843799233, 0.100420571864, 0.0669069513679, 0.030318858102, 0.00749419443309, 0.0437364801764, 0.0767893269658, 0.10475832969, 0.126190543175, 0.140072315931]
    dmean2: [0.122875392437, 0.169036135077, 0.155096143484, 0.132801607251, 0.10351126641, 0.0689700916409, 0.0312710702419, 0.00786263588816, 0.0451465770602, 0.0792018324137, 0.10801678896, 0.130092978477, 0.144386842847]
    dvar: [0.311876326799, 0.590399026871, 0.497611641884, 0.365658968687, 0.223061934114, 0.0999296531081, 0.0211936868727, 0.00108070462011, 0.0402728170156, 0.126298636198, 0.236915007234, 0.345611363649, 0.42780148983]
    dvar2: [0.315269231796, 0.596839189529, 0.503000497818, 0.369561582804, 0.225373387337, 0.100901260972, 0.0213540159166, 0.00110760272946, 0.0408303774893, 0.127889946103, 0.239771410823, 0.349652767181, 0.432666271925]
    kurt: [24.7879219055, 24.8213386536, 24.8979625702, 25.0494174957, 25.334280014, 25.9474163055, 28.0418109894, 17.6836547852, 22.0393772125, 23.1906757355, 23.7109279633, 24.065618515, 24.3735599518]
    max: [-1135.06164551, 4.62214279175, 4.24725341797, 3.64763259888, 2.85841369629, 1.92664337158, 0.906604766846, 0.0263290405273, -4.57763671875e-05, -2.28881835938e-05, -2.67028808594e-05, -3.0517578125e-05, -3.81469726562e-05]
    mean: [-1135.18115234, 4.4580321312, 4.09668254852, 3.51867365837, 2.75787878036, 1.85964381695, 0.876234591007, -0.135350316763, -1.1175853014, -2.01589298248, -2.78201699257, -3.37682890892, -3.77266383171]
    median: [-1135.06567383, 4.61643600464, 4.24203491211, 3.64314651489, 2.85487365723, 1.92419433594, 0.905429840088, -0.142406463623, -1.1597442627, -2.08999252319, -2.88315582275, -3.49868392944, -3.90790557861]
    min: [-1138.42004395, 1.14440917969e-05, -6.103515625e-05, 8.01086425781e-05, -6.103515625e-05, 2.28881835938e-05, -2.67028808594e-05, -0.142929077148, -1.16117095947, -2.09256744385, -2.88670730591, -3.50299835205, -3.91275787354]
    skew: [-5.02894639969, -5.03247451782, -5.03924179077, -5.05263710022, -5.07789087296, -5.13243579865, -5.32099437714, 4.41762828827, 4.7892537117, 4.88929271698, 4.93477535248, 4.96589040756, 4.99297189713]
    var: [0.30862814188, 0.584250211716, 0.492459595203, 0.361928880215, 0.220844596624, 0.0989939272404, 0.0210374128073, 0.00105788931251, 0.0397519245744, 0.124797582626, 0.23420958221, 0.341774702072, 0.423172026873]

SpecContrastCoeff:
    dmean: [0.0216136891395, 0.0319307893515, 0.0149383610114, 0.0109723806381, 0.0127070508897, 0.0086702639237]
    dmean2: [0.0245887581259, 0.0606908723712, 0.0235828254372, 0.0147307170555, 0.0208061356097, 0.0128259146586]
    dvar: [0.00275175995193, 0.000304124638205, 0.00020277677686, 0.000328810507199, 9.63467464317e-05, 6.71131710988e-05]
    dvar2: [0.00235868012533, 0.000985728343949, 0.000247344811214, 0.000250665878411, 0.000122137367725, 8.44289024826e-05]
    kurt: [14.5898036957, -0.103115320206, 6.49226379395, 16.7249698639, 7.38507843018, 12.7564725876]
    max: [-0.541242420673, -0.849350690842, -0.867527604103, -0.805912554264, -0.832928597927, -0.83715814352]
    mean: [-0.581413090229, -0.909116029739, -0.8916451931, -0.831357955933, -0.855587422848, -0.859201669693]
    median: [-0.567967176437, -0.909662425518, -0.890648066998, -0.827110171318, -0.855457186699, -0.858429133892]
    min: [-0.871119379997, -0.941439211369, -0.957675158978, -0.952088654041, -0.92156535387, -0.921484768391]
    skew: [-3.959379673, 0.580908060074, -2.21903395653, -4.00460910797, -2.19523000717, -3.00359678268]
    var: [0.0037887992803, 0.000452998763649, 0.000287221366307, 0.000532845093403, 0.000218089888222, 0.000153183602379]

SpecPeakAmp:
    dmean: [3.29782579911e-07, 7.77672321419e-05, 7.70652623032e-05, 6.8804069997e-08, 1.21789412333e-07]
    dmean2: [4.25160976647e-07, 0.000155956964591, 0.000155306392116, 1.10395959041e-07, 2.13467430399e-07]
    dvar: [7.99623876228e-13, 1.88590920658e-09, 2.03447148017e-09, 1.3627337106e-14, 9.18028792498e-15]
    dvar2: [8.15344807729e-13, 2.55963250595e-09, 2.6754749527e-09, 1.4307308051e-14, 1.7741535373e-14]
    kurt: [31.907333374, -1.89616417885, -1.86322045326, 29.45703125, 1.86196470261]
    max: [1.43062698044e-05, 0.000103729056718, 0.000103714643046, 8.98653354398e-07, 5.69339135836e-07]
    mean: [8.47624323796e-06, 5.86161004321e-05, 4.25153812103e-05, 1.48535633571e-07, 1.91315493225e-07]
    median: [8.38424330141e-06, 0.000103593716631, 1.53048674179e-07, 1.21680102438e-07, 1.42797219382e-07]
    min: [6.61870171825e-06, 1.30072493221e-07, 6.42468478418e-08, 6.35674552996e-08, 6.31668086726e-08]
    skew: [5.34887075424, -0.258167177439, 0.369756907225, 5.27295160294, 1.39585661888]
    var: [8.71749016289e-13, 2.523482312e-09, 2.5877775478e-09, 1.49005309637e-14, 1.13989823101e-14]
