
metadata:
    version:
        essentia: "2.1-beta3"

Flux:
    dmean: 0.000126340019051
    dmean2: 0.00016825273633
    dvar: 1.67308655818e-07
    dvar2: 3.30799338144e-07
    kurt: 9.61355876923
    max: 0.00237778807059
    mean: 0.00016713658988
    median: 1.0974673387e-05
    min: 4.60767432742e-06
    skew: 3.29890751839
    var: 2.69999844704e-07

Rms:
    dmean: 5.79230108997e-05
    dmean2: 5.37161249667e-05
    dvar: 3.06578868958e-08
    dvar2: 1.33121416113e-08
    kurt: 20.8889427185
    max: 0.00172152160667
    mean: 0.00165249139536
    median: 0.00171227112878
    min: 0.000300903513562
    skew: -4.54002380371
    var: 5.75847138862e-08

RollOff:
    dmean: 10.7666015625
    dmean2: 10.5162153244
    dvar: 4120.41845703
    dvar2: 3803.72119141
    kurt: 39.6428718567
    max: 645.99609375
    mean: 204.8046875
    median: 193.798828125
    min: 193.798828125
    skew: 6.43879747391
    var: 4443.53173828

SpecCent:
    dmean: 26.5881404877
    dmean2: 25.1198310852
    dvar: 18974.4238281
    dvar2: 13175.4248047
    kurt: 38.0948219299
    max: 1266.79162598
    mean: 214.270721436
    median: 186.472640991
    min: 184.700973511
    skew: 6.2739906311
    var: 25764.8496094

Zcr:
    dmean: 0.000421697448473
    dmean2: 0.000499636633322
    dvar: 9.3840367299e-07
    dvar2: 6.92948447067e-07
    kurt: 16.9614963531
    max: 0.0087890625
    mean: 0.00802951399237
    median: 0.00830078125
    min: 0.00048828125
    skew: -4.10078144073
    var: 1.99800638256e-06

HarmonicAmpFreq:
    dmean: [0.117392800748]
    dmean2: [0.171124830842]
    dvar: [0.136753037572]
    dvar2: [0.298778235912]
    kurt: [17.9663734436]
    max: [187.027435303]
    mean: [185.701171875]
    median: [185.705688477]
    min: [184.902893066]
    skew: [2.27237224579]
    var: [0.0621793679893]

HarmonicAmpMag:
    dmean: [9.15261844057e-05]
    dmean2: [7.20906828064e-05]
    dvar: [1.16103365144e-07]
    dvar2: [7.9901973038e-08]
    kurt: [15.8184223175]
    max: [0.00231544533744]
    mean: [0.00220447545871]
    median: [0.00231427000836]
    min: [0]
    skew: [-4.08512449265]
    var: [1.88369810417e-07]

MfccCoeff:
    dmean: [1.74976420403, 2.23285031319, 1.60771107674, 0.842296600342, 0.400562644005, 0.257258147001, 0.353248238564, 0.358796209097, 0.335816115141, 0.38601770997, 0.519428133965, 0.625039875507, 0.696431696415]
    dmean2: [2.437312603, 3.0856461525, 2.1548576355, 1.02628910542, 0.302155613899, 0.462042868137, 0.592351138592, 0.515896260738, 0.396405249834, 0.369731634855, 0.445329040289, 0.496700912714, 0.513348698616]
    dvar: [67.4362106323, 110.824371338, 59.8815460205, 19.4898605347, 3.74222946167, 2.30252361298, 2.76054286957, 2.41066384315, 2.60737466812, 3.83126235008, 5.51333236694, 6.94829368591, 7.73307514191]
    dvar2: [146.626800537, 236.739212036, 119.019622803, 30.3106765747, 1.76665246487, 4.23379993439, 7.35258245468, 5.76618909836, 3.85553073883, 3.31532263756, 3.46242117882, 3.55357050896, 3.55311608315]
    kurt: [21.2965354919, 20.3003501892, 19.9229717255, 32.6543159485, 34.2021408081, 17.6608600616, 27.1081962585, 31.9658317566, 30.7195739746, 35.7914047241, 33.3486480713, 30.6993751526, 27.7963180542]
    max: [-1090.18103027, 62.5092849731, 47.6051368713, 28.9427986145, 16.8638763428, 10.981262207, 4.83909988403, -5.34057617188e-05, -4.57763671875e-05, -2.28881835938e-05, -2.67028808594e-05, -3.0517578125e-05, -3.81469726562e-05]
    mean: [-1117.85961914, 28.1747283936, 25.5655117035, 21.5127029419, 16.3689651489, 10.503285408, 4.25951957703, -2.03987503052, -8.07423782349, -13.5169897079, -18.056596756, -21.4353466034, -23.4842967987]
    median: [-1118.00341797, 28.0614433289, 25.6755409241, 21.8644142151, 16.8633880615, 10.9808807373, 4.57591629028, -1.96446990967, -8.25126647949, -13.9183197021, -18.6465358734, -22.1827163696, -24.3553886414]
    min: [-1138.42004395, 1.14440917969e-05, -6.103515625e-05, 8.01086425781e-05, -6.103515625e-05, 2.28881835938e-05, -5.34144210815, -8.35566711426, -10.5197296143, -13.9190216064, -18.647359848, -22.1836013794, -24.3562736511]
    skew: [2.04253125191, 1.38384842873, -1.04524326324, -5.34361934662, -5.88458204269, -4.42881965637, -5.23578500748, -5.28739023209, 5.26693105698, 6.0337638855, 5.77072477341, 5.50276517868, 5.2185754776]
    var: [26.462310791, 43.8907699585, 25.3548526764, 11.6357250214, 6.56205224991, 4.75337648392, 2.55239605904, 1.01153719425, 1.68268179893, 4.37634944916, 8.0716381073, 11.8346824646, 14.9206132889]

SpecContrastCoeff:
    dmean: [0.0369817838073, 0.0186448860914, 0.0191501174122, 0.0223336387426, 0.0147018516436, 0.00868220254779]
    dmean2: [0.0457110181451, 0.0352932140231, 0.0356492064893, 0.0439213253558, 0.0270700454712, 0.0158607959747]
    dvar: [0.00357881118543, 0.000348360539647, 0.000190226783161, 0.000224776944378, 0.000121189252241, 9.02583851712e-05]
    dvar2: [0.00197991961613, 0.000897509045899, 0.000596496334765, 0.000685974548105, 0.000331649935106, 0.000242510184762]
    kurt: [17.5936603546, 7.84522151947, 1.66599607468, 0.369305610657, 2.29440355301, 7.79708862305]
    max: [-0.395963937044, -0.858235061169, -0.910263717175, -0.896268427372, -0.892305970192, -0.893356561661]
    mean: [-0.4570966959, -0.954682350159, -0.955551564693, -0.94073331356, -0.929666221142, -0.92148065567]
    median: [-0.438883930445, -0.964229047298, -0.96208691597, -0.94432336092, -0.930782020092, -0.920650959015]
    min: [-0.991832077503, -0.969867765903, -0.978958666325, -0.972400844097, -0.970768213272, -0.97051012516]
    skew: [-4.10124063492, 2.72080755234, 1.24602341652, 0.758187115192, 0.0147695941851, -2.07902812958]
    var: [0.00973459798843, 0.000495233631227, 0.000212897051824, 0.000251373159699, 0.000182687552297, 0.000140039337566]

SpecPeakAmp:
    dmean: [6.63192477077e-05, 0.001248808112, 0.00126195396297, 2.35618449551e-06, 2.02324963539e-06]
    dmean2: [0.000101643119706, 0.00251465546899, 0.00257921731099, 3.86502779293e-06, 3.31860383085e-06]
    dvar: [8.19615806336e-08, 1.29638635826e-06, 1.31976150897e-06, 3.41407908888e-11, 2.89746716203e-11]
    dvar2: [2.09944076346e-07, 1.69872259903e-06, 1.78595075795e-06, 8.46872155735e-11, 7.26236640269e-11]
    kurt: [39.9893913269, -1.71098315716, -1.33411824703, 30.5475692749, 35.4521942139]
    max: [0.00138566701207, 0.00231544533744, 0.00231501855887, 2.9275448469e-05, 2.7387011869e-05]
    mean: [3.93566042476e-05, 0.00145538221113, 0.000722584605683, 2.69115957963e-06, 2.42089436142e-06]
    median: [8.70435815159e-06, 0.00231394404545, 2.57494730249e-06, 2.06947356673e-06, 1.84949976756e-06]
    min: [3.2014934277e-06, 6.92441858519e-07, 4.22950648726e-07, 3.08139249228e-07, 2.44827191409e-07]
    skew: [6.47856855392, -0.52205145359, 0.815942943096, 5.49778032303, 5.97551965714]
    var: [4.12103453584e-08, 1.22124492918e-06, 1.14397926154e-06, 1.82875832533e-11, 1.49930901028e-11]
