
metadata:
    version:
        essentia: "2.1-beta3"

Flux:
    dmean: 0.00281788106076
    dmean2: 0.00383938197047
    dvar: 8.36036342662e-05
    dvar2: 0.000168618687894
    kurt: 9.30079841614
    max: 0.0521362647414
    mean: 0.003683996154
    median: 0.000204920826945
    min: 2.14670544665e-05
    skew: 3.26239109039
    var: 0.000134598623845

Rms:
    dmean: 0.00134004245047
    dmean2: 0.00125347543508
    dvar: 1.718456042e-05
    dvar2: 7.72923976911e-06
    kurt: 22.0913562775
    max: 0.038536965847
    mean: 0.0369459427893
    median: 0.0383118018508
    min: 0.00476673105732
    skew: -4.65593528748
    var: 3.16088771797e-05

RollOff:
    dmean: 24.958940506
    dmean2: 25.038608551
    dvar: 24700.2363281
    dvar2: 24239.1933594
    kurt: 39.9555473328
    max: 1270.45898438
    mean: 218.681640625
    median: 193.798828125
    min: 193.798828125
    skew: 6.47463655472
    var: 25161.3886719

SpecCent:
    dmean: 32.5891838074
    dmean2: 32.2708587646
    dvar: 32889.484375
    dvar2: 26943.8515625
    kurt: 39.2723007202
    max: 1526.15466309
    mean: 217.566879272
    median: 184.99899292
    min: 183.085449219
    skew: 6.39868688583
    var: 39262.75

Zcr:
    dmean: 0.000421697448473
    dmean2: 0.000476925866678
    dvar: 9.3840367299e-07
    dvar2: 6.26413168447e-07
    kurt: 16.9614963531
    max: 0.0087890625
    mean: 0.00802951399237
    median: 0.00830078125
    min: 0.00048828125
    skew: -4.10078144073
    var: 1.99800638256e-06

HarmonicAmpFreq:
    dmean: [0.0690269470215]
    dmean2: [0.0994692072272]
    dvar: [0.0340953804553]
    dvar2: [0.0539789758623]
    kurt: [17.6887302399]
    max: [186.083984375]
    mean: [185.685028076]
    median: [185.703872681]
    min: [184.899353027]
    skew: [-3.42204189301]
    var: [0.021596731618]

HarmonicAmpMag:
    dmean: [0.00204767636023]
    dmean2: [0.00158760917839]
    dvar: [5.77283899474e-05]
    dvar2: [4.04169331887e-05]
    kurt: [15.4809532166]
    max: [0.0518267378211]
    mean: [0.0493231154978]
    median: [0.0518050864339]
    min: [0]
    skew: [-4.04555797577]
    var: [9.53090711846e-05]

MfccCoeff:
    dmean: [13.8012838364, 7.00146341324, 2.44163370132, 3.47340321541, 4.97764158249, 5.93185138702, 5.99757957458, 5.44824790955, 4.86514616013, 3.83833837509, 2.69094491005, 1.74675166607, 1.9063450098]
    dmean2: [20.3408126831, 9.48110866547, 2.10493016243, 5.18339395523, 8.41428661346, 10.3717250824, 11.1000385284, 10.6528530121, 9.00142765045, 6.65297746658, 4.01908683777, 2.03512477875, 2.15156769753]
    dvar: [3072.14038086, 610.516357422, 41.6383094788, 23.9666881561, 12.3320379257, 8.04912757874, 7.39966917038, 7.61534738541, 5.5275759697, 10.2360982895, 17.940366745, 26.8113327026, 29.7867450714]
    dvar2: [7568.85986328, 1293.39611816, 14.9020624161, 9.17846679688, 15.5259056091, 25.7387447357, 32.505027771, 27.4973545074, 18.1262931824, 15.6830205917, 17.9888572693, 26.097202301, 26.5516834259]
    kurt: [35.6170730591, 14.6534442902, 18.5370197296, 23.5437145233, 15.7545127869, 7.83979892731, -0.694927930832, -1.55468177795, 3.97696018219, 12.7756824493, 16.1497478485, 16.0409965515, 15.3435516357]
    max: [-846.530639648, 148.752792358, 88.6039428711, 61.4176177979, 44.5170021057, 28.0265197754, 11.3209724426, -2.64714813232, -2.54678344727, -0.969711303711, 0.490474700928, 1.46300506592, 1.79146575928]
    mean: [-1085.77233887, 66.3409194946, 57.39503479, 47.3261756897, 34.5436515808, 20.7940368652, 6.74380636215, -6.45434999466, -18.2276344299, -27.8983039856, -35.1866874695, -39.8319740295, -41.8799667358]
    median: [-1091.38879395, 64.3208694458, 58.0501441956, 48.4729156494, 35.8417549133, 21.6327972412, 6.99696731567, -5.4024810791, -18.0148925781, -28.7850265503, -36.9747810364, -41.8788414001, -44.1120262146]
    min: [-1134.67480469, 4.65339279175, 2.90692138672, 0.549915313721, -1.77282714844, -3.46199798584, -4.1415977478, -11.1927108765, -22.4444580078, -31.393989563, -38.3268928528, -42.61951828, -44.6812705994]
    skew: [5.93052959442, 1.89374566078, -2.97997713089, -4.39399766922, -3.72212123871, -2.28609013557, -0.476789087057, -0.289003491402, 1.55438601971, 3.45602083206, 4.0439414978, 4.07874345779, 3.9961400032]
    var: [1374.4140625, 284.253692627, 101.387237549, 64.109588623, 48.3055610657, 27.8823776245, 15.7801189423, 10.3640804291, 15.3641490936, 29.9075088501, 47.0589523315, 64.0264892578, 73.2659912109]

SpecContrastCoeff:
    dmean: [0.0462203882635, 0.0149511536583, 0.00845339894295, 0.00581022538245, 0.0053180065006, 0.00939648412168]
    dmean2: [0.0658448562026, 0.0276799481362, 0.0154542243108, 0.0101081673056, 0.0092674382031, 0.0180241838098]
    dvar: [0.0059635671787, 0.000617523270193, 7.50464314478e-05, 7.47015292291e-05, 8.65247784532e-05, 0.000131798369694]
    dvar2: [0.00468260375783, 0.00137286249083, 0.00015978916781, 0.000171806226717, 0.000226433257922, 0.000347817986039]
    kurt: [16.0351409912, 9.39082241058, 6.30051231384, 9.03296852112, 10.3593711853, 3.39530849457]
    max: [-0.205882430077, -0.837806105614, -0.916828095913, -0.923638999462, -0.92333728075, -0.924278080463]
    mean: [-0.276651591063, -0.948502421379, -0.959846913815, -0.963257372379, -0.961016178131, -0.958154380322]
    median: [-0.254736334085, -0.957988321781, -0.965070426464, -0.96682792902, -0.964104771614, -0.962870895863]
    min: [-0.936904847622, -0.983315229416, -0.965610563755, -0.967589974403, -0.965124547482, -0.964205145836]
    skew: [-3.99937319756, 3.13227391243, 2.35626459122, 2.99174261093, 3.24649572372, 2.15041923523]
    var: [0.0159199293703, 0.000681287026964, 9.58857417572e-05, 7.65382719692e-05, 7.09178784746e-05, 9.9324133771e-05]

SpecPeakAmp:
    dmean: [0.00369939347729, 0.00269667198882, 4.99941634189e-05, 3.17035046464e-05, 2.4180917535e-05]
    dmean2: [0.00569809647277, 0.00515610864386, 7.69340695115e-05, 4.97901710332e-05, 3.70330963051e-05]
    dvar: [0.000143891724292, 0.000118156167446, 1.18570255836e-08, 5.72859581993e-09, 5.07368591585e-09]
    dvar2: [0.000371259782696, 0.000258775078692, 1.91690130436e-08, 1.28848647307e-08, 1.23298624644e-08]
    kurt: [23.075302124, 6.97948455811, 20.6747322083, 19.4427566528, 28.4917526245]
    max: [0.05111977458, 0.0518267378211, 0.00061499630101, 0.00036031883792, 0.000352239585482]
    mean: [0.00186784332618, 0.0475352965295, 6.28339257673e-05, 3.93632108171e-05, 3.12393458444e-05]
    median: [6.13611482549e-05, 0.0518050864339, 4.67711288366e-05, 2.59291646216e-05, 2.11762471736e-05]
    min: [1.14957338155e-05, 1.66708232427e-05, 1.07562218545e-05, 7.99506960902e-06, 6.38503115624e-06]
    skew: [4.88635826111, -2.97195124626, 4.62145662308, 4.49738693237, 5.32905864716]
    var: [7.44272620068e-05, 0.000190574122826, 1.00530872515e-08, 3.56486373754e-09, 2.76848766134e-09]
