
metadata:
    version:
        essentia: "2.1-beta3"

Flux:
    dmean: 0.0257007069886
    dmean2: 0.0326725170016
    dvar: 0.00678119482473
    dvar2: 0.0128114344552
    kurt: 9.72214031219
    max: 0.499969363213
    mean: 0.0339049696922
    median: 0.00182132876944
    min: 7.70587867009e-05
    skew: 3.30435633659
    var: 0.0115136122331

Rms:
    dmean: 0.01139009092
    dmean2: 0.0104338843375
    dvar: 0.00111834739801
    dvar2: 0.000453008891782
    kurt: 20.0341720581
    max: 0.355116784573
    mean: 0.341343730688
    median: 0.353219538927
    min: 0.0795789584517
    skew: -4.44808578491
    var: 0.00220721540973

RollOff:
    dmean: 4.40451860428
    dmean2: 4.00617742538
    dvar: 518.046081543
    dvar2: 393.713195801
    kurt: 37.4943885803
    max: 366.064453125
    mean: 198.583984375
    median: 193.798828125
    min: 193.798828125
    skew: 6.2031416893
    var: 657.164550781

SpecCent:
    dmean: 9.8996629715
    dmean2: 10.5202236176
    dvar: 1841.84521484
    dvar2: 1183.23132324
    kurt: 37.5354194641
    max: 530.091552734
    mean: 193.86378479
    median: 185.01675415
    min: 181.734542847
    skew: 6.21563673019
    var: 2647.64038086

Zcr:
    dmean: 0.000432794739027
    dmean2: 0.000522347399965
    dvar: 1.03187437617e-06
    dvar2: 7.03005923697e-07
    kurt: 16.9602928162
    max: 0.0087890625
    mean: 0.00802951399237
    median: 0.00830078125
    min: 0.00048828125
    skew: -4.10896778107
    var: 2.00860245059e-06

HarmonicAmpFreq:
    dmean: [0.0883185639977]
    dmean2: [0.140485182405]
    dvar: [0.0560788735747]
    dvar2: [0.113872841001]
    kurt: [12.6164808273]
    max: [185.73034668]
    mean: [185.63508606]
    median: [185.70274353]
    min: [184.386703491]
    skew: [-3.71616458893]
    var: [0.0693430528045]

HarmonicAmpMag:
    dmean: [0.0186681337655]
    dmean2: [0.0148276714608]
    dvar: [0.00485115498304]
    dvar2: [0.00328780943528]
    kurt: [16.2825279236]
    max: [0.477577418089]
    mean: [0.455097228289]
    median: [0.477393329144]
    min: [0]
    skew: [-4.13117933273]
    var: [0.00783735327423]

MfccCoeff:
    dmean: [54.3830223083, 13.9667701721, 30.656206131, 18.8605327606, 8.46239280701, 9.03365802765, 4.92893838882, 4.53835964203, 4.22594451904, 3.04157733917, 3.22526788712, 2.56629920006, 2.86987018585]
    dmean2: [98.4358673096, 25.8181228638, 60.3588981628, 36.7068557739, 16.8348522186, 17.2291984558, 9.57089805603, 8.74552059174, 7.93255329132, 5.67726516724, 5.43179798126, 3.54700803757, 3.4323091507]
    dvar: [5468.58300781, 136.222412109, 250.755599976, 166.809829712, 42.3138580322, 17.3634872437, 9.7186384201, 10.2481241226, 6.94283294678, 10.7587480545, 15.3561620712, 22.8983592987, 30.5172557831]
    dvar2: [14167.6279297, 241.98576355, 794.839599609, 495.57434082, 122.549362183, 65.9443359375, 31.8064498901, 32.8274078369, 19.9477043152, 18.431055069, 18.1754970551, 21.8508529663, 21.9859752655]
    kurt: [26.3964004517, 4.71175384521, -1.32857489586, -0.330755710602, 0.615479230881, -1.31071150303, -0.578677892685, -0.0937435626984, 2.84078168869, 8.90188407898, 10.7520570755, 13.6947803497, 15.1946353912]
    max: [-644.437805176, 204.480499268, 117.700866699, 77.7804718018, 47.4203834534, 23.5294189453, 9.4510383606, -1.47070121765, -7.23206710815, -8.84367370605, -6.20881462097, -0.740234375, 5.71967315674]
    mean: [-990.756164551, 152.699615479, 81.0978164673, 50.0465888977, 33.8127632141, 16.8102722168, 3.73644852638, -8.4523563385, -19.4660930634, -28.3448410034, -35.6573066711, -40.1841506958, -42.3171234131]
    median: [-991.792297363, 156.884460449, 78.0955810547, 44.567615509, 35.2923774719, 17.4225158691, 3.38216018677, -7.54582214355, -19.060585022, -29.000617981, -36.5846481323, -41.8415641785, -44.1102561951]
    min: [-1040.64221191, 108.45136261, 47.9932250977, 22.5773963928, 14.5012054443, 6.74686431885, -2.85192489624, -16.2323150635, -26.1377182007, -34.7432479858, -42.367816925, -46.2040519714, -49.0098075867]
    skew: [4.76333332062, 0.080875210464, 0.174867659807, 0.762851715088, -0.316070973873, -0.354355156422, -0.036902654916, -0.670625627041, 1.13706636429, 2.82066702843, 3.25494742393, 3.73938274384, 3.88555788994]
    var: [3302.85668945, 186.177597046, 373.181243896, 177.274032593, 45.3984870911, 29.9488391876, 10.0085611343, 11.1045866013, 14.0982017517, 23.1962394714, 42.3053855896, 64.1971054077, 87.1132659912]

SpecContrastCoeff:
    dmean: [0.0408871434629, 0.01562615484, 0.0100026102737, 0.00703258020803, 0.00793264154345, 0.00988109782338]
    dmean2: [0.0437851548195, 0.0295428279787, 0.0187551937997, 0.00928329024464, 0.0107916360721, 0.0144229447469]
    dvar: [0.00935674831271, 0.000894718221389, 0.000202496477868, 0.000147145270603, 0.000305095105432, 0.000667567306664]
    dvar2: [0.0037658016663, 0.00174476124812, 0.000475644075777, 0.00015754243941, 0.000330218725139, 0.000979628995992]
    kurt: [21.8943004608, 7.09696578979, 8.01267433167, 12.6345691681, 14.8913173676, 20.7524032593]
    max: [-0.0400016345084, -0.782102167606, -0.880699276924, -0.876651346684, -0.856329143047, -0.809491932392]
    mean: [-0.109768897295, -0.931088864803, -0.94935464859, -0.953826367855, -0.951913774014, -0.950926363468]
    median: [-0.0787497088313, -0.946390151978, -0.956601023674, -0.959357976913, -0.95699596405, -0.95766890049]
    min: [-0.972422719002, -0.947426378727, -0.956893920898, -0.96048027277, -0.959731459618, -0.95999622345]
    skew: [-4.61535644531, 2.91990923882, 2.7331700325, 3.49911952019, 3.90607309341, 4.44802522659]
    var: [0.0227310322225, 0.00157048052642, 0.000227723212447, 0.000247083196882, 0.00036701298086, 0.000623961270321]

SpecPeakAmp:
    dmean: [0.0384428724647, 0.0434019453824, 0.00041088249418, 0.000268113653874, 0.000238401524257]
    dmean2: [0.0685291513801, 0.0773519128561, 0.000662876060233, 0.000411660294048, 0.000368436332792]
    dvar: [0.0131761962548, 0.0184544604272, 7.56045892558e-07, 7.56934412038e-07, 6.81210281073e-07]
    dvar2: [0.0373722426593, 0.0409211441875, 1.88923638689e-06, 1.92552761291e-06, 1.74519914253e-06]
    kurt: [19.4266090393, 6.34806632996, 24.7413902283, 32.7837028503, 36.5167236328]
    max: [0.477573722601, 0.477577418089, 0.00448796711862, 0.00426391558722, 0.00405169185251]
    mean: [0.0207201074809, 0.43509092927, 0.000518057553563, 0.000221381997108, 0.000182025833055]
    median: [0.000566672417335, 0.477376937866, 0.000408913881984, 8.74200559338e-05, 7.05005222699e-05]
    min: [6.82148747728e-05, 0.00015461986186, 8.99999358808e-05, 4.07137231377e-05, 2.43800168391e-05]
    skew: [4.44775295258, -2.88914966583, 4.89024925232, 5.71829843521, 6.10166883469]
    var: [0.0069851973094, 0.0182336997241, 4.54274982076e-07, 4.08144529729e-07, 3.55237517624e-07]
