
metadata:
    version:
        essentia: "2.1-beta3"

Flux:
    dmean: 0.0191725194454
    dmean2: 0
    dvar: 0
    dvar2: 0
    kurt: -2
    max: 0.293854176998
    mean: 0.284267902374
    median: 0.284267902374
    min: 0.274681657553
    skew: 4.67811196359e-06
    var: 9.18963778531e-05

Rms:
    dmean: 0
    dmean2: 0
    dvar: 0
    dvar2: 0
    kurt: 0
    max: 0.10106138885
    mean: 0.10106138885
    median: 0.10106138885
    min: 0.10106138885
    skew: 0
    var: 0

RollOff:
    dmean: 21.533203125
    dmean2: 0
    dvar: 0
    dvar2: 0
    kurt: -2
    max: 344.53125
    mean: 333.764648438
    median: 333.764648438
    min: 322.998046875
    skew: 0
    var: 115.919708252

SpecCent:
    dmean: 551.607971191
    dmean2: 0
    dvar: 0
    dvar2: 0
    kurt: -2
    max: 793.65447998
    mean: 517.850524902
    median: 517.850524902
    min: 242.046524048
    skew: -2.85989216309e-07
    var: 76067.8359375

Zcr:
    dmean: 0.00048828125
    dmean2: 0
    dvar: 0
    dvar2: 0
    kurt: -2
    max: 0.00390625
    mean: 0.003662109375
    median: 0.003662109375
    min: 0.00341796875
    skew: 0
    var: 5.96046447754e-08

HarmonicAmpFreq:
    dmean: [24.9212341309]
    dmean2: [0]
    dvar: [0]
    dvar2: [0]
    kurt: [-2]
    max: [282.315551758]
    mean: [269.854919434]
    median: [269.854919434]
    min: [257.394317627]
    skew: [3.65948017134e-06]
    var: [155.266983032]

HarmonicAmpMag:
    dmean: [0.108280830085]
    dmean2: [0]
    dvar: [0]
    dvar2: [0]
    kurt: [-2]
    max: [0.117722578347]
    mean: [0.0635821670294]
    median: [0.0635821670294]
    min: [0.00944175105542]
    skew: [-9.16970677167e-08]
    var: [0.00293118436821]

MfccCoeff:
    dmean: [419.376037598, 8.76388549805, 47.7950286865, 1.10496139526, 8.63256072998, 21.2997837067, 26.2156181335, 27.220621109, 18.8509864807, 12.9815597534, 5.86511135101, 0.519510269165, 3.33773040771]
    dmean2: [0, 0, 0, 0, 0, 0, 0, 0, 0, 0, 0, 0, 0]
    dvar: [0, 0, 0, 0, 0, 0, 0, 0, 0, 0, 0, 0, 0]
    dvar2: [0, 0, 0, 0, 0, 0, 0, 0, 0, 0, 0, 0, 0]
    kurt: [-1.99999988079, -2, -2, -1.99999988079, -2, -1.99999988079, -2, -2, -2, -2, -2, -2, -1.99999988079]
    max: [-591.721801758, 144.676269531, 72.7184143066, 19.7335205078, 1.65171051025, -2.15156364441, -10.1330223083, -11.9140071869, -15.2116889954, -14.7113647461, -14.8396520615, -12.5683498383, -7.51217269897]
    mean: [-801.409790039, 140.294326782, 48.8208999634, 19.1810398102, -2.66456985474, -12.8014554977, -23.2408313751, -25.5243186951, -24.6371822357, -21.2021446228, -17.7722072601, -12.8281049728, -9.18103790283]
    median: [-801.409790039, 140.294326782, 48.8208999634, 19.1810398102, -2.66456985474, -12.8014554977, -23.2408313751, -25.5243186951, -24.6371822357, -21.2021446228, -17.7722072601, -12.8281049728, -9.18103790283]
    min: [-1011.09783936, 135.912384033, 24.9233837128, 18.6285591125, -6.98085021973, -23.4513473511, -36.3486404419, -39.1346282959, -34.0626754761, -27.6929244995, -20.7047634125, -13.0878601074, -10.8499031067]
    skew: [-4.33849606907e-07, 0, -1.43110597151e-07, 0, 0, 0, 0, 2.4208949867e-07, 0, 0, -4.91591777063e-07, 0, 0]
    var: [43969.0625, 19.2014217377, 571.091247559, 0.305234909058, 18.6302757263, 113.420196533, 171.814651489, 185.24055481, 88.8399200439, 42.1302223206, 8.59988307953, 0.0674727335572, 2.78511095047]

SpecContrastCoeff:
    dmean: [0.053442299366, 0.101152837276, 0.0314910411835, 0.0256531238556, 0.0282862186432, 0.0245890617371]
    dmean2: [0, 0, 0, 0, 0, 0]
    dvar: [0, 0, 0, 0, 0, 0]
    dvar2: [0, 0, 0, 0, 0, 0]
    kurt: [-2, -2, -2, -2, -2, -2]
    max: [-0.450527191162, -0.632063567638, -0.889235138893, -0.931132793427, -0.930473327637, -0.935622811317]
    mean: [-0.477248340845, -0.682639956474, -0.904980659485, -0.943959355354, -0.944616436958, -0.947917342186]
    median: [-0.477248340845, -0.682639956474, -0.904980659485, -0.943959355354, -0.944616436958, -0.947917342186]
    min: [-0.503969490528, -0.733216404915, -0.920726180077, -0.956785917282, -0.95875954628, -0.960211873055]
    skew: [0, -1.74344268089e-06, 0, 0, 0, 0]
    var: [0.000714019814041, 0.0025579740759, 0.000247921416303, 0.000164520693943, 0.000200027541723, 0.000151155487401]
