
metadata:
    version:
        essentia: "2.1-beta3"

Flux:
    dmean: 4.98352346767e-06
    dmean2: 7.2800489761e-06
    dvar: 3.22710858036e-10
    dvar2: 6.96389612642e-10
    kurt: 14.1194496155
    max: 9.60162287811e-05
    mean: 5.96498330196e-06
    median: 1.09784627966e-06
    min: 1.99612344431e-07
    skew: 3.87578082085
    var: 3.31550953359e-10

Rms:
    dmean: 1.44959517456e-06
    dmean2: 1.40662223203e-06
    dvar: 2.52487978442e-11
    dvar2: 1.9249008637e-11
    kurt: 19.4388942719
    max: 7.76651941123e-05
    mean: 7.58978640079e-05
    median: 7.72144994698e-05
    min: 4.47985912615e-05
    skew: -4.48967218399
    var: 3.31953908805e-11

RollOff:
    dmean: 0
    dmean2: 0
    dvar: 0
    dvar2: 0
    kurt: 0
    max: 387.59765625
    mean: 387.59765625
    median: 387.59765625
    min: 387.59765625
    skew: 0
    var: 0

SpecCent:
    dmean: 3.48843312263
    dmean2: 3.66894388199
    dvar: 11.7392396927
    dvar2: 7.75286149979
    kurt: 16.4703826904
    max: 728.159057617
    mean: 696.348693848
    median: 696.274902344
    min: 690.427429199
    skew: 3.51458692551
    var: 34.8732566833

Zcr:
    dmean: 0.000545058166608
    dmean2: 0.000674293143675
    dvar: 2.65264998234e-06
    dvar2: 2.27011241805e-06
    kurt: 17.228521347
    max: 0.01708984375
    mean: 0.0163463242352
    median: 0.0166015625
    min: 0.00732421875
    skew: -4.2920384407
    var: 3.20227286466e-06

HarmonicAmpFreq:
    dmean: [0.490005135536]
    dmean2: [0.938233137131]
    dvar: [0.302990883589]
    dvar2: [0.665563106537]
    kurt: [-1.58516466618]
    max: [370.357940674]
    mean: [369.365203857]
    median: [368.975219727]
    min: [368.663452148]
    skew: [0.563935637474]
    var: [0.287908285856]

HarmonicAmpMag:
    dmean: [4.57121604995e-05]
    dmean2: [9.02717365534e-05]
    dvar: [2.69911160089e-09]
    dvar2: [5.97080829223e-09]
    kurt: [-1.66214513779]
    max: [0.000107552092231]
    mean: [6.79694494465e-05]
    median: [0.000107494430267]
    min: [0]
    skew: [-0.543803274632]
    var: [2.5682920235e-09]

MfccCoeff:
    dmean: [0.0724615082145, 0.0930040925741, 0.0663402453065, 0.0274338833988, 0.0165391080081, 0.0573993064463, 0.0876173898578, 0.101626731455, 0.0968603119254, 0.07424518466, 0.03815016523, 0.00539061101153, 0.0474335439503]
    dmean2: [0.0749133899808, 0.0961514413357, 0.0685119628906, 0.0282047819346, 0.0173219945282, 0.0595525093377, 0.090713866055, 0.105030603707, 0.0999134629965, 0.0763555243611, 0.0390050970018, 0.00628880085424, 0.0494430176914]
    dvar: [0.11596108228, 0.191182494164, 0.0975564271212, 0.0168808083981, 0.00583049468696, 0.0720961019397, 0.169023677707, 0.228454217315, 0.2086494416, 0.123573027551, 0.0329909957945, 0.000460780371213, 0.0486062057316]
    dvar2: [0.117317691445, 0.193406745791, 0.0986667275429, 0.0170537922531, 0.00591669324785, 0.0729999020696, 0.171049430966, 0.231096044183, 0.210958361626, 0.124842822552, 0.0332587733865, 0.000478134432342, 0.0492688417435]
    kurt: [25.9418430328, 25.938167572, 25.9538841248, 26.0236244202, 25.7394962311, 25.882982254, 25.9164943695, 25.9428138733, 25.9734992981, 26.021314621, 26.1432342529, 24.1846942902, 25.8133125305]
    max: [-1136.34484863, 2.66453170776, 1.90356445312, 0.792407989502, -6.103515625e-05, 2.28881835938e-05, -2.67028808594e-05, -5.34057617188e-05, -4.57763671875e-05, -2.28881835938e-05, -2.67028808594e-05, 0.128929138184, 1.34212493896]
    mean: [-1136.41760254, 2.57109999657, 1.83702230453, 0.76510310173, -0.447687655687, -1.57750940323, -2.41672110558, -2.81082773209, -2.6875128746, -2.06980490685, -1.07174313068, 0.122784525156, 1.29386258125]
    median: [-1136.34838867, 2.66013717651, 1.9006652832, 0.791675567627, -0.463150024414, -1.63210296631, -2.50037002563, -2.90816879272, -2.78057098389, -2.14163589478, -1.10897827148, 0.12699508667, 1.33855819702]
    min: [-1138.42004395, 1.14440917969e-05, -6.103515625e-05, 8.01086425781e-05, -0.464645385742, -1.63550567627, -2.50494003296, -2.91286468506, -2.78443908691, -2.1436920166, -1.10955429077, -3.0517578125e-05, -3.81469726562e-05]
    skew: [-5.13236856461, -5.13160705566, -5.13300561905, -5.13922262192, 5.11386871338, 5.12668085098, 5.12967395782, 5.13201761246, 5.13475370407, 5.1390171051, 5.14987468719, -4.97371339798, -5.12046337128]
    var: [0.114803284407, 0.189271166921, 0.0965948402882, 0.0167249012738, 0.005762942601, 0.0713426023722, 0.16730414331, 0.226181223989, 0.206628605723, 0.122429654002, 0.0327350832522, 0.000450530380476, 0.0480708740652]

SpecContrastCoeff:
    dmean: [0.0263614263386, 0.0191591512412, 0.00945775490254, 0.0101188812405, 0.0083917947486, 0.00632518809289]
    dmean2: [0.0397129654884, 0.0242958068848, 0.0143615435809, 0.0182527210563, 0.0125453723595, 0.00886144768447]
    dvar: [0.00186499557458, 0.0017268366646, 0.000100412784377, 8.6679989181e-05, 0.000101960664324, 7.07132567186e-05]
    dvar2: [0.00186652492266, 0.00160961423535, 0.000172943284269, 0.000148373903357, 8.41925066197e-05, 3.82213547709e-05]
    kurt: [14.688955307, 16.448764801, 4.15035676956, 5.01785850525, 12.7463951111, 16.7478408813]
    max: [-0.641208589077, -0.515823066235, -0.882545888424, -0.876755356789, -0.843887269497, -0.863319277763]
    mean: [-0.711988031864, -0.548807799816, -0.902938485146, -0.891817450523, -0.863131284714, -0.879718780518]
    median: [-0.705206274986, -0.538698136806, -0.902700424194, -0.890972554684, -0.862204194069, -0.878287434578]
    min: [-0.959693968296, -0.794442892075, -0.943482398987, -0.93577504158, -0.931083142757, -0.94066298008]
    skew: [-3.71475577354, -4.09238195419, -1.72355520725, -1.85549485683, -3.14476537704, -3.69583702087]
    var: [0.00248516374268, 0.0022871803958, 0.000137601149618, 0.000119250755233, 0.000186300472706, 0.000129510473926]

SpecPeakAmp:
    dmean: [1.74116649987e-07, 1.50590733483e-06, 5.69561143493e-06, 2.0046822101e-05, 5.98611150053e-05]
    dmean2: [2.34046552805e-07, 1.57649128596e-06, 1.09659258669e-05, 4.09995773225e-05, 0.000120048011013]
    dvar: [2.10727472256e-13, 8.64665561373e-11, 5.2174725651e-10, 1.74445846657e-09, 2.83121792677e-09]
    dvar2: [1.93150969394e-13, 8.81430553545e-11, 1.54523216445e-09, 4.36256009095e-09, 6.12037487357e-09]
    kurt: [18.9370384216, 39.0001678467, 33.9867210388, 3.92793226242, -1.99156343937]
    max: [8.48656327435e-06, 6.19566781097e-05, 0.000107495216071, 0.000107552092231, 0.000107544539787]
    mean: [8.27710937301e-06, 1.56129931383e-06, 3.21510037793e-06, 1.23623285617e-05, 5.13540835527e-05]
    median: [8.37026891531e-06, 1.35219210051e-07, 1.26258100863e-07, 1.39113325304e-07, 6.64776962367e-07]
    min: [5.77245646127e-06, 7.2709482879e-08, 5.99555107783e-08, 5.68495615028e-08, 4.20290966474e-08]
    skew: [-4.48118829727, 6.4021987915, 5.88013124466, 2.43469285965, 0.0910821780562]
    var: [2.25000695701e-13, 8.4851278781e-11, 2.69984451462e-10, 1.16091547486e-09, 2.86970780472e-09]
