
metadata:
    version:
        essentia: "2.1-beta3"

Flux:
    dmean: 0.000124554877402
    dmean2: 0.000164528682944
    dvar: 1.67132483853e-07
    dvar2: 3.29606109517e-07
    kurt: 9.58121681213
    max: 0.00237642275169
    mean: 0.000163476346643
    median: 6.45275486022e-06
    min: 3.78686831937e-06
    skew: 3.29457640648
    var: 2.70930485158e-07

Rms:
    dmean: 5.27295633219e-05
    dmean2: 3.99259079131e-05
    dvar: 3.06935028505e-08
    dvar2: 1.36711699739e-08
    kurt: 21.0858726501
    max: 0.00172048737295
    mean: 0.00165246124379
    median: 0.0017121846322
    min: 0.000295419187751
    skew: -4.55451917648
    var: 5.76479521897e-08

RollOff:
    dmean: 3.42573690414
    dmean2: 3.50540518761
    dvar: 504.633972168
    dvar2: 516.090332031
    kurt: 40.022731781
    max: 538.330078125
    mean: 390.947265625
    median: 387.59765625
    min: 387.59765625
    skew: 6.48249435425
    var: 493.674835205

SpecCent:
    dmean: 2.71485495567
    dmean2: 2.67676138878
    dvar: 24.2707538605
    dvar2: 19.0786418915
    kurt: 30.1019821167
    max: 408.218139648
    mean: 371.406158447
    median: 370.725189209
    min: 367.654937744
    skew: 5.27199840546
    var: 35.1306762695

Zcr:
    dmean: 0.000699129945133
    dmean2: 0.000692678033374
    dvar: 3.92738047594e-06
    dvar2: 2.54201404459e-06
    kurt: 18.0061397552
    max: 0.01708984375
    mean: 0.0160264763981
    median: 0.0166015625
    min: 0.00048828125
    skew: -4.23698425293
    var: 8.21525554784e-06

HarmonicAmpFreq:
    dmean: [0.38536003232]
    dmean2: [0.74471193552]
    dvar: [0.180224910378]
    dvar2: [0.330447852612]
    kurt: [-1.88963544369]
    max: [369.792785645]
    mean: [369.345092773]
    median: [368.977630615]
    min: [368.651977539]
    skew: [0.0929498672485]
    var: [0.172304615378]

HarmonicAmpMag:
    dmean: [0.00103052868508]
    dmean2: [0.0020348909311]
    dvar: [1.3187186596e-06]
    dvar2: [2.31817921303e-06]
    kurt: [-1.95025849342]
    max: [0.00240106857382]
    mean: [0.0012712534517]
    median: [0.00235748407431]
    min: [0]
    skew: [-0.114913530648]
    var: [1.37701169933e-06]

MfccCoeff:
    dmean: [1.6694252491, 2.170576334, 1.65094912052, 0.939482927322, 0.306625008583, 0.584107160568, 0.84759581089, 0.937147498131, 0.842178344727, 0.590594053268, 0.241257622838, 0.155132815242, 0.451096981764]
    dmean2: [2.19603919983, 2.86422967911, 2.20822954178, 1.31928658485, 0.522885322571, 0.483958393335, 0.784557521343, 0.857226908207, 0.726710677147, 0.460876822472, 0.170608609915, 0.166640177369, 0.345591336489]
    dvar: [55.4452362061, 93.585357666, 53.8359603882, 17.3664264679, 1.97772109509, 6.0582575798, 15.6738433838, 18.6999168396, 13.5042572021, 5.71558570862, 0.852005183697, 0.526878535748, 3.19186425209]
    dvar2: [109.080375671, 185.479492188, 110.090820312, 39.2839355469, 4.75194454193, 3.44146227837, 12.1623306274, 13.9881191254, 8.48948478699, 2.80846524239, 0.551613926888, 0.622233808041, 1.57296144962]
    kurt: [18.2316188812, 18.1189460754, 18.0505657196, 24.5631637573, 18.2389965057, 30.1402549744, 33.0774765015, 32.9922180176, 31.7619972229, 29.0800285339, 22.8655128479, 28.1771183014, 27.0424480438]
    max: [-1092.79736328, 59.115852356, 44.2854347229, 23.7502784729, 2.43344116211, 2.28881835938e-05, -2.67028808594e-05, -5.34057617188e-05, -4.57763671875e-05, -2.28881835938e-05, -2.67028808594e-05, 4.61763000488, 15.101600647]
    mean: [-1113.86437988, 31.369058609, 21.9957008362, 8.55653572083, -6.18385362625, -19.2487373352, -28.0910129547, -31.1209144592, -28.0097160339, -19.706205368, -8.17488574982, 4.07398033142, 14.5477027893]
    median: [-1113.62756348, 31.6510124207, 22.1249084473, 8.45015335083, -6.57597351074, -19.927772522, -28.9961776733, -32.1302261353, -28.9569473267, -20.4149856567, -8.50185966492, 4.19927215576, 15.0993270874]
    min: [-1138.42004395, 1.14440917969e-05, -6.103515625e-05, 8.01086425781e-05, -6.57688903809, -19.9462051392, -29.0555343628, -32.2238082886, -29.0741195679, -20.5422134399, -8.62430381775, -3.0517578125e-05, -3.81469726562e-05]
    skew: [-1.06623399258, -0.866299629211, 0.0490293726325, 3.53554534912, 4.39115476608, 5.44663095474, 5.7577495575, 5.74573755264, 5.61155176163, 5.34176874161, 4.78913021088, -5.29971551895, -5.13752174377]
    var: [24.2613124847, 40.5907669067, 22.558549881, 6.87799119949, 2.70335960388, 9.62845993042, 19.6281394958, 24.1160125732, 19.8823127747, 10.2698993683, 2.02653408051, 0.448853045702, 5.7992067337]

SpecContrastCoeff:
    dmean: [0.0241400003433, 0.0248846895993, 0.0122705698013, 0.0107564022765, 0.00811182335019, 0.00673346221447]
    dmean2: [0.0302589628845, 0.023412052542, 0.0180502273142, 0.0155407609418, 0.0142583567649, 0.0117006963119]
    dvar: [0.000293530960334, 0.00387677527033, 0.000126204467961, 6.83349280735e-05, 3.81381432817e-05, 5.58698229725e-05]
    dvar2: [0.000621514045633, 0.00239223614335, 0.000227548312978, 0.000209172430914, 9.65067956713e-05, 8.79666986293e-05]
    kurt: [6.76274490356, 18.1652870178, 9.11466598511, -0.555876731873, 0.935380458832, 8.59389305115]
    max: [-0.798658132553, -0.388331145048, -0.865746498108, -0.907988965511, -0.911546587944, -0.908434689045]
    mean: [-0.849359869957, -0.430715024471, -0.942469000816, -0.932580292225, -0.928779184818, -0.92560762167]
    median: [-0.849655032158, -0.406446158886, -0.942788541317, -0.934375941753, -0.928943514824, -0.925237834454]
    min: [-0.994322001934, -0.970843970776, -0.963961839676, -0.949891984463, -0.956606030464, -0.970200717449]
    skew: [-1.97794854641, -4.25343704224, 2.37330746651, 0.592185974121, -0.360193908215, -1.94949436188]
    var: [0.00110683694948, 0.00993324816227, 0.000259350403212, 0.000123434510897, 7.63052157708e-05, 9.03569161892e-05]

SpecPeakAmp:
    dmean: [5.89225101066e-06, 6.34098832961e-05, 0.000107782616396, 1.31891613364e-06, 0.000996968243271]
    dmean2: [9.46051659412e-06, 9.71114059212e-05, 0.000165395162185, 1.59704495672e-06, 0.00202483427711]
    dvar: [4.02791328069e-10, 8.33412343582e-08, 2.3993305831e-07, 1.53524883778e-11, 1.3710867961e-06]
    dvar2: [1.00876007547e-09, 2.14051667058e-07, 6.16495128725e-07, 2.24120097481e-11, 2.67726568381e-06]
    kurt: [39.4213447571, 40.021686554, 40.0192604065, 25.6995048523, -1.98528110981]
    max: [0.000103810634755, 0.00138707854785, 0.00235748407431, 2.46332001552e-05, 0.00240106857382]
    mean: [1.03551819848e-05, 3.19498176395e-05, 5.38806489203e-05, 1.92866832549e-06, 0.00118877831846]
    median: [8.41023938847e-06, 1.12443979106e-06, 1.19356002415e-06, 1.27294276808e-06, 0.000647632754408]
    min: [2.83905274046e-06, 3.13831520771e-07, 1.62832591855e-07, 1.07994814869e-07, 7.93311940583e-08]
    skew: [6.40986680984, 6.48237037659, 6.48208665848, 5.07536458969, 0.0287872347981]
    var: [1.99905300646e-10, 4.17362748806e-08, 1.20609129795e-07, 1.46738628193e-11, 1.41364648698e-06]
