
metadata:
    version:
        essentia: "2.1-beta3"

Flux:
    dmean: 0.00279463850893
    dmean2: 0.00370594067499
    dvar: 8.37841580505e-05
    dvar2: 0.000165246296092
    kurt: 9.5448551178
    max: 0.0531070940197
    mean: 0.00358940428123
    median: 6.86371713527e-05
    min: 9.94394576992e-06
    skew: 3.29013133049
    var: 0.000136148533784

Rms:
    dmean: 0.00117980164941
    dmean2: 0.000892723037396
    dvar: 1.53923683683e-05
    dvar2: 6.85500708641e-06
    kurt: 21.1096973419
    max: 0.0385115258396
    mean: 0.0369889140129
    median: 0.0383260808885
    min: 0.00657134829089
    skew: -4.55662584305
    var: 2.89426134259e-05

RollOff:
    dmean: 3.42573690414
    dmean2: 3.50540518761
    dvar: 504.633972168
    dvar2: 516.090332031
    kurt: 40.022731781
    max: 538.330078125
    mean: 390.947265625
    median: 387.59765625
    min: 387.59765625
    skew: 6.48249435425
    var: 493.674835205

SpecCent:
    dmean: 3.00579833984
    dmean2: 2.93868660927
    dvar: 42.8841705322
    dvar2: 34.713760376
    kurt: 33.529045105
    max: 419.484069824
    mean: 370.842956543
    median: 369.639556885
    min: 366.612854004
    skew: 5.69991064072
    var: 58.3708457947

Zcr:
    dmean: 0.000699129945133
    dmean2: 0.000704033416696
    dvar: 3.93821756006e-06
    dvar2: 2.53169832831e-06
    kurt: 17.3286190033
    max: 0.01708984375
    mean: 0.0160590279847
    median: 0.0166015625
    min: 0.0009765625
    skew: -4.17083454132
    var: 7.92844639363e-06

HarmonicAmpFreq:
    dmean: [0.0493635684252]
    dmean2: [0.0562673173845]
    dvar: [0.0375802144408]
    dvar2: [0.054680030793]
    kurt: [15.3477458954]
    max: [369.792785645]
    mean: [368.998260498]
    median: [368.970581055]
    min: [368.65802002]
    skew: [3.74035716057]
    var: [0.0267506912351]

HarmonicAmpMag:
    dmean: [0.00211736187339]
    dmean2: [0.00161482498515]
    dvar: [6.24132153462e-05]
    dvar2: [4.33950881416e-05]
    kurt: [15.3893585205]
    max: [0.0537460073829]
    mean: [0.0511451177299]
    median: [0.0537372864783]
    min: [0]
    skew: [-4.03765678406]
    var: [0.000103201789898]

MfccCoeff:
    dmean: [7.86376667023, 7.99897623062, 2.41490006447, 0.493213653564, 0.546107828617, 1.10450828075, 1.71801173687, 1.98569250107, 1.81218421459, 1.30411958694, 0.605520308018, 0.237551942468, 0.909955263138]
    dmean2: [11.0367441177, 11.0002593994, 2.90898656845, 0.877196550369, 0.427114099264, 0.778277397156, 1.28631639481, 1.97346675396, 2.05600976944, 1.47044742107, 0.772760510445, 0.237004652619, 0.971468031406]
    dvar: [1102.19677734, 1116.72473145, 96.1324386597, 4.14040374756, 5.14934301376, 19.0670051575, 38.7282142639, 53.5394897461, 50.1106109619, 26.6901493073, 6.21051359177, 0.748993694782, 11.7218446732]
    dvar2: [2658.6496582, 2636.72827148, 188.643585205, 10.5654373169, 2.89594435692, 10.7892065048, 27.1766242981, 53.1172561646, 58.6760520935, 30.9471797943, 8.83981704712, 0.817278563976, 12.5196046829]
    kurt: [31.0709953308, 27.1131744385, 13.1655693054, 18.5032520294, 29.5602035522, 25.1100540161, 24.2822036743, 19.6432132721, 16.968875885, 16.0146389008, 14.7914848328, 18.0752944946, 14.0161132812]
    max: [-948.91973877, 198.824859619, 73.3177185059, 21.5421180725, 6.14527893066, 2.48645782471, -0.208889007568, -1.68119812012, -2.00024414062, -1.4934387207, -0.61120223999, 6.35097503662, 27.0257492065]
    mean: [-1084.87536621, 67.4771347046, 45.9968910217, 17.7773227692, -11.7359132767, -37.8447036743, -55.7017288208, -62.0468254089, -56.466053009, -40.809047699, -18.673456192, 5.09843397141, 25.677280426]
    median: [-1088.01403809, 64.4791946411, 45.4570045471, 18.1015052795, -12.0576591492, -39.0308952332, -57.6372756958, -64.5684356689, -59.0209884644, -42.7657241821, -19.6571407318, 5.28879547119, 27.0250778198]
    min: [-1126.09509277, 16.4977226257, 13.9035949707, 5.5245552063, -17.8802909851, -44.2040977478, -63.6376876831, -69.0571594238, -60.7130813599, -42.7670059204, -19.6582393646, 0.222091674805, 0.723663330078]
    skew: [5.29253721237, 4.65473842621, -0.377519160509, -4.12815475464, 5.02182388306, 4.99494600296, 4.92982578278, 4.47960996628, 4.21374940872, 4.10704278946, 3.98506355286, -4.20556592941, -3.87071824074]
    var: [474.396453857, 474.804199219, 48.8839836121, 5.19276952744, 8.41835594177, 46.893245697, 90.554473877, 122.134223938, 110.234550476, 59.4921646118, 13.8594913483, 0.832012116909, 25.6261558533]

SpecContrastCoeff:
    dmean: [0.0184851884842, 0.0272839982063, 0.0123408492655, 0.00942546408623, 0.010674584657, 0.0154206594452]
    dmean2: [0.0318363420665, 0.0199474338442, 0.016258854419, 0.0160204172134, 0.0189084317535, 0.0246938802302]
    dvar: [0.000657145748846, 0.00632817624137, 0.00023565068841, 0.000125501173898, 0.000173516265932, 0.000256702653132]
    dvar2: [0.00155665772036, 0.00300382147543, 0.000387481821235, 0.000332219991833, 0.000452870794106, 0.000624395674095]
    kurt: [8.94015598297, 21.1248703003, 12.8632898331, 2.74214553833, 1.14374017715, 1.51794624329]
    max: [-0.807588994503, -0.219497635961, -0.830459594727, -0.913208067417, -0.919601857662, -0.898085653782]
    mean: [-0.931662976742, -0.261850386858, -0.946135699749, -0.957224845886, -0.956296980381, -0.945160746574]
    median: [-0.939170777798, -0.234145626426, -0.955105781555, -0.963532209396, -0.962872564793, -0.951297700405]
    min: [-0.991963684559, -0.961434423923, -0.959046602249, -0.966119527817, -0.964665591717, -0.958440184593]
    skew: [2.69279146194, -4.55309391022, 3.34399414062, 1.8726631403, 1.60433280468, 1.61370444298]
    var: [0.000921824073885, 0.0152742853388, 0.000519983645063, 0.000160553463502, 0.000157322356245, 0.000274667341728]

SpecPeakAmp:
    dmean: [0.000110262430098, 0.00141443009488, 0.0195352360606, 0.0194950848818, 0.00522870197892]
    dmean2: [0.000174047876499, 0.00216669635847, 0.0399524234235, 0.0386730656028, 0.0103542702273]
    dvar: [2.02464192967e-07, 4.15686045017e-05, 0.000666569394525, 0.000663395388983, 0.000239775457885]
    dvar2: [5.22455650298e-07, 0.00010675611702, 0.00121944688726, 0.00164415291511, 0.000703007972334]
    kurt: [39.8741836548, 40.0219268799, -1.13217163086, 0.841964244843, 16.1132450104]
    max: [0.00221597845666, 0.0309759732336, 0.0537460073829, 0.0537454746664, 0.0537442713976]
    mean: [7.87113967817e-05, 0.000712320848834, 0.0382328629494, 0.00956747494638, 0.00273288111202]
    median: [3.0733011954e-05, 2.44296697929e-05, 0.053733792156, 2.56460880337e-05, 1.71986903297e-05]
    min: [9.82200617727e-06, 6.64411800244e-06, 3.44760246662e-06, 2.30754994845e-06, 1.73726698449e-06]
    skew: [6.46499013901, 6.48239994049, -0.931563198566, 1.68569076061, 4.20470285416]
    var: [1.03996072198e-07, 2.08158453461e-05, 0.000591760675889, 0.000419624324422, 0.000125574064441]
