
metadata:
    version:
        essentia: "2.1-beta3"

Flux:
    dmean: 0.0149582922459
    dmean2: 0
    dvar: 0
    dvar2: 0
    kurt: -2
    max: 0.30791336298
    mean: 0.300434231758
    median: 0.300434231758
    min: 0.292955070734
    skew: -6.01225519858e-06
    var: 5.59376276215e-05

Rms:
    dmean: 0
    dmean2: 0
    dvar: 0
    dvar2: 0
    kurt: 0
    max: 0.105139777064
    mean: 0.105139777064
    median: 0.105139777064
    min: 0.105139777064
    skew: 0
    var: 0

RollOff:
    dmean: 107.666015625
    dmean2: 0
    dvar: 0
    dvar2: 0
    kurt: -2
    max: 624.462890625
    mean: 570.629882812
    median: 570.629882812
    min: 516.796875
    skew: 0
    var: 2897.99267578

SpecCent:
    dmean: 264.286621094
    dmean2: 0
    dvar: 0
    dvar2: 0
    kurt: -2
    max: 686.553771973
    mean: 554.410461426
    median: 554.410461426
    min: 422.267150879
    skew: 0
    var: 17461.8554688

Zcr:
    dmean: 0.00048828125
    dmean2: 0
    dvar: 0
    dvar2: 0
    kurt: -2
    max: 0.0068359375
    mean: 0.006591796875
    median: 0.006591796875
    min: 0.00634765625
    skew: 0
    var: 5.96046447754e-08

HarmonicAmpFreq:
    dmean: [82.7102355957]
    dmean2: [0]
    dvar: [0]
    dvar2: [0]
    kurt: [-2]
    max: [540.490356445]
    mean: [499.135253906]
    median: [499.135253906]
    min: [457.78012085]
    skew: [-1.10459279767e-06]
    var: [1710.24584961]

HarmonicAmpMag:
    dmean: [0.096513427794]
    dmean2: [0]
    dvar: [0]
    dvar2: [0]
    kurt: [-2]
    max: [0.104256346822]
    mean: [0.0559996329248]
    median: [0.0559996329248]
    min: [0.00774291763082]
    skew: [0]
    var: [0.00232871039771]

MfccCoeff:
    dmean: [393.607177734, 5.08715820312, 23.9339027405, 41.3722267151, 48.6589050293, 34.8092346191, 6.79369735718, 10.6713066101, 21.6775817871, 19.9106998444, 11.8614902496, 1.02641868591, 3.93956375122]
    dmean2: [0, 0, 0, 0, 0, 0, 0, 0, 0, 0, 0, 0, 0]
    dvar: [0, 0, 0, 0, 0, 0, 0, 0, 0, 0, 0, 0, 0]
    dvar2: [0, 0, 0, 0, 0, 0, 0, 0, 0, 0, 0, 0, 0]
    kurt: [-2, -2, -2, -1.99999988079, -1.99999988079, -2, -2, -1.99999988079, -2, -2, -2, -2, -2]
    max: [-610.390136719, 152.382507324, 51.8264503479, 10.0054588318, -16.215177536, -21.9583244324, -25.6829185486, -8.10102081299, 10.0635566711, 18.1132678986, 15.8985099792, 9.03843688965, 7.43153762817]
    mean: [-807.193725586, 149.838928223, 39.8594970703, -10.6806545258, -40.544631958, -39.3629417419, -29.0797672272, -13.436674118, -0.775234222412, 8.15791797638, 9.96776485443, 8.52522754669, 5.46175575256]
    median: [-807.193725586, 149.838928223, 39.8594970703, -10.6806545258, -40.544631958, -39.3629417419, -29.0797672272, -13.436674118, -0.775234222412, 8.15791797638, 9.96776485443, 8.52522754669, 5.46175575256]
    min: [-1003.99731445, 147.295349121, 27.8925476074, -31.3667678833, -64.8740844727, -56.7675590515, -32.4766159058, -18.7723274231, -11.614025116, -1.7974319458, 4.03701972961, 8.01201820374, 3.49197387695]
    skew: [0, 0, 4.98605970733e-07, 0, 1.3562288359e-07, 0, 0, 0, 0, 0, 0, 0, 0]
    var: [38731.6523438, 6.46979475021, 143.207931519, 427.915283203, 591.922302246, 302.920715332, 11.5385808945, 28.4691963196, 117.479385376, 99.1089935303, 35.1737365723, 0.263383835554, 3.8800406456]

SpecContrastCoeff:
    dmean: [0.0639507770538, 0.102425813675, 0.185253322124, 0.036411523819, 0.0195068120956, 0.0219320058823]
    dmean2: [0, 0, 0, 0, 0, 0]
    dvar: [0, 0, 0, 0, 0, 0]
    dvar2: [0, 0, 0, 0, 0, 0]
    kurt: [-2, -1.99999988079, -2, -2, -2, -2]
    max: [-0.836393892765, -0.643214225769, -0.704884290695, -0.890958487988, -0.931813001633, -0.938152909279]
    mean: [-0.868369281292, -0.694427132607, -0.79751098156, -0.909164249897, -0.941566407681, -0.94911891222]
    median: [-0.868369281292, -0.694427132607, -0.79751098156, -0.909164249897, -0.941566407681, -0.94911891222]
    min: [-0.900344669819, -0.745640039444, -0.89013761282, -0.927370011806, -0.951319813728, -0.960084915161]
    skew: [0, 0, 9.88794113255e-07, 0, 0, 0]
    var: [0.00102242548019, 0.00262276176363, 0.00857969839126, 0.00033144975896, 9.5128933026e-05, 0.000120253222121]

SpecPeakAmp:
    dmean: [0.103980615735, 0.0293976552784, 0.013344517909, 0.00878919661045, 4.02992591262e-05]
    dmean2: [0, 0, 0, 0, 0]
    dvar: [0, 0, 0, 0, 0]
    dvar2: [0, 0, 0, 0, 0]
    kurt: [-1.99999988079, -2, -2, -2, -2]
    max: [0.104256346822, 0.0297013111413, 0.013721822761, 0.00949344132096, 0.00778321688995]
    mean: [0.0522660389543, 0.015002483502, 0.0070495638065, 0.00509884301573, 0.00776306726038]
    median: [0.0522660389543, 0.015002483502, 0.0070495638065, 0.00509884301573, 0.00776306726038]
    min: [0.000275730068097, 0.000303655804601, 0.00037730493932, 0.000704244943336, 0.00774291763082]
    skew: [0, 0, 0, 0, 0]
    var: [0.00270299217664, 0.000216055530473, 4.4519038056e-05, 1.93124942598e-05, 4.06007560905e-10]
