
metadata:
    version:
        essentia: "2.1-beta3"

Flux:
    dmean: 0.0250480826944
    dmean2: 0.0333559513092
    dvar: 0.00679216673598
    dvar2: 0.013101878576
    kurt: 9.33928585052
    max: 0.488699167967
    mean: 0.0329137407243
    median: 0.000448165461421
    min: 7.24592537154e-05
    skew: 3.26035380363
    var: 0.0114813800901

Rms:
    dmean: 0.010816144757
    dmean2: 0.00819402001798
    dvar: 0.00130124087445
    dvar2: 0.000581673230045
    kurt: 21.3074417114
    max: 0.354873925447
    mean: 0.340909600258
    median: 0.353140383959
    min: 0.0604763962328
    skew: -4.57564783096
    var: 0.00244657276198

RollOff:
    dmean: 2.93634581566
    dmean2: 3.00463294983
    dvar: 370.751464844
    dvar2: 379.168457031
    kurt: 40.022731781
    max: 516.796875
    mean: 390.46875
    median: 387.59765625
    min: 387.59765625
    skew: 6.48249483109
    var: 362.699859619

SpecCent:
    dmean: 3.52680492401
    dmean2: 3.49635839462
    dvar: 98.1543045044
    dvar2: 81.5447311401
    kurt: 36.7170753479
    max: 444.010772705
    mean: 371.468200684
    median: 369.823638916
    min: 366.814483643
    skew: 6.08992481232
    var: 124.489433289

Zcr:
    dmean: 0.000676935364027
    dmean2: 0.000692678033374
    dvar: 3.63280355486e-06
    dvar2: 2.25369376494e-06
    kurt: 17.998708725
    max: 0.01708984375
    mean: 0.0160698778927
    median: 0.0166015625
    min: 0.00146484375
    skew: -4.23624420166
    var: 7.26723283151e-06

HarmonicAmpFreq:
    dmean: [0.0882901251316]
    dmean2: [0.13434690237]
    dvar: [0.064685754478]
    dvar2: [0.134043321013]
    kurt: [9.10088920593]
    max: [369.790893555]
    mean: [369.019226074]
    median: [368.970611572]
    min: [368.679290771]
    skew: [3.1514248848]
    var: [0.0430762022734]

HarmonicAmpMag:
    dmean: [0.0418432019651]
    dmean2: [0.0607661269605]
    dvar: [0.0149609064683]
    dvar2: [0.0343349352479]
    kurt: [9.42479419708]
    max: [0.495260536671]
    mean: [0.460462063551]
    median: [0.495177298784]
    min: [0]
    skew: [-3.29420495033]
    var: [0.0134594338015]

MfccCoeff:
    dmean: [24.9610309601, 9.55857944489, 15.359744072, 14.5513792038, 7.35185956955, 4.67097759247, 6.43050336838, 5.25663614273, 3.73970580101, 3.47557520866, 2.12680983543, 1.17942380905, 1.99968326092]
    dmean2: [34.1369972229, 14.982872963, 16.7085819244, 14.4745721817, 7.39925718307, 7.72709608078, 9.79862594604, 6.71453094482, 4.43333387375, 4.87351512909, 2.80776119232, 1.83713543415, 2.42462062836]
    dvar: [5033.59472656, 355.628631592, 132.984390259, 39.2481460571, 7.3078045845, 31.7830581665, 39.4556312561, 57.3336906433, 53.7188453674, 30.8529243469, 7.47400617599, 1.13687646389, 15.102514267]
    dvar2: [11495.7226562, 783.652160645, 281.213531494, 110.353469849, 44.2953567505, 61.3653488159, 45.0419921875, 62.6756515503, 55.4160995483, 28.526506424, 6.71862602234, 2.04710364342, 10.5923614502]
    kurt: [20.1503295898, 19.1807880402, -0.0407910346985, -1.25708258152, -0.777049303055, 10.0351467133, 12.8826665878, 14.1037483215, 16.121339798, 16.0485267639, 16.1164417267, 3.98216438293, 15.7395343781]
    max: [-711.283752441, 215.725036621, 102.949951172, 42.2703132629, -3.93817138672, -11.8099441528, -9.91670227051, -4.59481811523, 1.75559997559, 6.68904304504, 6.47114944458, 7.28458404541, 28.4066581726]
    mean: [-1009.10015869, 141.800003052, 77.2311477661, 19.9413414001, -20.7344055176, -47.6525993347, -64.5038452148, -68.4689254761, -60.138633728, -42.7617149353, -19.9102668762, 4.68211889267, 25.9739284515]
    median: [-1016.50018311, 141.412689209, 79.8122558594, 18.9365310669, -21.8106498718, -47.8727378845, -66.229057312, -70.7360076904, -63.0046463013, -44.6900253296, -20.786397934, 4.98946380615, 27.6069335938]
    min: [-1053.2623291, 103.283607483, 28.0938415527, -3.81147384644, -33.9811973572, -59.0498313904, -75.6321487427, -78.4695281982, -67.8182449341, -49.4454803467, -24.4686946869, 0.480117797852, -5.96395492554]
    skew: [4.54969358444, 3.2662332058, -0.638901352882, 0.00652102520689, 0.135114103556, 2.83121490479, 3.42818689346, 3.74013853073, 4.02800273895, 3.99076151848, 3.88618707657, -1.56605172157, -3.98933935165]
    var: [2971.96948242, 179.897766113, 264.359527588, 215.595687866, 57.1310806274, 63.0167427063, 124.024520874, 164.691192627, 142.248565674, 90.3876495361, 25.2395153046, 1.369384408, 37.6001777649]

SpecContrastCoeff:
    dmean: [0.029166508466, 0.0289777200669, 0.0135680232197, 0.0080602997914, 0.00681377667934, 0.0151691893116]
    dmean2: [0.0507911071181, 0.0228894911706, 0.0183120947331, 0.0143031710759, 0.0110626043752, 0.0266260374337]
    dvar: [0.00171458825935, 0.0102940304205, 0.000355558033334, 0.000122077137348, 0.000125041769934, 0.000514653744176]
    dvar2: [0.00415839580819, 0.00449528126046, 0.000658232951537, 0.000265322771156, 0.00026972068008, 0.00140233256388]
    kurt: [7.83793735504, 26.3482456207, 12.2991027832, 7.39584350586, 11.6987876892, 6.68740367889]
    max: [-0.738267123699, -0.0629680082202, -0.800748467445, -0.893019616604, -0.890591859818, -0.86996024847]
    mean: [-0.939272403717, -0.102932021022, -0.934662401676, -0.951066672802, -0.953581750393, -0.943401277065]
    median: [-0.960141777992, -0.0716039538383, -0.944691300392, -0.95777130127, -0.958250105381, -0.951073169708]
    min: [-0.989127039909, -0.950236916542, -0.949050426483, -0.958519697189, -0.959130585194, -0.954199433327]
    skew: [2.8026740551, -5.06582117081, 3.40709638596, 2.68570685387, 3.33863830566, 2.67537879944]
    var: [0.00236250483431, 0.0199265480042, 0.000737428257708, 0.000191177328816, 0.000163518212503, 0.00036156445276]

SpecPeakAmp:
    dmean: [0.000986185972579, 0.372970193624, 0.360158264637, 0.0415720939636, 0.022765673697]
    dmean2: [0.00148428615648, 0.75660943985, 0.736714959145, 0.0769597515464, 0.0464309751987]
    dvar: [1.71845040313e-05, 0.0427591577172, 0.0484411157668, 0.0175044424832, 0.0106255738065]
    dvar2: [4.44585348305e-05, 0.0703136250377, 0.0952758044004, 0.0498755648732, 0.0320520661771]
    kurt: [39.7875938416, -1.94966673851, -1.83330965042, 15.9364719391, 40.0170936584]
    max: [0.0203673020005, 0.495260536671, 0.495260000229, 0.495129197836, 0.495227605104]
    mean: [0.000673832022585, 0.226575657725, 0.198397785425, 0.025168851018, 0.0112385721877]
    median: [0.00021287072741, 0.000465151970275, 0.000268683361355, 0.000168401034898, 9.53971539275e-05]
    min: [4.37266753579e-05, 5.95941528445e-05, 3.12719021167e-05, 2.12612903852e-05, 1.62247906701e-05]
    skew: [6.45518493652, 0.168314516544, 0.408203631639, 4.17979764938, 6.48182964325]
    var: [8.83858774614e-06, 0.0594509541988, 0.0587271302938, 0.0105263367295, 0.00532410759479]
