
metadata:
    version:
        essentia: "2.1-beta3"

Flux:
    dmean: 0.0154461562634
    dmean2: 0
    dvar: 0
    dvar2: 0
    kurt: -2
    max: 0.298418581486
    mean: 0.290695488453
    median: 0.290695488453
    min: 0.282972425222
    skew: 5.76886668568e-06
    var: 5.96459358349e-05

Rms:
    dmean: 0
    dmean2: 0
    dvar: 0
    dvar2: 0
    kurt: 0
    max: 0.102404855192
    mean: 0.102404855192
    median: 0.102404855192
    min: 0.102404855192
    skew: 0
    var: 0

RollOff:
    dmean: 107.666015625
    dmean2: 0
    dvar: 0
    dvar2: 0
    kurt: -2
    max: 667.529296875
    mean: 613.696289062
    median: 613.696289062
    min: 559.86328125
    skew: 0
    var: 2897.99267578

SpecCent:
    dmean: 419.747039795
    dmean2: 0
    dvar: 0
    dvar2: 0
    kurt: -2
    max: 889.310546875
    mean: 679.437011719
    median: 679.437011719
    min: 469.56350708
    skew: 2.70437595873e-07
    var: 44046.8945312

Zcr:
    dmean: 0
    dmean2: 0
    dvar: 0
    dvar2: 0
    kurt: 0
    max: 0.0068359375
    mean: 0.0068359375
    median: 0.0068359375
    min: 0.0068359375
    skew: 0
    var: 0

HarmonicAmpFreq:
    dmean: [80.7434997559]
    dmean2: [0]
    dvar: [0]
    dvar2: [0]
    kurt: [-1.99999988079]
    max: [571.500305176]
    mean: [531.128540039]
    median: [531.128540039]
    min: [490.75680542]
    skew: [1.12792690743e-06]
    var: [1629.87817383]

HarmonicAmpMag:
    dmean: [0.0957492738962]
    dmean2: [0]
    dvar: [0]
    dvar2: [0]
    kurt: [-2]
    max: [0.103315405548]
    mean: [0.0554407685995]
    median: [0.0554407685995]
    min: [0.00756613072008]
    skew: [0]
    var: [0.00229198089801]

MfccCoeff:
    dmean: [410.90625, 10.3631896973, 23.5906829834, 40.955165863, 41.0261611938, 28.2483024597, 3.28224945068, 15.8311481476, 26.6980762482, 20.1348552704, 9.41604614258, 0.242807388306, 4.37467575073]
    dmean2: [0, 0, 0, 0, 0, 0, 0, 0, 0, 0, 0, 0, 0]
    dvar: [0, 0, 0, 0, 0, 0, 0, 0, 0, 0, 0, 0, 0]
    dvar2: [0, 0, 0, 0, 0, 0, 0, 0, 0, 0, 0, 0, 0]
    kurt: [-2, -1.99999988079, -2, -1.99999988079, -1.99999988079, -2, -2, -1.99999988079, -2, -2, -2, -2, -2]
    max: [-594.008789062, 136.226715088, 28.5079078674, -8.99876022339, -31.2038173676, -32.9329681396, -33.0505371094, -7.27502441406, 12.756778717, 16.9398212433, 11.960308075, 5.69996070862, 4.18627548218]
    mean: [-799.461914062, 131.045120239, 16.7125663757, -29.4763431549, -51.7168998718, -47.0571212769, -34.6916618347, -15.1905984879, -0.592259407043, 6.87239360809, 7.25228500366, 5.57855701447, 1.99893760681]
    median: [-799.461914062, 131.045120239, 16.7125663757, -29.4763431549, -51.7168998718, -47.0571212769, -34.6916618347, -15.1905984879, -0.592259407043, 6.87239360809, 7.25228500366, 5.57855701447, 1.99893760681]
    min: [-1004.91503906, 125.863525391, 4.91722488403, -49.9539260864, -72.2299804688, -61.1812705994, -36.3327865601, -23.1061725616, -13.9412975311, -3.1950340271, 2.54426193237, 5.45715332031, -0.188400268555]
    skew: [0, 0, 0, 0, 1.697065386e-07, 4.33234504271e-07, 0, 0, 0, 0, 0, 0, 0]
    var: [42210.9882812, 26.8489246368, 139.130081177, 419.331390381, 420.786499023, 199.491638184, 2.69329047203, 62.6563110352, 178.19682312, 101.353096008, 22.1654815674, 0.0147388568148, 4.78444719315]

SpecContrastCoeff:
    dmean: [0.193894743919, 0.0432574748993, 0.185525298119, 0.0115759968758, 0.0260177850723, 0.0243411064148]
    dmean2: [0, 0, 0, 0, 0, 0]
    dvar: [0, 0, 0, 0, 0, 0]
    dvar2: [0, 0, 0, 0, 0, 0]
    kurt: [-2, -2, -2, -1.99999988079, -2, -1.99999988079]
    max: [-0.665163874626, -0.655096650124, -0.674002349377, -0.913296997547, -0.928826749325, -0.935145437717]
    mean: [-0.762111246586, -0.676725387573, -0.766764998436, -0.919085025787, -0.941835641861, -0.947315990925]
    median: [-0.762111246586, -0.676725387573, -0.766764998436, -0.919085025787, -0.941835641861, -0.947315990925]
    min: [-0.859058618546, -0.698354125023, -0.859527647495, -0.924872994423, -0.954844534397, -0.959486544132]
    skew: [0, 0, 0, 1.54272001964e-05, 0, 0]
    var: [0.00939879287034, 0.000467802281491, 0.00860490929335, 3.35009244736e-05, 0.00016923127987, 0.000148122358951]

SpecPeakAmp:
    dmean: [0.103252343833, 0.0321566835046, 0.0159311275929, 0.0114255556837, 0.00219716876745]
    dmean2: [0, 0, 0, 0, 0]
    dvar: [0, 0, 0, 0, 0]
    dvar2: [0, 0, 0, 0, 0]
    kurt: [-2, -2, -2, -2, -2]
    max: [0.103315405548, 0.032272413373, 0.0161100886762, 0.0117148645222, 0.00976329948753]
    mean: [0.0516892336309, 0.0161940716207, 0.00814452487975, 0.00600208668038, 0.00866471510381]
    median: [0.0516892336309, 0.0161940716207, 0.00814452487975, 0.00600208668038, 0.00866471510381]
    min: [6.30631111562e-05, 0.000115731621918, 0.000178961912752, 0.00028930886765, 0.00756613072008]
    skew: [0, 1.64111000345e-07, 1.68702669612e-07, 0, 0]
    var: [0.002665261738, 0.000258513056906, 6.34501993773e-05, 3.26358313032e-05, 1.20688764582e-06]
