
metadata:
    version:
        essentia: "2.1-beta3"

Flux:
    dmean: 5.05446269017e-06
    dmean2: 7.51493325879e-06
    dvar: 3.18476189864e-10
    dvar2: 6.90336898757e-10
    kurt: 14.2131767273
    max: 9.57995507633e-05
    mean: 5.91232219449e-06
    median: 1.16967441954e-06
    min: 2.74959717217e-07
    skew: 3.8849966526
    var: 3.28024746254e-10

Rms:
    dmean: 1.39227768159e-06
    dmean2: 1.36074038437e-06
    dvar: 2.43963321767e-11
    dvar2: 1.77982715371e-11
    kurt: 19.5411586761
    max: 7.74959407863e-05
    mean: 7.58941168897e-05
    median: 7.72144994698e-05
    min: 4.47998609161e-05
    skew: -4.49592161179
    var: 3.29794559717e-11

RollOff:
    dmean: 1.00154435635
    dmean2: 1.025390625
    dvar: 20.5633563995
    dvar2: 21.0285148621
    kurt: 17.0477027893
    max: 775.1953125
    mean: 754.640869141
    median: 753.662109375
    min: 753.662109375
    skew: 4.36437177658
    var: 20.118303299

SpecCent:
    dmean: 5.36194133759
    dmean2: 6.98169803619
    dvar: 66.3763656616
    dvar2: 49.6148338318
    kurt: 13.7307090759
    max: 1037.9708252
    mean: 985.933532715
    median: 983.933776855
    min: 979.285949707
    skew: 3.75079011917
    var: 116.225532532

Zcr:
    dmean: 0.00109011633322
    dmean2: 0.00138346350286
    dvar: 1.14755539471e-05
    dvar2: 1.06030011011e-05
    kurt: 17.4283924103
    max: 0.03369140625
    mean: 0.0327259413898
    median: 0.03369140625
    min: 0.01513671875
    skew: -4.37090969086
    var: 1.25656133605e-05

HarmonicAmpFreq:
    dmean: [0.0279299709946]
    dmean2: [0.0285949707031]
    dvar: [0.01981841214]
    dvar2: [0.020271262154]
    kurt: [30.478099823]
    max: [739.643066406]
    mean: [738.78314209]
    median: [738.755737305]
    min: [738.755737305]
    skew: [5.54472637177]
    var: [0.0193853285164]

HarmonicAmpMag:
    dmean: [2.08954406844e-06]
    dmean2: [2.13929502024e-06]
    dvar: [1.02976273342e-10]
    dvar2: [1.05321668054e-10]
    kurt: [26.839597702]
    max: [6.19425482e-05]
    mean: [2.04205434784e-06]
    median: [0]
    min: [0]
    skew: [5.21246910095]
    var: [1.00732915065e-10]

MfccCoeff:
    dmean: [0.0838736593723, 0.0839460492134, 0.000426536396844, 0.0828793570399, 0.117152370512, 0.0829446464777, 0.00126506004017, 0.0797747224569, 0.112808585167, 0.0799021199346, 0.00207501789555, 0.0747066736221, 0.105685390532]
    dmean2: [0.086449034512, 0.0865209698677, 0.000471569248475, 0.0854237899184, 0.120744980872, 0.0854942649603, 0.00139254610986, 0.0822334289551, 0.116267979145, 0.0823611319065, 0.00228645699099, 0.0770134702325, 0.10892559588]
    dvar: [0.140274018049, 0.140545219183, 3.60895660378e-06, 0.13689558208, 0.273680627346, 0.137314081192, 3.20699873555e-05, 0.126724720001, 0.25375649333, 0.127523869276, 8.6133251898e-05, 0.111031331122, 0.222723469138]
    dvar2: [0.141649454832, 0.141929879785, 3.69886856788e-06, 0.138229444623, 0.276377618313, 0.138689443469, 3.29490794684e-05, 0.127942189574, 0.25625795126, 0.128818675876, 8.85058325366e-05, 0.112080231309, 0.224920004606]
    kurt: [18.2708072662, 18.2832622528, 27.935754776, 18.2442207336, 18.2735824585, 18.3227710724, 27.9572639465, 18.2039337158, 18.273557663, 18.364812851, 27.9521484375, 18.159822464, 18.2735385895]
    max: [-1136.42895508, 1.99375534058, 0.0117492675781, 8.01086425781e-05, -6.103515625e-05, 2.28881835938e-05, -2.67028808594e-05, 1.88768005371, 2.67796707153, 1.90470123291, 0.0575981140137, -3.0517578125e-05, -3.81469726562e-05]
    mean: [-1136.51245117, 1.91023015976, 0.01130329445, -1.88230860233, -2.66466593742, -1.89095830917, -0.0338602922857, 1.80815112591, 2.565731287, 1.82518017292, 0.0554207898676, -1.68954241276, -2.40380764008]
    median: [-1136.4309082, 1.99168014526, 0.0116577148438, -1.96273422241, -2.77835083008, -1.97142791748, -0.0349617004395, 1.88554000854, 2.67520141602, 1.90266799927, 0.0572242736816, -1.76196289062, -2.50636672974]
    min: [-1138.42004395, 1.14440917969e-05, -6.103515625e-05, -1.96485519409, -2.78121948242, -1.97350311279, -0.0351829528809, -5.34057617188e-05, -4.57763671875e-05, -2.28881835938e-05, -2.67028808594e-05, -1.76411437988, -2.50895690918]
    skew: [-4.46677780151, -4.46806716919, -5.31075954437, 4.46476411819, 4.46724462509, 4.4714050293, 5.31281471252, -4.46135425568, -4.46724271774, -4.47496271133, -5.31234741211, 4.45762443542, 4.46723985672]
    var: [0.13914552331, 0.13941270113, 3.54563894689e-06, 0.135807141662, 0.271479785442, 0.136191695929, 3.1413979741e-05, 0.125729992986, 0.251715958118, 0.126467630267, 8.43789603096e-05, 0.110173553228, 0.220932096243]

SpecContrastCoeff:
    dmean: [0.0168092828244, 0.0162359699607, 0.0164263248444, 0.0100123761222, 0.0104453656822, 0.00931722857058]
    dmean2: [0.0218000803143, 0.028395852074, 0.0223458018154, 0.0155130438507, 0.0164326298982, 0.0139281423762]
    dvar: [0.000790358346421, 0.000153812434291, 0.0011478838278, 0.00010906157695, 0.000184758348041, 0.000201903676498]
    dvar2: [0.000778349291068, 0.000472210755106, 0.000990395550616, 0.000136846094392, 0.000278045132291, 0.000230149627896]
    kurt: [14.1504325867, -0.331343173981, 23.2636432648, 9.21839904785, 11.2611942291, 11.994228363]
    max: [-0.680775880814, -0.868133246899, -0.586504459381, -0.885112583637, -0.872720122337, -0.854510962963]
    mean: [-0.714128673077, -0.898511350155, -0.606381058693, -0.900990486145, -0.898915112019, -0.875096738338]
    median: [-0.710355699062, -0.901165008545, -0.599159240723, -0.898136734962, -0.897592008114, -0.873119473457]
    min: [-0.862245559692, -0.927618741989, -0.82145524025, -0.956339657307, -0.964631080627, -0.945612668991]
    skew: [-3.71936774254, 0.266162782907, -4.77584028244, -2.88002181053, -2.97345924377, -3.31368947029]
    var: [0.000954093993641, 0.000170740458998, 0.00139541085809, 0.000167920108652, 0.000197480985662, 0.000241547546466]

SpecPeakAmp:
    dmean: [1.51485167521e-07, 4.08090770065e-08, 1.4728404949e-06, 9.6552518869e-08, 7.06351158897e-07]
    dmean2: [2.01064608518e-07, 5.56408394914e-08, 1.52751977112e-06, 1.25317910715e-07, 7.47942692669e-07]
    dvar: [1.01354261626e-13, 1.94687473608e-15, 8.68263586029e-11, 8.25258711736e-14, 1.74863786645e-11]
    dvar2: [9.03826845181e-14, 3.18904389455e-15, 8.88982359948e-11, 8.88005557216e-14, 1.78689025382e-11]
    kurt: [18.8992328644, 4.40304899216, 39.0206489563, 24.3996677399, 38.8953590393]
    max: [8.52929588291e-06, 4.46330631121e-07, 6.19425482e-05, 1.84123621239e-06, 2.79078485619e-05]
    mean: [8.30630779092e-06, 2.44711429787e-07, 1.53076587139e-06, 1.69699958974e-07, 7.6172267427e-07]
    median: [8.36682193039e-06, 2.45077558247e-07, 1.16018931351e-07, 1.16537812289e-07, 1.15475977225e-07]
    min: [6.45927457299e-06, 1.16239952774e-07, 6.984817702e-08, 4.63242528781e-08, 4.83725663969e-08]
    skew: [-4.38539409637, 0.964602410793, 6.40462779999, 4.96166801453, 6.38997268677]
    var: [1.19016463893e-13, 3.01294362723e-15, 8.48766681938e-11, 8.26930958062e-14, 1.71636489743e-11]
