
metadata:
    version:
        essentia: "2.1-beta3"

Flux:
    dmean: 0.000125296777696
    dmean2: 0.000165199671756
    dvar: 1.67025575593e-07
    dvar2: 3.28631472257e-07
    kurt: 9.62542629242
    max: 0.00238180579618
    mean: 0.000163248652825
    median: 6.33951913187e-06
    min: 3.42134921993e-06
    skew: 3.29969668388
    var: 2.70954700454e-07

Rms:
    dmean: 5.10275676788e-05
    dmean2: 4.03664344049e-05
    dvar: 2.94022566294e-08
    dvar2: 1.28392603216e-08
    kurt: 20.6681060791
    max: 0.00171677360777
    mean: 0.00165314238984
    median: 0.00171254586894
    min: 0.000327963440213
    skew: -4.51442289352
    var: 5.56186989797e-08

RollOff:
    dmean: 7.83025550842
    dmean2: 7.51158237457
    dvar: 2320.31030273
    dvar2: 2067.87182617
    kurt: 39.6880378723
    max: 1098.19335938
    mean: 761.796875
    median: 753.662109375
    min: 753.662109375
    skew: 6.44442558289
    var: 2581.94677734

SpecCent:
    dmean: 16.2597312927
    dmean2: 17.6688747406
    dvar: 5952.10888672
    dvar2: 4876.8515625
    kurt: 39.1960716248
    max: 1314.16772461
    mean: 753.616516113
    median: 740.295593262
    min: 734.84197998
    skew: 6.38983392715
    var: 7211.05078125

Zcr:
    dmean: 0.00143155187834
    dmean2: 0.00141942221671
    dvar: 1.65527289937e-05
    dvar2: 1.09541042548e-05
    kurt: 18.1424446106
    max: 0.03369140625
    mean: 0.0320963524282
    median: 0.03369140625
    min: 0.0009765625
    skew: -4.26359653473
    var: 3.28636197082e-05

HarmonicAmpFreq:
    dmean: [0.777741849422]
    dmean2: [0.798918962479]
    dvar: [25.8040657043]
    dvar2: [26.5959129333]
    kurt: [40.0202064514]
    max: [773.559997559]
    mean: [740.356933594]
    median: [739.605102539]
    min: [739.472229004]
    skew: [6.48219871521]
    var: [25.0562667847]

HarmonicAmpMag:
    dmean: [6.29200585536e-05]
    dmean2: [9.66088919085e-05]
    dvar: [8.31377064969e-08]
    dvar2: [2.13565812146e-07]
    kurt: [40.0223464966]
    max: [0.00138570007402]
    mean: [3.08581693389e-05]
    median: [0]
    min: [0]
    skew: [6.48244857788]
    var: [4.17182874912e-08]

MfccCoeff:
    dmean: [1.27769052982, 1.23803365231, 0.0623481050134, 1.19791948795, 1.47041356564, 0.854650497437, 0.0919019505382, 0.729620337486, 0.785828590393, 0.528296768665, 0.00303164403886, 0.509677529335, 0.708492517471]
    dmean2: [1.67307579517, 1.6123842001, 0.0958298072219, 1.5527780056, 1.85459637642, 1.0290569067, 0.141454294324, 0.842991828918, 0.818758845329, 0.487659931183, 0.00530331628397, 0.390799582005, 0.50909113884]
    dvar: [32.2351608276, 30.3652820587, 0.081583224237, 28.5110301971, 43.9074440002, 15.6024770737, 0.177093371749, 12.0081510544, 16.4005947113, 6.04393339157, 0.000215408290387, 4.14040565491, 7.54499769211]
    dvar2: [63.0808372498, 58.6442260742, 0.209833592176, 54.4278144836, 78.19140625, 24.5388374329, 0.456242948771, 16.8659915924, 17.5399360657, 4.70096874237, 0.000555292179342, 2.03878974915, 3.61130857468]
    kurt: [17.9879512787, 18.2890129089, 40.0164489746, 18.6133651733, 21.3672447205, 26.736536026, 39.9972991943, 30.1964836121, 33.3592605591, 32.4609107971, 22.1009540558, 27.4883174896, 25.6237125397]
    max: [-1103.62963867, 33.9151115417, 0.0122680664062, 8.01086425781e-05, -6.103515625e-05, 2.28881835938e-05, 2.00276565552, 22.4666080475, 26.2744102478, 17.9101657867, 0.0600624084473, -3.0517578125e-05, -3.81469726562e-05]
    mean: [-1119.56982422, 18.8210697174, -0.0191653780639, -18.6729698181, -26.1767463684, -18.3134155273, 0.0110281202942, 17.8703117371, 24.8977890015, 17.3427906036, 0.0540077202022, -16.6332550049, -23.1063861847]
    median: [-1119.3692627, 19.0402641296, 0.0116882324219, -18.9061393738, -26.6101341248, -18.7053146362, -0.0349998474121, 18.3066654205, 25.623134613, 17.9098300934, 0.0572929382324, -17.2564849854, -24.0053367615]
    min: [-1138.42004395, 1.14440917969e-05, -1.36543273926, -32.9824905396, -41.6815185547, -25.3661155701, -0.036693572998, -5.34057617188e-05, -4.57763671875e-05, -2.28881835938e-05, -0.0355110168457, -17.2567443848, -24.0057487488]
    skew: [-1.16202187538, -1.49533712864, -6.48175382614, 1.77259469032, 3.15133786201, 4.64638948441, 6.4795165062, -5.32232570648, -5.80647277832, -5.69889211655, -4.80094337463, 5.18202543259, 5.00309896469]
    var: [14.2477893829, 13.6414642334, 0.0411947332323, 12.9997844696, 21.9952068329, 9.29759502411, 0.0901861861348, 8.30659294128, 15.3711967468, 7.55124998093, 0.000253782432992, 7.52028608322, 15.0438709259]

SpecContrastCoeff:
    dmean: [0.0482468605042, 0.0165676977485, 0.0264175534248, 0.0134060746059, 0.0121199218556, 0.00588510232046]
    dmean2: [0.0854711160064, 0.0286768320948, 0.0328900143504, 0.023474836722, 0.0210630875081, 0.0102466931567]
    dvar: [0.000993957277387, 0.000330090231728, 0.00263693206944, 5.61461929465e-05, 7.03334953869e-05, 4.94822052133e-05]
    dvar2: [0.00259973108768, 0.000574913108721, 0.00174465042073, 0.000198248832021, 0.000180232906132, 0.000133449269924]
    kurt: [0.640073776245, 7.08291816711, 19.4353809357, -0.384149312973, 0.425917387009, 9.42094039917]
    max: [-0.777244329453, -0.850777387619, -0.461185723543, -0.919098377228, -0.911005437374, -0.915737569332]
    mean: [-0.843168377876, -0.949849963188, -0.495669931173, -0.942475378513, -0.931086719036, -0.931153595448]
    median: [-0.846209287643, -0.957538187504, -0.47828233242, -0.943877995014, -0.93295609951, -0.93108934164]
    min: [-0.95826113224, -0.969755589962, -0.960291743279, -0.957159101963, -0.958676636219, -0.96218842268]
    skew: [-0.414273619652, 2.75477600098, -4.40928983688, 0.704547524452, -0.0670515149832, -2.09888625145]
    var: [0.00133358361199, 0.000677024596371, 0.0071530486457, 8.32754085422e-05, 8.97370482562e-05, 4.32616398029e-05]

SpecPeakAmp:
    dmean: [1.33272885705e-06, 6.33085364825e-05, 1.25127371575e-06, 1.14563943043e-06, 1.13305031846e-06]
    dmean2: [1.71038675489e-06, 9.72978014033e-05, 1.99540727408e-06, 1.87684042885e-06, 1.84967893802e-06]
    dvar: [7.115150049e-12, 8.30527540074e-08, 1.47025447372e-11, 9.76428486676e-12, 9.07550336965e-12]
    dvar2: [1.53068564768e-11, 2.13363605894e-07, 3.85054869934e-11, 2.54101410052e-11, 2.34543617167e-11]
    kurt: [13.2967834473, 40.0223426819, 39.0150680542, 38.3037109375, 37.2281723022]
    max: [1.74933320523e-05, 0.00138570007402, 1.94836520677e-05, 1.60091167345e-05, 1.5435849491e-05]
    mean: [8.41381097416e-06, 3.175954771e-05, 1.43070019476e-06, 1.35982622851e-06, 1.4465035747e-06]
    median: [8.43137058837e-06, 9.38912762649e-07, 9.90849912341e-07, 1.08893254946e-06, 1.1542537095e-06]
    min: [6.93412061992e-07, 4.18606305175e-07, 4.63640986936e-07, 4.59707848677e-07, 3.86711178635e-07]
    skew: [0.864625036716, 6.48244857788, 6.363260746, 6.27799701691, 6.15562725067]
    var: [3.76200372937e-12, 4.1662801209e-08, 7.49547559437e-12, 4.97797723181e-12, 4.60010935593e-12]
