
metadata:
    version:
        essentia: "2.1-beta3"

Flux:
    dmean: 0.00290142465383
    dmean2: 0.00387685582973
    dvar: 8.34416787256e-05
    dvar2: 0.000163450007676
    kurt: 9.63029766083
    max: 0.0534005351365
    mean: 0.00368425413035
    median: 0.000102920130303
    min: 8.86049747351e-06
    skew: 3.29775929451
    var: 0.00013580074301

Rms:
    dmean: 0.00114164839033
    dmean2: 0.00090442027431
    dvar: 1.47393384395e-05
    dvar2: 6.44763349555e-06
    kurt: 20.6765537262
    max: 0.0384274944663
    mean: 0.0370066016912
    median: 0.0383406281471
    min: 0.0073564434424
    skew: -4.51549768448
    var: 2.78400002571e-05

RollOff:
    dmean: 7.83025550842
    dmean2: 7.51158237457
    dvar: 2320.31030273
    dvar2: 2067.87182617
    kurt: 39.6880378723
    max: 1098.19335938
    mean: 761.796875
    median: 753.662109375
    min: 753.662109375
    skew: 6.44442558289
    var: 2581.94677734

SpecCent:
    dmean: 14.9282369614
    dmean2: 16.5279445648
    dvar: 4843.77197266
    dvar2: 4027.12670898
    kurt: 39.2648506165
    max: 1255.10766602
    mean: 751.704406738
    median: 739.315673828
    min: 734.64440918
    skew: 6.39717197418
    var: 5810.91894531

Zcr:
    dmean: 0.00140935729723
    dmean2: 0.00136264530011
    dvar: 1.65832625498e-05
    dvar2: 1.1039976016e-05
    kurt: 17.8274497986
    max: 0.03369140625
    mean: 0.0320963524282
    median: 0.03369140625
    min: 0.0009765625
    skew: -4.23280668259
    var: 3.32027047989e-05

HarmonicAmpFreq:
    dmean: [0.976695656776]
    dmean2: [1.2096940279]
    dvar: [22.8083343506]
    dvar2: [21.9721050262]
    kurt: [39.3069534302]
    max: [771.513916016]
    mean: [739.484558105]
    median: [738.516418457]
    min: [738.509643555]
    skew: [6.3986120224]
    var: [23.512052536]

HarmonicAmpMag:
    dmean: [0.0119164055213]
    dmean2: [0.0226708445698]
    dvar: [0.000452288455563]
    dvar2: [0.000904658518266]
    kurt: [-0.316021442413]
    max: [0.0524276904762]
    mean: [0.0403001718223]
    median: [0.0524192973971]
    min: [0]
    skew: [-1.2812435627]
    var: [0.000473694497487]

MfccCoeff:
    dmean: [14.1347160339, 6.30435991287, 1.88378787041, 2.55984401703, 2.69151544571, 2.16377472878, 1.73120987415, 2.1469039917, 1.55471980572, 2.11581754684, 1.57823193073, 2.49676370621, 2.23481369019]
    dmean2: [21.470741272, 9.49634456635, 3.09970021248, 3.77368593216, 3.70462393761, 3.04542851448, 3.16014194489, 3.08429026604, 1.87106716633, 3.05793261528, 2.83650875092, 3.93113040924, 3.21526956558]
    dvar: [3030.02832031, 382.343261719, 24.3126163483, 42.7417564392, 45.6847686768, 9.55680179596, 1.07597756386, 9.12190532684, 23.4407367706, 11.2961874008, 0.764970839024, 14.0360717773, 31.427148819]
    dvar2: [7610.16796875, 907.821044922, 61.5261573792, 83.8969955444, 68.6086959839, 6.48569059372, 3.17397618294, 9.73016834259, 28.0032482147, 12.4210138321, 2.41451430321, 18.2241687775, 39.074546814]
    kurt: [37.2573699951, 22.0284671783, 36.6311988831, 11.9441776276, 16.0464687347, 17.431350708, 0.917487621307, 20.3041801453, 19.6479949951, 17.8941173553, -1.59579217434, 13.6694984436, 14.1337223053]
    max: [-850.263000488, 115.238693237, 0.903839111328, -9.0613822937, -12.0427360535, -7.80619049072, 3.62829971313, 40.3472251892, 56.1841087341, 39.0257720947, 1.82448959351, -3.31311035156, -3.11122131348]
    mean: [-1095.10144043, 39.4322967529, -0.448001861572, -37.0695266724, -51.6814346313, -35.9551239014, -0.357453405857, 34.0521392822, 47.3992767334, 33.02784729, 0.355785876513, -30.9229354858, -42.9199409485]
    median: [-1101.47387695, 36.8219108582, 0.102569580078, -36.3401870728, -51.3742980957, -36.0707511902, -0.343914031982, 34.8536338806, 48.8554420471, 34.1179122925, 0.341419219971, -32.3639945984, -45.2872581482]
    min: [-1128.71508789, 9.61698532104, -24.314868927, -57.9097061157, -73.7376098633, -48.0266838074, -1.8682975769, 6.54069519043, 7.84215927124, 4.44167327881, -1.0570640564, -33.5209007263, -45.5149650574]
    skew: [6.15395593643, 4.13684177399, -6.10442495346, 0.549339175224, 2.15122413635, 3.3146135807, 0.69734865427, -4.40190267563, -4.45688152313, -4.20363140106, 0.046474955976, 3.72548794746, 3.83742976189]
    var: [1408.72595215, 174.387039185, 13.4924869537, 37.2684402466, 57.831489563, 27.0948925018, 1.34304189682, 24.549823761, 53.1144371033, 28.8309497833, 1.12214028835, 31.4701061249, 64.2233581543]

SpecContrastCoeff:
    dmean: [0.0318523384631, 0.0260698795319, 0.033677354455, 0.0159356296062, 0.013845670037, 0.0124311717227]
    dmean2: [0.059795871377, 0.0457863248885, 0.0395222492516, 0.0289093721658, 0.0255048722029, 0.023525249213]
    dvar: [0.00079009734327, 0.000913479772862, 0.00464955158532, 0.000115837479825, 0.000183347423445, 0.000169674793142]
    dvar2: [0.00198556552641, 0.00196180795319, 0.00300258910283, 0.00028881218168, 0.000420720345573, 0.000392006739276]
    kurt: [0.804362297058, 5.5052280426, 21.374835968, 1.33424806595, 2.99940299988, 2.67574834824]
    max: [-0.872350215912, -0.797054827213, -0.294455498457, -0.895991027355, -0.906848371029, -0.914147078991]
    mean: [-0.944372653961, -0.935334801674, -0.335106045008, -0.939559936523, -0.951289057732, -0.955395281315]
    median: [-0.955626487732, -0.948509216309, -0.310783773661, -0.944392442703, -0.957947075367, -0.961385905743]
    min: [-0.96957886219, -0.958615064621, -0.947071194649, -0.951651155949, -0.960688829422, -0.963363349438]
    skew: [1.34627461433, 2.53761482239, -4.57641983032, 1.27365362644, 1.91798090935, 1.89219200611]
    var: [0.000722484895959, 0.00142025528476, 0.0116556622088, 0.000166304860613, 0.000177334397449, 0.000144154997543]

SpecPeakAmp:
    dmean: [3.42515850207e-05, 0.00142032594886, 0.0142971845344, 0.0238224547356, 0.0238261539489]
    dmean2: [5.51146913494e-05, 0.00218099215999, 0.0292397011071, 0.0487463697791, 0.0487522631884]
    dvar: [9.84125492209e-09, 4.18047093262e-05, 0.000543738831766, 0.000679852790199, 0.000679916294757]
    dvar2: [2.57188599306e-08, 0.00010736000695, 0.00131345691625, 0.00158090144396, 0.00145299837459]
    kurt: [38.4936408997, 40.0223312378, 1.61276340485, -1.13221204281, -1.33410167694]
    max: [0.000503394694533, 0.0310976579785, 0.0524268932641, 0.0524276904762, 0.0524276830256]
    mean: [3.67107095371e-05, 0.000713182089385, 0.00818104669452, 0.0151717728004, 0.0163344666362]
    median: [2.71709668596e-05, 2.22786147788e-05, 3.00162664644e-05, 4.23666133429e-05, 4.10882239521e-05]
    min: [9.84827875072e-06, 6.27861390967e-06, 9.03121690499e-06, 1.1574533346e-05, 8.609530596e-06]
    skew: [6.30057144165, 6.48244714737, 1.90072250366, 0.931549012661, 0.816023826599]
    var: [5.04042318994e-09, 2.09822865145e-05, 0.000360498961527, 0.000563695793971, 0.000588190974668]
