
metadata:
    version:
        essentia: "2.1-beta3"

Flux:
    dmean: 0.0254070833325
    dmean2: 0.0334845632315
    dvar: 0.00679227150977
    dvar2: 0.0130108818412
    kurt: 9.47231006622
    max: 0.492444068193
    mean: 0.0332132615149
    median: 0.00088992837118
    min: 7.69325051806e-05
    skew: 3.27584815025
    var: 0.0114914830774

Rms:
    dmean: 0.0104872426018
    dmean2: 0.00835050921887
    dvar: 0.00125042244326
    dvar2: 0.000550321477931
    kurt: 20.8822994232
    max: 0.354105085135
    mean: 0.341075628996
    median: 0.353374958038
    min: 0.0676426738501
    skew: -4.53577566147
    var: 0.00235398951918

RollOff:
    dmean: 7.34086465836
    dmean2: 7.01081037521
    dvar: 2022.12854004
    dvar2: 1783.99743652
    kurt: 39.6422195435
    max: 1076.66015625
    mean: 761.31829834
    median: 753.662109375
    min: 753.662109375
    skew: 6.4393248558
    var: 2270.07983398

SpecCent:
    dmean: 13.7021188736
    dmean2: 15.4477853775
    dvar: 3953.77636719
    dvar2: 3332.14086914
    kurt: 39.3352546692
    max: 1203.07556152
    mean: 750.424194336
    median: 738.929870605
    min: 736.227294922
    skew: 6.40477275848
    var: 4694.37451172

Zcr:
    dmean: 0.00143155187834
    dmean2: 0.00140806683339
    dvar: 1.6531055735e-05
    dvar2: 1.09584907477e-05
    kurt: 17.8324184418
    max: 0.03369140625
    mean: 0.0320855043828
    median: 0.03369140625
    min: 0.0009765625
    skew: -4.23310661316
    var: 3.31732662744e-05

HarmonicAmpFreq:
    dmean: [0.719945728779]
    dmean2: [0.74739253521]
    dvar: [19.5288391113]
    dvar2: [18.9697799683]
    kurt: [39.7620315552]
    max: [768.930236816]
    mean: [739.254943848]
    median: [738.514099121]
    min: [738.50958252]
    skew: [6.45222520828]
    var: [20.0751152039]

HarmonicAmpMag:
    dmean: [0.0219914186746]
    dmean2: [0.0292101819068]
    dvar: [0.0075565604493]
    dvar2: [0.0110816815868]
    kurt: [8.72944259644]
    max: [0.48311278224]
    mean: [0.446512550116]
    median: [0.483060866594]
    min: [0]
    skew: [-3.23081827164]
    var: [0.0150627428666]

MfccCoeff:
    dmean: [27.1058731079, 18.7656021118, 33.8698692322, 11.8823232651, 7.58542442322, 6.03942108154, 2.51394057274, 2.57876300812, 3.229616642, 2.29377007484, 1.59182393551, 1.87311792374, 2.20406365395]
    dmean2: [41.0560379028, 35.1199913025, 60.9474945068, 21.6741199493, 11.8455133438, 11.4909114838, 4.66443729401, 3.48629593849, 4.79450893402, 3.58545064926, 2.93028283119, 2.47853112221, 2.56356978416]
    dvar: [7467.42382812, 143.905044556, 326.850799561, 56.3710365295, 36.4496154785, 34.4427375793, 2.49869966507, 11.5192346573, 27.3482036591, 12.3481016159, 1.01599633694, 15.9788045883, 30.0580673218]
    dvar2: [18135.1484375, 304.602508545, 917.075500488, 125.048202515, 89.7074661255, 65.5045776367, 5.98639917374, 13.7906007767, 35.5440864563, 18.4237251282, 2.05853557587, 16.9810943604, 24.4654960632]
    kurt: [27.9189338684, -0.824317455292, -1.37887048721, 0.633022546768, 9.2444190979, 4.2633190155, -0.191357374191, 12.2089796066, 13.1444034576, 12.9737348557, -0.0514347553253, 16.1018238068, 17.4284973145]
    max: [-608.203125, 135.25100708, 31.550693512, -37.1989212036, -29.539440155, -18.4179534912, 3.64311599731, 43.3210220337, 58.1259040833, 38.9940338135, 1.95650100708, 0.111976623535, 3.34917449951]
    mean: [-990.335266113, 122.588378906, -0.0886495783925, -63.1372337341, -69.2632522583, -42.7765579224, -0.138590276241, 35.5810623169, 47.4844932556, 32.2659873962, -0.818030238152, -31.1314964294, -42.0233573914]
    median: [-1002.19915771, 129.07800293, 4.24130249023, -61.9001235962, -69.5397338867, -41.9454612732, -0.182323455811, 36.5955162048, 49.2031669617, 33.4327011108, -0.595958709717, -32.6124839783, -44.0471305847]
    min: [-1025.48486328, 92.4267044067, -35.256893158, -79.1422195435, -92.1936035156, -53.775188446, -4.25519943237, 10.4787693024, 11.8562355042, 8.25872993469, -3.51729202271, -34.0621452332, -45.2807731628]
    skew: [5.28807210922, -0.798601210117, -0.197140842676, 0.327829688787, 2.06586742401, 1.31811869144, -0.187304511666, -3.31284594536, -3.5586168766, -3.5631301403, -0.521885454655, 4.06033182144, 4.20653057098]
    var: [3970.60302734, 176.086898804, 493.654418945, 87.2944259644, 74.6312866211, 40.986125946, 4.1029958725, 26.6602268219, 53.5295562744, 24.6435565948, 1.67015755177, 36.2543144226, 72.4934463501]

SpecContrastCoeff:
    dmean: [0.0387894585729, 0.0294912680984, 0.0324241183698, 0.0144608607516, 0.00944865308702, 0.00512498198077]
    dmean2: [0.076498426497, 0.0525113381445, 0.0327435992658, 0.0265717171133, 0.016301644966, 0.008166346699]
    dvar: [0.00130163587164, 0.00119565275963, 0.00804946664721, 0.00010048715194, 0.000111991299491, 9.16176722967e-05]
    dvar2: [0.00263424799778, 0.00235364958644, 0.00368495215662, 0.000215651016333, 0.000206902317586, 0.000198352805455]
    kurt: [0.103962421417, 7.3516998291, 25.2121601105, 2.76440811157, 11.6512422562, 12.8191757202]
    max: [-0.878826379776, -0.763071417809, -0.123176090419, -0.880811333656, -0.883027017117, -0.903547346592]
    mean: [-0.960295438766, -0.92107796669, -0.163051307201, -0.927858293056, -0.945340871811, -0.954147338867]
    median: [-0.979789674282, -0.937517046928, -0.134082168341, -0.932305514812, -0.950568556786, -0.95739877224]
    min: [-0.986104428768, -0.947483479977, -0.931459069252, -0.939324617386, -0.951882123947, -0.958985507488]
    skew: [1.2576636076, 2.84795570374, -4.95598888397, 1.62044203281, 3.19030213356, 3.57723402977]
    var: [0.00117375061382, 0.00187677936628, 0.0167655516416, 0.000170174316736, 0.000156498019351, 0.000105898412585]

SpecPeakAmp:
    dmean: [0.000347010034602, 0.0878100916743, 0.100842162967, 0.0001960475347, 0.000141660668305]
    dmean2: [0.000548228097614, 0.179311960936, 0.199685096741, 0.000324937078403, 0.000211070786463]
    dvar: [1.29264583393e-06, 0.0345235988498, 0.0359325967729, 2.42710228804e-07, 1.99889896635e-07]
    dvar2: [3.27854445459e-06, 0.0973766893148, 0.0953343063593, 6.43904115805e-07, 5.08219784479e-07]
    kurt: [39.2189788818, 6.3469247818, 1.37848711014, 34.6660614014, 34.0599975586]
    max: [0.00576673541218, 0.483022272587, 0.48311278224, 0.00253170379438, 0.00226079649292]
    mean: [0.000306010304485, 0.0433805882931, 0.403617322445, 0.000359385623597, 0.000144314748468]
    median: [0.000197930115974, 0.000371971575078, 0.483060866594, 0.00032525631832, 7.97260436229e-05]
    min: [1.57366175699e-05, 0.000151235435624, 0.000165757810464, 9.31592367124e-05, 3.55231568392e-05]
    skew: [6.38724756241, 2.88903141022, -1.81846022606, 5.81168746948, 5.84898900986]
    var: [6.84149426888e-07, 0.0188575126231, 0.0307907760143, 1.14684034713e-07, 1.09849153773e-07]
