
metadata:
    version:
        essentia: "2.1-beta3"

Flux:
    dmean: 0.0140157341957
    dmean2: 0
    dvar: 0
    dvar2: 0
    kurt: -1.99999988079
    max: 0.2954210639
    mean: 0.288413196802
    median: 0.288413196802
    min: 0.281405329704
    skew: 0
    var: 4.91102000524e-05

Rms:
    dmean: 0
    dmean2: 0
    dvar: 0
    dvar2: 0
    kurt: 0
    max: 0.10152425617
    mean: 0.10152425617
    median: 0.10152425617
    min: 0.10152425617
    skew: 0
    var: 0

RollOff:
    dmean: 258.3984375
    dmean2: 0
    dvar: 0
    dvar2: 0
    kurt: -1.99999988079
    max: 1313.52539062
    mean: 1184.32617188
    median: 1184.32617188
    min: 1055.12695312
    skew: 0
    var: 16692.4375

SpecCent:
    dmean: 243.451782227
    dmean2: 0
    dvar: 0
    dvar2: 0
    kurt: -2
    max: 1192.35632324
    mean: 1070.63037109
    median: 1070.63037109
    min: 948.904541016
    skew: 1.49004574723e-06
    var: 14817.1923828

Zcr:
    dmean: 0.00048828125
    dmean2: 0
    dvar: 0
    dvar2: 0
    kurt: -2
    max: 0.013671875
    mean: 0.013427734375
    median: 0.013427734375
    min: 0.01318359375
    skew: 0
    var: 5.96046447754e-08

HarmonicAmpFreq:
    dmean: [34.9029541016]
    dmean2: [0]
    dvar: [0]
    dvar2: [0]
    kurt: [-1.99999988079]
    max: [961.538818359]
    mean: [944.087341309]
    median: [944.087341309]
    min: [926.635864258]
    skew: [0]
    var: [304.554046631]

HarmonicAmpMag:
    dmean: [0.0830827355385]
    dmean2: [0]
    dvar: [0]
    dvar2: [0]
    kurt: [-1.99999988079]
    max: [0.0830827355385]
    mean: [0.0415413677692]
    median: [0.0415413677692]
    min: [0]
    skew: [0]
    var: [0.00172568520065]

MfccCoeff:
    dmean: [404.934936523, 8.58023071289, 24.3816986084, 61.3657073975, 5.82494354248, 45.851688385, 28.4915485382, 13.259557724, 23.3690223694, 7.41656112671, 10.8514842987, 9.81854629517, 0.892501831055]
    dmean2: [0, 0, 0, 0, 0, 0, 0, 0, 0, 0, 0, 0, 0]
    dvar: [0, 0, 0, 0, 0, 0, 0, 0, 0, 0, 0, 0, 0]
    dvar2: [0, 0, 0, 0, 0, 0, 0, 0, 0, 0, 0, 0, 0]
    kurt: [-1.99999988079, -2, -2, -2, -1.99999988079, -2, -1.99999988079, -2, -2, -2, -2, -2, -2]
    max: [-603.05065918, 101.387275696, -44.0406188965, -58.0949935913, -45.1842651367, 33.2510375977, 40.5721664429, 18.8621501923, 5.52700424194, -6.4361000061, 0.375667572021, 5.3184967041, 1.02734375]
    mean: [-805.518127441, 97.0971603394, -56.2314682007, -88.77784729, -48.096736908, 10.3251934052, 26.3263931274, 12.2323713303, -6.15750694275, -10.1443805695, -5.05007457733, 0.409223556519, 0.581092834473]
    median: [-805.518127441, 97.0971603394, -56.2314682007, -88.77784729, -48.096736908, 10.3251934052, 26.3263931274, 12.2323713303, -6.15750694275, -10.1443805695, -5.05007457733, 0.409223556519, 0.581092834473]
    min: [-1007.9855957, 92.8070449829, -68.4223175049, -119.460700989, -51.0092086792, -12.6006507874, 12.0806179047, 5.60259246826, -17.8420181274, -13.8526611328, -10.4758167267, -4.50004959106, 0.134841918945]
    skew: [0, 0, 0, 0, 0, 0, -1.68893095065e-07, 0, 0, 0, 0, 0, 0]
    var: [40993.0742188, 18.405090332, 148.61680603, 941.4375, 8.48249149323, 525.594360352, 202.942077637, 43.9539680481, 136.527801514, 13.7513446808, 29.4386787415, 24.1009635925, 0.199139878154]

SpecContrastCoeff:
    dmean: [0.0213551521301, 0.0982905030251, 0.0167694687843, 0.235484302044, 0.0204887986183, 0.0244944095612]
    dmean2: [0, 0, 0, 0, 0, 0]
    dvar: [0, 0, 0, 0, 0, 0]
    dvar2: [0, 0, 0, 0, 0, 0]
    kurt: [-2, -1.99999988079, -1.99999988079, -1.99999988079, -2, -2]
    max: [-0.897438287735, -0.788111925125, -0.755755901337, -0.58196169138, -0.922449946404, -0.934276878834]
    mean: [-0.9081158638, -0.837257146835, -0.764140605927, -0.699703812599, -0.93269431591, -0.946524083614]
    median: [-0.9081158638, -0.837257146835, -0.764140605927, -0.699703812599, -0.93269431591, -0.946524083614]
    min: [-0.918793439865, -0.88640242815, -0.772525370121, -0.817445993423, -0.942938745022, -0.958771288395]
    skew: [0, -1.80828772045e-06, -1.06555189632e-05, -7.84525354902e-07, -8.72377859196e-06, 0]
    var: [0.000114010632387, 0.00241525564343, 7.03037658241e-05, 0.0138632133603, 0.000104947714135, 0.000149994026287]

SpecPeakAmp:
    dmean: [0.0830466523767, 0.0422646552324, 0.0230430737138, 0.0128042222932, 0.00843933131546]
    dmean2: [0, 0, 0, 0, 0]
    dvar: [0, 0, 0, 0, 0]
    dvar2: [0, 0, 0, 0, 0]
    kurt: [-2, -2, -2, -2, -2]
    max: [0.0830827355385, 0.04231351614, 0.0231027174741, 0.0128810321912, 0.00853985548019]
    mean: [0.0415594093502, 0.0211811885238, 0.0115811806172, 0.00647892104462, 0.00432018982247]
    median: [0.0415594093502, 0.0211811885238, 0.0115811806172, 0.00647892104462, 0.00432018982247]
    min: [3.60820376955e-05, 4.88608748128e-05, 5.96436511842e-05, 7.68101381254e-05, 0.000100524172012]
    skew: [0, 0, 0, 5.41565015055e-08, 0]
    var: [0.00172418658622, 0.000446575257229, 0.00013274581579, 4.09870262956e-05, 1.78055779543e-05]
