
metadata:
    version:
        essentia: "2.1-beta3"

Flux:
    dmean: 4.98749432154e-06
    dmean2: 7.37055415811e-06
    dvar: 3.2209843126e-10
    dvar2: 7.00265567755e-10
    kurt: 14.2638683319
    max: 9.59395547397e-05
    mean: 6.01028114033e-06
    median: 1.29771910906e-06
    min: 7.54617587972e-07
    skew: 3.89138650894
    var: 3.27889243534e-10

Rms:
    dmean: 1.33421372084e-06
    dmean2: 1.26384293253e-06
    dvar: 2.49600808772e-11
    dvar2: 1.87898065163e-11
    kurt: 19.6578807831
    max: 7.73946521804e-05
    mean: 7.5895259215e-05
    median: 7.72579223849e-05
    min: 4.46333324362e-05
    skew: -4.50717639923
    var: 3.31852011148e-11

RollOff:
    dmean: 1.00154435635
    dmean2: 1.025390625
    dvar: 20.5633563995
    dvar2: 21.0285148621
    kurt: 17.0510482788
    max: 1507.32421875
    mean: 1486.7689209
    median: 1485.79101562
    min: 1485.79101562
    skew: 4.36493968964
    var: 20.1182975769

SpecCent:
    dmean: 3.59861302376
    dmean2: 5.06679582596
    dvar: 7.88469552994
    dvar2: 15.0530109406
    kurt: 8.92942428589
    max: 1633.38134766
    mean: 1612.5925293
    median: 1611.60290527
    min: 1607.83251953
    skew: 2.76118087769
    var: 20.5615539551

Zcr:
    dmean: 0.00185092655011
    dmean2: 0.00209263386205
    dvar: 4.53168395325e-05
    dvar2: 4.06592989748e-05
    kurt: 17.4527378082
    max: 0.0673828125
    mean: 0.0654629766941
    median: 0.06689453125
    min: 0.03076171875
    skew: -4.3840842247
    var: 4.9335314543e-05

HarmonicAmpFreq:
    dmean: [0]
    dmean2: [0]
    dvar: [0]
    dvar2: [0]
    kurt: [-2]
    max: [1479.96313477]
    mean: [1479.96386719]
    median: [1479.96313477]
    min: [1479.96313477]
    skew: [-1]
    var: [5.36441802979e-07]

HarmonicAmpMag:
    dmean: [0]
    dmean2: [0]
    dvar: [0]
    dvar2: [0]
    kurt: [nan]
    max: [0]
    mean: [0]
    median: [0]
    min: [0]
    skew: [nan]
    var: [0]

MfccCoeff:
    dmean: [0.0410780794919, 0.0177058726549, 0.0471468195319, 0.0462518744171, 0.018654756248, 0.0569876730442, 0.0160926990211, 0.0462259687483, 0.0435851328075, 0.0188804455101, 0.0536811314523, 0.0138574643061, 0.0435311943293]
    dmean2: [0.042372930795, 0.0182698573917, 0.0486450195312, 0.0477309450507, 0.0192435123026, 0.0588026493788, 0.016613189131, 0.0476897098124, 0.0449843630195, 0.0194772984833, 0.0553921274841, 0.014318739064, 0.0449051633477]
    dvar: [0.0317656472325, 0.00590074760839, 0.0418448112905, 0.0402467772365, 0.00656332587823, 0.0611202865839, 0.00485121272504, 0.0402586832643, 0.0357081890106, 0.0067409388721, 0.0542330592871, 0.00357845635153, 0.0357270874083]
    dvar2: [0.0316344723105, 0.00587647221982, 0.0416790693998, 0.0400780700147, 0.00654156738892, 0.0608728341758, 0.00482605397701, 0.040107421577, 0.0355510413647, 0.00672317668796, 0.054013967514, 0.00355530064553, 0.03560090065]
    kurt: [17.0040779114, 17.0328292847, 17.0330543518, 17.0327472687, 17.0339183807, 17.0329475403, 17.0311393738, 17.0333614349, 17.0324325562, 17.0349655151, 17.0329418182, 17.0290660858, 17.0336933136]
    max: [-1137.55883789, 0.371166229248, -6.103515625e-05, 8.01086425781e-05, 0.391143798828, 1.194480896, 0.336826324463, -5.34057617188e-05, -4.57763671875e-05, 0.396179199219, 1.12512588501, 0.289581298828, -3.81469726562e-05]
    mean: [-1137.60107422, 0.353109538555, -0.940258383751, -0.922113239765, 0.372147291899, 1.13637399673, 0.32036626339, -0.922130763531, -0.868808031082, 0.377002358437, 1.07038652897, 0.275370687246, -0.86854416132]
    median: [-1137.56152344, 0.370037078857, -0.985427856445, -0.966381072998, 0.39005279541, 1.19095611572, 0.335742950439, -0.966457366943, -0.910514831543, 0.395122528076, 1.12179946899, 0.288619995117, -0.910320281982]
    min: [-1138.42004395, 1.14440917969e-05, -0.988327026367, -0.969310760498, -6.103515625e-05, 2.28881835938e-05, -2.67028808594e-05, -0.96923828125, -0.913291931152, -2.28881835938e-05, -2.67028808594e-05, -3.0517578125e-05, -0.912879943848]
    skew: [-4.35678339005, -4.3617272377, 4.36176776886, 4.36171388626, -4.36191987991, -4.36174869537, -4.36143064499, 4.3618221283, 4.36165904999, -4.36210441589, -4.36174917221, -4.36106443405, 4.36188077927]
    var: [0.0319734923542, 0.00593926291913, 0.0421092361212, 0.0405122749507, 0.00659936480224, 0.0615128166974, 0.00489019416273, 0.040501460433, 0.0359540618956, 0.00677110301331, 0.0545812509954, 0.00361338653602, 0.0359317213297]

SpecContrastCoeff:
    dmean: [0.020085375756, 0.014352102764, 0.0181147027761, 0.0132137257606, 0.00617510220036, 0.00610386347398]
    dmean2: [0.0296812020242, 0.0231970697641, 0.0280310120434, 0.017211349681, 0.00973959639668, 0.00885791890323]
    dvar: [0.00119715952314, 0.000348808738636, 0.000190148581169, 0.000980415148661, 7.55648943596e-05, 6.15774915786e-05]
    dvar2: [0.00127172167413, 0.000493039784487, 0.000287388480501, 0.000963236612733, 8.73312019394e-05, 6.38071578578e-05]
    kurt: [14.21525383, 10.6190071106, 6.05552577972, 20.0111293793, 17.7068920135, 13.8674678802]
    max: [-0.664958775043, -0.854589104652, -0.847396671772, -0.60944712162, -0.884927928448, -0.879465579987]
    mean: [-0.701025247574, -0.887157082558, -0.881604611874, -0.629908621311, -0.896288454533, -0.889668524265]
    median: [-0.694797754288, -0.88444173336, -0.881686389446, -0.622572779655, -0.894978046417, -0.889050900936]
    min: [-0.869762420654, -0.979721903801, -0.960577607155, -0.813893973827, -0.947322309017, -0.938517272472]
    skew: [-3.82865166664, -2.87999153137, -1.84706270695, -4.50912714005, -3.92495179176, -3.49019908905]
    var: [0.00142913882155, 0.000388555054087, 0.000344445637893, 0.00113343563862, 8.89282455319e-05, 9.47748703766e-05]

SpecPeakAmp:
    dmean: [1.421163347e-07, 4.77052033432e-08, 4.19239682969e-08, 5.52358017103e-08, 4.58643683032e-08]
    dmean2: [1.96680659315e-07, 5.96937539399e-08, 6.36454515757e-08, 8.07445417195e-08, 6.47925730846e-08]
    dvar: [1.15334337133e-13, 1.32196906416e-14, 8.53194519023e-15, 1.48089412911e-14, 1.42143783723e-14]
    dvar2: [1.12637946659e-13, 1.21505182218e-14, 1.16763381665e-14, 1.55395360073e-14, 1.53822724821e-14]
    kurt: [25.5175971985, 18.2694377899, 28.7558708191, 27.5771026611, 32.4997406006]
    max: [8.48644685902e-06, 8.44219243845e-07, 7.87118551671e-07, 8.90016735866e-07, 8.38420646687e-07]
    mean: [8.30798126117e-06, 1.91882335798e-07, 2.49531012741e-07, 1.02928282786e-07, 1.20605079701e-07]
    median: [8.36577601149e-06, 1.71651421965e-07, 2.40405341856e-07, 8.55814477063e-08, 1.06339385297e-07]
    min: [6.22066636424e-06, 1.11478499321e-07, 6.08388788237e-08, 2.05592609603e-08, 3.65156367366e-08]
    skew: [-5.02992153168, 4.34429454803, 4.9086265564, 5.12439632416, 5.60984039307]
    var: [1.2520538805e-13, 1.53787962589e-14, 7.79138004928e-15, 1.697538899e-14, 1.30429063952e-14]
