
metadata:
    version:
        essentia: "2.1-beta3"

Flux:
    dmean: 0.000124684767798
    dmean2: 0.000165376623045
    dvar: 1.6699111427e-07
    dvar2: 3.29546338662e-07
    kurt: 9.56067371368
    max: 0.0023726078216
    mean: 0.000162546290085
    median: 5.46608907825e-06
    min: 2.19321441364e-06
    skew: 3.29208922386
    var: 2.70781725931e-07

Rms:
    dmean: 5.00977839692e-05
    dmean2: 3.82459038519e-05
    dvar: 3.0612383739e-08
    dvar2: 1.37479245765e-08
    kurt: 20.9858932495
    max: 0.00171525380574
    mean: 0.00165264937095
    median: 0.00171312689781
    min: 0.000305120076519
    skew: -4.54625701904
    var: 5.70197506988e-08

RollOff:
    dmean: 8.31964683533
    dmean2: 8.01235485077
    dvar: 2322.94506836
    dvar2: 2070.88134766
    kurt: 39.3711357117
    max: 1830.32226562
    mean: 1494.40344238
    median: 1485.79101562
    min: 1485.79101562
    skew: 6.40817022324
    var: 2584.23657227

SpecCent:
    dmean: 13.0108366013
    dmean2: 14.4887495041
    dvar: 3807.51074219
    dvar2: 3391.36010742
    kurt: 39.6600761414
    max: 1918.48291016
    mean: 1486.91943359
    median: 1476.89904785
    min: 1471.45654297
    skew: 6.44066333771
    var: 4250.85742188

Zcr:
    dmean: 0.00249689281918
    dmean2: 0.00208938959986
    dvar: 6.55241019558e-05
    dvar2: 4.2386684072e-05
    kurt: 17.7234783173
    max: 0.0673828125
    mean: 0.0642035603523
    median: 0.06689453125
    min: 0.0029296875
    skew: -4.22655916214
    var: 0.000129282474518

HarmonicAmpFreq:
    dmean: [0.269140064716]
    dmean2: [0.275399148464]
    dvar: [3.11476421356]
    dvar2: [3.18547654152]
    kurt: [40.0332336426]
    max: [1491.62097168]
    mean: [1480.04125977]
    median: [1479.77880859]
    min: [1479.77880859]
    skew: [6.48370981216]
    var: [3.04712152481]

HarmonicAmpMag:
    dmean: [5.69826887897e-08]
    dmean2: [5.83078687555e-08]
    dvar: [1.39622159862e-13]
    dvar2: [1.42791919781e-13]
    kurt: [40.0227241516]
    max: [2.5072383778e-06]
    mean: [5.57164092641e-08]
    median: [0]
    min: [0]
    skew: [6.48249340057]
    var: [1.36590012304e-13]

MfccCoeff:
    dmean: [0.880870461464, 0.375312119722, 0.991918206215, 0.940584182739, 0.373978018761, 1.0662497282, 0.275846302509, 0.761728823185, 0.654468715191, 0.260987967253, 0.700710475445, 0.211654320359, 0.547522008419]
    dmean2: [1.07730460167, 0.45614695549, 1.20905852318, 1.13165187836, 0.455202668905, 1.25551569462, 0.307004362345, 0.866398274899, 0.705885052681, 0.287440001965, 0.696492910385, 0.187822386622, 0.491201281548]
    dvar: [16.0350990295, 2.93086075783, 20.4102325439, 18.628276825, 2.90742206573, 24.600446701, 1.78352439404, 13.1816101074, 10.5551137924, 1.62703704834, 12.3217353821, 0.875689148903, 6.00691080093]
    dvar2: [26.3639144897, 4.73785686493, 33.253200531, 29.2919998169, 4.71838331223, 36.4589347839, 2.26491594315, 17.759431839, 12.3311357498, 2.00856184959, 11.7285089493, 0.607165694237, 4.30052137375]
    kurt: [24.4132518768, 25.0987758636, 24.7911548615, 26.1636123657, 24.9678153992, 28.1474514008, 31.3812484741, 30.4746818542, 32.2569465637, 31.8279914856, 32.6689529419, 30.8424415588, 31.1912460327]
    max: [-1112.91894531, 10.9278068542, -6.103515625e-05, 8.01086425781e-05, 10.8795013428, 31.949005127, 8.65570449829, -5.34057617188e-05, -4.57763671875e-05, 8.27251625061, 23.4148216248, 7.06022644043, -3.81469726562e-05]
    mean: [-1120.85595703, 7.66075325012, -20.0335350037, -19.9182720184, 7.59712982178, 24.2865200043, 7.38758182526, -19.2597484589, -18.9407272339, 7.19408559799, 22.7096786499, 6.8256688118, -17.7022895813]
    median: [-1120.49951172, 7.82065963745, -20.4461860657, -20.3520622253, 7.75459289551, 24.8565368652, 7.5860786438, -19.7544403076, -19.47605896, 7.39057350159, 23.4142570496, 7.06005096436, -18.3035697937]
    min: [-1138.42004395, 1.14440917969e-05, -28.8080101013, -27.6441116333, -6.103515625e-05, 2.28881835938e-05, -2.67028808594e-05, -23.509765625, -21.0481491089, -2.28881835938e-05, -2.67028808594e-05, -3.0517578125e-05, -18.303943634]
    skew: [-4.16944217682, -4.34064865112, 4.2642621994, 4.58741283417, -4.3052740097, -4.99817419052, -5.55933952332, 5.41262197495, 5.68614578247, -5.62092399597, -5.74021625519, -5.53061008453, 5.5676817894]
    var: [9.00064182281, 1.68424594402, 11.602191925, 11.1196203232, 1.66163158417, 15.8963003159, 1.39367234707, 9.60647010803, 9.04255485535, 1.31267476082, 12.9217023849, 1.19868218899, 8.01967430115]

SpecContrastCoeff:
    dmean: [0.0477160327137, 0.0207265242934, 0.0164128467441, 0.0198594797403, 0.0053791035898, 0.00463651819155]
    dmean2: [0.0825132876635, 0.0331737995148, 0.0255914740264, 0.023903703317, 0.00909875053912, 0.00818940810859]
    dvar: [0.00123134662863, 0.000229425626458, 0.000197053086595, 0.00207628170028, 1.94968797587e-05, 2.71064527624e-05]
    dvar2: [0.00259081227705, 0.000690965098329, 0.000481913826661, 0.00173902756069, 5.37566047569e-05, 5.6744687754e-05]
    kurt: [3.78471136093, 0.237821817398, 7.32202720642, 18.65625, 0.792586326599, 9.57929325104]
    max: [-0.735352098942, -0.903903663158, -0.874475598335, -0.499449551105, -0.916734695435, -0.918547272682]
    mean: [-0.799756526947, -0.948621451855, -0.95065331459, -0.526694834232, -0.930773258209, -0.926757752895]
    median: [-0.802209734917, -0.951501369476, -0.955439627171, -0.510687947273, -0.930346369743, -0.925492107868]
    min: [-0.966592907906, -0.986807703972, -0.968598425388, -0.918167412281, -0.942401051521, -0.959582328796]
    skew: [-1.63764488697, 0.678618192673, 2.48544239998, -4.35892772675, -0.143633618951, -2.94575977325]
    var: [0.0023639628198, 0.000303543929476, 0.000307494367007, 0.00526636652648, 2.64001264441e-05, 6.33657182334e-05]

SpecPeakAmp:
    dmean: [1.17601769034e-06, 4.91867979235e-07, 6.02884426826e-07, 5.56519182737e-07, 6.56990380321e-07]
    dmean2: [1.89021193364e-06, 8.10699020803e-07, 9.5154086921e-07, 8.82278584413e-07, 1.04299431314e-06]
    dvar: [2.60611562712e-12, 1.2722865296e-12, 1.8461048662e-12, 1.82593111638e-12, 3.15054839856e-12]
    dvar2: [4.54091495308e-12, 3.50609558747e-12, 4.87782340561e-12, 4.82274636893e-12, 8.21273691415e-12]
    kurt: [17.6192588806, 28.7784767151, 34.945728302, 36.7708892822, 37.756275177]
    max: [1.15219918371e-05, 6.83974303683e-06, 7.25295603843e-06, 7.11524899089e-06, 9.08113543119e-06]
    mean: [8.22810670797e-06, 6.88531940796e-07, 7.02655370333e-07, 7.02532190644e-07, 7.64020967381e-07]
    median: [8.42924782773e-06, 5.25123255102e-07, 5.47248191651e-07, 5.31028888417e-07, 5.75250453494e-07]
    min: [5.14207272317e-07, 1.91886755374e-07, 1.81206715411e-07, 1.84459878483e-07, 1.57567299652e-07]
    skew: [-3.40366911888, 5.26791763306, 5.89195919037, 6.09828281403, 6.21397590637]
    var: [1.99853154859e-12, 1.00498331445e-12, 1.03864800875e-12, 9.72168200976e-13, 1.61536821246e-12]
