
metadata:
    version:
        essentia: "2.1-beta3"

Flux:
    dmean: 0.00280612707138
    dmean2: 0.00372340274043
    dvar: 8.37668267195e-05
    dvar2: 0.000164969067555
    kurt: 9.57067203522
    max: 0.0531773976982
    mean: 0.00358390202746
    median: 6.61785379634e-05
    min: 1.34836182042e-05
    skew: 3.29310178757
    var: 0.000136150512844

Rms:
    dmean: 0.00111779430881
    dmean2: 0.000854710349813
    dvar: 1.52497232193e-05
    dvar2: 6.84834503772e-06
    kurt: 20.9128246307
    max: 0.0383955910802
    mean: 0.03699696064
    median: 0.0383483320475
    min: 0.00694544846192
    skew: -4.53946447372
    var: 2.84173656837e-05

RollOff:
    dmean: 7.83025550842
    dmean2: 7.51158237457
    dvar: 2025.24182129
    dvar2: 1787.50793457
    kurt: 39.2821998596
    max: 1808.7890625
    mean: 1493.92504883
    median: 1485.79101562
    min: 1485.79101562
    skew: 6.39822053909
    var: 2272.82763672

SpecCent:
    dmean: 12.745308876
    dmean2: 14.1926355362
    dvar: 3648.78979492
    dvar2: 3225.35498047
    kurt: 39.6033210754
    max: 1911.65161133
    mean: 1486.64379883
    median: 1476.70068359
    min: 1472.47521973
    skew: 6.43433856964
    var: 4125.44091797

Zcr:
    dmean: 0.00249689281918
    dmean2: 0.00208938959986
    dvar: 6.55241019558e-05
    dvar2: 4.23866877099e-05
    kurt: 17.7234783173
    max: 0.0673828125
    mean: 0.0642035603523
    median: 0.06689453125
    min: 0.0029296875
    skew: -4.22655916214
    var: 0.000129282474518

HarmonicAmpFreq:
    dmean: [0.131472498178]
    dmean2: [0.134530007839]
    dvar: [0.743255794048]
    dvar2: [0.760129451752]
    kurt: [40.0341835022]
    max: [1485.56286621]
    mean: [1479.90625]
    median: [1479.77807617]
    min: [1479.77807617]
    skew: [6.48381900787]
    var: [0.727114677429]

HarmonicAmpMag:
    dmean: [1.32264369768e-06]
    dmean2: [1.35340292218e-06]
    dvar: [7.52236120616e-11]
    dvar2: [7.69313709958e-11]
    kurt: [40.0227355957]
    max: [5.81963249715e-05]
    mean: [1.29325167109e-06]
    median: [0]
    min: [0]
    skew: [6.48249483109]
    var: [7.35899952087e-11]

MfccCoeff:
    dmean: [10.5278129578, 0.62780380249, 4.37901353836, 2.13748311996, 0.565676748753, 1.20478391647, 0.518697202206, 0.93772405386, 0.964003622532, 0.487530499697, 1.2142239809, 0.460683643818, 1.03873634338]
    dmean2: [15.6142206192, 0.722324967384, 6.11883354187, 2.68104243279, 1.03681409359, 0.837218105793, 0.883579313755, 0.790576756001, 0.811827540398, 0.715810000896, 1.47557199001, 0.71488648653, 1.035779953]
    dvar: [2195.91308594, 6.603703022, 360.451934814, 80.0818710327, 6.74725055695, 18.8832607269, 4.18492174149, 13.4946985245, 12.0903902054, 2.71880125999, 22.6397838593, 2.45476722717, 13.851360321]
    dvar2: [5481.70947266, 9.8022851944, 834.777954102, 149.681518555, 16.277130127, 9.24181747437, 8.58439159393, 6.19608974457, 5.18050336838, 4.11586952209, 27.7846050262, 3.77928256989, 12.8510599136]
    kurt: [38.1273918152, 25.1040401459, 26.4756546021, 19.0168876648, 18.7248325348, 24.0162334442, 15.7357902527, 30.5878868103, 28.1881122589, 17.259513855, 19.0409393311, 17.3054962158, 19.3358535767]
    max: [-893.419311523, 20.5655021667, -6.18536376953, -6.22690963745, 16.9038848877, 56.5832824707, 19.009677887, -5.05239868164, -5.08348083496, 15.331659317, 48.2168083191, 14.4309997559, -3.32163238525]
    mean: [-1099.02429199, 15.2660455704, -41.1818313599, -39.9289855957, 14.514793396, 47.5310020447, 14.4341983795, -37.6554832458, -37.1591644287, 13.8026924133, 44.117351532, 13.354514122, -34.3358383179]
    median: [-1103.38220215, 15.289226532, -39.9724235535, -39.7874221802, 15.1250610352, 48.5884399414, 14.8422584534, -38.5667114258, -38.0566177368, 14.3916721344, 45.7454185486, 13.8369598389, -35.7109031677]
    min: [-1132.87036133, 2.47068405151, -112.721153259, -62.3587417603, -1.93155288696, 7.11386871338, 1.22961807251, -42.1245422363, -41.1889877319, 1.46728515625, 5.20167160034, 1.70156860352, -36.4925498962]
    skew: [6.23670053482, -4.10885953903, -4.1450252533, 2.27173161507, -4.4805765152, -4.78762531281, -3.98674559593, 5.51574325562, 5.30501794815, -4.30209827423, -4.48723077774, -4.33651018143, 4.44595575333]
    var: [983.007446289, 4.69170856476, 144.511886597, 39.6633758545, 9.96695423126, 48.0304374695, 7.86006212234, 27.5168132782, 27.822927475, 5.96831417084, 53.7671546936, 5.50241947174, 32.4205780029]

SpecContrastCoeff:
    dmean: [0.0517862401903, 0.0176712144166, 0.0177817661315, 0.0242625847459, 0.0139876985922, 0.0129000162706]
    dmean2: [0.0915335267782, 0.0322342775762, 0.0287348367274, 0.0263622049242, 0.0260779187083, 0.0247747097164]
    dvar: [0.00150736840442, 0.000260821107076, 0.000280170002952, 0.00342934508808, 8.95685006981e-05, 0.000149281157064]
    dvar2: [0.00367720867507, 0.000563327572308, 0.000605599547271, 0.00247321440838, 0.000179599112016, 0.000346429937053]
    kurt: [0.0581748485565, 2.65075683594, 6.48618984222, 20.2695178986, -0.848939657211, 2.26406240463]
    max: [-0.838550567627, -0.913512051105, -0.856937646866, -0.340986192226, -0.91323953867, -0.919333100319]
    mean: [-0.928392529488, -0.976808488369, -0.944562554359, -0.379196286201, -0.933856129646, -0.952667891979]
    median: [-0.948448181152, -0.986055791378, -0.953063130379, -0.357883185148, -0.938439309597, -0.958059966564]
    min: [-0.978975296021, -0.990204453468, -0.960921168327, -0.890391588211, -0.943190455437, -0.960406839848]
    skew: [1.1492497921, 1.76986610889, 2.53795552254, -4.50968122482, 0.77782022953, 1.78450298309]
    var: [0.0015609068796, 0.000321297877235, 0.000505158910528, 0.00847101490945, 9.94449146674e-05, 0.000117233314086]

SpecPeakAmp:
    dmean: [1.09934517241e-05, 7.40487485018e-06, 6.96758797858e-06, 1.25178976305e-05, 1.34169613375e-05]
    dmean2: [1.94491130969e-05, 1.22169458336e-05, 1.20547929328e-05, 1.99922924367e-05, 2.12939994526e-05]
    dvar: [5.03650142425e-11, 8.60883517251e-11, 9.00148358629e-11, 1.06626751872e-09, 1.41657097164e-09]
    dvar2: [1.54325732749e-10, 2.20617565883e-10, 2.10183204175e-10, 2.7719566642e-09, 3.65898644716e-09]
    kurt: [-0.243210792542, 20.2874984741, 15.0174369812, 37.4247436523, 38.4157295227]
    max: [4.03249978262e-05, 5.68445684621e-05, 7.33005217626e-05, 0.000172685773578, 0.00019402927137]
    mean: [1.81974774023e-05, 9.34853869694e-06, 1.07248715722e-05, 1.22078781715e-05, 1.26999011627e-05]
    median: [1.52449483721e-05, 8.88248996489e-06, 8.95518405741e-06, 9.07719913812e-06, 9.28111148824e-06]
    min: [7.43462760511e-06, 1.41505893225e-06, 1.67572045484e-06, 2.03965214496e-06, 2.58006707554e-06]
    skew: [0.672964572906, 4.07527971268, 3.85400652885, 6.17818260193, 6.2926440239]
    var: [5.4975198005e-11, 7.03768848753e-11, 1.58913077142e-10, 6.03865513149e-10, 7.61670337912e-10]
