
metadata:
    version:
        essentia: "2.1-beta3"

Flux:
    dmean: 5.12494398208e-06
    dmean2: 7.31177806301e-06
    dvar: 3.18323534199e-10
    dvar2: 6.92818802328e-10
    kurt: 14.1943569183
    max: 9.5580231573e-05
    mean: 6.75575302012e-06
    median: 2.41958878178e-06
    min: 5.28827001745e-07
    skew: 3.87907624245
    var: 3.20614090832e-10

Rms:
    dmean: 1.34398692353e-06
    dmean2: 1.29279601424e-06
    dvar: 2.4958802386e-11
    dvar2: 1.89484018753e-11
    kurt: 19.497127533
    max: 7.74533837102e-05
    mean: 7.59007962188e-05
    median: 7.72196508478e-05
    min: 4.48974533356e-05
    skew: -4.49511146545
    var: 3.28867558186e-11

RollOff:
    dmean: 1.00154435635
    dmean2: 1.025390625
    dvar: 20.5633563995
    dvar2: 21.0285148621
    kurt: 17.0477027893
    max: 732.12890625
    mean: 711.574462891
    median: 710.595703125
    min: 710.595703125
    skew: 4.36437177658
    var: 20.118303299

SpecCent:
    dmean: 3.26491093636
    dmean2: 4.75128173828
    dvar: 18.4494934082
    dvar2: 9.91244697571
    kurt: 23.675579071
    max: 998.709838867
    mean: 957.055480957
    median: 955.806762695
    min: 952.182189941
    skew: 4.74264621735
    var: 51.4452285767

Zcr:
    dmean: 0.000863008724991
    dmean2: 0.0009765625
    dvar: 9.40186691878e-06
    dvar2: 8.26517771202e-06
    kurt: 17.5480594635
    max: 0.03173828125
    mean: 0.0309170801193
    median: 0.03173828125
    min: 0.0146484375
    skew: -4.38173103333
    var: 1.06071565824e-05

HarmonicAmpFreq:
    dmean: [0.0336190164089]
    dmean2: [0.0344194695354]
    dvar: [0.0474700033665]
    dvar2: [0.0485726930201]
    kurt: [39.0471076965]
    max: [699.183349609]
    mean: [699.150695801]
    median: [699.183349609]
    min: [697.737731934]
    skew: [-6.40773296356]
    var: [0.0464162826538]

HarmonicAmpMag:
    dmean: [1.42729857089e-06]
    dmean2: [1.46128184042e-06]
    dvar: [8.5561606411e-11]
    dvar2: [8.75491346086e-11]
    kurt: [39.0232620239]
    max: [6.1373837525e-05]
    mean: [1.39485996442e-06]
    median: [0]
    min: [0]
    skew: [6.40494060516]
    var: [8.3662271555e-11]

MfccCoeff:
    dmean: [0.0653899461031, 0.0679179355502, 0.00725892512128, 0.0572573654354, 0.091350466013, 0.0769021660089, 0.0215908307582, 0.045193515718, 0.087964259088, 0.0839939564466, 0.0353938266635, 0.0320118740201, 0.0824084579945]
    dmean2: [0.0677432119846, 0.0703662708402, 0.00752403633669, 0.0593174509704, 0.0946448221803, 0.07967595011, 0.0223697479814, 0.0468252263963, 0.0911385640502, 0.0870239585638, 0.0366705022752, 0.0331666134298, 0.0853807330132]
    dvar: [0.0917445495725, 0.0989466607571, 0.0011295581935, 0.0703314170241, 0.179002180696, 0.126856222749, 0.0100000137463, 0.0438085608184, 0.165970474482, 0.151330664754, 0.026871630922, 0.0219816472381, 0.145673111081]
    dvar2: [0.0923910439014, 0.0996478050947, 0.00113754696213, 0.0708310008049, 0.180270791054, 0.127755910158, 0.0100712729618, 0.0441190302372, 0.167146995664, 0.15240368247, 0.0270621031523, 0.0221375916153, 0.146706610918]
    kurt: [24.3175735474, 24.3324375153, 24.3317642212, 24.3317584991, 24.3319721222, 24.3320713043, 24.3320331573, 24.3320655823, 24.3319301605, 24.3320350647, 24.3318786621, 24.3319835663, 24.3319568634]
    max: [-1136.60717773, 1.88273239136, 0.201080322266, 8.01086425781e-05, -6.103515625e-05, 2.28881835938e-05, -2.67028808594e-05, 1.25269317627, 2.43831253052, 2.32831573486, 0.981105804443, -3.0517578125e-05, -3.81469726562e-05]
    mean: [-1136.67138672, 1.81622898579, 0.19398637116, -1.53112757206, -2.44289875031, -2.05644083023, -0.577405750751, 1.20844352245, 2.35219168663, 2.24607777596, 0.946455001831, -0.856073200703, -2.20374941826]
    median: [-1136.60778809, 1.88209152222, 0.201019287109, -1.58665084839, -2.53147888184, -2.13101196289, -0.598346710205, 1.25226593018, 2.43748855591, 2.32752227783, 0.980773925781, -0.887111663818, -2.28365707397]
    min: [-1138.42004395, 1.14440917969e-05, -6.103515625e-05, -1.58720016479, -2.53233337402, -2.13173675537, -0.598537445068, -5.34057617188e-05, -4.57763671875e-05, -2.28881835938e-05, -2.67028808594e-05, -0.887413024902, -2.28443145752]
    skew: [-4.98706531525, -4.98927164078, -4.98921012878, 4.98921012878, 4.98922634125, 4.98923778534, 4.9892334938, -4.98923540115, -4.98922395706, -4.98923444748, -4.98921918869, 4.9892282486, 4.98922586441]
    var: [0.0910352244973, 0.0981798395514, 0.00112075277139, 0.0697850361466, 0.177615568042, 0.125873044133, 0.00992231722921, 0.0434692203999, 0.16468514502, 0.150158345699, 0.0266635045409, 0.0218113511801, 0.144544422626]

SpecContrastCoeff:
    dmean: [0.0285763069987, 0.0141037898138, 0.0170258507133, 0.0234715882689, 0.0341614447534, 0.0306745637208]
    dmean2: [0.0451505482197, 0.0270814672112, 0.0247908886522, 0.044182728976, 0.066138163209, 0.0578671768308]
    dvar: [0.00132893049158, 8.85682820808e-05, 0.00142684124876, 0.000260386586888, 0.000406032224419, 0.00030879850965]
    dvar2: [0.00132398924325, 0.000264307658654, 0.00141005904879, 0.000902333355043, 0.00139080814552, 0.00108909874689]
    kurt: [14.6229858398, -0.401063203812, 17.8056163788, 2.29033470154, 0.640819787979, 1.85654592514]
    max: [-0.66571110487, -0.86064183712, -0.559949696064, -0.831041038036, -0.831855714321, -0.805216491222]
    mean: [-0.709408700466, -0.887525737286, -0.592478990555, -0.875137150288, -0.883141577244, -0.851607143879]
    median: [-0.705040574074, -0.891035079956, -0.585449814796, -0.874840736389, -0.887884140015, -0.854684948921]
    min: [-0.927485704422, -0.90497982502, -0.795469522476, -0.940886735916, -0.950254797935, -0.930651545525]
    skew: [-3.708735466, 0.62609744072, -4.28642988205, -0.717533171177, -0.171407476068, -0.653627932072]
    var: [0.00190452334937, 0.000121044002299, 0.00151965534315, 0.000346811575582, 0.00059539580252, 0.000549128977582]

SpecPeakAmp:
    dmean: [1.03283817054e-07, 1.10072399195e-07, 1.47993421251e-06, 1.49289164142e-07, 1.71095791757e-07]
    dmean2: [1.17460558613e-07, 1.68026218716e-07, 1.55280599756e-06, 2.54857525306e-07, 3.07420435774e-07]
    dvar: [1.02982618093e-13, 8.8012001929e-14, 8.51550011061e-11, 1.6124403787e-14, 1.67658144041e-14]
    dvar2: [1.01367170408e-13, 8.31429109588e-14, 8.74797734252e-11, 1.36682555736e-14, 2.83115138321e-14]
    kurt: [37.0312767029, 37.1684188843, 39.0175628662, 14.4541702271, 6.94344520569]
    max: [8.58003204485e-06, 2.84850989374e-06, 6.1373837525e-05, 1.06320521809e-06, 8.91866307029e-07]
    mean: [8.3383247329e-06, 8.40174834593e-07, 1.4987671193e-06, 1.73719399754e-07, 2.05230946904e-07]
    median: [8.3817376435e-06, 7.81797780292e-07, 9.43707618717e-08, 1.0501113934e-07, 2.29370243687e-07]
    min: [6.18914918959e-06, 7.12892187948e-07, 3.82634013363e-08, 3.60048701964e-08, 4.60867219942e-08]
    skew: [-6.15999317169, 6.18310499191, 6.40426015854, 3.36768436432, 2.06038594246]
    var: [1.10069878288e-13, 9.59453260656e-14, 8.33783042609e-11, 2.89985320912e-14, 2.35704722206e-14]
