
metadata:
    version:
        essentia: "2.1-beta3"

Flux:
    dmean: 0.025211231783
    dmean2: 0.0334151983261
    dvar: 0.00679269479588
    dvar2: 0.0130477407947
    kurt: 9.40901470184
    max: 0.490665346384
    mean: 0.0329705290496
    median: 0.000576036924031
    min: 9.66976076597e-05
    skew: 3.26837682724
    var: 0.0114861689508

Rms:
    dmean: 0.0102297449484
    dmean2: 0.00784045271575
    dvar: 0.00128229137044
    dvar2: 0.000577844912186
    kurt: 21.0216350555
    max: 0.353807508945
    mean: 0.341013669968
    median: 0.353368073702
    min: 0.0651245042682
    skew: -4.55029296875
    var: 0.00238769617863

RollOff:
    dmean: 7.34086465836
    dmean2: 7.01081037521
    dvar: 1748.13659668
    dvar2: 1525.20007324
    kurt: 39.1740150452
    max: 1787.25585938
    mean: 1493.44641113
    median: 1485.79101562
    min: 1485.79101562
    skew: 6.38616132736
    var: 1981.56872559

SpecCent:
    dmean: 11.2981147766
    dmean2: 12.8091249466
    dvar: 2696.69433594
    dvar2: 2359.6237793
    kurt: 39.510887146
    max: 1853.47277832
    mean: 1485.36962891
    median: 1476.57788086
    min: 1473.55859375
    skew: 6.42389154434
    var: 3098.046875

Zcr:
    dmean: 0.00250798999332
    dmean2: 0.00212345574982
    dvar: 6.62108941469e-05
    dvar2: 4.30693216913e-05
    kurt: 17.8825454712
    max: 0.0673828125
    mean: 0.064181856811
    median: 0.06689453125
    min: 0.00244140625
    skew: -4.24207258224
    var: 0.000130553293275

HarmonicAmpFreq:
    dmean: [38.6324729919]
    dmean2: [78.9786071777]
    dvar: [5000.73779297]
    dvar2: [13702.2646484]
    kurt: [4.12562131882]
    max: [1480.24719238]
    mean: [1461.28540039]
    median: [1480.24084473]
    min: [1309.85095215]
    skew: [-2.47489404678]
    var: [2820.35498047]

HarmonicAmpMag:
    dmean: [0.287224858999]
    dmean2: [0.5877353549]
    dvar: [0.0570716895163]
    dvar2: [0.0940000042319]
    kurt: [-1.90080881119]
    max: [0.486121356487]
    mean: [0.280901700258]
    median: [0.486068993807]
    min: [0]
    skew: [-0.314945429564]
    var: [0.057613607496]

MfccCoeff:
    dmean: [32.0101661682, 25.9972724915, 22.6064910889, 4.31215715408, 3.98351430893, 4.76787900925, 2.39929819107, 3.00441431999, 2.45577526093, 1.40375971794, 2.08555197716, 1.20345103741, 1.5693205595]
    dmean2: [49.642288208, 44.4533882141, 37.9298820496, 6.51492023468, 7.10919189453, 7.81269598007, 4.2753162384, 4.51010894775, 3.72812533379, 2.4419760704, 3.52224588394, 1.92161083221, 1.55282008648]
    dvar: [6883.30322266, 199.49005127, 134.425064087, 48.3695411682, 8.8145866394, 37.5133514404, 5.6739358902, 19.9214496613, 17.5476303101, 2.33770394325, 27.4433898926, 3.68246603012, 22.8252773285]
    dvar2: [16620.2011719, 466.079406738, 331.567718506, 80.1330871582, 17.680814743, 49.4734802246, 12.1865348816, 25.4690246582, 21.2204875946, 5.48274707794, 48.8216590881, 8.31069850922, 18.1801662445]
    kurt: [27.8109035492, -1.35618889332, -1.27955627441, 9.51159286499, 3.50101232529, 12.4703912735, 5.3497171402, 13.580991745, 15.4322433472, 8.46259593964, 11.5801725388, 16.705663681, 18.9653701782]
    max: [-634.375427246, 87.3322219849, -54.6439933777, -38.4561538696, 27.5170783997, 79.721534729, 21.5176582336, -12.1238708496, -9.12759399414, 17.963312149, 52.2395896912, 15.67070961, 3.64791107178]
    mean: [-1005.73809814, 66.3265075684, -82.5859298706, -74.424041748, 24.0885772705, 65.0233840942, 17.0012722015, -43.9677238464, -40.8270645142, 15.8702583313, 46.9494018555, 13.9746351242, -35.1443710327]
    median: [-1012.22210693, 72.6611709595, -79.5890655518, -75.8978652954, 25.776386261, 65.9343185425, 16.8158454895, -44.9824066162, -41.7217483521, 16.2381763458, 48.6836357117, 14.1878433228, -36.840511322]
    min: [-1043.95275879, 36.4663505554, -107.457702637, -90.7075576782, 9.51001548767, 24.2439193726, 5.36720657349, -51.5393218994, -47.3478164673, 7.34991455078, 19.2875556946, 5.66088485718, -37.7197227478]
    skew: [5.233751297, -0.405572026968, -0.20878252387, 2.9152071476, -1.71725857258, -3.26858305931, -1.66585838795, 3.65590405464, 3.90357995033, -2.63715267181, -3.58949923515, -3.91508626938, 4.36179828644]
    var: [3746.96875, 321.631256104, 241.291275024, 66.6825485229, 13.8343095779, 70.2019729614, 8.54772853851, 41.9543495178, 38.2320899963, 3.5595293045, 41.4643173218, 2.47523236275, 50.3121032715]

SpecContrastCoeff:
    dmean: [0.0210468918085, 0.0193412881345, 0.0211971532553, 0.0279994551092, 0.0167920608073, 0.0116810323671]
    dmean2: [0.0375987589359, 0.0344270057976, 0.0353319123387, 0.02635310404, 0.0305401496589, 0.0227226410061]
    dvar: [0.000369322835468, 0.000250201905146, 0.0004114783369, 0.00573607580736, 0.000128533385578, 0.000186661069165]
    dvar2: [0.000801833579317, 0.000505727191921, 0.000843573361635, 0.00338332355022, 0.000250447716098, 0.000455878122011]
    kurt: [0.855327606201, 0.950974464417, 6.00889205933, 21.7634754181, -0.306844472885, 4.15082740784]
    max: [-0.919466972351, -0.916142046452, -0.831235945225, -0.177128121257, -0.886826395988, -0.91110688448]
    mean: [-0.973413109779, -0.972886741161, -0.931625783443, -0.220384836197, -0.919232487679, -0.947790384293]
    median: [-0.983715713024, -0.98325407505, -0.942231655121, -0.194459930062, -0.924375772476, -0.953138649464]
    min: [-0.98893892765, -0.987711369991, -0.951089382172, -0.853776633739, -0.931373298168, -0.955179035664]
    skew: [1.46043515205, 1.38631343842, 2.47926878929, -4.62050151825, 0.915269076824, 2.23497414589]
    var: [0.000387623498682, 0.000356015312718, 0.000703338591848, 0.0123148402199, 0.000154759007273, 0.000125508697238]

SpecPeakAmp:
    dmean: [0.000110596716695, 0.000160834941198, 0.154748797417, 0.198874846101, 0.110616870224]
    dmean2: [0.000173668813659, 0.000278118794085, 0.316622972488, 0.406838208437, 0.226282939315]
    dvar: [6.34992645132e-08, 6.56445990899e-08, 0.0511871948838, 0.0570116043091, 0.0414250046015]
    dvar2: [1.62557725503e-07, 1.79080203111e-07, 0.130422338843, 0.108909219503, 0.113525502384]
    kurt: [33.7530174255, 22.5692119598, 0.84120631218, -1.13221263885, 4.12496471405]
    max: [0.0013400913449, 0.00135951454286, 0.48610919714, 0.486108273268, 0.486121356487]
    mean: [0.000113499590952, 0.000153364089783, 0.0865999907255, 0.140597581863, 0.0542188957334]
    median: [8.61123698996e-05, 9.54511124291e-05, 0.000289321236778, 0.000327700865455, 0.000303076929413]
    min: [1.36112903419e-05, 1.57608228619e-05, 4.56393390778e-05, 4.98157278344e-05, 3.9397556975e-05]
    skew: [5.77951335907, 4.42468261719, 1.68558502197, 0.931548416615, 2.47486186028]
    var: [3.70316506348e-08, 4.29947739633e-08, 0.0345071591437, 0.0484915189445, 0.023314030841]
