
metadata:
    version:
        essentia: "2.1-beta3"

Flux:
    dmean: 0.0133412480354
    dmean2: 0
    dvar: 0
    dvar2: 0
    kurt: -2
    max: 0.299447327852
    mean: 0.292776703835
    median: 0.292776703835
    min: 0.286106079817
    skew: 0
    var: 4.44972247351e-05

Rms:
    dmean: 0
    dmean2: 0
    dvar: 0
    dvar2: 0
    kurt: 0
    max: 0.102707959712
    mean: 0.102707959712
    median: 0.102707959712
    min: 0.102707959712
    skew: 0
    var: 0

RollOff:
    dmean: 559.86328125
    dmean2: 0
    dvar: 0
    dvar2: 0
    kurt: -2
    max: 2648.58398438
    mean: 2368.65234375
    median: 2368.65234375
    min: 2088.72070312
    skew: 0
    var: 78361.7265625

SpecCent:
    dmean: 125.359375
    dmean2: 0
    dvar: 0
    dvar2: 0
    kurt: -2
    max: 1981.74731445
    mean: 1919.06762695
    median: 1919.06762695
    min: 1856.38793945
    skew: 0
    var: 3928.74316406

Zcr:
    dmean: 0.00048828125
    dmean2: 0
    dvar: 0
    dvar2: 0
    kurt: -2
    max: 0.025390625
    mean: 0.025146484375
    median: 0.025146484375
    min: 0.02490234375
    skew: 0
    var: 5.96046447754e-08

HarmonicAmpFreq:
    dmean: [140.876220703]
    dmean2: [0]
    dvar: [0]
    dvar2: [0]
    kurt: [-2]
    max: [1891.30566406]
    mean: [1820.86755371]
    median: [1820.86755371]
    min: [1750.42944336]
    skew: [0]
    var: [4961.52734375]

HarmonicAmpMag:
    dmean: [0.0649231225252]
    dmean2: [0]
    dvar: [0]
    dvar2: [0]
    kurt: [-1.99999988079]
    max: [0.0649231225252]
    mean: [0.0324615612626]
    median: [0.0324615612626]
    min: [0]
    skew: [0]
    var: [0.00105375295971]

MfccCoeff:
    dmean: [400.363037109, 43.6278572083, 41.7892227173, 21.1906852722, 51.4273376465, 35.3467788696, 23.6986637115, 32.0624275208, 7.01175880432, 20.8976974487, 6.11094474792, 7.97655296326, 7.7273273468]
    dmean2: [0, 0, 0, 0, 0, 0, 0, 0, 0, 0, 0, 0, 0]
    dvar: [0, 0, 0, 0, 0, 0, 0, 0, 0, 0, 0, 0, 0]
    dvar2: [0, 0, 0, 0, 0, 0, 0, 0, 0, 0, 0, 0, 0]
    kurt: [-2, -1.99999988079, -1.99999988079, -2, -1.99999988079, -1.99999988079, -2.00000023842, -2, -1.99999988079, -2, -2, -2, -2]
    max: [-612.412597656, 54.4965820312, -104.586341858, -12.5480155945, 86.840133667, 28.0919342041, -18.6008739471, 17.1444644928, 13.8612251282, 7.89038085938, 3.51425552368, 6.4674911499, -0.612550735474]
    mean: [-812.594116211, 32.6826553345, -125.480957031, -23.1433582306, 61.1264648438, 10.4185447693, -30.4502067566, 1.11325073242, 10.355345726, -2.55846786499, 0.458783149719, 2.47921466827, -4.47621440887]
    median: [-812.594116211, 32.6826553345, -125.480957031, -23.1433582306, 61.1264648438, 10.4185447693, -30.4502067566, 1.11325073242, 10.355345726, -2.55846786499, 0.458783149719, 2.47921466827, -4.47621440887]
    min: [-1012.77563477, 10.868724823, -146.375564575, -33.7387008667, 35.4127960205, -7.25484466553, -42.2995376587, -14.917963028, 6.84946632385, -13.0073165894, -2.59668922424, -1.50906181335, -8.33987808228]
    skew: [0, -2.35200587895e-07, 5.35262927315e-07, 0, 0, 0, 2.2011502665e-07, 0, 0, 0, 0, 0, 0]
    var: [40072.640625, 475.847473145, 436.584777832, 112.261283875, 661.192749023, 312.348693848, 140.406677246, 256.999816895, 12.2911901474, 109.178436279, 9.33591175079, 15.9063491821, 14.9278974533]

SpecContrastCoeff:
    dmean: [0.00221121311188, 0.0196715593338, 0.0606616735458, 0.0179271697998, 0.203718364239, 0.0260213017464]
    dmean2: [0, 0, 0, 0, 0, 0]
    dvar: [0, 0, 0, 0, 0, 0]
    dvar2: [0, 0, 0, 0, 0, 0]
    kurt: [-2, -1.99999988079, -2, -1.99999988079, -2, -2]
    max: [-0.986237943172, -0.952912271023, -0.873628675938, -0.737124800682, -0.519211292267, -0.929093897343]
    mean: [-0.987343549728, -0.96274805069, -0.903959512711, -0.746088385582, -0.621070504189, -0.942104578018]
    median: [-0.987343549728, -0.96274805069, -0.903959512711, -0.746088385582, -0.621070504189, -0.942104578018]
    min: [-0.988449156284, -0.972583830357, -0.934290349483, -0.755051970482, -0.722929656506, -0.955115199089]
    skew: [0, 0, 0, 0, 9.36329058732e-07, 6.91700142852e-06]
    var: [1.2223658814e-06, 9.67425585259e-05, 0.000919959682506, 8.03458533483e-05, 0.0103752929717, 0.000169277045643]

SpecPeakAmp:
    dmean: [0.0648940727115, 0.0426573418081, 0.0308400485665, 0.022607261315, 0.0166813414544]
    dmean2: [0, 0, 0, 0, 0]
    dvar: [0, 0, 0, 0, 0]
    dvar2: [0, 0, 0, 0, 0]
    kurt: [-2, -2, -1.99999988079, -2, -2.00000023842]
    max: [0.0649231225252, 0.0426877811551, 0.0308719817549, 0.0226417984813, 0.0167188607156]
    mean: [0.0324760861695, 0.0213591102511, 0.0154519574717, 0.0113381678239, 0.00837818998843]
    median: [0.0324760861695, 0.0213591102511, 0.0154519574717, 0.0113381678239, 0.00837818998843]
    min: [2.90521493298e-05, 3.04384029732e-05, 3.19330465572e-05, 3.45362641383e-05, 3.7520112528e-05]
    skew: [1.59744686812e-07, -1.40604754506e-07, 0, -1.18072165378e-07, 1.95932869929e-07]
    var: [0.0010528099956, 0.00045491225319, 0.00023777714523, 0.000127772073029, 6.95667840773e-05]
