
metadata:
    version:
        essentia: "2.1-beta3"

Flux:
    dmean: 5.07648701387e-06
    dmean2: 7.38287826607e-06
    dvar: 3.19922671688e-10
    dvar2: 6.96190438632e-10
    kurt: 14.2356147766
    max: 9.57546799327e-05
    mean: 6.01072861173e-06
    median: 1.32421769194e-06
    min: 4.36222677536e-07
    skew: 3.88736104965
    var: 3.2668284744e-10

Rms:
    dmean: 1.28681142542e-06
    dmean2: 1.19460764836e-06
    dvar: 2.48822455695e-11
    dvar2: 1.86792924878e-11
    kurt: 19.6667194366
    max: 7.73351348471e-05
    mean: 7.589886809e-05
    median: 7.72612256696e-05
    min: 4.47592392447e-05
    skew: -4.50980424881
    var: 3.29379266917e-11

RollOff:
    dmean: 1.00154435635
    dmean2: 1.025390625
    dvar: 20.5633563995
    dvar2: 21.0285148621
    kurt: 17.0543556213
    max: 2993.11523438
    mean: 2972.55908203
    median: 2971.58203125
    min: 2971.58203125
    skew: 4.36551809311
    var: 20.1182918549

SpecCent:
    dmean: 3.91208672523
    dmean2: 6.74111223221
    dvar: 3.15767359734
    dvar2: 13.5903768539
    kurt: 3.96188116074
    max: 2981.56787109
    mean: 2968.82397461
    median: 2968.82519531
    min: 2964.23535156
    skew: 1.36527359486
    var: 9.9236907959

Zcr:
    dmean: 0.00348610104993
    dmean2: 0.00377836683765
    dvar: 0.000183599724551
    dvar2: 0.000168801067048
    kurt: 17.3374919891
    max: 0.13427734375
    mean: 0.130903765559
    median: 0.13427734375
    min: 0.06201171875
    skew: -4.37722301483
    var: 0.000198221576284

HarmonicAmpFreq:
    dmean: [0]
    dmean2: [0]
    dvar: [0]
    dvar2: [0]
    kurt: [-2]
    max: [2963.66113281]
    mean: [2963.66235352]
    median: [2963.66113281]
    min: [2963.66113281]
    skew: [-1]
    var: [1.49011611938e-06]

HarmonicAmpMag:
    dmean: [0]
    dmean2: [0]
    dvar: [0]
    dvar2: [0]
    kurt: [nan]
    max: [0]
    mean: [0]
    median: [0]
    min: [0]
    skew: [nan]
    var: [0]

MfccCoeff:
    dmean: [0.0264296419919, 0.0101403528824, 0.0318546742201, 0.0274360124022, 0.0169613864273, 0.0366423837841, 0.0029303971678, 0.0350505039096, 0.021958462894, 0.0231287758797, 0.0345160923898, 0.00439204741269, 0.0369007214904]
    dmean2: [0.0270734522492, 0.0103912353516, 0.0326425470412, 0.0281175877899, 0.0173815768212, 0.0375511534512, 0.00300162169151, 0.0359179191291, 0.0225016269833, 0.0237012598664, 0.0353704169393, 0.00450170598924, 0.0378149114549]
    dvar: [0.0136505616829, 0.00201149424538, 0.0198473837227, 0.0147206252441, 0.00562711525708, 0.026262415573, 0.000168036960531, 0.0240305047482, 0.00943256821483, 0.010463822633, 0.0233030617237, 0.000377129414119, 0.0266330353916]
    dvar2: [0.0136853288859, 0.00201717880554, 0.0199028477073, 0.0147609543055, 0.00564269861206, 0.0263355802745, 0.000168482059962, 0.0240976605564, 0.00945922546089, 0.010493023321, 0.0233683157712, 0.000378157419618, 0.0267073791474]
    kurt: [17.0435600281, 17.0402526855, 17.0402679443, 17.0402622223, 17.0402755737, 17.0402736664, 17.0402297974, 17.040266037, 17.040271759, 17.0402698517, 17.0402698517, 17.0402736664, 17.040266037]
    max: [-1137.85876465, 1.14440917969e-05, -6.103515625e-05, 0.582935333252, 0.360290527344, 2.28881835938e-05, 0.0622444152832, 0.74462890625, -4.57763671875e-05, -2.28881835938e-05, 0.733295440674, 0.09326171875, -3.81469726562e-05]
    mean: [-1137.88513184, -0.20529833436, -0.644976198673, 0.555500745773, 0.343334197998, -0.741832017899, 0.0593143813312, 0.709580183029, -0.444637984037, -0.468293279409, 0.698780059814, 0.0888697877526, -0.747109174728]
    median: [-1137.85949707, -0.215167999268, -0.675971984863, 0.582187652588, 0.359840393066, -0.777481079102, 0.0621681213379, 0.743682861328, -0.466003417969, -0.490795135498, 0.732360839844, 0.0931396484375, -0.783012390137]
    min: [-1138.42004395, -0.215442657471, -0.676834106445, 8.01086425781e-05, -6.103515625e-05, -0.778465270996, -2.67028808594e-05, -5.34057617188e-05, -0.466598510742, -0.491424560547, -2.67028808594e-05, -3.0517578125e-05, -0.784004211426]
    skew: [-4.36361169815, 4.3630399704, 4.36304569244, -4.36304473877, -4.36304569244, 4.36304473877, -4.36303901672, -4.36304473877, 4.36304616928, 4.36304569244, -4.36304616928, -4.36304616928, 4.36304473877]
    var: [0.0136266760528, 0.00200761458836, 0.0198091547936, 0.0146928094327, 0.00561628630385, 0.0262119118124, 0.000167715086718, 0.0239844154567, 0.00941422209144, 0.0104436948895, 0.023258138448, 0.000376415264327, 0.0265818107873]

SpecContrastCoeff:
    dmean: [0.019662046805, 0.0159165672958, 0.012119596824, 0.0101261176169, 0.00874171126634, 0.00827772077173]
    dmean2: [0.0289610400796, 0.024218628183, 0.0182364806533, 0.0144944358617, 0.0119085768238, 0.0125947026536]
    dvar: [0.000924649648368, 0.000268152769422, 0.000357548502507, 0.000154147244757, 0.000541051791515, 9.14994670893e-05]
    dvar2: [0.000827623996884, 0.000358570279786, 0.000374406314222, 0.000189454833162, 0.00052852567751, 8.97661520867e-05]
    kurt: [13.5174751282, 9.80872058868, 16.7488479614, 6.08816337585, 17.9205207825, 10.5465116501]
    max: [-0.688286006451, -0.852167725563, -0.823291122913, -0.863033592701, -0.678048849106, -0.86937379837]
    mean: [-0.724490880966, -0.886408030987, -0.852830290794, -0.887302160263, -0.690039455891, -0.881387770176]
    median: [-0.720388174057, -0.883887410164, -0.849135100842, -0.887810111046, -0.684251070023, -0.881152749062]
    min: [-0.880416095257, -0.977760493755, -0.964527904987, -0.964925169945, -0.81477612257, -0.932780385017]
    skew: [-3.61532974243, -2.69273853302, -3.92366480827, -1.9895670414, -4.35851335526, -3.07662248611]
    var: [0.00109002843965, 0.00038827091339, 0.000452929380117, 0.000338338810252, 0.000583917251788, 0.000146928432514]

SpecPeakAmp:
    dmean: [1.34659060791e-07, 1.07778973302e-07, 5.86259773172e-07, 7.84583619406e-07, 6.06434639394e-07]
    dmean2: [1.64305347994e-07, 1.77457309292e-07, 1.16983267162e-06, 1.53529117597e-06, 1.19364835882e-06]
    dvar: [1.32824090268e-13, 2.8911040364e-14, 3.80254286175e-13, 3.68661969442e-13, 4.17480936973e-13]
    dvar2: [1.42605667401e-13, 3.48244992413e-14, 8.62988337475e-13, 9.41394423352e-13, 1.28483682027e-12]
    kurt: [25.7783069611, 20.2152080536, -1.78067171574, -1.7686008215, 0.487044095993]
    max: [8.47238879942e-06, 1.25141207263e-06, 1.54082965764e-06, 1.54463054969e-06, 1.54901999849e-06]
    mean: [8.30456156109e-06, 1.7401644925e-07, 7.33304716505e-07, 6.91891727911e-07, 3.87536800872e-07]
    median: [8.37610605231e-06, 8.88997746529e-08, 2.541478068e-07, 2.46851755037e-07, 9.30012191702e-08]
    min: [6.09388871453e-06, 4.56539019922e-08, 1.98395909479e-07, 6.59405046122e-08, 2.5603620557e-08]
    skew: [-5.07310962677, 4.13223600388, 0.446870326996, 0.428624689579, 1.526517272]
    var: [1.39863327083e-13, 3.65755264075e-14, 3.7042780952e-13, 4.1771639858e-13, 2.98722228594e-13]
