
metadata:
    version:
        essentia: "2.1-beta3"

Flux:
    dmean: 0.000124348414829
    dmean2: 0.000164554978255
    dvar: 1.67359345937e-07
    dvar2: 3.30282631467e-07
    kurt: 9.57320976257
    max: 0.00237480760552
    mean: 0.000162219104823
    median: 4.97884047945e-06
    min: 4.12823874285e-06
    skew: 3.2935962677
    var: 2.7101148703e-07

Rms:
    dmean: 4.8965554015e-05
    dmean2: 3.65442938346e-05
    dvar: 3.04962135544e-08
    dvar2: 1.36764697345e-08
    kurt: 20.8754882812
    max: 0.00171417393722
    mean: 0.00165273353923
    median: 0.00171331421006
    min: 0.00031036476139
    skew: -4.53541040421
    var: 5.67526612372e-08

RollOff:
    dmean: 5.87269163132
    dmean2: 5.5084939003
    dvar: 1040.40332031
    dvar2: 864.664428711
    kurt: 38.6594696045
    max: 3208.44726562
    mean: 2977.80102539
    median: 2971.58203125
    min: 2971.58203125
    skew: 6.32934761047
    var: 1228.69165039

SpecCent:
    dmean: 3.81514668465
    dmean2: 7.01591444016
    dvar: 3.59418129921
    dvar2: 11.6844749451
    kurt: -1.13900434971
    max: 2939.67529297
    mean: 2936.37011719
    median: 2936.47753906
    min: 2930.84912109
    skew: -0.159626930952
    var: 5.58362340927

Zcr:
    dmean: 0.00481622852385
    dmean2: 0.00380405155011
    dvar: 0.000270644086413
    dvar2: 0.000181570125278
    kurt: 17.7395057678
    max: 0.13427734375
    mean: 0.12832030654
    median: 0.13427734375
    min: 0.00439453125
    skew: -4.22883892059
    var: 0.000528543139808

HarmonicAmpFreq:
    dmean: [0.630049288273]
    dmean2: [0.644701600075]
    dvar: [17.0693702698]
    dvar2: [17.4568862915]
    kurt: [40.0185890198]
    max: [2963.9621582]
    mean: [2963.34545898]
    median: [2963.9621582]
    min: [2936.23999023]
    skew: [-6.48201560974]
    var: [16.698677063]

HarmonicAmpMag:
    dmean: [5.88047441852e-08]
    dmean2: [6.0172297367e-08]
    dvar: [1.48693909833e-13]
    dvar2: [1.52069613954e-13]
    kurt: [40.0227241516]
    max: [2.58740874415e-06]
    mean: [5.7497970829e-08]
    median: [0]
    min: [0]
    skew: [6.48249387741]
    var: [1.45464735635e-13]

MfccCoeff:
    dmean: [0.623221635818, 0.233937352896, 0.748406350613, 0.622103273869, 0.399281591177, 0.803365528584, 0.149267375469, 0.732443869114, 0.478286236525, 0.459432959557, 0.623526334763, 0.159484520555, 0.58511865139]
    dmean2: [0.703090906143, 0.253631591797, 0.853724479675, 0.677556216717, 0.483858674765, 0.885391235352, 0.102234594524, 0.830099582672, 0.455771684647, 0.563112854958, 0.630894303322, 0.254049271345, 0.623797476292]
    dvar: [8.35150432587, 1.24936211109, 11.8607549667, 8.78132247925, 3.13351798058, 14.409485817, 0.294845610857, 11.5336771011, 4.84483766556, 4.13983678818, 9.46559524536, 0.430270880461, 8.2037153244]
    dvar2: [10.9038896561, 1.46878826618, 15.9504480362, 10.4427137375, 4.96167993546, 17.6605911255, 0.192160338163, 15.2050170898, 4.11121034622, 6.72736167908, 9.36126327515, 1.0465233326, 9.17754554749]
    kurt: [28.5654449463, 29.4376335144, 28.2011528015, 29.4400978088, 24.5594921112, 29.3781394958, 18.851940155, 28.8733196259, 29.2405776978, 24.3426322937, 30.3044776917, 17.8263893127, 30.918170929]
    max: [-1119.99853516, 1.14440917969e-05, -6.103515625e-05, 18.839969635, 11.2236938477, 2.28881835938e-05, 4.54494094849, 21.70195961, -4.57763671875e-05, -2.28881835938e-05, 19.8563041687, 1.47295379639, -3.81469726562e-05]
    mean: [-1123.04931641, -6.34605789185, -17.9447727203, 16.7237014771, 8.00590133667, -21.0676136017, 4.34504556656, 18.0099906921, -14.5833654404, -8.99994277954, 19.1752338409, -2.37514090538, -16.8968391418]
    median: [-1122.62573242, -6.53438186646, -18.4268531799, 17.2157325745, 8.18258666992, -21.6735458374, 4.54364395142, 18.4977207184, -15.0830917358, -9.18578338623, 19.7885704041, -2.55731964111, -17.3989830017]
    min: [-1138.42004395, -7.09935379028, -21.9627113342, 8.01086425781e-05, -6.103515625e-05, -24.1846694946, -2.67028808594e-05, -5.34057617188e-05, -15.0838317871, -12.9076690674, -2.67028808594e-05, -2.56011199951, -18.2918128967]
    skew: [-5.27133703232, 5.42333078384, 5.20179653168, -5.41886520386, -4.40078020096, 5.39781141281, -4.33897638321, -5.28999423981, 5.40954017639, 4.24547576904, -5.52367258072, 4.27209663391, 5.57341337204]
    var: [6.32931089401, 1.06414580345, 8.6787147522, 7.3884677887, 1.85663115978, 11.7321615219, 0.627509951591, 8.63885402679, 5.63769674301, 2.36218428612, 9.57633304596, 0.52027541399, 7.35624885559]

SpecContrastCoeff:
    dmean: [0.0368015989661, 0.0215419400483, 0.0192095469683, 0.0148698976263, 0.018335768953, 0.00496636610478]
    dmean2: [0.0629157498479, 0.0369899943471, 0.0324418880045, 0.0265914872289, 0.026200639084, 0.00768971443176]
    dvar: [0.00108814472333, 0.000260892440565, 0.000138700954267, 8.75456898939e-05, 0.0014158008853, 1.55283723871e-05]
    dvar2: [0.00210706726648, 0.000678109063301, 0.000503916468006, 0.000284610374365, 0.0017167365877, 3.9548442146e-05]
    kurt: [8.10986042023, 2.83778238297, 0.934561729431, -0.0242850780487, 16.8428230286, 1.80714511871]
    max: [-0.714461505413, -0.895612418652, -0.916070103645, -0.915792167187, -0.52538394928, -0.910637140274]
    mean: [-0.77720618248, -0.932983756065, -0.94348692894, -0.943657934666, -0.571572124958, -0.925399124622]
    median: [-0.770966231823, -0.933040618896, -0.940063238144, -0.94439548254, -0.559915482998, -0.92632651329]
    min: [-0.980961322784, -0.997340023518, -0.993498682976, -0.965476214886, -0.856678962708, -0.945922553539]
    skew: [-2.59239411354, -0.897709190845, -0.887278735638, 0.28982308507, -4.12533330917, -0.166178196669]
    var: [0.00235595786944, 0.000286865717499, 0.000244084207225, 0.000113588539534, 0.00295051047578, 3.669785292e-05]

SpecPeakAmp:
    dmean: [9.93294065665e-07, 7.4232480074e-07, 6.66614653255e-07, 7.16527381428e-07, 6.719767498e-07]
    dmean2: [1.40696613471e-06, 1.15835143788e-06, 1.05616697965e-06, 1.15029467906e-06, 1.0954586287e-06]
    dvar: [7.28660794896e-12, 6.052347859e-12, 6.01783900489e-12, 5.99635098519e-12, 5.52290288156e-12]
    dvar2: [1.44804532948e-11, 1.55820929076e-11, 1.54514387396e-11, 1.54860325952e-11, 1.45034860857e-11]
    kurt: [17.6196842194, 37.8745269775, 39.8199882507, 39.4644546509, 37.1210899353]
    max: [1.72413419932e-05, 1.23789432109e-05, 1.23115441966e-05, 1.24452189993e-05, 1.28605042846e-05]
    mean: [8.37369680085e-06, 8.13930398635e-07, 6.12809685663e-07, 6.28537009106e-07, 7.14184125172e-07]
    median: [8.3958484538e-06, 4.60868847085e-07, 3.33649950335e-07, 3.51622816197e-07, 3.95356693161e-07]
    min: [3.98122011802e-07, 1.27163986008e-07, 1.56840570753e-07, 1.01202672909e-07, 1.36720871069e-07]
    skew: [0.67472589016, 6.22986650467, 6.45847225189, 6.4166302681, 6.16741085052]
    var: [3.32244821932e-12, 3.11873422053e-12, 3.1178304296e-12, 3.19432284443e-12, 3.4731920031e-12]
