
metadata:
    version:
        essentia: "2.1-beta3"

Flux:
    dmean: 0.00279786647297
    dmean2: 0.00370686873794
    dvar: 8.39342465042e-05
    dvar2: 0.000165727906278
    kurt: 9.55025863647
    max: 0.0531005598605
    mean: 0.00357736344449
    median: 5.70039665035e-05
    min: 1.92763527593e-05
    skew: 3.29080152512
    var: 0.000136114962515

Rms:
    dmean: 0.00109573372174
    dmean2: 0.000817633816041
    dvar: 1.5264879039e-05
    dvar2: 6.83281587044e-06
    kurt: 20.836523056
    max: 0.0383697152138
    mean: 0.0369960963726
    median: 0.0383528396487
    min: 0.00696154637262
    skew: -4.53155326843
    var: 2.84403977275e-05

RollOff:
    dmean: 6.36208295822
    dmean2: 6.00926589966
    dvar: 1255.71704102
    dvar2: 1063.77819824
    kurt: 38.8733482361
    max: 3229.98046875
    mean: 2978.27954102
    median: 2971.58203125
    min: 2971.58203125
    skew: 6.35286474228
    var: 1459.50073242

SpecCent:
    dmean: 4.58162641525
    dmean2: 7.50357103348
    dvar: 29.8313121796
    dvar2: 20.882856369
    kurt: 30.6687088013
    max: 2983.50024414
    mean: 2937.62402344
    median: 2936.65942383
    min: 2933.33789062
    skew: 5.37029743195
    var: 54.1125526428

Zcr:
    dmean: 0.00482732616365
    dmean2: 0.00386082846671
    dvar: 0.000270650634775
    dvar2: 0.000184323318535
    kurt: 17.8158569336
    max: 0.13427734375
    mean: 0.128352865577
    median: 0.13427734375
    min: 0.0048828125
    skew: -4.23657751083
    var: 0.000523403869011

HarmonicAmpFreq:
    dmean: [0.387689769268]
    dmean2: [0.396705806255]
    dvar: [6.4630446434]
    dvar2: [6.60977125168]
    kurt: [40.0219421387]
    max: [2963.96069336]
    mean: [2963.58154297]
    median: [2963.96069336]
    min: [2946.90234375]
    skew: [-6.48240327835]
    var: [6.32268667221]

HarmonicAmpMag:
    dmean: [1.31400088321e-06]
    dmean2: [1.34455910938e-06]
    dvar: [7.424372922e-11]
    dvar2: [7.59292351216e-11]
    kurt: [40.0227241516]
    max: [5.78160397708e-05]
    mean: [1.28480087369e-06]
    median: [0]
    min: [0]
    skew: [6.48249292374]
    var: [7.26313939547e-11]

MfccCoeff:
    dmean: [10.0833072662, 1.17163932323, 2.61494350433, 1.31021046638, 0.542294561863, 1.29316794872, 0.197715416551, 1.15181577206, 0.827811300755, 0.650370538235, 1.15055048466, 0.0387606173754, 1.07590818405]
    dmean2: [14.9959745407, 1.95548510551, 3.44547438622, 1.4991850853, 0.390050590038, 0.87812691927, 0.173624709249, 0.681004345417, 0.530215203762, 0.601647377014, 1.05730736256, 0.042177952826, 1.07664740086]
    dvar: [2114.56152344, 29.5893630981, 155.729263306, 48.9139404297, 5.86151695251, 30.1796855927, 0.587618470192, 22.3575267792, 10.9858675003, 7.57815694809, 22.3077411652, 0.032719578594, 19.729133606]
    dvar2: [5216.21386719, 78.7700271606, 298.554718018, 65.0820236206, 2.42791247368, 12.2134542465, 0.489860236645, 11.2513580322, 6.51730060577, 6.73633956909, 19.8076839447, 0.025279732421, 19.5215682983]
    kurt: [37.1996841431, 27.00532341, 21.0660057068, 36.8393783569, 31.8370399475, 29.5850791931, 19.9977912903, 25.8131809235, 23.8775310516, 21.4968261719, 20.8845386505, 34.8405799866, 20.0568122864]
    max: [-896.030761719, 16.1417694092, -4.0958404541, 50.0081748962, 24.2405853271, -4.53583526611, 7.18040847778, 49.3446121216, -2.51377868652, -2.63033294678, 46.7870140076, 2.08129882812, -3.70428466797]
    mean: [-1093.46203613, -15.2571125031, -48.7062301636, 42.4975166321, 23.4097442627, -53.715423584, 6.89213657379, 47.5506057739, -32.4937591553, -27.0546150208, 45.0016517639, 0.729877412319, -41.7244300842]
    median: [-1097.01184082, -16.3466377258, -49.0590934753, 43.3254432678, 24.0911102295, -55.3980674744, 7.17914199829, 49.1436843872, -33.6636123657, -28.0293655396, 46.7199668884, 0.705169677734, -43.3445549011]
    min: [-1135.0045166, -16.3843269348, -81.9171829224, 3.48375320435, 2.15110778809, -55.5635032654, 0.328586578369, 4.17794799805, -33.6641159058, -28.2381057739, 3.73189926147, 0.474815368652, -43.4848747253]
    skew: [6.09583902359, 5.22328901291, 2.01738667488, -6.07377099991, -5.6552772522, 5.4355301857, -4.51363325119, -5.09522104263, 4.90143346786, 4.72659635544, -4.64187335968, 5.82271671295, 4.5655465126]
    var: [917.362182617, 27.3490486145, 69.1412353516, 35.9737052917, 11.4674263, 63.6884536743, 1.42111897469, 53.4290046692, 26.6588058472, 19.1883029938, 55.4543075562, 0.0443079657853, 48.5466041565]

SpecContrastCoeff:
    dmean: [0.0638838708401, 0.0155276358128, 0.0132557544857, 0.0154345659539, 0.023885814473, 0.0185569375753]
    dmean2: [0.122289903462, 0.0251118130982, 0.022049760446, 0.0286694951355, 0.0320166125894, 0.0363070517778]
    dvar: [0.00194045749959, 0.000440168369096, 0.000190687685972, 9.01486200746e-05, 0.00216717668809, 0.000166569603607]
    dvar2: [0.00515618827194, 0.000517975713592, 0.000242229551077, 0.00022222881671, 0.00197254586965, 0.000403755548177]
    kurt: [0.41259431839, 10.4583015442, 8.3978767395, 0.161534309387, 18.3006591797, -0.540898799896]
    max: [-0.76843303442, -0.879011034966, -0.912639975548, -0.922653436661, -0.387506753206, -0.905364513397]
    mean: [-0.898835003376, -0.983409821987, -0.982567071915, -0.955519378185, -0.443656235933, -0.934271514416]
    median: [-0.915611386299, -0.992630243301, -0.989643037319, -0.959819376469, -0.428498089314, -0.940173387527]
    min: [-0.996187508106, -0.996206521988, -0.993011176586, -0.967965126038, -0.826252937317, -0.946204602718]
    skew: [0.936188042164, 3.23984146118, 2.86749267578, 0.998704075813, -4.27360391617, 0.924449563026]
    var: [0.0021307959687, 0.000566809554584, 0.000295088306302, 0.000152663415065, 0.00502117350698, 0.000166761572473]

SpecPeakAmp:
    dmean: [1.63837321452e-05, 1.2883349882e-05, 1.27949051603e-05, 1.2653327758e-05, 1.16047222036e-05]
    dmean2: [2.55331724475e-05, 2.09178360819e-05, 2.07955581573e-05, 2.06297081604e-05, 1.94926233235e-05]
    dvar: [1.86904358657e-09, 1.90645388365e-09, 1.88535564938e-09, 1.83580251001e-09, 1.51907919577e-09]
    dvar2: [4.64774174702e-09, 4.88801044085e-09, 4.84306639237e-09, 4.73987382676e-09, 4.03367295121e-09]
    kurt: [38.0708580017, 39.6141319275, 39.6142616272, 39.4664344788, 34.9962692261]
    max: [0.000228444943787, 0.000219532899791, 0.000219200112042, 0.000218846238567, 0.000219880123041]
    mean: [2.08634919545e-05, 9.50694266066e-06, 9.45353440329e-06, 9.63181719271e-06, 1.06550978671e-05]
    median: [1.56956230057e-05, 5.17403259437e-06, 5.32226249561e-06, 5.16376439919e-06, 5.26027588421e-06]
    min: [7.43844702811e-06, 7.20489765627e-07, 6.99216741396e-07, 9.3099993137e-07, 8.99037672752e-07]
    skew: [6.25010442734, 6.43400716782, 6.43401002884, 6.4170589447, 5.95680904388]
    var: [1.00236685618e-09, 1.00732377994e-09, 1.00464414565e-09, 1.00129204927e-09, 1.06003728018e-09]
