
metadata:
    version:
        essentia: "2.1-beta3"

Flux:
    dmean: 0.0250757113099
    dmean2: 0.0332208015025
    dvar: 0.006801052019
    dvar2: 0.0131260417402
    kurt: 9.37438678741
    max: 0.489487797022
    mean: 0.0329537913203
    median: 0.000523625640199
    min: 0.000116832445201
    skew: 3.26452159882
    var: 0.0114786336198

Rms:
    dmean: 0.0100518073887
    dmean2: 0.00752031523734
    dvar: 0.00128918676637
    dvar2: 0.000579840212595
    kurt: 20.9949474335
    max: 0.353571534157
    mean: 0.340989947319
    median: 0.353411853313
    min: 0.0645745396614
    skew: -4.54724884033
    var: 0.0023981994018

RollOff:
    dmean: 6.85147380829
    dmean2: 6.51003837585
    dvar: 1744.54382324
    dvar2: 1521.18762207
    kurt: 39.5871124268
    max: 3273.046875
    mean: 2978.75830078
    median: 2971.58203125
    min: 2971.58203125
    skew: 6.43321847916
    var: 1978.36303711

SpecCent:
    dmean: 7.35686159134
    dmean2: 10.0149154663
    dvar: 507.666778564
    dvar2: 434.731323242
    kurt: 38.8031959534
    max: 3104.68383789
    mean: 2940.53857422
    median: 2936.59545898
    min: 2933.31225586
    skew: 6.34066343307
    var: 621.238891602

Zcr:
    dmean: 0.00479403417557
    dmean2: 0.00380405155011
    dvar: 0.000269470066996
    dvar2: 0.000183178097359
    kurt: 17.8917198181
    max: 0.13427734375
    mean: 0.128374561667
    median: 0.13427734375
    min: 0.0048828125
    skew: -4.24379634857
    var: 0.00052219821373

HarmonicAmpFreq:
    dmean: [0.0922962501645]
    dmean2: [0.0944426804781]
    dvar: [0.366299718618]
    dvar2: [0.374615609646]
    kurt: [39.9549827576]
    max: [2968.02001953]
    mean: [2964.05078125]
    median: [2963.95898438]
    min: [2963.95898438]
    skew: [6.47465229034]
    var: [0.35834723711]

HarmonicAmpMag:
    dmean: [1.22754636322e-05]
    dmean2: [1.25609394672e-05]
    dvar: [6.479541792e-09]
    dvar2: [6.62664323414e-09]
    kurt: [40.0227279663]
    max: [0.000540120410733]
    mean: [1.20026761579e-05]
    median: [0]
    min: [0]
    skew: [6.48249435425]
    var: [6.33882679679e-09]

MfccCoeff:
    dmean: [41.212802887, 27.5936088562, 3.24149990082, 12.5268287659, 4.25400972366, 2.78820109367, 1.41210126877, 3.75289154053, 3.57285857201, 2.26845002174, 1.98286676407, 0.814010381699, 2.40162444115]
    dmean2: [68.3927536011, 51.5214157104, 4.17383146286, 23.1286430359, 7.63944339752, 3.98235082626, 2.02940440178, 5.80154132843, 5.74675750732, 3.59806156158, 2.91545414925, 1.34658432007, 3.80181646347]
    dvar: [6409.76074219, 165.104187012, 26.7087345123, 41.181804657, 16.7906513214, 69.7258987427, 1.55980300903, 37.6727333069, 16.2876758575, 14.3495540619, 35.9710884094, 0.471457391977, 27.6288776398]
    dvar2: [15895.453125, 587.517944336, 23.2667217255, 124.154418945, 19.6749210358, 110.611633301, 3.85128951073, 46.9303512573, 16.3020915985, 20.2532272339, 53.1913909912, 1.01853561401, 37.7992515564]
    kurt: [25.1345424652, -1.57325518131, 21.7109375, 2.0073595047, 7.88499736786, 11.6486558914, 5.12531089783, 12.5749521255, 13.1575469971, 13.8572044373, 12.8525876999, 2.56740808487, 13.5178661346]
    max: [-671.875854492, 11.5893211365, -55.9924736023, 84.1423187256, 45.0279426575, -31.1390953064, 11.3667945862, 70.2242889404, -7.55395507812, -4.74268341064, 55.7309379578, 3.75117492676, -9.29455947876]
    mean: [-1018.54486084, -17.1363735199, -100.834144592, 71.0658340454, 40.1336936951, -77.5903778076, 9.5357875824, 58.846446991, -38.9052696228, -30.6160755157, 50.5186347961, 0.884538710117, -45.2928199768]
    median: [-1024.59423828, -14.7564888, -102.041702271, 70.180557251, 40.8694190979, -80.1968383789, 9.82165908813, 60.4046478271, -40.19506073, -31.453956604, 52.5730552673, 0.869346618652, -47.250667572]
    min: [-1079.84802246, -38.5203018188, -107.106521606, 37.2577705383, 16.6677246094, -89.0221252441, 2.91012001038, 17.9464893341, -44.0523757935, -36.1914596558, 13.4230918884, -0.351295471191, -48.9058494568]
    skew: [4.85774564743, 0.00597456796095, 4.44086170197, -0.891994178295, -2.84091305733, 3.57317709923, -2.04160904884, -3.56236147881, 3.6022131443, 3.75238990784, -3.75457048416, 0.906911253929, 3.81488513947]
    var: [3421.55615234, 272.257171631, 61.1613922119, 87.3745574951, 36.3038291931, 111.163269043, 2.76311683655, 74.6466827393, 40.905166626, 27.5465011597, 64.0031967163, 0.569860994816, 56.4859924316]

SpecContrastCoeff:
    dmean: [0.0240270122886, 0.01468975842, 0.0153010971844, 0.019685389474, 0.0278636645526, 0.0226466972381]
    dmean2: [0.0447238497436, 0.0257924869657, 0.027424396947, 0.0367025956511, 0.0315055064857, 0.0442092753947]
    dvar: [0.000741763389669, 0.000446179212304, 0.000195022817934, 0.000129506530357, 0.00359588791616, 0.00024548053625]
    dvar2: [0.0020979300607, 0.000679335033055, 0.000331867166096, 0.000352053961251, 0.00251917168498, 0.000647635897622]
    kurt: [7.59836673737, 17.4480171204, 12.3157606125, 1.29836845398, 18.9669857025, -0.632357120514]
    max: [-0.867411971092, -0.865633428097, -0.895090579987, -0.894736111164, -0.249430686235, -0.888404726982]
    mean: [-0.968575775623, -0.986801505089, -0.981178045273, -0.94497191906, -0.304765790701, -0.921810925007]
    median: [-0.975322961807, -0.995831906796, -0.98853635788, -0.950336635113, -0.285509616137, -0.92857003212]
    min: [-0.993482410908, -0.997278630733, -0.992188990116, -0.96052646637, -0.795344352722, -0.936867594719]
    skew: [2.63000488281, 3.92490506172, 3.12099695206, 1.25313401222, -4.32913208008, 0.892001390457]
    var: [0.000515224412084, 0.00049230811419, 0.000288103183266, 0.000255652790656, 0.00796868279576, 0.000245575822191]

SpecPeakAmp:
    dmean: [7.90315098129e-05, 7.83991854405e-05, 7.75213557063e-05, 7.62074414524e-05, 6.66457490297e-05]
    dmean2: [0.000131327149575, 0.000129741005367, 0.000128691346617, 0.000127132996568, 0.00011741174967]
    dvar: [3.87239644795e-08, 3.83884319888e-08, 3.72492721112e-08, 3.50770257285e-08, 2.42638282799e-08]
    dvar2: [9.86885595466e-08, 9.88260353552e-08, 9.63293871337e-08, 9.14101292437e-08, 6.33742374134e-08]
    kurt: [35.1549911499, 34.7063980103, 34.910282135, 34.2014846802, 22.4479904175]
    max: [0.00100833387114, 0.000996907125227, 0.000992872868665, 0.000988506013528, 0.000999085023068]
    mean: [7.42097618058e-05, 6.53519600746e-05, 6.56113406876e-05, 6.70970330248e-05, 7.70549522713e-05]
    median: [5.58936153539e-05, 4.61447816633e-05, 4.705651736e-05, 4.73772815894e-05, 4.78191141156e-05]
    min: [9.63735328696e-06, 2.49680124398e-06, 3.60066815119e-06, 4.66337723992e-06, 5.53610743736e-06]
    skew: [5.94280862808, 5.90184831619, 5.92075395584, 5.84239292145, 4.70724630356]
    var: [2.10723261063e-08, 2.10870272355e-08, 2.08340207308e-08, 2.07704591304e-08, 2.59275090286e-08]
