
metadata:
    version:
        essentia: "2.1-beta3"

Flux:
    dmean: 0.000124552185298
    dmean2: 0.000166112542502
    dvar: 1.66907682342e-07
    dvar2: 3.31063716885e-07
    kurt: 9.52575969696
    max: 0.00236533302814
    mean: 0.000164176541148
    median: 7.30503188606e-06
    min: 3.90553941543e-06
    skew: 3.28821730614
    var: 2.69793559937e-07

Rms:
    dmean: 5.02126022184e-05
    dmean2: 3.8824218791e-05
    dvar: 3.06348653112e-08
    dvar2: 1.36425528652e-08
    kurt: 20.9964141846
    max: 0.00171516335104
    mean: 0.00165253400337
    median: 0.00171316135675
    min: 0.000301858817693
    skew: -4.54639434814
    var: 5.72546738908e-08

RollOff:
    dmean: 4.89390993118
    dmean2: 4.50694942474
    dvar: 671.567932129
    dvar2: 529.632141113
    kurt: 38.0067481995
    max: 904.39453125
    mean: 715.859375
    median: 710.595703125
    min: 710.595703125
    skew: 6.25828123093
    var: 827.523620605

SpecCent:
    dmean: 5.52931928635
    dmean2: 7.15140533447
    dvar: 445.761260986
    dvar2: 370.461334229
    kurt: 39.3327102661
    max: 853.193603516
    mean: 702.263427734
    median: 698.737976074
    min: 695.345825195
    skew: 6.40291213989
    var: 521.933349609

Zcr:
    dmean: 0.00117631396279
    dmean2: 0.000999273266643
    dvar: 1.43410734381e-05
    dvar2: 9.29226735025e-06
    kurt: 17.8014373779
    max: 0.03173828125
    mean: 0.0303168408573
    median: 0.03173828125
    min: 0.00146484375
    skew: -4.23183488846
    var: 2.85765599983e-05

HarmonicAmpFreq:
    dmean: [2.15697956085]
    dmean2: [2.19151139259]
    dvar: [197.181152344]
    dvar2: [198.789398193]
    kurt: [40.0182342529]
    max: [698.52947998]
    mean: [696.405395508]
    median: [698.52947998]
    min: [603.622375488]
    skew: [-6.48196458817]
    var: [195.662246704]

HarmonicAmpMag:
    dmean: [6.20628998149e-05]
    dmean2: [9.52881091507e-05]
    dvar: [8.08879505598e-08]
    dvar2: [2.07774746741e-07]
    kurt: [40.0224380493]
    max: [0.00136662099976]
    mean: [3.04243421851e-05]
    median: [0]
    min: [0]
    skew: [6.48245954514]
    var: [4.05778983747e-08]

MfccCoeff:
    dmean: [1.58623993397, 1.77363097668, 0.633370161057, 0.581907093525, 1.16825962067, 1.02624499798, 0.370462059975, 0.47238701582, 0.8052110672, 0.689983785152, 0.211443126202, 0.358492940664, 0.684161543846]
    dmean2: [2.10927557945, 2.38891100883, 0.947922110558, 0.57999509573, 1.34666717052, 1.22367918491, 0.500286638737, 0.402472436428, 0.738083660603, 0.616797566414, 0.181739985943, 0.289144814014, 0.509796917439]
    dvar: [49.6053237915, 61.7508087158, 8.2031288147, 8.59409713745, 31.3327579498, 23.2269172668, 2.78829169273, 4.0553984642, 13.6652736664, 9.51550960541, 0.831953823566, 2.02878785133, 7.20459938049]
    dvar2: [99.958984375, 128.117385864, 20.4449939728, 8.13971328735, 43.1274375916, 34.9385147095, 5.6751704216, 2.49059605598, 10.2535390854, 6.52046012878, 0.466417044401, 1.09146595001, 3.46364188194]
    kurt: [18.0062084198, 18.2978439331, 38.3148460388, 33.9276733398, 31.6412658691, 29.6493034363, 19.004278183, 30.0389823914, 32.817691803, 32.9491424561, 33.9074859619, 26.7654209137, 26.6259918213]
    max: [-1095.6505127, 47.1278800964, 14.6449279785, 8.01086425781e-05, -6.103515625e-05, 2.28881835938e-05, -2.67028808594e-05, 15.841211319, 27.5499534607, 23.9535160065, 7.80470657349, -3.0517578125e-05, -3.81469726562e-05]
    mean: [-1116.4675293, 22.6299362183, 2.07834601402, -19.1997566223, -29.5555114746, -23.6226425171, -5.1657500267, 15.2906198502, 26.5520515442, 22.9860782623, 7.36698150635, -11.1150007248, -22.3094139099]
    median: [-1116.30639648, 22.7230033875, 1.83984375, -19.7789115906, -30.2689476013, -24.134437561, -5.18523788452, 15.8293857574, 27.4151725769, 23.7364597321, 7.59813308716, -11.5387954712, -23.1585502625]
    min: [-1138.42004395, 1.14440917969e-05, -6.103515625e-05, -19.8775138855, -36.4604454041, -31.246257782, -10.1547393799, -5.34057617188e-05, -4.57763671875e-05, -2.28881835938e-05, -2.67028808594e-05, -11.5655441284, -23.1911430359]
    skew: [-0.401277512312, 0.500880539417, 6.25759029388, 5.85874319077, 5.50008535385, 5.1131734848, 0.250845819712, -5.44123411179, -5.72877407074, -5.73367738724, -5.83131599426, 5.11363124847, 5.09900188446]
    var: [21.1075000763, 25.5098304749, 3.66386246681, 9.06391334534, 22.203289032, 14.6615943909, 1.15978765488, 6.08846569061, 17.6005439758, 13.1586303711, 1.33336925507, 3.40447759628, 13.7491750717]

SpecContrastCoeff:
    dmean: [0.0505517497659, 0.0291174482554, 0.0301657803357, 0.0133151030168, 0.00930546596646, 0.00582065759227]
    dmean2: [0.0937217250466, 0.0512108467519, 0.0424162708223, 0.026566632092, 0.018253121525, 0.00994384568185]
    dvar: [0.00102792307734, 0.000401489814976, 0.00265564257279, 9.3838039902e-05, 4.09911517636e-05, 4.56460256828e-05]
    dvar2: [0.00333634531125, 0.00102431105915, 0.00223006284796, 0.000298661849229, 0.00012445768516, 7.98150140326e-05]
    kurt: [1.64452838898, 6.24121284485, 20.3937664032, -0.400637626648, 0.315544843674, 9.56367874146]
    max: [-0.760446190834, -0.763421714306, -0.45878636837, -0.917848527431, -0.917622804642, -0.915155410767]
    mean: [-0.856622993946, -0.882600843906, -0.494969844818, -0.940541267395, -0.933331489563, -0.927784502506]
    median: [-0.859824895859, -0.888679623604, -0.478567868471, -0.942233562469, -0.933801710606, -0.927011668682]
    min: [-0.98154270649, -0.983425199986, -0.947481691837, -0.955211699009, -0.953483223915, -0.967607319355]
    skew: [-0.334400475025, 0.902317881584, -4.48413276672, 0.439698666334, -0.451803356409, -2.83203864098]
    var: [0.00145462853834, 0.000899588747416, 0.00656526628882, 8.37977786432e-05, 5.72268181713e-05, 8.27783442219e-05]

SpecPeakAmp:
    dmean: [6.28954803688e-05, 1.45580497701e-06, 1.3820648519e-06, 1.28452518311e-06, 1.27545320083e-06]
    dmean2: [9.61312034633e-05, 2.4221340027e-06, 2.28223552767e-06, 2.11786095861e-06, 2.06900767807e-06]
    dvar: [8.0192570806e-08, 1.30345708185e-11, 1.16787057455e-11, 1.04734606404e-11, 9.51211418659e-12]
    dvar2: [2.05739226544e-07, 3.23682330938e-11, 2.86136097455e-11, 2.57492846489e-11, 2.29659451179e-11]
    kurt: [40.0189857483, 37.7018928528, 37.1420326233, 36.4950447083, 31.8822097778]
    max: [0.00136662099976, 1.8865113816e-05, 1.78474510903e-05, 1.6782534658e-05, 1.59511146194e-05]
    mean: [3.8371377741e-05, 1.48021058521e-06, 1.48713832004e-06, 1.48511514908e-06, 1.61904722518e-06]
    median: [8.21185039968e-06, 1.10951407351e-06, 1.18160016882e-06, 1.17913646136e-06, 1.21498635508e-06]
    min: [2.47439106715e-06, 3.96205308562e-07, 2.11939692463e-07, 1.4343946475e-07, 1.07464380505e-07]
    skew: [6.48204994202, 6.20828056335, 6.14474964142, 6.07639360428, 5.61002922058]
    var: [4.00982678173e-08, 7.06253718702e-12, 6.2983064944e-12, 5.55201544461e-12, 5.19995895301e-12]
