
metadata:
    version:
        essentia: "2.1-beta3"

Flux:
    dmean: 0.00279782689176
    dmean2: 0.00371017982252
    dvar: 8.37009429233e-05
    dvar2: 0.000166063895449
    kurt: 9.51613140106
    max: 0.0529685653746
    mean: 0.00362380500883
    median: 0.000124205587781
    min: 1.62440956046e-05
    skew: 3.28693413734
    var: 0.000135650509037

Rms:
    dmean: 0.00112435081974
    dmean2: 0.000869273557328
    dvar: 1.53584824147e-05
    dvar2: 6.84010319674e-06
    kurt: 20.9983482361
    max: 0.0383978448808
    mean: 0.0369983613491
    median: 0.0383559279144
    min: 0.00675809802487
    skew: -4.54659128189
    var: 2.8698492315e-05

RollOff:
    dmean: 4.89390993118
    dmean2: 4.50694942474
    dvar: 671.567932129
    dvar2: 529.632141113
    kurt: 38.0067481995
    max: 904.39453125
    mean: 715.859375
    median: 710.595703125
    min: 710.595703125
    skew: 6.25828123093
    var: 827.523620605

SpecCent:
    dmean: 5.54596233368
    dmean2: 7.16190052032
    dvar: 448.355682373
    dvar2: 372.370788574
    kurt: 39.3241691589
    max: 853.222595215
    mean: 701.810119629
    median: 698.219116211
    min: 694.605529785
    skew: 6.40190982819
    var: 525.327514648

Zcr:
    dmean: 0.00119850854389
    dmean2: 0.00105605018325
    dvar: 1.4342551367e-05
    dvar2: 9.31418435357e-06
    kurt: 17.4719562531
    max: 0.03173828125
    mean: 0.0303168408573
    median: 0.03173828125
    min: 0.001953125
    skew: -4.20109367371
    var: 2.79619725916e-05

HarmonicAmpFreq:
    dmean: [2.23489093781]
    dmean2: [2.37659263611]
    dvar: [197.477096558]
    dvar2: [201.931091309]
    kurt: [40.0040626526]
    max: [698.529174805]
    mean: [695.780273438]
    median: [697.811950684]
    min: [603.498291016]
    skew: [-6.4802737236]
    var: [193.586700439]

HarmonicAmpMag:
    dmean: [0.0070419148542]
    dmean2: [0.0127216512337]
    dvar: [0.000284339359496]
    dvar2: [0.000717699993402]
    kurt: [3.64399003983]
    max: [0.0516189597547]
    mean: [0.0454128794372]
    median: [0.0516121424735]
    min: [0]
    skew: [-2.34960079193]
    var: [0.000267232477199]

MfccCoeff:
    dmean: [11.1324682236, 7.87922239304, 1.65509176254, 1.89930725098, 1.65465021133, 2.87366533279, 3.09500789642, 3.5149834156, 2.88451886177, 1.99074244499, 2.52400445938, 2.79788947105, 2.88544487953]
    dmean2: [16.6174526215, 11.7518215179, 3.09053111076, 2.43487262726, 1.35266375542, 4.5084733963, 6.03682136536, 5.60638999939, 4.05681657791, 2.68009018898, 4.69311857224, 4.68112373352, 4.24533700943]
    dvar: [2085.24316406, 817.540649414, 0.963252604008, 15.8267297745, 37.9118003845, 21.8485431671, 3.00488042831, 8.56896209717, 33.8684806824, 32.0279273987, 5.2128200531, 3.74004268646, 25.6015853882]
    dvar2: [5108.06982422, 1919.60864258, 2.67418265343, 5.57926034927, 14.9278278351, 21.596578598, 9.51425933838, 7.85338783264, 27.9164524078, 36.3712654114, 9.67809391022, 4.56763648987, 21.4511585236]
    kurt: [36.2734375, 30.3454475403, 5.03118610382, 29.8851013184, 29.1015434265, 20.8158435822, 2.00423145294, 19.5690231323, 19.1922416687, 17.6593437195, 10.7853298187, 14.4295711517, 15.6506767273]
    max: [-889.364196777, 168.365890503, 10.520904541, -4.22422409058, -9.08360290527, -9.41303253174, -5.9291229248, 33.5062332153, 59.0637626648, 52.6064529419, 20.1259727478, 0.680168151855, -0.343544006348]
    mean: [-1085.0201416, 53.2808876038, 5.19284582138, -41.6415519714, -64.928855896, -52.7395362854, -13.6381902695, 30.2399406433, 55.0893707275, 49.1667747498, 17.9778079987, -19.6771392822, -43.2920455933]
    median: [-1089.24731445, 50.8372001648, 5.03149414062, -42.6067581177, -66.3712768555, -54.0573692322, -13.7618026733, 31.5868015289, 57.637096405, 51.3384170532, 18.9308433533, -20.3745422363, -45.4927024841]
    min: [-1129.17260742, 10.3103752136, 1.56080627441, -47.2167739868, -73.8589782715, -58.9979515076, -16.9243240356, -1.09119415283, 2.50160598755, 3.53964233398, 2.4383430481, -22.3636779785, -46.4267539978]
    skew: [5.97495222092, 5.01419782639, 1.06448578835, 5.40024852753, 5.34166574478, 4.57962560654, 1.13763022423, -4.24783706665, -4.44067144394, -4.28776597977, -3.25601792336, 3.64476418495, 4.02600002289]
    var: [911.795043945, 345.26574707, 1.68501591682, 36.6028900146, 82.7457046509, 60.9063110352, 5.47244787216, 31.7674541473, 94.727355957, 75.4854049683, 11.9243736267, 16.0076980591, 70.8045654297]

SpecContrastCoeff:
    dmean: [0.029512424022, 0.0376448184252, 0.035366371274, 0.0142230726779, 0.00982673559338, 0.0109641933814]
    dmean2: [0.0548654943705, 0.0645405128598, 0.0451707728207, 0.0272982176393, 0.0186995826662, 0.0201682299376]
    dvar: [0.000525705167092, 0.00073701213114, 0.00452479859814, 9.5598588814e-05, 9.78120297077e-05, 0.000141603231896]
    dvar2: [0.00138833187521, 0.00174910621718, 0.00312341889367, 0.0003220338549, 0.000284950714558, 0.000415352231357]
    kurt: [1.56931972504, 7.74820327759, 22.8840274811, 0.668152570724, 1.37507343292, 2.71319532394]
    max: [-0.88000202179, -0.676899552345, -0.290236532688, -0.90551930666, -0.918241262436, -0.913170099258]
    mean: [-0.957198917866, -0.849434435368, -0.333219140768, -0.942259728909, -0.953486204147, -0.956057727337]
    median: [-0.966189920902, -0.857892990112, -0.312603145838, -0.948310852051, -0.95970928669, -0.962009310722]
    min: [-0.981159687042, -0.978310525417, -0.931949853897, -0.952867269516, -0.960699975491, -0.963425815105]
    skew: [1.4810680151, 1.32706737518, -4.73246908188, 1.21829593182, 1.52721941471, 1.92221772671]
    var: [0.000566549599171, 0.00161051854957, 0.0107547100633, 0.000148919585627, 0.000112154921226, 0.00014660290617]

SpecPeakAmp:
    dmean: [6.16174729657e-05, 0.00140087446198, 0.0281549319625, 0.0234471447766, 0.0164412688464]
    dmean2: [9.98566029011e-05, 0.00215287855826, 0.0576033331454, 0.0479525588453, 0.0336311683059]
    dvar: [4.55992186232e-08, 4.05448481615e-05, 0.000658193486743, 0.0006584013463, 0.00057648087386]
    dvar2: [1.16293726649e-07, 0.000104094571725, 0.00163148355205, 0.00116100837477, 0.00122113304678]
    kurt: [39.6615142822, 40.022315979, -1.1322196722, -1.74579370022, 0.249965667725]
    max: [0.00108264386654, 0.0306002479047, 0.0516189597547, 0.0516189448535, 0.0516182184219]
    mean: [4.79219961562e-05, 0.000707263592631, 0.0149437850341, 0.0195325613022, 0.0103554669768]
    median: [2.67879768217e-05, 2.88657374767e-05, 4.5406188292e-05, 4.73786494695e-05, 3.84606064472e-05]
    min: [6.32434921499e-06, 6.56095335216e-06, 4.77723915537e-06, 3.22021719512e-06, 2.42489841185e-06]
    skew: [6.43973970413, 6.48244571686, 0.931531429291, 0.504170417786, 1.49997532368]
    var: [2.44359021906e-08, 2.03089730348e-05, 0.000546204100829, 0.000624916399829, 0.000425573933171]
