
metadata:
    version:
        essentia: "2.1-beta3"

Flux:
    dmean: 0.025077521801
    dmean2: 0.0332578904927
    dvar: 0.00677627278492
    dvar2: 0.0131391817704
    kurt: 9.33172130585
    max: 0.487999618053
    mean: 0.0333554856479
    median: 0.00114766322076
    min: 0.000100109653431
    skew: 3.25957155228
    var: 0.0114306407049

Rms:
    dmean: 0.0103168673813
    dmean2: 0.00799207668751
    dvar: 0.00129926868249
    dvar2: 0.000581256172154
    kurt: 21.19272995
    max: 0.353772938251
    mean: 0.340948224068
    median: 0.353392839432
    min: 0.062272194773
    skew: -4.56551599503
    var: 0.00242403359152

RollOff:
    dmean: 4.89390993118
    dmean2: 4.50694942474
    dvar: 671.567932129
    dvar2: 529.632141113
    kurt: 38.0067481995
    max: 904.39453125
    mean: 715.859375
    median: 710.595703125
    min: 710.595703125
    skew: 6.25828123093
    var: 827.523620605

SpecCent:
    dmean: 5.59590005875
    dmean2: 7.20653152466
    dvar: 462.914276123
    dvar2: 384.43145752
    kurt: 39.3364562988
    max: 855.739318848
    mean: 701.877197266
    median: 698.216308594
    min: 694.939758301
    skew: 6.4034280777
    var: 542.384216309

Zcr:
    dmean: 0.00119850854389
    dmean2: 0.00104469479993
    dvar: 1.42992030305e-05
    dvar2: 9.24378309719e-06
    kurt: 17.8043689728
    max: 0.03173828125
    mean: 0.0303059890866
    median: 0.03173828125
    min: 0.00146484375
    skew: -4.23175048828
    var: 2.85508904199e-05

HarmonicAmpFreq:
    dmean: [2.16011452675]
    dmean2: [2.23594498634]
    dvar: [195.756607056]
    dvar2: [200.361526489]
    kurt: [40.0127105713]
    max: [698.528198242]
    mean: [695.758300781]
    median: [697.812011719]
    min: [603.959594727]
    skew: [-6.48130226135]
    var: [191.545120239]

HarmonicAmpMag:
    dmean: [0.02165710181]
    dmean2: [0.0287631824613]
    dvar: [0.00732172001153]
    dvar2: [0.0107388589531]
    kurt: [8.72328948975]
    max: [0.475584834814]
    mean: [0.439543098211]
    median: [0.475528299809]
    min: [0]
    skew: [-3.22982478142]
    var: [0.0146024292335]

MfccCoeff:
    dmean: [29.4410037994, 20.4763145447, 39.9016571045, 10.6519117355, 5.21318769455, 6.82220172882, 2.72486495972, 2.89270472527, 2.88622665405, 2.58712458611, 2.00666570663, 1.05219268799, 1.91636860371]
    dmean2: [47.1676368713, 37.8506088257, 78.4471893311, 19.7542190552, 5.63327693939, 12.2602539062, 4.75098848343, 3.70584273338, 3.162961483, 3.22342133522, 2.86249780655, 1.62738251686, 2.42263293266]
    dvar: [6047.00585938, 158.847549438, 395.320404053, 61.5144271851, 61.788772583, 37.3955879211, 5.81136417389, 17.0908813477, 43.2784233093, 36.4567184448, 7.93954324722, 5.63385772705, 29.1508674622]
    dvar2: [14807.2207031, 492.017089844, 1570.4017334, 180.580581665, 118.516700745, 57.9166564941, 21.6278572083, 23.4006767273, 40.5373153687, 31.1882038116, 9.14102840424, 10.2747106552, 34.0966415405]
    kurt: [27.915271759, -0.0365514755249, -1.3475536108, 3.78125667572, 8.10309314728, 7.94339179993, 0.660976886749, 17.0538463593, 17.2236099243, 18.0768642426, 20.0124664307, 10.7455644608, 14.0391902924]
    max: [-644.851318359, 167.882049561, 39.585483551, -26.9465103149, -36.2251243591, -22.1501083374, -6.57755470276, 38.9423789978, 59.77967453, 51.0318069458, 18.7873802185, -6.76154899597, -3.33738708496]
    mean: [-974.983093262, 141.613327026, 8.28946018219, -63.9377708435, -80.973777771, -59.2599983215, -13.0324707031, 31.2465133667, 54.3729972839, 47.5638618469, 16.2510719299, -20.1454544067, -42.6184959412]
    median: [-981.820556641, 146.271759033, 8.08843994141, -64.6915969849, -82.2040710449, -59.7573356628, -12.9995956421, 32.6974105835, 57.0357933044, 49.9921646118, 17.2098197937, -20.8524780273, -44.5320243835]
    min: [-1040.11376953, 102.408363342, -30.1641197205, -81.1544570923, -100.506622314, -70.7528686523, -18.846282959, -1.36779022217, 0.411735534668, -2.83945465088, -7.65337562561, -22.5585403442, -46.4872398376]
    skew: [5.17300796509, -0.779673337936, -0.117820978165, 1.52842640877, 2.48512744904, 2.56823658943, 0.0163229946047, -3.91189241409, -4.17366552353, -4.2671380043, -4.33359289169, 3.4602253437, 3.86629724503]
    var: [2948.48925781, 191.631469727, 515.774963379, 111.373718262, 109.294158936, 80.1269607544, 5.65814399719, 36.7419395447, 103.725738525, 87.687828064, 18.2296524048, 9.69241142273, 64.1927490234]

SpecContrastCoeff:
    dmean: [0.0386578068137, 0.0469137765467, 0.0357587896287, 0.0171330869198, 0.010234490037, 0.00763900158927]
    dmean2: [0.0728145837784, 0.0829496905208, 0.0416247993708, 0.0322260037065, 0.0201409757137, 0.0142633905634]
    dvar: [0.00149201077875, 0.00161471846513, 0.00781877432019, 0.000129558626213, 0.000112429654109, 0.000162759752129]
    dvar2: [0.00407856935635, 0.00384845887311, 0.00390032213181, 0.000438953371486, 0.000327849120367, 0.00046775341616]
    kurt: [3.059902668, 4.58693742752, 26.1640777588, 1.75558710098, 0.381317615509, 6.77922916412]
    max: [-0.849196255207, -0.656174182892, -0.118285290897, -0.878742337227, -0.919435322285, -0.912615299225]
    mean: [-0.962744057178, -0.809843957424, -0.162460744381, -0.929077327251, -0.94499784708, -0.952144443989]
    median: [-0.980249941349, -0.820341527462, -0.136184051633, -0.936377644539, -0.951378703117, -0.956408441067]
    min: [-0.987116217613, -0.972038090229, -0.913857996464, -0.941403090954, -0.951968729496, -0.957118272781]
    skew: [1.95011341572, 0.393643707037, -5.0457110405, 1.44622182846, 1.35347163677, 2.73941612244]
    var: [0.00128382211551, 0.00211970019154, 0.0157315433025, 0.000215934342123, 0.000108930595161, 0.000102881640487]

SpecPeakAmp:
    dmean: [0.000570029893424, 0.185642108321, 0.172851905227, 0.043516356498, 0.000254103651969]
    dmean2: [0.000870959018357, 0.373271584511, 0.353401660919, 0.0888815671206, 0.000392181536881]
    dvar: [3.82901043849e-06, 0.0512348301709, 0.0521440505981, 0.0186452530324, 5.1775555221e-07]
    dvar2: [9.83117661235e-06, 0.0483904145658, 0.0743711739779, 0.0551360435784, 1.29559600737e-06]
    kurt: [39.213760376, -1.91241776943, -1.94998657703, 17.5452308655, 28.2780265808]
    max: [0.00991349108517, 0.475584834814, 0.475584536791, 0.475540548563, 0.00347673241049]
    mean: [0.000506269396283, 0.20726506412, 0.211649879813, 0.0214451998472, 0.000187141442439]
    median: [0.000275380414678, 0.000453068700153, 0.00043728161836, 0.000321662519127, 6.00403072895e-05]
    min: [5.5478336435e-05, 8.26717732707e-05, 4.41859301645e-05, 2.06416134461e-05, 1.96578748728e-05]
    skew: [6.3876080513, 0.256370723248, 0.223592370749, 4.42091655731, 5.27634429932]
    var: [2.03047716241e-06, 0.0542846620083, 0.0557122454047, 0.00959015917033, 2.91077441261e-07]
