
metadata:
    version:
        essentia: "2.1-beta3"

Flux:
    dmean: 0.0136674940586
    dmean2: 0
    dvar: 0
    dvar2: 0
    kurt: -2
    max: 0.302434951067
    mean: 0.295601189137
    median: 0.295601189137
    min: 0.288767457008
    skew: 6.54577161185e-06
    var: 4.67000973003e-05

Rms:
    dmean: 0
    dmean2: 0
    dvar: 0
    dvar2: 0
    kurt: 0
    max: 0.103569090366
    mean: 0.103569090366
    median: 0.103569090366
    min: 0.103569090366
    skew: 0
    var: 0

RollOff:
    dmean: 279.931640625
    dmean2: 0
    dvar: 0
    dvar2: 0
    kurt: -2
    max: 1248.92578125
    mean: 1108.95996094
    median: 1108.95996094
    min: 968.994140625
    skew: 0
    var: 19590.4316406

SpecCent:
    dmean: 112.925537109
    dmean2: 0
    dvar: 0
    dvar2: 0
    kurt: -2
    max: 976.309936523
    mean: 919.847167969
    median: 919.847167969
    min: 863.384399414
    skew: 0
    var: 3188.04418945

Zcr:
    dmean: 0
    dmean2: 0
    dvar: 0
    dvar2: 0
    kurt: 0
    max: 0.01171875
    mean: 0.01171875
    median: 0.01171875
    min: 0.01171875
    skew: 0
    var: 0

HarmonicAmpFreq:
    dmean: [31.9795532227]
    dmean2: [0]
    dvar: [0]
    dvar2: [0]
    kurt: [-1.99999988079]
    max: [900.207641602]
    mean: [884.217895508]
    median: [884.217895508]
    min: [868.228088379]
    skew: [-5.73302850171e-06]
    var: [255.672958374]

HarmonicAmpMag:
    dmean: [0.083691559732]
    dmean2: [0]
    dvar: [0]
    dvar2: [0]
    kurt: [-2]
    max: [0.083691559732]
    mean: [0.041845779866]
    median: [0.041845779866]
    min: [0]
    skew: [0]
    var: [0.00175106932875]

MfccCoeff:
    dmean: [376.83996582, 31.0373916626, 22.785238266, 61.9497146606, 3.26220703125, 42.9557113647, 34.6174163818, 8.96693992615, 24.613067627, 10.697977066, 7.44417190552, 8.58014678955, 1.78086471558]
    dmean2: [0, 0, 0, 0, 0, 0, 0, 0, 0, 0, 0, 0, 0]
    dvar: [0, 0, 0, 0, 0, 0, 0, 0, 0, 0, 0, 0, 0]
    dvar2: [0, 0, 0, 0, 0, 0, 0, 0, 0, 0, 0, 0, 0]
    kurt: [-2, -2, -2, -2, -2, -2, -2, -1.99999988079, -2, -2, -2, -2, -2]
    max: [-616.792907715, 152.644485474, -11.9396114349, -41.9338989258, -45.8394165039, 30.5392150879, 47.1816940308, 22.0714187622, 10.2967300415, -2.76306724548, -1.91415023804, 3.40260314941, 1.98961639404]
    mean: [-805.212890625, 137.125793457, -23.3322296143, -72.9087524414, -47.4705200195, 9.06136035919, 29.8729858398, 17.5879478455, -2.00980377197, -8.1120557785, -5.6362361908, -0.887470245361, 1.09918403625]
    median: [-805.212890625, 137.125793457, -23.3322296143, -72.9087524414, -47.4705200195, 9.06136035919, 29.8729858398, 17.5879478455, -2.00980377197, -8.1120557785, -5.6362361908, -0.887470245361, 1.09918403625]
    min: [-993.632873535, 121.607093811, -34.7248497009, -103.883613586, -49.1016235352, -12.4164943695, 12.5642757416, 13.1044788361, -14.3163375854, -13.4610443115, -9.35832214355, -5.17754364014, 0.208751678467]
    skew: [0, -7.1856663908e-07, -2.47662654829e-07, -3.94324132458e-07, 0, 0, -1.412431061e-07, 6.34904779417e-07, 0, 0, 0, 0, 0]
    var: [35502.0898438, 240.829925537, 129.791778564, 959.441772461, 2.66049861908, 461.298278809, 299.591400146, 20.1015014648, 151.450775146, 28.6116790771, 13.8539237976, 18.4047298431, 0.79286980629]

SpecContrastCoeff:
    dmean: [0.00193160772324, 0.092351436615, 0.0445709228516, 0.224080264568, 0.00598138570786, 0.0207550525665]
    dmean2: [0, 0, 0, 0, 0, 0]
    dvar: [0, 0, 0, 0, 0, 0]
    dvar2: [0, 0, 0, 0, 0, 0]
    kurt: [-2, -2, -2, -2, -2, -2]
    max: [-0.967036962509, -0.814697146416, -0.743420422077, -0.599135816097, -0.917471468449, -0.937701106071]
    mean: [-0.968002796173, -0.860872864723, -0.765705883503, -0.711175918579, -0.9204621315, -0.948078632355]
    median: [-0.968002796173, -0.860872864723, -0.765705883503, -0.711175918579, -0.9204621315, -0.948078632355]
    min: [-0.968968570232, -0.907048583031, -0.787991344929, -0.823216080666, -0.923452854156, -0.958456158638]
    skew: [9.25822896534e-05, 0, 0, -7.86344571679e-07, -2.98832128465e-05, 0]
    var: [9.32777084017e-07, 0.00213219691068, 0.00049664179096, 0.0125529915094, 8.94424374565e-06, 0.000107693049358]

SpecPeakAmp:
    dmean: [0.0835561007261, 0.0406960770488, 0.0205917619169, 0.0105071607977, 0.00644413521513]
    dmean2: [0, 0, 0, 0, 0]
    dvar: [0, 0, 0, 0, 0]
    dvar2: [0, 0, 0, 0, 0]
    kurt: [-1.99999988079, -2, -2, -2, -2]
    max: [0.083691559732, 0.0408365242183, 0.0207418128848, 0.0106733730063, 0.00663602631539]
    mean: [0.0419135093689, 0.0204884856939, 0.0104459319264, 0.00541979260743, 0.00341395870782]
    median: [0.0419135093689, 0.0204884856939, 0.0104459319264, 0.00541979260743, 0.00341395870782]
    min: [0.000135456823045, 0.000140447009471, 0.000150051710079, 0.000166212397744, 0.000191891100258]
    skew: [-1.49670725591e-07, 0, 1.56246727556e-07, 0, 0]
    var: [0.00174540560693, 0.000414042675402, 0.000106005158159, 2.76001064776e-05, 1.03817192212e-05]
