
metadata:
    version:
        essentia: "2.1-beta3"

Flux:
    dmean: 5.0357712098e-06
    dmean2: 7.42841893953e-06
    dvar: 3.20965365397e-10
    dvar2: 6.92878365793e-10
    kurt: 14.1646823883
    max: 9.58018281381e-05
    mean: 5.78947538088e-06
    median: 1.08929907583e-06
    min: 1.90610393247e-07
    skew: 3.88076591492
    var: 3.30196592291e-10

Rms:
    dmean: 1.27976898057e-06
    dmean2: 1.16471142064e-06
    dvar: 2.51294332565e-11
    dvar2: 1.88821493163e-11
    kurt: 19.5271148682
    max: 7.73454303271e-05
    mean: 7.58973837947e-05
    median: 7.72582861828e-05
    min: 4.47770144092e-05
    skew: -4.49840259552
    var: 3.30996861864e-11

RollOff:
    dmean: 1.00154435635
    dmean2: 1.025390625
    dvar: 20.5633563995
    dvar2: 21.0285148621
    kurt: 17.0510482788
    max: 1421.19140625
    mean: 1400.6361084
    median: 1399.65820312
    min: 1399.65820312
    skew: 4.36493968964
    var: 20.1182975769

SpecCent:
    dmean: 2.15606546402
    dmean2: 2.08222007751
    dvar: 6.6196641922
    dvar2: 4.42323923111
    kurt: 15.8312549591
    max: 1556.21008301
    mean: 1532.72644043
    median: 1532.21850586
    min: 1528.45129395
    skew: 3.54765081406
    var: 19.4919300079

Zcr:
    dmean: 0.00158975285012
    dmean2: 0.00168573285919
    dvar: 4.10533757531e-05
    dvar2: 3.82855105272e-05
    kurt: 17.4269809723
    max: 0.0634765625
    mean: 0.0618452578783
    median: 0.0634765625
    min: 0.029296875
    skew: -4.38280105591
    var: 4.35974689026e-05

HarmonicAmpFreq:
    dmean: [0]
    dmean2: [0]
    dvar: [0]
    dvar2: [0]
    kurt: [-2]
    max: [1397.43896484]
    mean: [1397.43847656]
    median: [1397.43896484]
    min: [1397.43896484]
    skew: [1]
    var: [2.38418579102e-07]

HarmonicAmpMag:
    dmean: [0]
    dmean2: [0]
    dvar: [0]
    dvar2: [0]
    kurt: [nan]
    max: [0]
    mean: [0]
    median: [0]
    min: [0]
    skew: [nan]
    var: [0]

MfccCoeff:
    dmean: [0.0521353781223, 0.0255268886685, 0.0560771152377, 0.0643459558487, 0.0115352896973, 0.0723323374987, 0.0385334119201, 0.0456576682627, 0.0701379105449, 0.00289597618394, 0.0681336894631, 0.0500598289073, 0.0334800891578]
    dmean2: [0.0535132996738, 0.0262022465467, 0.0575626902282, 0.0660538449883, 0.0118386400864, 0.0742492675781, 0.0395558662713, 0.0468684621155, 0.071995511651, 0.00297364732251, 0.0699393898249, 0.0513857901096, 0.0343669727445]
    dvar: [0.0559616982937, 0.0134097142145, 0.0647184476256, 0.0852104797959, 0.00273903622292, 0.107668735087, 0.0305567402393, 0.0428995713592, 0.101240128279, 0.000172540356289, 0.0955369547009, 0.0515736527741, 0.0230690855533]
    dvar2: [0.0563570074737, 0.013504659757, 0.0651742815971, 0.0858125314116, 0.00275838305242, 0.108427032828, 0.0307716242969, 0.0432013943791, 0.101953335106, 0.000173764507053, 0.0962095037103, 0.0519366376102, 0.0232312940061]
    kurt: [20.4653167725, 20.4463729858, 20.4459266663, 20.4453716278, 20.4460296631, 20.4458770752, 20.4455432892, 20.4457435608, 20.4457397461, 20.4453601837, 20.4456882477, 20.445728302, 20.4457149506]
    max: [-1137.0859375, 0.653087615967, -6.103515625e-05, 8.01086425781e-05, 0.29508972168, 1.85053253174, 0.98579788208, -5.34057617188e-05, -4.57763671875e-05, -2.28881835938e-05, 1.74311447144, 1.28070831299, -3.81469726562e-05]
    mean: [-1137.13708496, 0.627911329269, -1.37946498394, -1.58268594742, 0.283716708422, 1.77921748161, 0.947804868221, -1.12311947346, -1.72530257702, -0.0712458863854, 1.67592895031, 1.23134839535, -0.823595225811]
    median: [-1137.08642578, 0.652782440186, -1.43408203125, -1.64535140991, 0.294952392578, 1.84966278076, 0.985340118408, -1.16758728027, -1.79361343384, -0.0740623474121, 1.74229049683, 1.28010559082, -0.856204986572]
    min: [-1138.42004395, 1.14440917969e-05, -1.43476867676, -1.64612960815, -6.103515625e-05, 2.28881835938e-05, -2.67028808594e-05, -1.16813659668, -1.79446411133, -0.074104309082, -2.67028808594e-05, -3.0517578125e-05, -0.856605529785]
    skew: [-4.65503835678, -4.65194606781, 4.65190553665, 4.65185976028, -4.65191364288, -4.65190267563, -4.65187072754, 4.65189170837, 4.65188980103, 4.6518573761, -4.65188598633, -4.65188884735, 4.65188932419]
    var: [0.0556060522795, 0.0133240064606, 0.0643050819635, 0.0846654623747, 0.00272155390121, 0.106981880963, 0.0303620975465, 0.0426261499524, 0.100594304502, 0.00017144040612, 0.0949274227023, 0.0512447357178, 0.0229220576584]

SpecContrastCoeff:
    dmean: [0.0194071233273, 0.0224500279874, 0.0116213988513, 0.0122891459614, 0.00667954888195, 0.00638691475615]
    dmean2: [0.0266945697367, 0.0369373336434, 0.0158907212317, 0.0145563753322, 0.00893452018499, 0.00875897333026]
    dvar: [0.00139576126821, 0.000292309268843, 0.000301460153423, 0.00098280608654, 6.36375043541e-05, 5.47873678443e-05]
    dvar2: [0.00139224191662, 0.000572531891521, 0.000286189344479, 0.000888306531124, 7.4108975241e-05, 4.40070107288e-05]
    kurt: [17.7037849426, 4.42360639572, 13.998758316, 18.0129795074, 4.96396923065, 7.09988307953]
    max: [-0.663964092731, -0.867333114147, -0.818023443222, -0.585552573204, -0.865374565125, -0.866476535797]
    mean: [-0.693120479584, -0.897632062435, -0.838132143021, -0.613931298256, -0.883451282978, -0.884618520737]
    median: [-0.683342933655, -0.896362185478, -0.83343911171, -0.606378793716, -0.882486820221, -0.883948802948]
    min: [-0.91530174017, -0.986240684986, -0.950765788555, -0.794376432896, -0.927019238472, -0.93220448494]
    skew: [-4.23103427887, -1.58957314491, -3.6181833744, -4.25724029541, -1.88344955444, -2.01476097107]
    var: [0.00179558049422, 0.000479828071548, 0.000499429181218, 0.00116094003897, 0.00012180867634, 0.000115632166853]

SpecPeakAmp:
    dmean: [1.23408497643e-07, 3.34284749215e-07, 3.00203652159e-07, 1.35530186185e-07, 3.24343290004e-07]
    dmean2: [1.46502912912e-07, 6.27669976438e-07, 5.28978773673e-07, 2.17052530616e-07, 6.02339127909e-07]
    dvar: [1.86940171459e-13, 1.61304319511e-13, 7.46716395856e-14, 3.75607985199e-14, 3.4592402727e-13]
    dvar2: [1.84358808059e-13, 3.52947787099e-13, 1.90254292897e-13, 5.37075639767e-14, 9.23128869353e-13]
    kurt: [17.0373077393, 1.02818346024, 0.271148920059, 17.3466777802, 9.5596408844]
    max: [8.43220368552e-06, 1.8219644744e-06, 1.32963759825e-06, 1.34908327709e-06, 2.14376427721e-06]
    mean: [8.28967040434e-06, 6.50437527838e-07, 3.21766407296e-07, 2.27601134384e-07, 2.75029350405e-07]
    median: [8.38705091155e-06, 8.07343155884e-07, 1.92892713358e-07, 2.15230329559e-07, 1.95977406747e-07]
    min: [6.23089499641e-06, 4.80514010803e-08, 1.92176372593e-08, 2.01969925229e-08, 2.81723693263e-08]
    skew: [-4.35289955139, -0.11349901557, 1.17981851101, 3.88400840759, 3.28559851646]
    var: [1.89181081824e-13, 1.31115184356e-13, 1.07638859848e-13, 4.35807768725e-14, 2.24830733458e-13]
