
metadata:
    version:
        essentia: "2.1-beta3"

Flux:
    dmean: 0.000124739497551
    dmean2: 0.000164696495631
    dvar: 1.67003292972e-07
    dvar2: 3.28601828414e-07
    kurt: 9.59049510956
    max: 0.00237847375683
    mean: 0.000161983422004
    median: 4.66055007564e-06
    min: 3.15983925248e-06
    skew: 3.29542136192
    var: 2.71347488479e-07

Rms:
    dmean: 4.89035046485e-05
    dmean2: 3.57186509063e-05
    dvar: 3.05073655227e-08
    dvar2: 1.37291236157e-08
    kurt: 20.8766899109
    max: 0.00171496160328
    mean: 0.00165276310872
    median: 0.00171324785333
    min: 0.000310299365083
    skew: -4.53569698334
    var: 5.67589282241e-08

RollOff:
    dmean: 6.36208295822
    dmean2: 6.00926589966
    dvar: 1255.71704102
    dvar2: 1063.77819824
    kurt: 38.8727836609
    max: 1658.05664062
    mean: 1406.35656738
    median: 1399.65820312
    min: 1399.65820312
    skew: 6.35279750824
    var: 1459.50073242

SpecCent:
    dmean: 2.85164022446
    dmean2: 2.47275567055
    dvar: 84.7174530029
    dvar2: 74.299621582
    kurt: 36.4401245117
    max: 1462.19787598
    mean: 1396.3157959
    median: 1394.53540039
    min: 1391.90148926
    skew: 6.05502510071
    var: 103.039733887

Zcr:
    dmean: 0.00223055761307
    dmean2: 0.00170330668334
    dvar: 6.03783737461e-05
    dvar2: 4.06905164709e-05
    kurt: 17.6645355225
    max: 0.0634765625
    mean: 0.0606011301279
    median: 0.0634765625
    min: 0.00244140625
    skew: -4.22118377686
    var: 0.000116742710816

HarmonicAmpFreq:
    dmean: [0.20113581419]
    dmean2: [0.205813392997]
    dvar: [1.7395914793]
    dvar2: [1.77908432484]
    kurt: [40.0132293701]
    max: [1397.15771484]
    mean: [1396.96057129]
    median: [1397.15771484]
    min: [1388.30773926]
    skew: [-6.48139429092]
    var: [1.70181310177]

HarmonicAmpMag:
    dmean: [5.9293999044e-08]
    dmean2: [6.06729315678e-08]
    dvar: [1.51178467531e-13]
    dvar2: [1.54610604376e-13]
    kurt: [40.0227279663]
    max: [2.60893602899e-06]
    mean: [5.79763579367e-08]
    median: [0]
    min: [0]
    skew: [6.48249435425]
    var: [1.47895340722e-13]

MfccCoeff:
    dmean: [0.970866799355, 0.534541070461, 0.914390742779, 1.1752692461, 0.114223130047, 0.990779340267, 0.6901897192, 0.467222392559, 0.759901225567, 0.166988193989, 0.655587792397, 0.505505025387, 0.266872495413]
    dmean2: [1.18387198448, 0.668618142605, 1.07914984226, 1.42800819874, 0.165815487504, 1.11471259594, 0.834436833858, 0.425053805113, 0.78956246376, 0.221704170108, 0.588954329491, 0.455601751804, 0.231703385711]
    dvar: [19.3445472717, 5.71440458298, 17.8571872711, 28.4698410034, 0.258889526129, 22.4596328735, 9.87735652924, 4.33856582642, 15.0357961655, 0.520941317081, 8.40398788452, 5.06923103333, 1.28784513474]
    dvar2: [31.392824173, 9.94218444824, 26.4525032043, 45.7641334534, 0.405551999807, 29.1325435638, 15.680357933, 3.17891073227, 15.8363647461, 1.06691944599, 5.95921993256, 3.64856624603, 0.817869484425]
    kurt: [24.8829689026, 21.880771637, 28.1202926636, 25.2444381714, 16.0388011932, 31.0785179138, 25.6361503601, 31.3758888245, 32.6345252991, 17.0747680664, 31.1268539429, 31.0216674805, 30.6056098938]
    max: [-1110.39074707, 15.0635490417, -6.103515625e-05, 8.01086425781e-05, 3.81230163574, 30.6670684814, 20.0797157288, -5.34057617188e-05, -4.57763671875e-05, -2.28881835938e-05, 21.8753929138, 16.8035831451, -3.81469726562e-05]
    mean: [-1118.8425293, 9.72209835052, -20.6893253326, -24.0091819763, 3.5883307457, 25.8334503174, 14.3309869766, -14.956568718, -23.890045166, -2.11341357231, 21.0400447845, 16.2195205688, -8.572057724]
    median: [-1118.43847656, 9.89643478394, -21.1728553772, -24.5131912231, 3.76751708984, 26.5140533447, 14.6391792297, -15.4585800171, -24.5996170044, -2.13027954102, 21.7535820007, 16.7711429596, -8.86794662476]
    min: [-1138.42004395, 1.14440917969e-05, -27.1865959167, -34.0446853638, -6.103515625e-05, 2.28881835938e-05, -2.67028808594e-05, -15.5720443726, -24.9757003784, -4.33010101318, -2.67028808594e-05, -3.0517578125e-05, -8.95634078979]
    skew: [-4.30004739761, -3.45629358292, 4.99975156784, 4.38926649094, -4.16562223434, -5.51413726807, -4.49137687683, 5.58661842346, 5.73923826218, -0.212993994355, -5.55927848816, -5.55156087875, 5.49749231339]
    var: [11.0526800156, 2.96282315254, 11.5413398743, 16.4831733704, 0.539605617523, 17.1212501526, 5.82016181946, 5.70856380463, 14.3087759018, 0.221797242761, 11.3388252258, 6.75090789795, 1.89612448215]

SpecContrastCoeff:
    dmean: [0.023650592193, 0.0145423831418, 0.00896594300866, 0.0171983744949, 0.00725963013247, 0.00772742228583]
    dmean2: [0.0339857824147, 0.0237641502172, 0.013970380649, 0.0189153663814, 0.0123958624899, 0.0133771067485]
    dvar: [0.00113985629287, 0.000137911934871, 7.52834894229e-05, 0.00216631568037, 3.65269916074e-05, 3.64497936971e-05]
    dvar2: [0.0019402008038, 0.000215261243284, 0.000117735740787, 0.002076493809, 0.000100049634057, 0.000117093011795]
    kurt: [8.99674129486, 1.22830057144, 0.141331911087, 17.5211868286, -0.0573239326477, 2.06213188171]
    max: [-0.71785235405, -0.883481383324, -0.907969713211, -0.450231522322, -0.908117830753, -0.90942800045]
    mean: [-0.781616568565, -0.931701302528, -0.942697763443, -0.484690397978, -0.927222251892, -0.929961562157]
    median: [-0.775326609612, -0.93455517292, -0.94482833147, -0.467405766249, -0.927941381931, -0.930113196373]
    min: [-0.988039910793, -0.987335026264, -0.962347090244, -0.875036597252, -0.939274787903, -0.954492866993]
    skew: [-2.88945913315, -0.207334846258, 0.799095153809, -4.22928142548, 0.505874574184, -0.0303285103291]
    var: [0.00244367844425, 0.000405393249821, 0.000155390822329, 0.00541738281026, 4.68243342766e-05, 5.69247240492e-05]

SpecPeakAmp:
    dmean: [1.39007727284e-06, 1.3076723917e-06, 1.31122692437e-06, 1.34459878609e-06, 1.3616617025e-06]
    dmean2: [2.16484068005e-06, 2.03193644666e-06, 2.0367833713e-06, 2.05899186767e-06, 2.09997187994e-06]
    dvar: [2.08531629464e-11, 2.49669434432e-11, 2.7946244277e-11, 2.9273271307e-11, 2.97068168675e-11]
    dvar2: [4.88320182901e-11, 6.48183798302e-11, 7.185158718e-11, 7.53634446515e-11, 7.60108087583e-11]
    kurt: [28.357875824, 39.0456848145, 39.7253036499, 39.7946205139, 39.7637023926]
    max: [2.63410092884e-05, 2.57139799942e-05, 2.59720654867e-05, 2.64712743956e-05, 2.6641153454e-05]
    mean: [8.57866416482e-06, 1.08564120183e-06, 9.28091026253e-07, 1.018964781e-06, 1.06875643269e-06]
    median: [8.34689035401e-06, 4.8810466069e-07, 3.26838659248e-07, 4.11166752201e-07, 4.77103867524e-07]
    min: [6.97262578342e-07, 8.906540927e-08, 1.148950588e-07, 1.10159660949e-07, 2.36014031429e-07]
    skew: [4.5308175087, 6.37082910538, 6.44804430008, 6.45584106445, 6.45248413086]
    var: [8.56058540027e-12, 1.39448053799e-11, 1.43041333986e-11, 1.47624117791e-11, 1.49074259881e-11]
