
metadata:
    version:
        essentia: "2.1-beta3"

Flux:
    dmean: 0.00278639630415
    dmean2: 0.00367333204485
    dvar: 8.39251588332e-05
    dvar2: 0.000164983881405
    kurt: 9.57747936249
    max: 0.0532494150102
    mean: 0.00355596281588
    median: 2.16729404201e-05
    min: 8.75632395037e-06
    skew: 3.29372024536
    var: 0.000136545582791

Rms:
    dmean: 0.00109489576425
    dmean2: 0.00079983274918
    dvar: 1.5296980564e-05
    dvar2: 6.88531235937e-06
    kurt: 20.8752174377
    max: 0.0383949317038
    mean: 0.037003621459
    median: 0.0383566692472
    min: 0.00694581540301
    skew: -4.53558778763
    var: 2.84554389509e-05

RollOff:
    dmean: 6.36208295822
    dmean2: 6.00926589966
    dvar: 1255.71704102
    dvar2: 1063.77819824
    kurt: 38.8727836609
    max: 1658.05664062
    mean: 1406.35656738
    median: 1399.65820312
    min: 1399.65820312
    skew: 6.35279750824
    var: 1459.50073242

SpecCent:
    dmean: 2.83802938461
    dmean2: 2.46774220467
    dvar: 84.2815246582
    dvar2: 73.9783248901
    kurt: 36.4393768311
    max: 1461.69226074
    mean: 1396.08129883
    median: 1394.24804688
    min: 1391.74133301
    skew: 6.05489063263
    var: 102.194366455

Zcr:
    dmean: 0.00223055761307
    dmean2: 0.00170330668334
    dvar: 6.03783737461e-05
    dvar2: 4.06905164709e-05
    kurt: 17.6645355225
    max: 0.0634765625
    mean: 0.0606011301279
    median: 0.0634765625
    min: 0.00244140625
    skew: -4.22118377686
    var: 0.000116742710816

HarmonicAmpFreq:
    dmean: [0.209356129169]
    dmean2: [0.214224874973]
    dvar: [1.88468945026]
    dvar2: [1.92747652531]
    kurt: [40.0132408142]
    max: [1397.15759277]
    mean: [1396.95239258]
    median: [1397.15759277]
    min: [1387.94592285]
    skew: [-6.48139572144]
    var: [1.84376013279]

HarmonicAmpMag:
    dmean: [1.32672766995e-06]
    dmean2: [1.35758182296e-06]
    dvar: [7.56888718367e-11]
    dvar2: [7.74071987064e-11]
    kurt: [40.0227241516]
    max: [5.83760192967e-05]
    mean: [1.29724492126e-06]
    median: [0]
    min: [0]
    skew: [6.48249340057]
    var: [7.40451519543e-11]

MfccCoeff:
    dmean: [9.86421585083, 5.97768592834, 2.10357117653, 1.23639392853, 0.305414378643, 1.28417503834, 0.684123396873, 0.902499437332, 1.31538236141, 0.0857434719801, 1.28753817081, 0.982899069786, 0.581852018833]
    dmean2: [14.5899810791, 8.8848361969, 2.6865670681, 1.08293032646, 0.264748513699, 0.735156595707, 0.371248632669, 0.655701935291, 1.39811062813, 0.0905055552721, 1.37478244305, 1.18976843357, 0.614487826824]
    dvar: [2003.65710449, 728.856201172, 107.45388031, 39.4442634583, 1.5104008913, 30.4353961945, 8.3839302063, 12.2381381989, 30.0273742676, 0.0845109596848, 27.0697021484, 15.8463907242, 5.32722330093]
    dvar2: [4927.23925781, 1809.55053711, 192.966201782, 28.7960090637, 1.02217566967, 15.1735134125, 4.55631160736, 8.20251560211, 31.9797172546, 0.0871161222458, 29.2907714844, 20.0984745026, 5.80078887939]
    kurt: [36.6973075867, 37.7877349854, 24.8994274139, 37.07447052, 22.156080246, 26.2268428802, 25.0491371155, 22.0007266998, 19.89336586, 11.0626354218, 18.2333583832, 16.9609985352, 17.7605762482]
    max: [-898.55645752, 142.049987793, -6.1742401123, -7.33768844604, 9.25050354004, 61.0314331055, 34.464515686, -3.49996185303, -6.16397094727, -1.11936187744, 48.6877250671, 36.3553848267, -1.04928588867]
    mean: [-1089.23364258, 24.7494773865, -48.1584434509, -54.4867515564, 8.90537548065, 58.4668884277, 31.336019516, -34.3983459473, -52.7025985718, -3.302993536, 46.7440986633, 34.1777229309, -19.8972053528]
    median: [-1092.82324219, 22.4089164734, -48.4928092957, -55.5374832153, 9.2494354248, 60.2403869629, 32.1916122437, -35.6822052002, -54.6655044556, -3.32553100586, 48.6864433289, 35.6144485474, -20.7942008972]
    min: [-1132.38720703, 3.07810592651, -72.1787567139, -61.7340164185, 0.689270019531, 7.2809677124, 4.37871170044, -35.6838226318, -55.4516677856, -4.86135864258, 4.37428665161, 3.72784423828, -20.796672821]
    skew: [6.02182674408, 6.1847743988, 3.5271191597, 6.13005638123, -4.73668003082, -5.15604972839, -5.03200960159, 4.70372581482, 4.56526613235, 1.5878226757, -4.35784292221, -4.23277521133, 4.30256652832]
    var: [861.352172852, 321.353485107, 52.3451881409, 52.3686141968, 2.09670543671, 73.9491424561, 21.0529651642, 29.6084499359, 73.7228546143, 0.23216688633, 63.8599510193, 35.1219520569, 12.8520069122]

SpecContrastCoeff:
    dmean: [0.0296862497926, 0.00885621830821, 0.00911413133144, 0.0196253303438, 0.00896195415407, 0.0106551358476]
    dmean2: [0.0395414531231, 0.0116500314325, 0.00934907142073, 0.0156256649643, 0.0107803707942, 0.0124496258795]
    dvar: [0.00066940637771, 8.39027488837e-05, 0.000119681724755, 0.00348364165984, 8.98212456377e-05, 7.85170050221e-05]
    dvar2: [0.00145777978469, 0.000158476090292, 0.000242008725763, 0.00261249346659, 0.000170465747942, 0.000137706287205]
    kurt: [1.14296150208, 1.00577735901, 4.30643796921, 19.549741745, 2.20364046097, -0.14374423027]
    max: [-0.827644228935, -0.938857793808, -0.879343092442, -0.300560861826, -0.888174295425, -0.90626090765]
    mean: [-0.932200849056, -0.977328598499, -0.942045509815, -0.332350343466, -0.937367260456, -0.940937399864]
    median: [-0.94653904438, -0.982810974121, -0.947772443295, -0.311865001917, -0.9440497756, -0.946693003178]
    min: [-0.995328724384, -0.989299416542, -0.95684248209, -0.840444386005, -0.949625074863, -0.954707145691]
    skew: [1.34575462341, 1.4205237627, 2.09480190277, -4.42563867569, 1.57213771343, 1.05054700375]
    var: [0.00136657967232, 0.000182505260454, 0.00031748766196, 0.00850226171315, 0.000202226830879, 0.000199249363504]

SpecPeakAmp:
    dmean: [3.13522323268e-05, 2.67397535936e-05, 2.76821428997e-05, 2.81377160718e-05, 2.83732188109e-05]
    dmean2: [5.01626273035e-05, 4.03555168305e-05, 4.13532397943e-05, 4.19049429183e-05, 4.23918972956e-05]
    dvar: [1.37116167309e-08, 1.29521140479e-08, 1.40804923277e-08, 1.44883278708e-08, 1.49425201101e-08]
    dvar2: [3.53885063475e-08, 3.38763754826e-08, 3.62997312209e-08, 3.72812074545e-08, 3.84164522416e-08]
    kurt: [39.7765159607, 39.0153579712, 39.80103302, 39.7579803467, 39.8257293701]
    max: [0.000578201841563, 0.000578571052756, 0.000579931889661, 0.000585498753935, 0.000593281874899]
    mean: [2.25375388254e-05, 1.8680926587e-05, 1.76571666088e-05, 1.78551454155e-05, 1.79874587047e-05]
    median: [9.27544260776e-06, 4.63578953713e-06, 4.49853132523e-06, 4.654309123e-06, 4.70912891615e-06]
    min: [4.68473308501e-06, 6.57352586586e-07, 8.34274317185e-07, 1.07835683139e-06, 1.55528516643e-06]
    skew: [6.4536190033, 6.36882686615, 6.45679569244, 6.45201683044, 6.45970582962]
    var: [7.0375265615e-09, 7.20950721345e-09, 7.20389214948e-09, 7.34581862005e-09, 7.53919504604e-09]
