
metadata:
    version:
        essentia: "2.1-beta3"

Flux:
    dmean: 5.18761771673e-06
    dmean2: 7.76449269324e-06
    dvar: 3.10080905397e-10
    dvar2: 6.714718781e-10
    kurt: 14.1205749512
    max: 9.49880777625e-05
    mean: 6.03477064942e-06
    median: 1.42060684993e-06
    min: 4.96370773817e-07
    skew: 3.87437868118
    var: 3.22561061195e-10

Rms:
    dmean: 1.63845902534e-06
    dmean2: 1.80880613243e-06
    dvar: 2.48848407158e-11
    dvar2: 1.92372263952e-11
    kurt: 19.9320659637
    max: 7.78150933911e-05
    mean: 7.59039176046e-05
    median: 7.7201606473e-05
    min: 4.44674624305e-05
    skew: -4.52918148041
    var: 3.32114925838e-11

RollOff:
    dmean: 0.500772178173
    dmean2: 0.5126953125
    dvar: 10.5324554443
    dvar2: 10.7771167755
    kurt: 39.023349762
    max: 366.064453125
    mean: 345.020629883
    median: 344.53125
    min: 344.53125
    skew: 6.40495061874
    var: 10.2986516953

SpecCent:
    dmean: 6.60801792145
    dmean2: 10.2334032059
    dvar: 37.7436523438
    dvar2: 47.0208320618
    kurt: 11.4586105347
    max: 697.968322754
    mean: 658.437011719
    median: 657.433837891
    min: 650.239440918
    skew: 3.09684705734
    var: 67.1691589355

Zcr:
    dmean: 0.00061319040833
    dmean2: 0.000883556553163
    dvar: 1.95273810277e-06
    dvar2: 1.54674853547e-06
    kurt: 16.4950752258
    max: 0.01513671875
    mean: 0.0146151455119
    median: 0.01513671875
    min: 0.00732421875
    skew: -4.22689628601
    var: 2.26928636948e-06

HarmonicAmpFreq:
    dmean: [0.243900030851]
    dmean2: [0.461021780968]
    dvar: [0.1402644068]
    dvar2: [0.433762103319]
    kurt: [1.76222896576]
    max: [329.615844727]
    mean: [328.866119385]
    median: [328.733825684]
    min: [328.716186523]
    skew: [1.91375613213]
    var: [0.0926984101534]

HarmonicAmpMag:
    dmean: [2.73042951449e-05]
    dmean2: [5.30166253156e-05]
    dvar: [2.01083283358e-09]
    dvar2: [6.35182484388e-09]
    kurt: [2.41435861588]
    max: [0.000105432380224]
    mean: [9.06605710043e-05]
    median: [0.000105384126073]
    min: [0]
    skew: [-2.06222391129]
    var: [1.22080079379e-09]

MfccCoeff:
    dmean: [0.104546122253, 0.136146724224, 0.102951407433, 0.0537066794932, 0.00386331253685, 0.0596377365291, 0.105450294912, 0.133853822947, 0.140617191792, 0.125116929412, 0.0904014036059, 0.0425778776407, 0.0112152099609]
    dmean2: [0.107125416398, 0.139516189694, 0.105528332293, 0.0550973080099, 0.00405665813014, 0.0610082708299, 0.107966467738, 0.137102395296, 0.144085839391, 0.128282278776, 0.092815220356, 0.0439140684903, 0.0117823285982]
    dvar: [0.236805722117, 0.401326388121, 0.228889241815, 0.0617257170379, 0.000382109341444, 0.0784690752625, 0.243184953928, 0.389975935221, 0.428376346827, 0.337011098862, 0.173889055848, 0.0372039452195, 0.00321771553718]
    dvar2: [0.23945581913, 0.405807673931, 0.231446772814, 0.0624169185758, 0.000384316925192, 0.0793376863003, 0.245885759592, 0.394318312407, 0.433158457279, 0.340782791376, 0.175838574767, 0.0376224778593, 0.00323602952994]
    kurt: [23.374994278, 23.3468475342, 23.2261619568, 22.8123588562, 34.4689483643, 24.2373657227, 23.821144104, 23.5970211029, 23.3777046204, 23.0806827545, 22.5445671082, 20.9377269745, 34.4683761597]
    max: [-1135.54626465, 3.73963546753, 2.81945800781, 1.45589065552, -6.103515625e-05, 2.28881835938e-05, -2.67028808594e-05, -5.34057617188e-05, -4.57763671875e-05, -2.28881835938e-05, -2.67028808594e-05, -3.0517578125e-05, 0.371810913086]
    mean: [-1135.64929199, 3.60560083389, 2.71820068359, 1.40308070183, -0.124205499887, -1.61376810074, -2.82530117035, -3.5668296814, -3.72681069374, -3.29141068459, -2.3452026844, -1.05489552021, 0.360239893198]
    median: [-1135.54736328, 3.73833847046, 2.81854248047, 1.4553565979, -0.127807617188, -1.67208099365, -2.9282875061, -3.69745635986, -3.86392211914, -3.41330718994, -2.43313980103, -1.09599304199, 0.370681762695]
    min: [-1138.42004395, 1.14440917969e-05, -6.103515625e-05, 8.01086425781e-05, -0.128189086914, -1.67295074463, -2.92956161499, -3.69890594482, -3.86528015137, -3.41445922852, -2.43410110474, -1.096824646, -3.81469726562e-05]
    skew: [-4.90517520905, -4.90287733078, -4.89233446121, -4.85626316071, 5.92751073837, 4.98094940186, 4.94439601898, 4.92475509644, 4.90557050705, 4.87964057922, 4.83297634125, 4.69417476654, -5.92745065689]
    var: [0.234508216381, 0.397443950176, 0.22667978704, 0.0611321479082, 0.000380037905416, 0.0777065083385, 0.240825667977, 0.386198908091, 0.424233347178, 0.333758294582, 0.172221571207, 0.036855969578, 0.00320074614137]

SpecContrastCoeff:
    dmean: [0.0224707890302, 0.0244484227151, 0.00946557428688, 0.0105388052762, 0.00846748426557, 0.00827673170716]
    dmean2: [0.0313338153064, 0.0366794839501, 0.0139382993802, 0.0145595418289, 0.0112075675279, 0.011861031875]
    dvar: [0.000991887063719, 0.00162117567379, 0.000110501729068, 0.000174560045707, 0.000261256383965, 0.000107281884993]
    dvar2: [0.00100550567731, 0.00183731864672, 0.000150861640577, 0.000202309209271, 0.000200292677619, 0.000123924110085]
    kurt: [17.8806343079, 21.8197860718, 10.7285070419, 11.4972600937, 15.3906116486, 10.9811229706]
    max: [-0.672904193401, -0.526261985302, -0.880098521709, -0.864295244217, -0.838323056698, -0.859441816807]
    mean: [-0.72391551733, -0.561966478825, -0.90037882328, -0.883956849575, -0.849830269814, -0.87609732151]
    median: [-0.718110203743, -0.557668924332, -0.897608935833, -0.880231618881, -0.845071434975, -0.873501062393]
    min: [-0.925087273121, -0.803417384624, -0.963140487671, -0.960204541683, -0.945231616497, -0.935991048813]
    skew: [-3.9654250145, -4.49445390701, -2.8851377964, -3.31238222122, -4.00947618484, -3.22091269493]
    var: [0.00137895229273, 0.00180054153316, 0.000170972300111, 0.000287879083771, 0.000381833611755, 0.000193642437807]

SpecPeakAmp:
    dmean: [2.03937943866e-07, 1.50468406446e-06, 1.89095262613e-05, 4.41118172603e-05, 5.38187887287e-05]
    dmean2: [2.80048311652e-07, 1.56333828727e-06, 3.68785185856e-05, 9.02542233234e-05, 0.000107697444037]
    dvar: [1.82104168984e-13, 8.91876641984e-11, 1.56771229332e-09, 2.68852407004e-09, 2.76020961643e-09]
    dvar2: [1.64924687405e-13, 9.1105081812e-11, 4.40070380137e-09, 5.03578423405e-09, 4.99497554429e-09]
    kurt: [15.5704402924, 39.0158920288, 5.75647068024, -1.3904851675, -1.92419350147]
    max: [8.59990541358e-06, 6.2857667217e-05, 0.000105392507976, 0.00010542653763, 0.000105432380224]
    mean: [8.27454368846e-06, 1.57288855007e-06, 1.03519505501e-05, 3.36994053214e-05, 4.56507332274e-05]
    median: [8.35739410832e-06, 1.38037393071e-07, 1.67059312162e-07, 2.14590215819e-07, 2.89171623535e-07]
    min: [6.01663896305e-06, 6.12790316268e-08, 6.9117461976e-08, 8.6596003257e-08, 1.17177748393e-07]
    skew: [-4.05584383011, 6.40406131744, 2.76247882843, 0.780659794807, 0.27527782321]
    var: [2.23967423925e-13, 8.73524100276e-11, 9.12515341067e-10, 2.39845565631e-09, 2.71278755015e-09]
