
metadata:
    version:
        essentia: "2.1-beta3"

Flux:
    dmean: 0.0249834544957
    dmean2: 0.0329649075866
    dvar: 0.0068000019528
    dvar2: 0.0130593832582
    kurt: 9.39593696594
    max: 0.490585148335
    mean: 0.0327101461589
    median: 0.000158159178682
    min: 3.86139909097e-05
    skew: 3.26674962044
    var: 0.0115102371201

Rms:
    dmean: 0.010045976378
    dmean2: 0.00735459011048
    dvar: 0.00129451660905
    dvar2: 0.000585302128457
    kurt: 21.071559906
    max: 0.353747576475
    mean: 0.340995520353
    median: 0.353388875723
    min: 0.0639563724399
    skew: -4.55469369888
    var: 0.00240399199538

RollOff:
    dmean: 6.36208295822
    dmean2: 6.00926589966
    dvar: 1255.71704102
    dvar2: 1063.77819824
    kurt: 38.8727836609
    max: 1658.05664062
    mean: 1406.35656738
    median: 1399.65820312
    min: 1399.65820312
    skew: 6.35279750824
    var: 1459.50073242

SpecCent:
    dmean: 2.80072855949
    dmean2: 2.44329404831
    dvar: 80.9459381104
    dvar2: 70.9931564331
    kurt: 36.3310813904
    max: 1460.30358887
    mean: 1396.04907227
    median: 1394.19262695
    min: 1391.80773926
    skew: 6.04178142548
    var: 98.1477355957

Zcr:
    dmean: 0.00223055761307
    dmean2: 0.00170330668334
    dvar: 6.03783737461e-05
    dvar2: 4.06905164709e-05
    kurt: 17.6613807678
    max: 0.0634765625
    mean: 0.0606119781733
    median: 0.0634765625
    min: 0.00244140625
    skew: -4.22092676163
    var: 0.00011679968884

HarmonicAmpFreq:
    dmean: [31.5142745972]
    dmean2: [64.2497024536]
    dvar: [4338.24951172]
    dvar2: [12243.3994141]
    kurt: [6.33104610443]
    max: [1397.56335449]
    mean: [1381.89428711]
    median: [1397.15698242]
    min: [1225.6307373]
    skew: [-2.88460588455]
    var: [2368.42456055]

HarmonicAmpMag:
    dmean: [0.248676210642]
    dmean2: [0.508877635002]
    dvar: [0.0618138052523]
    dvar2: [0.086109995842]
    kurt: [-1.7457985878]
    max: [0.497340470552]
    mean: [0.187903895974]
    median: [0]
    min: [0]
    skew: [0.504183769226]
    var: [0.0581293851137]

MfccCoeff:
    dmean: [24.7750740051, 11.9696712494, 5.74019050598, 3.65721416473, 3.32560753822, 3.80397391319, 2.04105162621, 1.74008834362, 2.7168366909, 0.878015458584, 2.57698154449, 1.63052892685, 1.40309095383]
    dmean2: [33.7536582947, 13.7935209274, 6.12855195999, 5.72433614731, 3.19384384155, 4.31034994125, 2.61632561684, 2.84682369232, 3.78504562378, 1.26425397396, 2.76581954956, 2.03736710548, 1.40363740921]
    dvar: [6528.90332031, 407.38067627, 44.1436347961, 85.3927154541, 4.12482309341, 80.3761520386, 24.5285053253, 29.165605545, 56.5616950989, 1.38585209846, 46.1172485352, 22.8390636444, 8.10454177856]
    dvar2: [16223.7617188, 825.841552734, 32.5059356689, 151.254516602, 4.16578626633, 95.8470535278, 30.9797878265, 48.3475189209, 85.3786010742, 1.99394905567, 58.6327056885, 27.5667610168, 8.06010723114]
    kurt: [28.0847129822, 10.26176548, 5.89191436768, 11.4504394531, -1.07450044155, 11.8240890503, 13.2940807343, 11.9967746735, 11.191283226, 3.9703783989, 13.0832748413, 12.5544719696, 13.3191127777]
    max: [-659.129455566, 148.317642212, -34.9112510681, -44.1888160706, 18.9362640381, 91.476600647, 46.7308883667, -14.4281005859, -19.3522949219, -0.458402633667, 59.6855583191, 41.4626159668, 0.421714782715]
    mean: [-1033.90991211, 56.3442382812, -78.3945388794, -91.3578338623, 10.5435476303, 84.419128418, 42.7415428162, -45.4368095398, -65.4334487915, -2.85343313217, 55.0536460876, 38.585521698, -23.0948829651]
    median: [-1044.85217285, 54.0267448425, -80.2364501953, -93.6291275024, 9.54948425293, 86.8696975708, 44.2018203735, -47.3281555176, -68.1881027222, -2.42030334473, 57.6581077576, 40.3887557983, -24.0823936462]
    min: [-1054.3951416, 39.2542228699, -88.201461792, -103.070137024, 3.42451477051, 24.4816513062, 6.62041091919, -48.2291107178, -69.9617843628, -7.47847747803, 4.96606826782, 5.19722747803, -25.8180809021]
    skew: [5.28824710846, 3.06271743774, 1.82887709141, 3.53582620621, 0.498107045889, -3.55664277077, -3.75322628021, 3.67333030701, 3.55926418304, -1.6396112442, -3.73752045631, -3.71041035652, 3.6796309948]
    var: [3802.19238281, 487.915161133, 97.0385818481, 124.772720337, 22.3757991791, 167.588699341, 56.9501533508, 52.291633606, 114.029853821, 1.32483708858, 109.69468689, 50.9183883667, 22.8243484497]

SpecContrastCoeff:
    dmean: [0.0149065852165, 0.0111922528595, 0.0116347977892, 0.0229618027806, 0.010782151483, 0.0128844650462]
    dmean2: [0.0212675258517, 0.0147641161457, 0.0133186038584, 0.016314085573, 0.013518480584, 0.0182955488563]
    dvar: [0.000292216689559, 0.000125771955936, 0.00023288965167, 0.00550695089623, 0.000181804090971, 0.000188777601579]
    dvar2: [0.000714750669431, 0.000291598931653, 0.000562210567296, 0.00302419648506, 0.000385541468859, 0.000437690468971]
    kurt: [2.19930410385, 0.949174165726, 4.84888792038, 21.9984416962, 4.80245256424, 0.977916002274]
    max: [-0.911571681499, -0.92833083868, -0.851840257645, -0.14698959887, -0.852380156517, -0.890964150429]
    mean: [-0.975004076958, -0.974563956261, -0.92893666029, -0.180615767837, -0.925663650036, -0.937617003918]
    median: [-0.98392957449, -0.980924725533, -0.935063123703, -0.155854970217, -0.932671368122, -0.945079505444]
    min: [-0.994153261185, -0.987079977989, -0.946791231632, -0.801190197468, -0.939581751823, -0.95041680336]
    skew: [1.67835831642, 1.34722828865, 2.19683146477, -4.64119243622, 2.07613730431, 1.44858109951]
    var: [0.000349334994098, 0.000213882012758, 0.000470232625958, 0.0117399347946, 0.000326279725414, 0.000258655491052]

SpecPeakAmp:
    dmean: [0.000262860616203, 0.000266928720521, 0.0680862888694, 0.0907154008746, 0.135909006]
    dmean2: [0.000392953399569, 0.000409975822549, 0.139193952084, 0.185498848557, 0.277982383966]
    dvar: [1.18865784771e-06, 1.10260839392e-06, 0.0290875565261, 0.0367339998484, 0.0489653088152]
    dvar2: [3.06140623252e-06, 2.87186958303e-06, 0.0956487581134, 0.0921284556389, 0.106732875109]
    kurt: [38.9575767517, 38.1163406372, 10.0703992844, 4.12465906143, 0.249918937683]
    max: [0.00533696031198, 0.00534205045551, 0.497337311506, 0.497340470552, 0.497337698936]
    mean: [0.000172768122866, 0.000186812569154, 0.0333373323083, 0.0554601661861, 0.0996539965272]
    median: [4.47563652415e-05, 4.50198494946e-05, 5.11920479767e-05, 5.51196717424e-05, 5.51874800294e-05]
    min: [4.83879966851e-06, 9.36495416681e-06, 1.22640158224e-05, 1.98602374439e-05, 2.12807917706e-05]
    skew: [6.36400842667, 6.26911830902, 3.47415828705, 2.47475385666, 1.49994027615]
    var: [6.13775512193e-07, 6.17887963017e-07, 0.0153786828741, 0.0244074575603, 0.0395349673927]
