
metadata:
    version:
        essentia: "2.1-beta3"

Flux:
    dmean: 0.0132212638855
    dmean2: 0
    dvar: 0
    dvar2: 0
    kurt: -2
    max: 0.29871109128
    mean: 0.292100459337
    median: 0.292100459337
    min: 0.285489827394
    skew: 0
    var: 4.37004564446e-05

Rms:
    dmean: 0
    dmean2: 0
    dvar: 0
    dvar2: 0
    kurt: 0
    max: 0.102486334741
    mean: 0.102486334741
    median: 0.102486334741
    min: 0.102486334741
    skew: 0
    var: 0

RollOff:
    dmean: 538.330078125
    dmean2: 0
    dvar: 0
    dvar2: 0
    kurt: -2
    max: 2497.8515625
    mean: 2228.68652344
    median: 2228.68652344
    min: 1959.52148438
    skew: 0
    var: 72449.8203125

SpecCent:
    dmean: 14.7692871094
    dmean2: 0
    dvar: 0
    dvar2: 0
    kurt: -2
    max: 1763.65014648
    mean: 1756.26550293
    median: 1756.26550293
    min: 1748.88085938
    skew: 0
    var: 54.5329589844

Zcr:
    dmean: 0
    dmean2: 0
    dvar: 0
    dvar2: 0
    kurt: 0
    max: 0.0234375
    mean: 0.0234375
    median: 0.0234375
    min: 0.0234375
    skew: 0
    var: 0

HarmonicAmpFreq:
    dmean: [121.667114258]
    dmean2: [0]
    dvar: [0]
    dvar2: [0]
    kurt: [-2]
    max: [1778.89941406]
    mean: [1718.06591797]
    median: [1718.06591797]
    min: [1657.2322998]
    skew: [-2.98441250379e-06]
    var: [3700.72167969]

HarmonicAmpMag:
    dmean: [0.0643927231431]
    dmean2: [0]
    dvar: [0]
    dvar2: [0]
    kurt: [-2]
    max: [0.0643927231431]
    mean: [0.0321963615716]
    median: [0.0321963615716]
    min: [0]
    skew: [0]
    var: [0.00103660568129]

MfccCoeff:
    dmean: [352.857910156, 94.8623199463, 24.650680542, 13.7776947021, 49.4443893433, 27.4959182739, 29.7390861511, 23.8440361023, 14.3347244263, 19.1161422729, 0.00120735168457, 9.56992912292, 5.41330337524]
    dmean2: [0, 0, 0, 0, 0, 0, 0, 0, 0, 0, 0, 0, 0]
    dvar: [0, 0, 0, 0, 0, 0, 0, 0, 0, 0, 0, 0, 0]
    dvar2: [0, 0, 0, 0, 0, 0, 0, 0, 0, 0, 0, 0, 0]
    kurt: [-2, -2, -2, -2, -2, -2, -2, -2, -2, -2, -2, -2, -2]
    max: [-637.200927734, 142.127655029, -102.354232788, -24.2220230103, 83.68309021, 32.7841186523, -17.4665794373, 7.05629920959, 19.8647956848, 8.15311431885, -2.60604476929, 9.10431671143, 0.343799591064]
    mean: [-813.629882812, 94.6964950562, -114.679573059, -31.1108703613, 58.9608955383, 19.0361595154, -32.3361206055, -4.86571884155, 12.6974334717, -1.40495681763, -2.60664844513, 4.31935214996, -2.36285209656]
    median: [-813.629882812, 94.6964950562, -114.679573059, -31.1108703613, 58.9608955383, 19.0361595154, -32.3361206055, -4.86571884155, 12.6974334717, -1.40495681763, -2.60664844513, 4.31935214996, -2.36285209656]
    min: [-990.058837891, 47.2653312683, -127.00491333, -37.9997177124, 34.2387008667, 5.28820037842, -47.2056655884, -16.7877368927, 5.53007125854, -10.9630279541, -2.60725212097, -0.465612411499, -5.06950378418]
    skew: [0, -1.4642955648e-07, 0, 0, 0, 0, -3.71293367607e-07, 0, 0, 0, 0, 0, 0]
    var: [31127.1757812, 2249.71508789, 151.914016724, 47.4562187195, 611.186889648, 189.006378174, 221.103302002, 142.134521484, 51.3710823059, 91.3567276001, 3.64424522559e-07, 22.8958854675, 7.32596349716]

SpecContrastCoeff:
    dmean: [0.00360077619553, 0.0101802945137, 0.0561549663544, 0.0348382592201, 0.198210000992, 0.0200780034065]
    dmean2: [0, 0, 0, 0, 0, 0]
    dvar: [0, 0, 0, 0, 0, 0]
    dvar2: [0, 0, 0, 0, 0, 0]
    kurt: [-2, -2, -1.99999988079, -1.99999988079, -2, -2]
    max: [-0.990878880024, -0.973992466927, -0.887137711048, -0.754751563072, -0.500813782215, -0.913110673428]
    mean: [-0.992679238319, -0.979082584381, -0.915215194225, -0.77217066288, -0.599918782711, -0.923149704933]
    median: [-0.992679238319, -0.979082584381, -0.915215194225, -0.77217066288, -0.599918782711, -0.923149704933]
    min: [-0.994479656219, -0.98417276144, -0.943292677402, -0.789589822292, -0.699023783207, -0.933188676834]
    skew: [-4.96537832078e-05, -1.75637287612e-05, 0, -5.11926782565e-06, 0, 8.93317246664e-06]
    var: [3.24139728036e-06, 2.59095995716e-05, 0.000788345059846, 0.000303426058963, 0.00982180144638, 0.000100781559013]

SpecPeakAmp:
    dmean: [0.0643212646246, 0.0411523245275, 0.0288649965078, 0.0203532520682, 0.0143612250686]
    dmean2: [0, 0, 0, 0, 0]
    dvar: [0, 0, 0, 0, 0]
    dvar2: [0, 0, 0, 0, 0]
    kurt: [-2, -1.99999988079, -2, -1.99999988079, -2]
    max: [0.0643927231431, 0.041224822402, 0.0289388615638, 0.0204288326204, 0.0144393984228]
    mean: [0.0322320908308, 0.0206486601382, 0.0145063633099, 0.0102522065863, 0.00725878588855]
    median: [0.0322320908308, 0.0206486601382, 0.0145063633099, 0.0102522065863, 0.00725878588855]
    min: [7.14611669537e-05, 7.2496739449e-05, 7.38644739613e-05, 7.55809887778e-05, 7.81732669566e-05]
    skew: [1.64050590001e-07, -1.56602339985e-07, -1.13450610684e-07, 0, 0]
    var: [0.00103430612944, 0.000423378485721, 0.000208297016798, 0.000103563717857, 5.15611973242e-05]
