
metadata:
    version:
        essentia: "2.1-beta3"

Flux:
    dmean: 5.27111069459e-06
    dmean2: 7.86717373558e-06
    dvar: 3.17539050609e-10
    dvar2: 6.88569201657e-10
    kurt: 14.268529892
    max: 9.58801756497e-05
    mean: 6.08956588621e-06
    median: 1.50724076775e-06
    min: 3.48032699549e-07
    skew: 3.89071416855
    var: 3.26639798542e-10

Rms:
    dmean: 1.29096849832e-06
    dmean2: 1.17589138426e-06
    dvar: 2.51094648546e-11
    dvar2: 1.88704572801e-11
    kurt: 19.6729183197
    max: 7.73285210016e-05
    mean: 7.58939859224e-05
    median: 7.72535131546e-05
    min: 4.46244193881e-05
    skew: -4.5099568367
    var: 3.31995680947e-11

RollOff:
    dmean: 1.00154435635
    dmean2: 1.025390625
    dvar: 20.5633563995
    dvar2: 21.0285148621
    kurt: 17.0543556213
    max: 2820.84960938
    mean: 2800.29345703
    median: 2799.31640625
    min: 2799.31640625
    skew: 4.36551809311
    var: 20.1182918549

SpecCent:
    dmean: 3.5821788311
    dmean2: 4.02249002457
    dvar: 4.31213331223
    dvar2: 10.5039291382
    kurt: 5.53177452087
    max: 2835.62207031
    mean: 2818.97241211
    median: 2817.98779297
    min: 2814.71411133
    skew: 2.11562752724
    var: 16.7968845367

Zcr:
    dmean: 0.00315679516643
    dmean2: 0.00334821431898
    dvar: 0.000164046883583
    dvar2: 0.00015433137014
    kurt: 17.3833446503
    max: 0.126953125
    mean: 0.123657226562
    median: 0.12646484375
    min: 0.05908203125
    skew: -4.3840303421
    var: 0.000173754306161

HarmonicAmpFreq:
    dmean: [0]
    dmean2: [0]
    dvar: [0]
    dvar2: [0]
    kurt: [-2]
    max: [2797.87988281]
    mean: [2797.88085938]
    median: [2797.87988281]
    min: [2797.87988281]
    skew: [-1]
    var: [9.53674316406e-07]

HarmonicAmpMag:
    dmean: [0]
    dmean2: [0]
    dvar: [0]
    dvar2: [0]
    kurt: [nan]
    max: [0]
    mean: [0]
    median: [0]
    min: [0]
    skew: [nan]
    var: [0]

MfccCoeff:
    dmean: [0.00337254721671, 0.000931140966713, 0.00440162839368, 0.00264580314979, 0.00336970831268, 0.00395876867697, 0.0018211187562, 0.00467167329043, 0, 0.00467167329043, 0.00182324787602, 0.00396018801257, 0.00336722447537]
    dmean2: [0.00381905701943, 0.00105430965777, 0.00498308474198, 0.00299290241674, 0.0038117908407, 0.00447736447677, 0.00206102640368, 0.00528517225757, 0, 0.00528535386547, 0.00206247973256, 0.00448081595823, 0.00380888441578]
    dvar: [0.000113813701319, 8.63614786795e-06, 0.000193714833586, 7.00454911566e-05, 0.000113483547466, 0.000156947091455, 3.32722884195e-05, 0.000218302884605, 0, 0.00021832055063, 3.32316376443e-05, 0.00015691416047, 0.000113461966976]
    dvar2: [9.66959851212e-05, 7.35133744456e-06, 0.00016446186055, 5.94407974859e-05, 9.634737944e-05, 0.000133321547764, 2.82749442704e-05, 0.000185388998943, 0, 0.000185391400009, 2.82220335066e-05, 0.000133248322527, 9.63332786341e-05]
    kurt: [16.7080307007, 16.3230552673, 16.3268527985, 16.3285083771, 16.3260974884, 16.3264350891, 16.3287811279, 16.3259067535, nan, 16.3264846802, 16.3260936737, 16.3264598846, 16.3262672424]
    max: [-1138.36315918, 1.14440917969e-05, -6.103515625e-05, 0.0447273254395, 0.0567626953125, 2.28881835938e-05, -2.67028808594e-05, 0.078742980957, -4.57763671875e-05, -2.28881835938e-05, 0.0307197570801, 0.0667724609375, -3.81469726562e-05]
    mean: [-1138.36682129, -0.0145828938112, -0.0691916719079, 0.0416485182941, 0.0528533235192, -0.0621951706707, -0.0286681428552, 0.0733314827085, -4.57763671875e-05, -0.073409512639, 0.0286064147949, 0.0621865019202, -0.0529445298016]
    median: [-1138.36450195, -0.015308380127, -0.0726318359375, 0.0437202453613, 0.0554885864258, -0.0652847290039, -0.0300941467285, 0.0769805908203, -4.57763671875e-05, -0.0770606994629, 0.030029296875, 0.0652809143066, -0.0555763244629]
    min: [-1138.42004395, -0.0156745910645, -0.0742797851562, 8.01086425781e-05, -6.103515625e-05, -0.066780090332, -0.0307731628418, -5.34057617188e-05, -4.57763671875e-05, -0.0788192749023, -2.67028808594e-05, -3.0517578125e-05, -0.0568466186523]
    skew: [-4.31299209595, 4.24547100067, 4.24608707428, -4.2463517189, -4.24597501755, 4.24603891373, 4.24641418457, -4.24595308304, nan, 4.24604320526, -4.24597597122, -4.24604225159, 4.24601173401]
    var: [0.000136059112265, 1.03322981886e-05, 0.000231806698139, 8.38094347273e-05, 0.000135812777444, 0.000187768455362, 3.97880467062e-05, 0.00026122154668, 0, 0.000261229928583, 3.97677322326e-05, 0.000187762037967, 0.000135771246278]

SpecContrastCoeff:
    dmean: [0.0285021923482, 0.0307218637317, 0.0135693950579, 0.0125440098345, 0.00849852431566, 0.00961662270129]
    dmean2: [0.0438248030841, 0.0493725724518, 0.020689914003, 0.0188828483224, 0.0107869021595, 0.0145457331091]
    dvar: [0.000814640836325, 0.00036299857311, 0.000181909170351, 0.000314408534905, 0.000552565441467, 0.000124902071548]
    dvar2: [0.000702673220076, 0.000908722635359, 0.000378625554731, 0.000310958799673, 0.000526720948983, 0.000181073541171]
    kurt: [10.1940402985, 2.79612112045, 6.28877353668, 14.5059509277, 17.8479976654, 11.1218996048]
    max: [-0.642215490341, -0.822329521179, -0.877125322819, -0.824696183205, -0.677709162235, -0.861214578152]
    mean: [-0.684288918972, -0.865342915058, -0.906761884689, -0.843790948391, -0.689972579479, -0.87690359354]
    median: [-0.677907943726, -0.860829889774, -0.905907034874, -0.839449703693, -0.684646964073, -0.876461029053]
    min: [-0.854828774929, -0.963423192501, -0.973518073559, -0.949278652668, -0.82102060318, -0.937986850739]
    skew: [-3.03224205971, -1.32855165005, -1.83069527149, -3.78974819183, -4.33930540085, -3.03176021576]
    var: [0.00156825524755, 0.000813159160316, 0.000256643717876, 0.000466727069579, 0.000642467814032, 0.000168056154507]

SpecPeakAmp:
    dmean: [1.13286141357e-07, 1.31237584355e-07, 2.29979860933e-07, 2.51391242045e-07, 3.39560870088e-07]
    dmean2: [1.38265534133e-07, 2.28425832915e-07, 4.53421051816e-07, 4.79216453186e-07, 6.2242901322e-07]
    dvar: [1.35724575025e-13, 3.58240658817e-14, 5.4241723282e-14, 6.70144143086e-14, 8.45170965548e-14]
    dvar2: [1.39493912298e-13, 7.87589665794e-14, 1.42233813161e-13, 1.68643487304e-13, 2.17914973718e-13]
    kurt: [19.6094875336, 1.67121362686, -0.384960651398, 0.369827270508, -0.979098320007]
    max: [8.44649912324e-06, 5.94109678786e-07, 6.17334251274e-07, 8.82394942892e-07, 8.91237107226e-07]
    mean: [8.29542295833e-06, 1.36957524433e-07, 4.5297986162e-07, 2.9557719472e-07, 6.01898591412e-07]
    median: [8.37035986478e-06, 6.16069257831e-08, 5.65929155982e-07, 1.66414793057e-07, 7.5334213534e-07]
    min: [6.28286124993e-06, 1.86276931657e-08, 1.68114784316e-08, 1.05041984e-07, 2.07538022323e-08]
    skew: [-4.55999994278, 1.86606764793, -1.19110059738, 1.36719083786, -0.907545626163]
    var: [1.41360230813e-13, 3.19096386413e-14, 4.4784705458e-14, 5.96437910996e-14, 9.43384232495e-14]
