
metadata:
    version:
        essentia: "2.1-beta3"

Flux:
    dmean: 0.000125022736029
    dmean2: 0.000165416291566
    dvar: 1.67096814607e-07
    dvar2: 3.29230005036e-07
    kurt: 9.58538246155
    max: 0.00237672287039
    mean: 0.000162713142345
    median: 5.79055222261e-06
    min: 3.50146729033e-06
    skew: 3.29495048523
    var: 2.71028824272e-07

Rms:
    dmean: 4.91709542985e-05
    dmean2: 3.63567851309e-05
    dvar: 3.04385388006e-08
    dvar2: 1.36997320155e-08
    kurt: 20.8644790649
    max: 0.00171453738585
    mean: 0.0016527856933
    median: 0.00171334086917
    min: 0.000311929325107
    skew: -4.53457069397
    var: 5.66468152385e-08

RollOff:
    dmean: 7.34086465836
    dmean2: 7.01081037521
    dvar: 1748.13659668
    dvar2: 1525.20007324
    kurt: 39.1745109558
    max: 3100.78125
    mean: 2806.97094727
    median: 2799.31640625
    min: 2799.31640625
    skew: 6.38621854782
    var: 1981.56872559

SpecCent:
    dmean: 8.27281093597
    dmean2: 8.86156082153
    dvar: 1077.00024414
    dvar2: 972.275634766
    kurt: 39.4607810974
    max: 3011.31860352
    mean: 2781.08374023
    median: 2775.66577148
    min: 2772.40454102
    skew: 6.4167304039
    var: 1212.68554688

Zcr:
    dmean: 0.00442782323807
    dmean2: 0.00338390260004
    dvar: 0.000238878041273
    dvar2: 0.00016155243793
    kurt: 17.847782135
    max: 0.126953125
    mean: 0.12119140476
    median: 0.12646484375
    min: 0.0048828125
    skew: -4.23931884766
    var: 0.000463841774035

HarmonicAmpFreq:
    dmean: [0.0225275214761]
    dmean2: [0.0230514165014]
    dvar: [0.0218220371753]
    dvar2: [0.0223174486309]
    kurt: [40.2428665161]
    max: [2797.74682617]
    mean: [2797.72607422]
    median: [2797.74682617]
    min: [2796.75561523]
    skew: [-6.5079293251]
    var: [0.0213497541845]

HarmonicAmpMag:
    dmean: [5.957491922e-08]
    dmean2: [6.09603816315e-08]
    dvar: [1.52614371336e-13]
    dvar2: [1.56079061351e-13]
    kurt: [40.022731781]
    max: [2.62129651674e-06]
    mean: [5.82510324421e-08]
    median: [0]
    min: [0]
    skew: [6.48249387741]
    var: [1.49300033057e-13]

MfccCoeff:
    dmean: [0.596355080605, 0.19140625, 0.748673021793, 0.524205982685, 0.492354661226, 0.723044335842, 0.148173943162, 0.746309816837, 0.20410849154, 0.605621159077, 0.461336314678, 0.358085989952, 0.602624952793]
    dmean2: [0.656636059284, 0.208831787109, 0.823786556721, 0.569555222988, 0.542012035847, 0.779042065144, 0.169416561723, 0.794248342514, 0.201196715236, 0.635038673878, 0.458743780851, 0.372363954782, 0.58556073904]
    dvar: [8.28667831421, 0.864211022854, 13.0799283981, 6.52644681931, 5.66395998001, 12.5900306702, 0.491500675678, 13.6971006393, 0.986539840698, 9.26077270508, 5.18431425095, 3.30191516876, 8.4009847641]
    dvar2: [10.2320585251, 1.04132056236, 16.1203727722, 7.77671194077, 6.98906040192, 14.6733942032, 0.671886026859, 15.457816124, 0.917975068092, 10.0626096725, 4.93561410904, 3.51340889931, 7.52629423141]
    kurt: [30.7763938904, 30.9414176941, 30.8180084229, 31.0514144897, 30.8912391663, 31.2480621338, 29.9004821777, 31.4912910461, 31.0917243958, 31.7431221008, 31.4558639526, 32.0485649109, 31.4054374695]
    max: [-1119.86364746, 1.14440917969e-05, -6.103515625e-05, 16.4518013, 15.3508758545, 2.28881835938e-05, -2.67028808594e-05, 23.8049869537, -4.57763671875e-05, -2.28881835938e-05, 15.0535621643, 11.6829452515, -3.81469726562e-05]
    mean: [-1122.31884766, -5.27654695511, -20.2565097809, 14.600358963, 13.3284749985, -20.5496063232, -3.66955566406, 21.8356246948, -6.41364860535, -18.3353424072, 14.5892400742, 11.0877923965, -19.0924339294]
    median: [-1121.86914062, -5.42631912231, -20.8224220276, 15.0173683167, 13.6998901367, -21.1435470581, -3.76328659058, 22.4769229889, -6.62047576904, -18.8828811646, 15.0529289246, 11.4204559326, -19.7111778259]
    min: [-1138.42004395, -5.98753738403, -23.3157920837, 8.01086425781e-05, -6.103515625e-05, -22.8407211304, -4.53068161011, -5.34057617188e-05, -6.62076568604, -19.5534439087, -2.67028808594e-05, -3.0517578125e-05, -19.7120323181]
    skew: [-5.52142477036, 5.55032062531, 5.52653741837, -5.56567382812, -5.53267765045, 5.59242010117, 5.33706951141, -5.62388277054, 5.59147977829, 5.65353059769, -5.62716960907, -5.68383979797, 5.61644268036]
    var: [6.68811845779, 0.716541349888, 10.5785684586, 5.47685003281, 4.57437610626, 10.8172130585, 0.352030128241, 12.1684761047, 1.05681335926, 8.54682922363, 5.43635129929, 3.11051392555, 9.31470108032]

SpecContrastCoeff:
    dmean: [0.0295845270157, 0.016206888482, 0.0123939402401, 0.00893090106547, 0.0158614963293, 0.00564023293555]
    dmean2: [0.0490676090121, 0.0276447776705, 0.0196542721242, 0.0124874031171, 0.0188807304949, 0.00844620168209]
    dvar: [0.00107130757533, 0.000208431389183, 8.62445740495e-05, 4.11696419178e-05, 0.00146921316627, 1.74819142558e-05]
    dvar2: [0.00187768030446, 0.000472421204904, 0.000237413187278, 9.21772516449e-05, 0.00152254733257, 4.0979572077e-05]
    kurt: [8.90375995636, 0.904888391495, 0.511080026627, 0.198523283005, 17.6948623657, 6.80159187317]
    max: [-0.720197916031, -0.901424109936, -0.915708780289, -0.918395042419, -0.525270402431, -0.913993060589]
    mean: [-0.773851454258, -0.93156093359, -0.937471628189, -0.937996149063, -0.5568972826, -0.92530477047]
    median: [-0.76622658968, -0.930252313614, -0.93684643507, -0.936776638031, -0.543079257011, -0.9245480299]
    min: [-0.973770737648, -0.977742612362, -0.970766365528, -0.961948931217, -0.873435020447, -0.954414486885]
    skew: [-2.89294075966, -0.907990217209, -0.484211713076, -0.38387966156, -4.27226781845, -2.10800671577]
    var: [0.00222004181705, 0.000272707053227, 0.00013852120901, 7.96570166131e-05, 0.00360488169827, 4.72197934869e-05]

SpecPeakAmp:
    dmean: [4.68639257178e-07, 3.06927034899e-07, 2.75843859754e-07, 2.71854474931e-07, 1.96738255909e-07]
    dmean2: [6.07501704053e-07, 5.02463649354e-07, 4.63824022745e-07, 4.15093637685e-07, 3.37688987884e-07]
    dvar: [8.92898385438e-13, 2.92257374985e-13, 1.90004899293e-13, 1.98533342002e-13, 1.27830349929e-13]
    dvar2: [6.001157145e-13, 7.69011969989e-13, 4.52471908682e-13, 5.42232599966e-13, 2.69858245992e-13]
    kurt: [30.2988128662, 26.7924098969, 25.4377212524, 29.1095314026, 15.383436203]
    max: [8.91403306014e-06, 2.92452546091e-06, 2.59279227066e-06, 2.74767694464e-06, 2.76360128737e-06]
    mean: [8.10925484984e-06, 4.5058615683e-07, 4.94299285947e-07, 4.28913011774e-07, 4.09676545132e-07]
    median: [8.40667144075e-06, 3.72391127712e-07, 4.62971911475e-07, 3.70156698182e-07, 2.97255809301e-07]
    min: [1.89481909274e-07, 1.48242150999e-07, 9.04197818841e-08, 1.36660773364e-07, 9.09310031716e-08]
    skew: [-5.38189554214, 4.9111866951, 4.68664836884, 5.14851379395, 4.03312206268]
    var: [1.62286189261e-12, 1.67445728507e-13, 1.23430521988e-13, 1.41568695785e-13, 2.57117894684e-13]
