
metadata:
    version:
        essentia: "2.1-beta3"

Flux:
    dmean: 0.00278773065656
    dmean2: 0.00368170673028
    dvar: 8.39166459627e-05
    dvar2: 0.000165135643329
    kurt: 9.57312774658
    max: 0.0532113276422
    mean: 0.00356710609049
    median: 3.65194064216e-05
    min: 2.3812694053e-05
    skew: 3.29331350327
    var: 0.000136389455292

Rms:
    dmean: 0.00110057287384
    dmean2: 0.000813254446257
    dvar: 1.52555794557e-05
    dvar2: 6.86591056365e-06
    kurt: 20.8598060608
    max: 0.0383855588734
    mean: 0.037004198879
    median: 0.0383596792817
    min: 0.00698687462136
    skew: -4.53410673141
    var: 2.83929857687e-05

RollOff:
    dmean: 7.34086465836
    dmean2: 7.01081037521
    dvar: 1748.13659668
    dvar2: 1525.20007324
    kurt: 39.1745109558
    max: 3100.78125
    mean: 2806.97094727
    median: 2799.31640625
    min: 2799.31640625
    skew: 6.38621854782
    var: 1981.56872559

SpecCent:
    dmean: 8.19384765625
    dmean2: 8.83375167847
    dvar: 1052.59460449
    dvar2: 949.077941895
    kurt: 39.447807312
    max: 3008.71289062
    mean: 2780.94482422
    median: 2775.56860352
    min: 2772.33129883
    skew: 6.41521978378
    var: 1187.02038574

Zcr:
    dmean: 0.00443892041221
    dmean2: 0.00339525798336
    dvar: 0.000240183057031
    dvar2: 0.000161580741405
    kurt: 17.9296836853
    max: 0.126953125
    mean: 0.121180556715
    median: 0.12646484375
    min: 0.00439453125
    skew: -4.24727869034
    var: 0.000466371042421

HarmonicAmpFreq:
    dmean: [0.0313998125494]
    dmean2: [0.0321300402284]
    dvar: [0.0423957742751]
    dvar2: [0.0433582663536]
    kurt: [39.8565483093]
    max: [2797.74389648]
    mean: [2797.71191406]
    median: [2797.74389648]
    min: [2796.36230469]
    skew: [-6.46324968338]
    var: [0.0414767116308]

HarmonicAmpMag:
    dmean: [1.33540481784e-06]
    dmean2: [1.36646076498e-06]
    dvar: [7.66821606213e-11]
    dvar2: [7.84230250184e-11]
    kurt: [40.0227355957]
    max: [5.87578106206e-05]
    mean: [1.30572914259e-06]
    median: [0]
    min: [0]
    skew: [6.48249387741]
    var: [7.50168538399e-11]

MfccCoeff:
    dmean: [8.58168983459, 1.91993188858, 3.5835981369, 1.02327680588, 0.611770391464, 0.916011571884, 0.210170134902, 0.990200936794, 0.376837641001, 0.844374597073, 0.771643579006, 0.506983697414, 1.00743436813]
    dmean2: [12.7846975327, 2.83135318756, 5.01091051102, 1.24905622005, 0.533313572407, 0.727762460709, 0.205281361938, 0.659576952457, 0.227903142571, 0.554344713688, 0.645583033562, 0.390210002661, 0.915277183056]
    dvar: [1541.33129883, 78.3357925415, 277.405639648, 30.1736392975, 10.4092035294, 20.9170284271, 0.998389840126, 19.3885746002, 1.99686396122, 12.7846822739, 9.57502651215, 4.48811769485, 16.5641021729]
    dvar2: [3814.52954102, 189.633773804, 615.328857422, 46.1049804688, 7.76253080368, 10.8563756943, 1.0610011816, 7.63927745819, 1.01076722145, 7.6495475769, 7.59613037109, 3.08885502815, 14.5277891159]
    kurt: [37.5681152344, 34.7098464966, 22.7755374908, 33.5965385437, 37.8342857361, 35.3521156311, 29.5249557495, 30.0177383423, 23.2086830139, 24.6824703217, 21.3490085602, 23.6646251678, 20.5954265594]
    max: [-932.01751709, -1.03364944458, -4.3514251709, 38.9773406982, 29.9660835266, -4.10129547119, -1.21877670288, 46.2948226929, -0.721817016602, -3.94506072998, 30.8299827576, 23.7470722198, -3.33209228516]
    mean: [-1101.57019043, -11.6672039032, -42.8084259033, 30.1714267731, 27.1689243317, -41.9524154663, -7.37532234192, 44.3714523315, -13.1989383698, -37.0247497559, 29.6885166168, 22.1905918121, -38.6772422791]
    median: [-1104.7923584, -11.0597419739, -42.2741661072, 30.593006134, 27.72032547, -43.0267906189, -7.43684387207, 45.6488723755, -13.7180709839, -38.2016983032, 30.829875946, 22.8798923492, -40.1761283875]
    min: [-1135.01013184, -48.2290000916, -100.929153442, 2.87651443481, 3.04895019531, -43.5107841492, -9.92610168457, 4.46792602539, -13.7181549072, -38.9781265259, 2.34754562378, 2.71054840088, -40.1762199402]
    skew: [6.14995193481, -5.69915914536, -2.75063443184, -5.50621986389, -6.22950410843, 5.99867153168, 4.76802492142, -5.49617528915, 4.78506565094, 5.01994609833, -4.67098283768, -4.93089389801, 4.6010260582]
    var: [673.348815918, 32.5664405823, 108.275978088, 18.4577007294, 13.574057579, 34.5298461914, 1.00534427166, 41.6760101318, 4.64043617249, 32.0589370728, 23.8488006592, 11.4298295975, 40.878742218]

SpecContrastCoeff:
    dmean: [0.0644172355533, 0.0149825364351, 0.0130385756493, 0.0147594148293, 0.0243100803345, 0.0186649300158]
    dmean2: [0.118992127478, 0.0261192042381, 0.0218003764749, 0.0220831241459, 0.0252944789827, 0.0326211228967]
    dvar: [0.00300835911185, 0.000159206043463, 9.03021282284e-05, 6.51834343444e-05, 0.00232622423209, 0.000186417863006]
    dvar2: [0.00662054307759, 0.000393606344005, 0.000192271007109, 0.000176124260179, 0.00202252250165, 0.000395969545934]
    kurt: [0.176496744156, 0.212091445923, 3.41169452667, 2.57911109924, 18.5808010101, -0.665753126144]
    max: [-0.789195537567, -0.94840157032, -0.931910157204, -0.89871764183, -0.378894537687, -0.907840847969]
    mean: [-0.921358823776, -0.984448552132, -0.982057631016, -0.94852912426, -0.421413749456, -0.937794089317]
    median: [-0.947532176971, -0.990894317627, -0.988617062569, -0.953431963921, -0.404867261648, -0.944898545742]
    min: [-0.982367098331, -0.996304988861, -0.992823958397, -0.962225615978, -0.839565753937, -0.950413823128]
    skew: [1.31806445122, 1.23544752598, 1.74668085575, 1.58564043045, -4.32571363449, 1.06663632393]
    var: [0.00292397802696, 0.000169250328327, 0.000157686401508, 0.000207150456845, 0.00598602835089, 0.000220295885811]

SpecPeakAmp:
    dmean: [4.7293328862e-06, 4.66055507786e-06, 4.6266195568e-06, 4.59328430225e-06, 3.62414129995e-06]
    dmean2: [6.05187415204e-06, 6.8607691901e-06, 6.76328363625e-06, 6.79454387864e-06, 5.83892369832e-06]
    dvar: [8.97405413869e-11, 9.03406030539e-11, 9.01427613109e-11, 9.00618260524e-11, 6.387261553e-11]
    dvar2: [2.37275088466e-10, 2.4294558032e-10, 2.46215603461e-10, 2.48724540963e-10, 1.28647495434e-10]
    kurt: [23.6370563507, 33.1285095215, 33.0619888306, 32.0651435852, 16.27227211]
    max: [5.26622461621e-05, 5.21242072864e-05, 5.30059114681e-05, 5.56816557946e-05, 5.87578106206e-05]
    mean: [9.84959297057e-06, 4.85729606226e-06, 4.94599225931e-06, 5.14148314323e-06, 6.26095425105e-06]
    median: [8.13780479803e-06, 4.05528362535e-06, 4.06433355238e-06, 4.12879580836e-06, 4.03113199354e-06]
    min: [4.6859545364e-06, 3.42291571087e-07, 5.04167587678e-07, 6.17872103703e-07, 6.80516166085e-07]
    skew: [4.47125577927, 5.66570329666, 5.6619644165, 5.55734682083, 4.19771051407]
    var: [5.30310760583e-11, 5.54447945889e-11, 5.73724887043e-11, 6.43538070055e-11, 1.31521751823e-10]
