
metadata:
    version:
        essentia: "2.1-beta3"

Flux:
    dmean: 0.0249830726534
    dmean2: 0.0330196805298
    dvar: 0.00680346321315
    dvar2: 0.0130841648206
    kurt: 9.39368438721
    max: 0.49028351903
    mean: 0.0328533686697
    median: 0.000338433426805
    min: 0.000229041979765
    skew: 3.26663088799
    var: 0.0114967292175

Rms:
    dmean: 0.0100962575525
    dmean2: 0.00747564295307
    dvar: 0.00129023485351
    dvar2: 0.000583357177675
    kurt: 21.0528564453
    max: 0.353659808636
    mean: 0.341003000736
    median: 0.353420108557
    min: 0.0644179433584
    skew: -4.55289554596
    var: 0.00239750207402

RollOff:
    dmean: 7.34086465836
    dmean2: 7.01081037521
    dvar: 1748.13659668
    dvar2: 1525.20007324
    kurt: 39.1745109558
    max: 3100.78125
    mean: 2806.97094727
    median: 2799.31640625
    min: 2799.31640625
    skew: 6.38621854782
    var: 1981.56872559

SpecCent:
    dmean: 8.09023189545
    dmean2: 8.7926568985
    dvar: 1019.75250244
    dvar2: 918.297851562
    kurt: 39.4321975708
    max: 3005.17822266
    mean: 2780.8659668
    median: 2775.56665039
    min: 2772.33056641
    skew: 6.41339015961
    var: 1151.4855957

Zcr:
    dmean: 0.00443892041221
    dmean2: 0.00339525798336
    dvar: 0.000240183057031
    dvar2: 0.000161580741405
    kurt: 17.9296836853
    max: 0.126953125
    mean: 0.121180556715
    median: 0.12646484375
    min: 0.00439453125
    skew: -4.24727869034
    var: 0.000466371042421

HarmonicAmpFreq:
    dmean: [0.038330078125]
    dmean2: [0.0392214767635]
    dvar: [0.0631753802299]
    dvar2: [0.0646096020937]
    kurt: [39.8806419373]
    max: [2797.74414062]
    mean: [2797.70532227]
    median: [2797.74414062]
    min: [2796.05761719]
    skew: [-6.4660410881]
    var: [0.0618051998317]

HarmonicAmpMag:
    dmean: [1.23215686472e-05]
    dmean2: [1.26081167764e-05]
    dvar: [6.5283045636e-09]
    dvar2: [6.67651267605e-09]
    kurt: [40.0227279663]
    max: [0.000542149005923]
    mean: [1.20477552628e-05]
    median: [0]
    min: [0]
    skew: [6.48249435425]
    var: [6.38652997154e-09]

MfccCoeff:
    dmean: [32.6320953369, 16.4817314148, 5.02792787552, 9.25743770599, 3.29189133644, 4.30093336105, 1.96299088001, 2.76007556915, 1.75344395638, 2.16778612137, 2.46443533897, 1.12179493904, 1.90588676929]
    dmean2: [46.1832466125, 21.556886673, 9.01878070831, 12.2796220779, 4.48279571533, 6.29738903046, 3.07428193092, 3.61051130295, 2.9464662075, 2.92106366158, 3.04899501801, 1.79924166203, 2.43452310562]
    dvar: [6430.02148438, 62.9565048218, 28.057182312, 8.96021175385, 25.1915168762, 33.914981842, 2.68796062469, 34.905090332, 4.10466003418, 24.6048297882, 13.9934902191, 6.58708047867, 27.1529121399]
    dvar2: [16146.3515625, 229.235168457, 30.9391784668, 62.5474128723, 42.5815429688, 56.216506958, 6.36937761307, 44.3282775879, 4.64832878113, 28.8134174347, 20.8977031708, 12.6964921951, 26.9285087585]
    kurt: [25.5757694244, 0.456444501877, 23.3547229767, 0.222972154617, 9.44244670868, 10.2816743851, 5.93466186523, 13.6060752869, 12.1319074631, 14.6469917297, 11.1804828644, 11.4384737015, 16.1208305359]
    max: [-685.811523438, 25.9641189575, -60.2011680603, 62.2937469482, 57.1871681213, -28.6397972107, -2.62560653687, 67.9370880127, -2.04745483398, -9.11619567871, 38.3318748474, 27.5774860382, -2.95166778564]
    mean: [-1040.1439209, -12.4383096695, -91.7263259888, 51.0677185059, 50.1875991821, -64.8273544312, -11.4265031815, 59.657699585, -16.984046936, -44.2308502197, 34.7332420349, 25.0757484436, -42.8994255066]
    median: [-1051.63964844, -13.4317512512, -92.5939331055, 50.4828338623, 51.9504890442, -66.2009277344, -11.00365448, 61.2569580078, -18.2053146362, -45.5499954224, 35.9895439148, 25.9150028229, -44.705821991]
    min: [-1073.89929199, -45.2490081787, -99.1229095459, 29.1978340149, 24.0748748779, -71.546081543, -17.0823745728, 19.22149086, -18.6421890259, -50.5741119385, 10.5197181702, 11.6054782867, -46.3687095642]
    skew: [5.02999782562, 0.390951544046, 4.31731700897, -0.112090684474, -3.18596339226, 3.2705385685, 1.09537565708, -3.76544499397, 3.38282012939, 3.88924574852, -3.46114397049, -3.55488920212, 4.08898162842]
    var: [3572.7590332, 167.227554321, 28.9537620544, 53.8609161377, 41.6143341064, 69.6594009399, 4.33731031418, 69.2115631104, 9.34282112122, 49.0984802246, 29.8439445496, 9.95199012756, 59.5552101135]

SpecContrastCoeff:
    dmean: [0.0269403178245, 0.0168151911348, 0.0151506373659, 0.0177196376026, 0.0280991028994, 0.0215529035777]
    dmean2: [0.0498368032277, 0.0313100218773, 0.0252748485655, 0.0270668566227, 0.0249493252486, 0.0383964590728]
    dvar: [0.000798689783551, 0.000232231934206, 0.000128690444399, 0.000119166033983, 0.00389119843021, 0.000253598380368]
    dvar2: [0.00197349931113, 0.000505128817167, 0.000255855527939, 0.000294145080261, 0.00276538473554, 0.000570911972318]
    kurt: [3.46566390991, 0.0500686168671, 4.48261880875, 3.78936195374, 19.3533229828, -0.70003247261]
    max: [-0.882024288177, -0.944265961647, -0.916666507721, -0.871554970741, -0.235602930188, -0.894716799259]
    mean: [-0.973779439926, -0.986482858658, -0.98031938076, -0.937061071396, -0.282674401999, -0.927321135998]
    median: [-0.985260605812, -0.995535075665, -0.987766385078, -0.943575918674, -0.261524915695, -0.935855269432]
    min: [-0.99269849062, -0.997093558311, -0.991327047348, -0.953507184982, -0.801645994186, -0.940857112408]
    skew: [2.01244425774, 1.24837362766, 1.96723568439, 1.84494721889, -4.3710603714, 1.05258536339]
    var: [0.000622040533926, 0.00023578426044, 0.000234184786677, 0.000328920112224, 0.00882062315941, 0.000282280583633]

SpecPeakAmp:
    dmean: [4.9055168347e-05, 4.8337798944e-05, 4.77289322589e-05, 4.69400401926e-05, 3.81282552553e-05]
    dmean2: [7.07874714863e-05, 6.96499482729e-05, 6.88137806719e-05, 6.77604475641e-05, 5.89013507124e-05]
    dvar: [1.058498178e-08, 1.02936272839e-08, 1.00976782491e-08, 1.02095194521e-08, 7.24710691458e-09]
    dvar2: [2.69639741646e-08, 2.63474611018e-08, 2.59943586656e-08, 2.66755701972e-08, 1.48905012765e-08]
    kurt: [25.0248966217, 25.1146469116, 25.0893268585, 25.1307258606, 13.8777618408]
    max: [0.000533223326784, 0.000529118231498, 0.000533340848051, 0.000559127540328, 0.000583358923905]
    mean: [5.21705296705e-05, 4.79072914459e-05, 4.87575634907e-05, 5.09449600941e-05, 6.11918658251e-05]
    median: [4.08347659686e-05, 3.58797806257e-05, 3.60316880688e-05, 3.61789861927e-05, 3.63168037438e-05]
    min: [4.76957484352e-06, 1.82218400369e-06, 3.02257831208e-06, 4.31696844316e-06, 5.39766779184e-06]
    skew: [4.92427968979, 4.93623638153, 4.92997312546, 4.9153752327, 3.86789608002]
    var: [6.63776189569e-09, 6.6309953084e-09, 6.72434641302e-09, 7.36433003468e-09, 1.30598358794e-08]
