
metadata:
    version:
        essentia: "2.1-beta3"

Flux:
    dmean: 0.0132412314415
    dmean2: 0
    dvar: 0
    dvar2: 0
    kurt: -2
    max: 0.296439796686
    mean: 0.289819180965
    median: 0.289819180965
    min: 0.283198565245
    skew: 0
    var: 4.38325514551e-05

Rms:
    dmean: 0
    dmean2: 0
    dvar: 0
    dvar2: 0
    kurt: 0
    max: 0.101820297539
    mean: 0.101820297539
    median: 0.101820297539
    min: 0.101820297539
    skew: 0
    var: 0

RollOff:
    dmean: 882.861328125
    dmean2: 0
    dvar: 0
    dvar2: 0
    kurt: -2
    max: 2627.05078125
    mean: 2185.62011719
    median: 2185.62011719
    min: 1744.18945312
    skew: 0
    var: 194861.03125

SpecCent:
    dmean: 15.6958007812
    dmean2: 0
    dvar: 0
    dvar2: 0
    kurt: -2
    max: 2222.37304688
    mean: 2214.52514648
    median: 2214.52514648
    min: 2206.67724609
    skew: 0
    var: 61.5895423889

Zcr:
    dmean: 0.00048828125
    dmean2: 0
    dvar: 0
    dvar2: 0
    kurt: -2
    max: 0.017578125
    mean: 0.017333984375
    median: 0.017333984375
    min: 0.01708984375
    skew: 0
    var: 5.96046447754e-08

HarmonicAmpFreq:
    dmean: [0]
    dmean2: [0]
    dvar: [0]
    dvar2: [0]
    kurt: [nan]
    max: [2353.65380859]
    mean: [2353.65380859]
    median: [2353.65380859]
    min: [2353.65380859]
    skew: [nan]
    var: [0]

HarmonicAmpMag:
    dmean: [0]
    dmean2: [0]
    dvar: [0]
    dvar2: [0]
    kurt: [nan]
    max: [0]
    mean: [0]
    median: [0]
    min: [0]
    skew: [nan]
    var: [0]

MfccCoeff:
    dmean: [292.711914062, 105.817008972, 45.9519805908, 66.5093917847, 19.3121452332, 1.52738571167, 7.7586517334, 9.03901863098, 1.36500358582, 0.749979019165, 1.0885219574, 2.60378646851, 0.648645401001]
    dmean2: [0, 0, 0, 0, 0, 0, 0, 0, 0, 0, 0, 0, 0]
    dvar: [0, 0, 0, 0, 0, 0, 0, 0, 0, 0, 0, 0, 0]
    dvar2: [0, 0, 0, 0, 0, 0, 0, 0, 0, 0, 0, 0, 0]
    kurt: [-2, -1.99999988079, -2, -2, -1.99999988079, -2, -2, -2, -2, -2, -2, -1.99999988079, -2]
    max: [-597.20880127, 167.924285889, -80.624206543, -8.86750793457, 28.6230583191, -2.80727767944, -12.9204025269, 11.8548145294, 6.2592792511, -4.99833679199, -0.00497817993164, 5.71541213989, -0.913963317871]
    mean: [-743.564758301, 115.015777588, -103.600196838, -42.1222038269, 18.9669857025, -3.57097053528, -16.7997283936, 7.33530521393, 5.57677745819, -5.37332630157, -0.54923915863, 4.41351890564, -1.23828601837]
    median: [-743.564758301, 115.015777588, -103.600196838, -42.1222038269, 18.9669857025, -3.57097053528, -16.7997283936, 7.33530521393, 5.57677745819, -5.37332630157, -0.54923915863, 4.41351890564, -1.23828601837]
    min: [-889.920715332, 62.1072769165, -126.576187134, -75.3768997192, 9.31091308594, -4.33466339111, -20.6790542603, 2.81579589844, 4.89427566528, -5.74831581116, -1.09350013733, 3.11162567139, -1.56260871887]
    skew: [0, 2.10995679595e-07, 0, 0, 0, 0, 0, 0, 0, 0, 0, 0, 0]
    var: [21420.0664062, 2799.30981445, 527.896118164, 1105.87475586, 93.2397384644, 0.583226799965, 15.0491695404, 20.4259643555, 0.465808689594, 0.140617132187, 0.296220004559, 1.69492602348, 0.105185210705]

SpecContrastCoeff:
    dmean: [0.0121892094612, 0.0731917023659, 0.121465444565, 0.0607783198357, 0.154963135719, 0.0386407375336]
    dmean2: [0, 0, 0, 0, 0, 0]
    dvar: [0, 0, 0, 0, 0, 0]
    dvar2: [0, 0, 0, 0, 0, 0]
    kurt: [-2, -2, -2, -2, -2, -2]
    max: [-0.916001439095, -0.810554146767, -0.86359667778, -0.850610017776, -0.563426971436, -0.893691182137]
    mean: [-0.922096014023, -0.847149968147, -0.924329400063, -0.880999207497, -0.640908539295, -0.913011550903]
    median: [-0.922096014023, -0.847149968147, -0.924329400063, -0.880999207497, -0.640908539295, -0.913011550903]
    min: [-0.928190648556, -0.883745849133, -0.985062122345, -0.911388337612, -0.718390107155, -0.93233191967]
    skew: [-1.46892425619e-05, -2.48661990554e-06, 0, 2.94907272291e-06, 0, 0]
    var: [3.71442074538e-05, 0.0013392562978, 0.00368846347556, 0.000923501036596, 0.00600339332595, 0.000373276649043]

SpecPeakAmp:
    dmean: [0.0024114632979, 0.000122454715893, 0.00035259523429, 0.00065956544131, 0.00147634069435]
    dmean2: [0, 0, 0, 0, 0]
    dvar: [0, 0, 0, 0, 0]
    dvar2: [0, 0, 0, 0, 0]
    kurt: [-2, -2, -2, -2, -2]
    max: [0.00273566413671, 0.0028620371595, 0.00315578118898, 0.00362194282934, 0.00445832731202]
    mean: [0.00152993248776, 0.00280080968514, 0.00297948345542, 0.00329216010869, 0.00372015684843]
    median: [0.00152993248776, 0.00280080968514, 0.00297948345542, 0.00329216010869, 0.00372015684843]
    min: [0.000324200780597, 0.00273958244361, 0.00280318595469, 0.00296237738803, 0.00298198661767]
    skew: [0, 5.72737280891e-06, 1.97865892915e-06, 0, 4.48532432529e-07]
    var: [1.45378885463e-06, 3.748789279e-09, 3.10808516701e-08, 1.08756644579e-07, 5.44895442545e-07]
