
metadata:
    version:
        essentia: "2.1-beta3"

Flux:
    dmean: 4.95299491376e-06
    dmean2: 7.35518779038e-06
    dvar: 3.16595361038e-10
    dvar2: 6.92471857633e-10
    kurt: 14.4623699188
    max: 9.61121695582e-05
    mean: 5.77169430471e-06
    median: 1.04096329778e-06
    min: 7.16042166005e-07
    skew: 3.90744328499
    var: 3.25789561995e-10

Rms:
    dmean: 1.86136117009e-06
    dmean2: 2.19468711293e-06
    dvar: 2.28270041758e-11
    dvar2: 1.60749087652e-11
    kurt: 19.204240799
    max: 7.82063798397e-05
    mean: 7.58983005653e-05
    median: 7.7161086665e-05
    min: 4.50718325737e-05
    skew: -4.44238853455
    var: 3.26833803077e-11

RollOff:
    dmean: 0.500772178173
    dmean2: 0.5126953125
    dvar: 10.5324554443
    dvar2: 10.7771167755
    kurt: 39.023223877
    max: 215.33203125
    mean: 194.288223267
    median: 193.798828125
    min: 193.798828125
    skew: 6.40493679047
    var: 10.2986516953

SpecCent:
    dmean: 8.53649806976
    dmean2: 13.3587970734
    dvar: 135.132369995
    dvar2: 128.120285034
    kurt: 26.3131752014
    max: 566.148376465
    mean: 487.153717041
    median: 485.219909668
    min: 476.608795166
    skew: 4.85462331772
    var: 174.071060181

Zcr:
    dmean: 0.000476925866678
    dmean2: 0.000744047632907
    dvar: 6.37502296286e-07
    dvar2: 5.47659794847e-07
    kurt: 15.1245861053
    max: 0.00830078125
    mean: 0.0079234726727
    median: 0.00830078125
    min: 0.00341796875
    skew: -3.93453335762
    var: 8.43824068397e-07

HarmonicAmpFreq:
    dmean: [0.0782861039042]
    dmean2: [0.0939995869994]
    dvar: [0.0997845381498]
    dvar2: [0.101174987853]
    kurt: [35.9437828064]
    max: [180.691040039]
    mean: [178.659606934]
    median: [178.620300293]
    min: [178.224975586]
    skew: [5.98195648193]
    var: [0.0997967422009]

HarmonicAmpMag:
    dmean: [2.80063409264e-06]
    dmean2: [2.86415570372e-06]
    dvar: [1.64822988591e-10]
    dvar2: [1.63060578928e-10]
    kurt: [23.934015274]
    max: [0.000104954997369]
    mean: [0.000102175210486]
    median: [0.000104905229819]
    min: [2.77220660791e-05]
    skew: [-4.95337915421]
    var: [1.66711852656e-10]

MfccCoeff:
    dmean: [0.111830599606, 0.154100999236, 0.142170757055, 0.123036935925, 0.0978020951152, 0.0678845793009, 0.0350047275424, 0.00150015193503, 0.0326302088797, 0.0636066198349, 0.0905483141541, 0.112135775387, 0.127398476005]
    dmean2: [0.114557176828, 0.157831832767, 0.14561098814, 0.126007080078, 0.100148521364, 0.0694986954331, 0.03583272174, 0.00164613267407, 0.033539544791, 0.0652560293674, 0.092838652432, 0.114931926131, 0.130534037948]
    dvar: [0.282725155354, 0.53690969944, 0.457199126482, 0.342757612467, 0.216941073537, 0.104877173901, 0.028098538518, 4.65298508061e-05, 0.0234748404473, 0.0903157889843, 0.183871895075, 0.282789111137, 0.365825563669]
    dvar2: [0.286271721125, 0.543654859066, 0.462910234928, 0.346979409456, 0.219545632601, 0.106070317328, 0.0283650793135, 4.29681458627e-05, 0.0238651949912, 0.0916417762637, 0.186435520649, 0.286600083113, 0.370616734028]
    kurt: [25.9319820404, 25.9406604767, 25.9661579132, 26.0153942108, 26.1052513123, 26.2861709595, 26.8087692261, 37.0263671875, 24.729801178, 25.3133659363, 25.5338916779, 25.6724014282, 25.7857837677]
    max: [-1135.18615723, 4.4568901062, 4.11392211914, 3.56422805786, 2.83851623535, 1.9779586792, 1.03010940552, 0.0541839599609, -4.57763671875e-05, -2.28881835938e-05, -2.67028808594e-05, -3.0517578125e-05, -3.81469726562e-05]
    mean: [-1135.29638672, 4.30507993698, 3.97388386726, 3.44307327271, 2.74219441414, 1.91104197502, 0.995556235313, 0.0461786426604, -0.885829746723, -1.75131332874, -2.50613117218, -3.11359620094, -3.54655599594]
    median: [-1135.18737793, 4.45518112183, 4.11238098145, 3.56294631958, 2.83748626709, 1.97718048096, 1.02968215942, 0.0471496582031, -0.917465209961, -1.81312942505, -2.59421920776, -3.22275161743, -3.67061233521]
    min: [-1138.42004395, 1.14440917969e-05, -6.103515625e-05, 8.01086425781e-05, -6.103515625e-05, 2.28881835938e-05, -2.67028808594e-05, -5.34057617188e-05, -0.91820526123, -1.81422424316, -2.59557723999, -3.22426605225, -3.67219543457]
    skew: [-5.13105869293, -5.13187456131, -5.13414430618, -5.1385307312, -5.14655590057, -5.16272115707, -5.20955562592, -6.1399564743, 5.02444314957, 5.0760884285, 5.09566450119, 5.10797977448, 5.11806726456]
    var: [0.279407382011, 0.530625343323, 0.451878368855, 0.338820040226, 0.214506134391, 0.10375623405, 0.0278447456658, 5.09546844114e-05, 0.0231186151505, 0.0890946239233, 0.181501254439, 0.279255837202, 0.361376553774]

SpecContrastCoeff:
    dmean: [0.021380091086, 0.0180476363748, 0.0105305537581, 0.0149156283587, 0.0103234853595, 0.0073252832517]
    dmean2: [0.0267734583467, 0.0302211958915, 0.0147861735895, 0.0195826031268, 0.0131604643539, 0.00969659723341]
    dvar: [0.00234279036522, 0.000179027105332, 0.000155008674483, 0.000445073033916, 0.000228674252867, 0.000132220811793]
    dvar2: [0.00202326662838, 0.000484206015244, 0.000171824111021, 0.000500507361721, 0.00020055299683, 0.000156661641086]
    kurt: [13.5981369019, 0.905915260315, 9.9605550766, 12.2127332687, 15.9276657104, 13.4434509277]
    max: [-0.539821624756, -0.867831647396, -0.88145673275, -0.816558122635, -0.843908369541, -0.856730341911]
    mean: [-0.575394570827, -0.911926209927, -0.902265787125, -0.84084123373, -0.861457228661, -0.870920598507]
    median: [-0.560974538326, -0.912118673325, -0.901264369488, -0.836999177933, -0.8584010005, -0.868366241455]
    min: [-0.839932262897, -0.943393349648, -0.970520019531, -0.954183101654, -0.958865225315, -0.934341967106]
    skew: [-3.82932138443, 0.528282999992, -2.89678382874, -3.43814516068, -3.85688591003, -3.62934279442]
    var: [0.00352355232462, 0.000237241765717, 0.000243246919126, 0.000632866867818, 0.000354742573109, 0.000183191528777]

SpecPeakAmp:
    dmean: [2.48797192626e-07, 1.2547503502e-05, 9.84437247098e-06, 9.16880225077e-08, 7.15488965852e-08]
    dmean2: [4.16046617602e-07, 2.28232092923e-05, 2.00545819098e-05, 1.28290494672e-07, 9.98380613737e-08]
    dvar: [8.04666324349e-14, 1.03711839117e-09, 9.22819265448e-10, 5.96071179611e-14, 4.9331402136e-14]
    dvar2: [1.19109529097e-13, 3.31260507913e-09, 3.2507394554e-09, 5.75132728443e-14, 5.01579538266e-14]
    kurt: [17.4247264862, 9.18952941895, 17.0377864838, 32.1639442444, 36.6132659912]
    max: [9.04004537006e-06, 0.000104954997369, 0.000104923092294, 1.74407421127e-06, 1.61435718837e-06]
    mean: [8.3585473476e-06, 9.74101785687e-05, 5.03624596604e-06, 1.6981294948e-07, 1.6974544792e-07]
    median: [8.36933759274e-06, 0.000104896214907, 2.05290433541e-07, 1.20803406389e-07, 1.29885407318e-07]
    min: [6.67666790832e-06, 8.88404514399e-08, 1.20026570016e-07, 7.43121120195e-08, 6.73235476256e-08]
    skew: [-3.34780907631, -3.26526427269, 4.36260080338, 5.66449165344, 6.1187953949]
    var: [9.59274164009e-14, 6.17364603883e-10, 4.75206429762e-10, 6.3135050844e-14, 4.99900990015e-14]
