
metadata:
    version:
        essentia: "2.1-beta3"

Flux:
    dmean: 0.000126880971948
    dmean2: 0.000164797515026
    dvar: 1.6680972692e-07
    dvar2: 3.24671134422e-07
    kurt: 9.80749607086
    max: 0.00240911100991
    mean: 0.000164935016073
    median: 8.90029514267e-06
    min: 4.08994856116e-06
    skew: 3.32059001923
    var: 2.71413540531e-07

Rms:
    dmean: 6.04735578236e-05
    dmean2: 5.7995915995e-05
    dvar: 2.74529572408e-08
    dvar2: 1.1387325749e-08
    kurt: 20.2694911957
    max: 0.0017272188561
    mean: 0.00165383715648
    median: 0.00171275192406
    min: 0.000354115414666
    skew: -4.47084474564
    var: 5.40609299549e-08

RollOff:
    dmean: 6.36208295822
    dmean2: 6.00926589966
    dvar: 1487.55651855
    dvar2: 1279.44262695
    kurt: 39.5171012878
    max: 473.73046875
    mean: 200.498046875
    median: 193.798828125
    min: 193.798828125
    skew: 6.42548513412
    var: 1706.79602051

SpecCent:
    dmean: 21.7261238098
    dmean2: 20.9286155701
    dvar: 10253.4160156
    dvar2: 6268.46679688
    kurt: 37.1111183167
    max: 1005.1741333
    mean: 203.010940552
    median: 180.836029053
    min: 178.388839722
    skew: 6.1731262207
    var: 15151.6083984

Zcr:
    dmean: 0.000543767760973
    dmean2: 0.000738099566661
    dvar: 8.90990804692e-07
    dvar2: 5.03141961872e-07
    kurt: 17.1256828308
    max: 0.00830078125
    mean: 0.0078125
    median: 0.00830078125
    min: 0.00048828125
    skew: -4.10319709778
    var: 1.87555951925e-06

HarmonicAmpFreq:
    dmean: [0.0953708961606]
    dmean2: [0.148703634739]
    dvar: [0.0976875796914]
    dvar2: [0.221808493137]
    kurt: [14.8685512543]
    max: [180.424255371]
    mean: [178.707855225]
    median: [178.618865967]
    min: [178.603851318]
    skew: [3.94222354889]
    var: [0.113622307777]

HarmonicAmpMag:
    dmean: [9.26606153371e-05]
    dmean2: [7.30721876607e-05]
    dvar: [1.19004788246e-07]
    dvar2: [8.17306613499e-08]
    kurt: [15.878490448]
    max: [0.00234340527095]
    mean: [0.00223125284538]
    median: [0.00234239106067]
    min: [0]
    skew: [-4.09207201004]
    var: [1.92587378933e-07]

MfccCoeff:
    dmean: [1.74458456039, 2.25576210022, 1.70071411133, 0.999066114426, 0.387773007154, 0.263314843178, 0.248536884785, 0.286234766245, 0.268625080585, 0.410363793373, 0.539468467236, 0.638635635376, 0.70209479332]
    dmean2: [2.42878198624, 3.12055969238, 2.29891037941, 1.27054822445, 0.386081784964, 0.207722857594, 0.420121312141, 0.391465485096, 0.279891610146, 0.34310823679, 0.414726644754, 0.468610882759, 0.490461736917]
    dvar: [66.7450256348, 112.503448486, 66.1601333618, 25.5844402313, 5.96686553955, 1.36150860786, 1.26635396481, 1.27056574821, 1.72371852398, 2.94882822037, 4.67937088013, 6.32134866714, 7.38309955597]
    dvar2: [145.151611328, 241.173965454, 134.263793945, 44.395740509, 5.77381849289, 1.01987934113, 3.16197991371, 2.83022642136, 1.84193468094, 1.73636341095, 2.30170822144, 2.96908473969, 3.51634883881]
    kurt: [21.300409317, 20.4582901001, 19.5179824829, 26.9577007294, 39.9508132935, 22.9184875488, 19.8870029449, 19.9953384399, 28.6217842102, 29.1255187988, 27.8046607971, 26.791841507, 25.4494285583]
    max: [-1090.43310547, 62.8523330688, 49.5877418518, 32.4767341614, 16.8464202881, 11.5522460938, 6.07838821411, 0.569236755371, -4.57763671875e-05, -2.28881835938e-05, -2.67028808594e-05, -3.0517578125e-05, -3.81469726562e-05]
    mean: [-1117.98510742, 28.0239639282, 25.4850692749, 21.5195941925, 16.4564704895, 10.6560459137, 4.46788311005, -1.77751290798, -7.76062965393, -13.1668481827, -17.6989002228, -21.1055603027, -23.2135353088]
    median: [-1118.12548828, 27.8996086121, 25.5453529358, 21.7837867737, 16.8456573486, 11.0336303711, 4.70003128052, -1.7749710083, -8.00881958008, -13.6412963867, -18.3573207855, -21.9063873291, -24.117565155]
    min: [-1138.42004395, 1.14440917969e-05, -6.103515625e-05, 8.01086425781e-05, -6.103515625e-05, 2.28881835938e-05, -2.41808700562, -6.00762939453, -8.22380065918, -13.6422729492, -18.3584651947, -21.9076080322, -24.1187858582]
    skew: [2.05140352249, 1.51600182056, -0.395901411772, -4.08671092987, -6.47410678864, -4.86691904068, -4.49098682404, -2.80084037781, 5.37055683136, 5.34898900986, 5.21348381042, 5.11738395691, 4.99163293839]
    var: [26.199968338, 44.4763259888, 27.3744010925, 13.0295801163, 6.16009664536, 3.49772429466, 1.60517680645, 0.590238928795, 1.61743915081, 4.58263397217, 8.46693515778, 12.2709150314, 15.2518720627]

SpecContrastCoeff:
    dmean: [0.0336453281343, 0.014175680466, 0.0161922927946, 0.0147469369695, 0.00822723284364, 0.00750032998621]
    dmean2: [0.0421245060861, 0.0271575916559, 0.0279690474272, 0.0268371161073, 0.0146998045966, 0.0128693161532]
    dvar: [0.00342468940653, 0.000221842332394, 0.000121940371173, 0.000116485280159, 5.52598830836e-05, 4.91368227813e-05]
    dvar2: [0.00219702743925, 0.000430911313742, 0.000344407191733, 0.000295743753668, 0.000134500063723, 0.000109704305942]
    kurt: [16.3412151337, 7.50328922272, 0.722044706345, 1.14659500122, 5.38668441772, 8.31715679169]
    max: [-0.394922226667, -0.878205537796, -0.916670382023, -0.899583399296, -0.912235319614, -0.912182152271]
    mean: [-0.452490180731, -0.954813480377, -0.953791618347, -0.933609843254, -0.930267691612, -0.930150449276]
    median: [-0.431142568588, -0.963804125786, -0.953911244869, -0.934476733208, -0.928783535957, -0.929738402367]
    min: [-0.986442446709, -0.967454791069, -0.989450871944, -0.972398161888, -0.968519747257, -0.969945967197]
    skew: [-3.9983792305, 2.69072437286, 0.135239437222, -0.221196845174, -1.87006914616, -2.39886808395]
    var: [0.0101975696161, 0.000375335133867, 0.000168566664797, 0.000176075744093, 9.56492876867e-05, 8.5978244897e-05]

SpecPeakAmp:
    dmean: [6.60870500724e-05, 0.000730276980903, 0.00064052460948, 2.07713628697e-06, 1.7462290316e-06]
    dmean2: [0.000100360295619, 0.0014509720495, 0.0013089068234, 3.27607745021e-06, 2.77385720437e-06]
    dvar: [8.54993018606e-08, 1.14260558348e-06, 1.08368010387e-06, 2.70077241821e-11, 1.81062179139e-11]
    dvar2: [2.19692353198e-07, 1.51057793119e-06, 1.59782041464e-06, 6.66613084177e-11, 4.51762446896e-11]
    kurt: [40.0066871643, -1.28031635284, -0.585638284683, 31.3331375122, 34.9095458984]
    max: [0.00141110131517, 0.00234340527095, 0.00234319036826, 2.62546200247e-05, 2.19034136535e-05]
    mean: [3.96929353883e-05, 0.00162858201656, 0.00057530507911, 2.47382081398e-06, 2.16559942601e-06]
    median: [8.40361190058e-06, 0.00234149652533, 2.45944670496e-06, 1.75000809577e-06, 1.69118959548e-06]
    min: [4.11011887991e-06, 7.76206547926e-07, 4.53526098454e-07, 3.23087220977e-07, 2.50827298487e-07]
    skew: [6.48059749603, -0.836501896381, 1.18921041489, 5.56601905823, 5.90245771408]
    var: [4.27525428393e-08, 1.13281885206e-06, 1.0108215065e-06, 1.44438488947e-11, 9.43741092219e-12]
