
metadata:
    version:
        essentia: "2.1-beta3"

Flux:
    dmean: 0.00287227635272
    dmean2: 0.00375827029347
    dvar: 8.35963510326e-05
    dvar2: 0.000162946846103
    kurt: 9.76342487335
    max: 0.0538345500827
    mean: 0.00365787209012
    median: 0.000174599059392
    min: 1.07435089376e-05
    skew: 3.31537461281
    var: 0.000136288508656

Rms:
    dmean: 0.0013577361824
    dmean2: 0.00130057125352
    dvar: 1.39172007039e-05
    dvar2: 5.81754693485e-06
    kurt: 20.3347835541
    max: 0.0386631265283
    mean: 0.037023961544
    median: 0.0383691675961
    min: 0.00778373703361
    skew: -4.47761440277
    var: 2.73131281574e-05

RollOff:
    dmean: 6.85147380829
    dmean2: 6.51003837585
    dvar: 1744.54382324
    dvar2: 1521.18762207
    kurt: 39.586265564
    max: 495.263671875
    mean: 200.9765625
    median: 193.798828125
    min: 193.798828125
    skew: 6.43311929703
    var: 1978.36315918

SpecCent:
    dmean: 22.6907653809
    dmean2: 21.7617740631
    dvar: 11365.5683594
    dvar2: 7003.47949219
    kurt: 37.1742362976
    max: 1045.13305664
    mean: 202.470504761
    median: 179.367172241
    min: 176.824493408
    skew: 6.17953920364
    var: 16706.6992188

Zcr:
    dmean: 0.000543767760973
    dmean2: 0.000726744183339
    dvar: 8.90990691005e-07
    dvar2: 5.25320444922e-07
    kurt: 18.459821701
    max: 0.00830078125
    mean: 0.00780164916068
    median: 0.00830078125
    min: 0
    skew: -4.23130702972
    var: 2.02908904612e-06

HarmonicAmpFreq:
    dmean: [0.101542040706]
    dmean2: [0.159012198448]
    dvar: [0.114596217871]
    dvar2: [0.273474007845]
    kurt: [17.0874958038]
    max: [180.591888428]
    mean: [178.710464478]
    median: [178.618789673]
    min: [178.604904175]
    skew: [4.1607336998]
    var: [0.124647133052]

HarmonicAmpMag:
    dmean: [0.00207408610731]
    dmean2: [0.00163315515965]
    dvar: [5.9631143813e-05]
    dvar2: [4.10074790125e-05]
    kurt: [15.8474636078]
    max: [0.0524643659592]
    mean: [0.0499532818794]
    median: [0.0524442382157]
    min: [0]
    skew: [-4.08850622177]
    var: [9.66329971561e-05]

MfccCoeff:
    dmean: [14.0840921402, 6.66070842743, 1.88754832745, 2.10569667816, 3.31807088852, 4.32406282425, 4.90927839279, 4.64484214783, 4.01404762268, 3.48921203613, 2.76482796669, 2.00501728058, 1.69297599792]
    dmean2: [21.0213546753, 9.34532356262, 1.9707698822, 2.93414449692, 6.18573331833, 7.86384487152, 8.87296009064, 8.3641872406, 7.10076332092, 5.63226127625, 4.08956623077, 2.71748805046, 1.8789525032]
    dvar: [3177.46337891, 459.08102417, 23.7697372437, 16.1131954193, 20.4711685181, 12.9167232513, 10.4168281555, 6.13317108154, 4.89051628113, 3.69840407372, 8.26268482208, 16.4401836395, 23.1649055481]
    dvar2: [7967.07861328, 1033.5045166, 19.2622051239, 14.9824476242, 36.2940139771, 21.4986228943, 20.6035633087, 14.7030754089, 13.3926391602, 8.50879192352, 8.22099494934, 14.7712173462, 20.7717151642]
    kurt: [37.6135597229, 17.4981479645, 12.1152172089, 15.0983295441, 14.1359329224, 8.87447166443, 2.93681573868, -1.07743918896, -0.929053783417, 9.96333789825, 17.2303161621, 17.2932434082, 16.402589798]
    max: [-835.48638916, 144.295837402, 85.9105224609, 65.3326263428, 47.3995704651, 30.9783325195, 18.4317054749, 5.63822174072, -2.24200439453, -2.48207855225, -1.88740921021, -0.892837524414, 0.090950012207]
    mean: [-1085.8190918, 66.2549972534, 58.5010566711, 50.1041183472, 39.131942749, 27.0193386078, 14.2066488266, 1.70918262005, -9.97699451447, -20.2029132843, -28.6702632904, -35.0364952087, -39.2031860352]
    median: [-1092.13671875, 63.7601699829, 58.8833351135, 50.9367523193, 40.7440376282, 28.6034393311, 15.6130409241, 2.58901977539, -9.6422328949, -19.7901535034, -29.307592392, -36.6129875183, -41.0012779236]
    min: [-1121.97973633, 22.2510490417, 19.4306640625, 15.2802467346, 10.4945983887, 5.82227325439, -1.94691085815, -6.52938842773, -14.7089996338, -25.2560958862, -32.5583267212, -37.5727043152, -41.6925315857]
    skew: [6.19127464294, 3.07197737694, -1.93176829815, -3.28586697578, -3.77358913422, -2.82481718063, -1.57350468636, -0.376883238554, 0.104921959341, 2.59557723999, 4.01444578171, 4.19399595261, 4.10789775848]
    var: [1466.23779297, 214.042358398, 70.0559921265, 46.4860191345, 41.6939888, 26.6314640045, 19.5217838287, 11.2430171967, 8.77857494354, 13.5697126389, 25.009021759, 41.6283912659, 56.8218536377]

SpecContrastCoeff:
    dmean: [0.0486395731568, 0.0100878560916, 0.00711962720379, 0.00479231076315, 0.00483641028404, 0.00925543531775]
    dmean2: [0.0634546875954, 0.0189782269299, 0.0133332470432, 0.00904526654631, 0.00818448886275, 0.017115611583]
    dvar: [0.00603343546391, 0.000425881327828, 0.000110810178739, 8.77714992384e-05, 7.63498610468e-05, 0.000142412056448]
    dvar2: [0.00343585386872, 0.000851285469253, 0.000230007004575, 0.000187133482541, 0.000168949278304, 0.000353848154191]
    kurt: [18.9580516815, 10.8733587265, 6.92122268677, 10.8179922104, 10.0303115845, 3.86573886871]
    max: [-0.18432456255, -0.834856748581, -0.9169293046, -0.915360808372, -0.914737403393, -0.919188559055]
    mean: [-0.270033985376, -0.948029220104, -0.961695849895, -0.963495016098, -0.961190879345, -0.957737505436]
    median: [-0.248886078596, -0.957172691822, -0.965678691864, -0.967195153236, -0.964555561543, -0.962457001209]
    min: [-0.982663094997, -0.958449304104, -0.986840128899, -0.968151807785, -0.965600609779, -0.964737653732]
    skew: [-4.23212385178, 3.44842433929, 2.28382539749, 3.3892147541, 3.23811984062, 2.24368309975]
    var: [0.0166413299739, 0.000713034125511, 0.000120924807561, 0.000127338993479, 0.000102210156911, 0.000128846688312]

SpecPeakAmp:
    dmean: [0.00146870827302, 0.00207369611599, 5.57104576728e-05, 3.82134567189e-05, 3.46761880792e-05]
    dmean2: [0.00225591775961, 0.00329554919153, 8.37141487864e-05, 5.8617672039e-05, 5.38222157047e-05]
    dvar: [4.27142913395e-05, 8.8109401986e-05, 1.9655821859e-08, 1.53851136275e-08, 1.40490614697e-08]
    dvar2: [0.000109719177999, 0.000143325189129, 4.22092618635e-08, 3.87054051032e-08, 3.57360043779e-08]
    kurt: [40.0040626526, 11.1382675171, 17.5234050751, 31.852973938, 36.7348976135]
    max: [0.03149612993, 0.0524643659592, 0.000624102714937, 0.000602201325819, 0.000581474741921]
    mean: [0.000760758819524, 0.0492681115866, 6.27755798632e-05, 3.31420706061e-05, 2.83327008219e-05]
    median: [5.91568241362e-05, 0.0524442382157, 3.89226188418e-05, 1.43110137287e-05, 1.22668188851e-05]
    min: [1.05540475488e-05, 1.71608444361e-05, 1.00353900052e-05, 7.13107874617e-06, 5.54474627279e-06]
    skew: [6.48029994965, -3.58975601196, 4.37744140625, 5.64648580551, 6.12719011307]
    var: [2.14742794924e-05, 0.000142581178807, 1.29758230827e-08, 8.2112601163e-09, 7.23849735706e-09]
