
metadata:
    version:
        essentia: "2.1-beta3"

Flux:
    dmean: 0.000125332604512
    dmean2: 0.000166355486726
    dvar: 1.66737152085e-07
    dvar2: 3.29067574967e-07
    kurt: 9.58932113647
    max: 0.00237483321689
    mean: 0.000164833749295
    median: 8.35001173982e-06
    min: 5.28695454705e-06
    skew: 3.29562234879
    var: 2.70026731641e-07

Rms:
    dmean: 5.58558131161e-05
    dmean2: 4.78158726764e-05
    dvar: 2.97143802896e-08
    dvar2: 1.27962742624e-08
    kurt: 20.9105815887
    max: 0.00172165664844
    mean: 0.00165269104764
    median: 0.00171251618303
    min: 0.000308159680571
    skew: -4.53570127487
    var: 5.68412552582e-08

RollOff:
    dmean: 2.44695496559
    dmean2: 2.50386071205
    dvar: 257.466308594
    dvar2: 263.311401367
    kurt: 40.0227241516
    max: 452.197265625
    mean: 346.923828125
    median: 344.53125
    min: 344.53125
    skew: 6.48249387741
    var: 251.874938965

SpecCent:
    dmean: 3.36135029793
    dmean2: 5.57965517044
    dvar: 2.6546087265
    dvar2: 7.78695344925
    kurt: -1.47348129749
    max: 333.994171143
    mean: 330.812194824
    median: 330.841033936
    min: 327.271697998
    skew: -0.0465068295598
    var: 5.19785642624

Zcr:
    dmean: 0.000765713804867
    dmean2: 0.000908430258278
    dvar: 2.90868251795e-06
    dvar2: 1.62547598848e-06
    kurt: 17.021730423
    max: 0.01513671875
    mean: 0.0143229169771
    median: 0.01513671875
    min: 0.0009765625
    skew: -4.13562107086
    var: 6.27305780654e-06

HarmonicAmpFreq:
    dmean: [0.215424969792]
    dmean2: [0.381261080503]
    dvar: [0.180472031236]
    dvar2: [0.442364573479]
    kurt: [4.04099655151]
    max: [329.828308105]
    mean: [328.844451904]
    median: [328.731567383]
    min: [328.411437988]
    skew: [2.38007807732]
    var: [0.114951707423]

HarmonicAmpMag:
    dmean: [0.000413635076256]
    dmean2: [0.000728409737349]
    dvar: [7.12367693723e-07]
    dvar2: [1.87568321053e-06]
    kurt: [3.97290229797]
    max: [0.00235391617753]
    mean: [0.00208374159411]
    median: [0.00235299998894]
    min: [0]
    skew: [-2.39706206322]
    var: [5.0530553608e-07]

MfccCoeff:
    dmean: [1.65355610847, 2.17865586281, 1.73690879345, 1.11542582512, 0.464125901461, 0.375262528658, 0.643544197083, 0.800924479961, 0.825197041035, 0.717538118362, 0.512256503105, 0.239245325327, 0.104636795819]
    dmean2: [2.22320985794, 2.93450045586, 2.35757827759, 1.55315065384, 0.723737478256, 0.264939069748, 0.602227032185, 0.765234291553, 0.75449192524, 0.605674386024, 0.388680070639, 0.184871226549, 0.106485411525]
    dvar: [54.6211776733, 94.6791687012, 59.8549842834, 24.436920166, 4.34860420227, 2.10193133354, 9.1943731308, 14.982583046, 14.553188324, 9.54703140259, 4.00488233566, 0.716099202633, 0.284962624311]
    dvar2: [112.167648315, 195.354553223, 125.935134888, 54.5331420898, 11.4548187256, 0.966243684292, 7.04916810989, 12.3811435699, 10.7338132858, 5.69531869888, 1.94079637527, 0.500931203365, 0.303290009499]
    kurt: [18.4731674194, 18.5067596436, 18.906867981, 22.9185676575, 38.1592750549, 27.2614002228, 35.3675460815, 35.2537689209, 33.8386955261, 31.0951118469, 26.4828414917, 17.2383918762, 36.3114738464]
    max: [-1093.79064941, 58.6228408813, 46.1496620178, 28.4352912903, 9.2075958252, 2.28881835938e-05, -2.67028808594e-05, -5.34057617188e-05, -4.57763671875e-05, -2.28881835938e-05, -2.67028808594e-05, -3.0517578125e-05, 4.16921234131]
    mean: [-1116.35253906, 28.6524848938, 21.4381923676, 10.838139534, -1.29766094685, -12.88692379, -21.9996452332, -27.1996688843, -27.7840270996, -23.8753681183, -16.3584423065, -6.68090867996, 3.43580126762]
    median: [-1116.25390625, 28.7669792175, 21.4765930176, 10.7489356995, -1.56062316895, -13.3525772095, -22.6649551392, -28.0186843872, -28.666557312, -24.6984786987, -16.9878902435, -7.00244140625, 3.48836517334]
    min: [-1138.42004395, 1.14440917969e-05, -6.103515625e-05, 8.01086425781e-05, -1.88330078125, -13.6454849243, -23.0101242065, -28.3266067505, -28.8565750122, -24.7193374634, -16.9905452728, -7.00866699219, -3.81469726562e-05]
    skew: [0.128036543727, 0.284233421087, 0.944221735001, 3.05099391937, 6.27908229828, 5.19716787338, 5.98187446594, 5.9759516716, 5.8272600174, 5.5432305336, 5.08219337463, 4.17951011658, -5.98072052002]
    var: [22.6752147675, 39.1383666992, 24.3558807373, 9.70129013062, 2.564661026, 4.55624437332, 11.6550941467, 17.8470115662, 18.9854469299, 14.5928869247, 7.40938711166, 1.56521713734, 0.280993014574]

SpecContrastCoeff:
    dmean: [0.0372666493058, 0.0320916883647, 0.0199787504971, 0.01462968532, 0.00975601002574, 0.00578966457397]
    dmean2: [0.0602302215993, 0.0396330654621, 0.034342456609, 0.0256958846003, 0.0161583330482, 0.0100311813876]
    dvar: [0.000543089176062, 0.00314665562473, 0.000203041083296, 7.97477841843e-05, 5.66903763684e-05, 2.02702649403e-05]
    dvar2: [0.00122621119954, 0.00191616872326, 0.000539128202945, 0.000245106202783, 0.000195082000573, 5.69955336687e-05]
    kurt: [7.57716464996, 19.5753059387, 0.65518450737, -1.20216357708, 0.184390544891, -0.187921524048]
    max: [-0.741796672344, -0.411417126656, -0.897378385067, -0.921052157879, -0.911721348763, -0.913387596607]
    mean: [-0.812279284, -0.456915020943, -0.946465730667, -0.941776096821, -0.931752860546, -0.92504119873]
    median: [-0.816323339939, -0.439299970865, -0.953698158264, -0.944413423538, -0.933630764484, -0.926116287708]
    min: [-0.990651547909, -0.957379519939, -0.965438306332, -0.960444867611, -0.945690274239, -0.932701230049]
    skew: [-1.86929106712, -4.37060308456, 1.07701933384, 0.0886340588331, 0.556626915932, 0.717667639256]
    var: [0.00154772214592, 0.00815067999065, 0.000276859966107, 0.000111431931145, 5.57764324185e-05, 2.16836851905e-05]

SpecPeakAmp:
    dmean: [6.48957793601e-05, 1.50019957346e-06, 0.000108573265607, 0.000840984517708, 0.00107016740367]
    dmean2: [0.00010004863725, 2.30647719945e-06, 0.000221008333028, 0.00167936971411, 0.00218901457265]
    dvar: [8.19928871465e-08, 5.54783476103e-12, 2.39441760641e-07, 1.24045971006e-06, 1.36853373078e-06]
    dvar2: [2.10655770161e-07, 1.33873225006e-11, 7.22345475879e-07, 2.64298500952e-06, 2.66874349109e-06]
    kurt: [40.0164451599, 20.8167686462, 40.0135955811, -0.912038564682, -1.90075397491]
    max: [0.00138197210617, 1.28880601551e-05, 0.0023527960293, 0.00235391617753, 0.00235381699167]
    mean: [3.86950705433e-05, 2.0368559035e-06, 5.47950367036e-05, 0.000642523460556, 0.00136097171344]
    median: [8.38945379655e-06, 1.8569706981e-06, 1.93098730961e-06, 2.19378330257e-06, 0.00235279486515]
    min: [3.2068321616e-06, 2.48911334211e-07, 1.03162150822e-07, 5.68437954485e-08, 3.60290393076e-08]
    skew: [6.48174953461, 4.31374835968, 6.48141670227, 1.03193902969, -0.314972996712]
    var: [4.10119369576e-08, 3.67392574696e-12, 1.20031131701e-07, 1.06952870738e-06, 1.34724064083e-06]
