
metadata:
    version:
        essentia: "2.1-beta3"

Flux:
    dmean: 0.0257186610252
    dmean2: 0.0338037610054
    dvar: 0.00674801599234
    dvar2: 0.0128416735679
    kurt: 9.54860019684
    max: 0.494894564152
    mean: 0.0336601510644
    median: 0.00150785490405
    min: 6.91088644089e-05
    skew: 3.28411078453
    var: 0.01146297995

Rms:
    dmean: 0.0125214159489
    dmean2: 0.0120061803609
    dvar: 0.0011943615973
    dvar2: 0.000506140699144
    kurt: 20.6260128021
    max: 0.356210410595
    mean: 0.341141670942
    median: 0.353286683559
    min: 0.069941945374
    skew: -4.50639295578
    var: 0.00233010575175

RollOff:
    dmean: 7.34086465836
    dmean2: 7.01081037521
    dvar: 2022.12854004
    dvar2: 1783.99743652
    kurt: 39.6421890259
    max: 516.796875
    mean: 201.455078125
    median: 193.798828125
    min: 193.798828125
    skew: 6.43932056427
    var: 2270.07983398

SpecCent:
    dmean: 23.6934814453
    dmean2: 22.6926631927
    dvar: 12645.5371094
    dvar2: 7910.37451172
    kurt: 37.3030738831
    max: 1088.4921875
    mean: 203.5546875
    median: 179.688751221
    min: 176.833999634
    skew: 6.19263362885
    var: 18394.8574219

Zcr:
    dmean: 0.00056596234208
    dmean2: 0.000783521099947
    dvar: 8.77198147009e-07
    dvar2: 4.00759915919e-07
    kurt: 17.1116085052
    max: 0.00830078125
    mean: 0.00780164916068
    median: 0.00830078125
    min: 0.00048828125
    skew: -4.09824228287
    var: 1.8701434783e-06

HarmonicAmpFreq:
    dmean: [0.103872820735]
    dmean2: [0.164237082005]
    dvar: [0.126882061362]
    dvar2: [0.316299200058]
    kurt: [19.9194602966]
    max: [180.721054077]
    mean: [178.709701538]
    median: [178.620391846]
    min: [178.604888916]
    skew: [4.44483995438]
    var: [0.13055087626]

HarmonicAmpMag:
    dmean: [0.0189193058759]
    dmean2: [0.0148374037817]
    dvar: [0.00494331587106]
    dvar2: [0.00337257282808]
    kurt: [16.0306568146]
    max: [0.483372747898]
    mean: [0.460413902998]
    median: [0.483174175024]
    min: [0]
    skew: [-4.10250234604]
    var: [0.00809104554355]

MfccCoeff:
    dmean: [54.1365394592, 13.388589859, 26.5725898743, 18.2744140625, 7.6185092926, 7.7657790184, 5.32315015793, 4.28313064575, 4.23151302338, 3.22828888893, 3.3933608532, 2.95007562637, 2.88307142258]
    dmean2: [89.7519836426, 24.5362319946, 47.106174469, 32.9693717957, 14.2487697601, 14.6539878845, 9.32172489166, 7.40412282944, 7.75841808319, 5.35710096359, 5.41264009476, 4.37788486481, 3.93320655823]
    dvar: [7256.52685547, 108.196647644, 226.888168335, 137.641281128, 36.7288894653, 29.6485958099, 12.5331058502, 7.06761312485, 6.9252948761, 5.27051973343, 10.7362108231, 17.0168399811, 22.0917415619]
    dvar2: [18014.0351562, 233.165878296, 584.286376953, 323.619659424, 67.0803146362, 47.8361358643, 35.7431411743, 23.1037025452, 14.8975219727, 9.3440618515, 10.1413211823, 13.1119585037, 16.5794048309]
    kurt: [25.0687007904, 0.883082151413, -0.18439245224, 0.648455381393, 4.4854016304, 0.897790908813, 0.639226436615, -0.90189242363, -0.56763458252, 10.0546970367, 15.3938236237, 16.0310573578, 15.9260997772]
    max: [-590.248413086, 175.322723389, 124.541259766, 83.5668182373, 53.4430274963, 30.3099365234, 17.211933136, 4.45930480957, -3.67709350586, -2.7024230957, -0.397144317627, 0.613838195801, 2.22782897949]
    mean: [-991.696777344, 150.375579834, 83.1096496582, 52.7395935059, 38.0544052124, 23.0454921722, 10.6721105576, -0.512084007263, -11.4332008362, -20.6667232513, -29.0594081879, -35.3756370544, -39.5891304016]
    median: [-1000.95874023, 155.220367432, 82.6644287109, 49.3411636353, 39.7415504456, 25.2697753906, 10.8018379211, 0.808113098145, -10.0784912109, -20.9886550903, -29.3932857513, -36.3527030945, -40.9959831238]
    min: [-1043.05664062, 115.411903381, 32.9138298035, 11.0622749329, 9.91177368164, 1.79219818115, -2.35000419617, -6.19761657715, -17.1839599609, -25.591178894, -34.665473938, -40.4318351746, -44.8204307556]
    skew: [4.76780366898, -0.999333322048, -0.295523047447, 0.20214137435, -1.46413195133, -1.06084561348, -0.772959053516, -0.404541701078, -0.250811934471, 2.58708739281, 3.63111066818, 3.94855523109, 3.97273921967]
    var: [4567.15429688, 129.376327515, 375.491149902, 204.639862061, 64.7065124512, 43.6918411255, 20.8780040741, 9.52129077911, 9.59016036987, 13.9706220627, 29.8550243378, 47.3550338745, 64.3221435547]

SpecContrastCoeff:
    dmean: [0.0405606850982, 0.0141796683893, 0.00926337856799, 0.00593191804364, 0.00423526205122, 0.00409410893917]
    dmean2: [0.046552348882, 0.0257914569229, 0.0165848936886, 0.0105343349278, 0.00744921527803, 0.00704988650978]
    dvar: [0.010476578027, 0.000891668896656, 0.000216003187234, 0.000122742116218, 4.10622233176e-05, 5.11419457325e-05]
    dvar2: [0.00420504203066, 0.00217638257891, 0.000505770382006, 0.000318364211125, 0.000100137687696, 0.000138412040542]
    kurt: [26.7408771515, 9.87550640106, 8.81985759735, 12.5291318893, 6.80554103851, 7.47257328033]
    max: [-0.0313055217266, -0.800350904465, -0.896052539349, -0.906615436077, -0.930856525898, -0.932090640068]
    mean: [-0.101862452924, -0.934934556484, -0.952880442142, -0.956656575203, -0.955947458744, -0.956140458584]
    median: [-0.0742533653975, -0.945716500282, -0.957318127155, -0.959748208523, -0.957613050938, -0.95797097683]
    min: [-0.978496074677, -0.946983993053, -0.98242521286, -0.960881054401, -0.960179626942, -0.960339784622]
    skew: [-5.07987737656, 3.33721899986, 2.41514635086, 3.46084928513, 2.80101299286, 2.92184758186]
    var: [0.0211515408009, 0.00099331617821, 0.000153343964485, 9.97899842332e-05, 4.27603445132e-05, 3.51241469616e-05]

SpecPeakAmp:
    dmean: [0.0573322549462, 0.0627801343799, 0.000461242656456, 0.000340091093676, 0.000314149045153]
    dmean2: [0.110410667956, 0.119939915836, 0.000709691899829, 0.000510152371135, 0.000474404165288]
    dvar: [0.0216540265828, 0.0249697864056, 1.39859685078e-06, 1.36468452183e-06, 1.26326847294e-06]
    dvar2: [0.0624344795942, 0.0636342987418, 3.41205873156e-06, 3.42588487001e-06, 3.19748460242e-06]
    kurt: [12.3445196152, 4.58341550827, 26.8897857666, 32.3219718933, 34.8810768127]
    max: [0.483002454042, 0.483372747898, 0.00584061956033, 0.00563842896372, 0.00544456019998]
    mean: [0.0284413807094, 0.432680636644, 0.000511110876687, 0.000243917063926, 0.000219504509005]
    median: [0.00054938159883, 0.483174175024, 0.000344193394994, 8.09543125797e-05, 6.95945491316e-05]
    min: [1.3167880752e-05, 0.000154574023327, 9.03816107893e-05, 1.73037151399e-05, 1.50032001329e-05]
    skew: [3.72730207443, -2.54492473602, 5.16652679443, 5.70285320282, 5.9486413002]
    var: [0.0114188529551, 0.0206334292889, 7.86865712143e-07, 7.32911473733e-07, 6.62210595692e-07]
