
metadata:
    version:
        essentia: "2.1-beta3"

Flux:
    dmean: 0.0174899399281
    dmean2: 0
    dvar: 0
    dvar2: 0
    kurt: -2
    max: 0.316065788269
    mean: 0.307320833206
    median: 0.307320833206
    min: 0.298575848341
    skew: -5.14233761351e-06
    var: 7.64744982007e-05

Rms:
    dmean: 0
    dmean2: 0
    dvar: 0
    dvar2: 0
    kurt: 0
    max: 0.107275292277
    mean: 0.107275292277
    median: 0.107275292277
    min: 0.107275292277
    skew: 0
    var: 0

RollOff:
    dmean: 64.599609375
    dmean2: 0
    dvar: 0
    dvar2: 0
    kurt: -1.99999988079
    max: 344.53125
    mean: 312.231445312
    median: 312.231445312
    min: 279.931640625
    skew: 0
    var: 1043.27734375

SpecCent:
    dmean: 264.77130127
    dmean2: 0
    dvar: 0
    dvar2: 0
    kurt: -2
    max: 474.584442139
    mean: 342.198791504
    median: 342.198791504
    min: 209.813156128
    skew: 1.61625010264e-07
    var: 17525.9589844

Zcr:
    dmean: 0.00048828125
    dmean2: 0
    dvar: 0
    dvar2: 0
    kurt: -2
    max: 0.00390625
    mean: 0.003662109375
    median: 0.003662109375
    min: 0.00341796875
    skew: 0
    var: 5.96046447754e-08

HarmonicAmpFreq:
    dmean: [32.6489562988]
    dmean2: [0]
    dvar: [0]
    dvar2: [0]
    kurt: [-2]
    max: [270.834594727]
    mean: [254.510116577]
    median: [254.510116577]
    min: [238.185638428]
    skew: [0]
    var: [266.488586426]

HarmonicAmpMag:
    dmean: [0.111526750028]
    dmean2: [0]
    dvar: [0]
    dvar2: [0]
    kurt: [-1.99999988079]
    max: [0.120851844549]
    mean: [0.0650884732604]
    median: [0.0650884732604]
    min: [0.00932509545237]
    skew: [-1.67842927112e-07]
    var: [0.00310955382884]

MfccCoeff:
    dmean: [381.577026367, 8.02168273926, 49.107509613, 1.06771087646, 18.5113239288, 29.5482711792, 25.9355792999, 24.8205661774, 18.6568088531, 12.3136539459, 3.89039134979, 0.533336639404, 3.53165626526]
    dmean2: [0, 0, 0, 0, 0, 0, 0, 0, 0, 0, 0, 0, 0]
    dvar: [0, 0, 0, 0, 0, 0, 0, 0, 0, 0, 0, 0, 0]
    dvar2: [0, 0, 0, 0, 0, 0, 0, 0, 0, 0, 0, 0, 0]
    kurt: [-2, -2, -1.99999988079, -2, -2, -2, -2, -2, -2, -2, -2, -2, -2]
    max: [-635.023071289, 156.574691772, 92.1806030273, 35.2215690613, 14.6462879181, 8.57902526855, -1.39787864685, -4.92281913757, -9.70025444031, -10.4087963104, -11.533823967, -9.47248840332, -5.34252166748]
    mean: [-825.811584473, 152.563842773, 67.6268463135, 34.687713623, 5.39062595367, -6.19511032104, -14.3656682968, -17.3331031799, -19.0286598206, -16.5656242371, -13.479019165, -9.73915672302, -7.10834980011]
    median: [-825.811584473, 152.563842773, 67.6268463135, 34.687713623, 5.39062595367, -6.19511032104, -14.3656682968, -17.3331031799, -19.0286598206, -16.5656242371, -13.479019165, -9.73915672302, -7.10834980011]
    min: [-1016.60009766, 148.553009033, 43.0730934143, 34.1538581848, -3.86503601074, -20.9692459106, -27.3334579468, -29.7433853149, -28.3570632935, -22.7224502563, -15.4242153168, -10.0058250427, -8.87417793274]
    skew: [0, 5.73489296585e-06, 2.3089492629e-07, 0, 0, 0, 0, 2.23528545007e-07, 3.00758500771e-07, 4.57664555142e-07, -7.12644407486e-07, 0, 0]
    var: [36400.2578125, 16.0868492126, 602.88684082, 0.285001635551, 85.6672821045, 218.275085449, 168.163574219, 154.015136719, 87.0191345215, 37.9065170288, 3.78378629684, 0.0711119920015, 3.11814904213]

SpecContrastCoeff:
    dmean: [0.0897752046585, 0.0939480662346, 0.062713265419, 0.0236999988556, 0.0150377750397, 0.0202348828316]
    dmean2: [0, 0, 0, 0, 0, 0]
    dvar: [0, 0, 0, 0, 0, 0]
    dvar2: [0, 0, 0, 0, 0, 0]
    kurt: [-2, -1.99999988079, -2, -2, -2, -2]
    max: [-0.59588342905, -0.650034487247, -0.860905051231, -0.91209590435, -0.935556590557, -0.940113067627]
    mean: [-0.64077103138, -0.697008490562, -0.892261683941, -0.923945903778, -0.943075478077, -0.95023047924]
    median: [-0.64077103138, -0.697008490562, -0.892261683941, -0.923945903778, -0.943075478077, -0.95023047924]
    min: [-0.685658633709, -0.743982553482, -0.92361831665, -0.935795903206, -0.950594365597, -0.960347950459]
    skew: [0, -1.93040887098e-06, 0, 0, 0, -8.83677785168e-06]
    var: [0.00201489683241, 0.00220655975863, 0.000983238453045, 0.000140422489494, 5.65336704312e-05, 0.000102362624602]
