
metadata:
    version:
        essentia: "2.1-beta3"

Flux:
    dmean: 5.12598671776e-06
    dmean2: 7.69734833739e-06
    dvar: 3.19676785043e-10
    dvar2: 6.94891144626e-10
    kurt: 14.3167743683
    max: 9.60644465522e-05
    mean: 5.9896451603e-06
    median: 1.27803355099e-06
    min: 4.30728505307e-07
    skew: 3.89545989037
    var: 3.27567251102e-10

Rms:
    dmean: 1.55801285473e-06
    dmean2: 1.65000199104e-06
    dvar: 2.41350064933e-11
    dvar2: 1.82465553084e-11
    kurt: 19.5586776733
    max: 7.76044253143e-05
    mean: 7.59078466217e-05
    median: 7.72314233473e-05
    min: 4.49480685347e-05
    skew: -4.49252700806
    var: 3.26304851195e-11

RollOff:
    dmean: 1.00154435635
    dmean2: 1.025390625
    dvar: 20.5633563995
    dvar2: 21.0285148621
    kurt: 17.0475826263
    max: 387.59765625
    mean: 367.043243408
    median: 366.064453125
    min: 366.064453125
    skew: 4.36435222626
    var: 20.118303299

SpecCent:
    dmean: 5.33888721466
    dmean2: 7.92320919037
    dvar: 13.5021944046
    dvar2: 27.4244728088
    kurt: 6.8560590744
    max: 712.243225098
    mean: 686.636413574
    median: 685.719238281
    min: 680.682373047
    skew: 2.29388046265
    var: 34.1431732178

Zcr:
    dmean: 0.000669967324939
    dmean2: 0.000930059526581
    dvar: 2.56187172454e-06
    dvar2: 1.97330405172e-06
    kurt: 16.9468097687
    max: 0.0166015625
    mean: 0.0158913359046
    median: 0.01611328125
    min: 0.00732421875
    skew: -4.27942562103
    var: 3.00683109344e-06

HarmonicAmpFreq:
    dmean: [13.7186775208]
    dmean2: [27.9671516418]
    dvar: [766.039245605]
    dvar2: [2148.65551758]
    kurt: [6.09282302856]
    max: [360.467163086]
    mean: [353.667266846]
    median: [360.453887939]
    min: [287.633544922]
    skew: [-2.84326672554]
    var: [422.388549805]

HarmonicAmpMag:
    dmean: [4.69539372716e-05]
    dmean2: [9.32208349695e-05]
    dvar: [2.62702193332e-09]
    dvar2: [5.25110266381e-09]
    kurt: [-0.953497648239]
    max: [0.000105521205114]
    mean: [7.6351883763e-05]
    median: [0.000105483210064]
    min: [0]
    skew: [-0.99490404129]
    var: [2.10987938232e-09]

MfccCoeff:
    dmean: [0.0725211203098, 0.0931382253766, 0.0666078105569, 0.0278405472636, 0.0160458590835, 0.0569805763662, 0.0874488279223, 0.101850822568, 0.0975416302681, 0.0753132998943, 0.039249330759, 0.00402672355995, 0.0465623736382]
    dmean2: [0.0740850567818, 0.0951516255736, 0.068047657609, 0.0284431092441, 0.0163941159844, 0.0582111887634, 0.0893391221762, 0.104051500559, 0.0996478870511, 0.0769411697984, 0.040097553283, 0.00411460502073, 0.0475685484707]
    dvar: [0.121250338852, 0.200012981892, 0.102288268507, 0.0178686808795, 0.00593481166288, 0.0748549476266, 0.17630712688, 0.239165365696, 0.219358682632, 0.1307708323, 0.0355157852173, 0.000373830320314, 0.0499843508005]
    dvar2: [0.122448287904, 0.201990514994, 0.103298038244, 0.0180451478809, 0.00599329872057, 0.0755939483643, 0.178046822548, 0.241527691483, 0.221525967121, 0.132061898708, 0.0358664691448, 0.000377518299501, 0.0504779703915]
    kurt: [26.8043575287, 26.8065757751, 26.8061561584, 26.8068008423, 26.8064022064, 26.8061923981, 26.8062019348, 26.806180954, 26.8061771393, 26.8061962128, 26.8062152863, 26.806432724, 26.8061981201]
    max: [-1136.28088379, 2.74738693237, 1.96469116211, 0.82124710083, -6.103515625e-05, 2.28881835938e-05, -2.67028808594e-05, -5.34057617188e-05, -4.57763671875e-05, -2.28881835938e-05, -2.67028808594e-05, 0.118743896484, 1.37339782715]
    mean: [-1136.35241699, 2.65557098389, 1.89901041985, 0.793810427189, -0.457502186298, -1.62454497814, -2.49326086044, -2.90391540527, -2.78106236458, -2.14727568626, -1.11904525757, 0.114773489535, 1.32748997211]
    median: [-1136.28137207, 2.74673080444, 1.96421813965, 0.821063995361, -0.473205566406, -1.68031311035, -2.57885360718, -3.00360488892, -2.8765335083, -2.22099304199, -1.15745925903, 0.118713378906, 1.37306213379]
    min: [-1138.42004395, 1.14440917969e-05, -6.103515625e-05, 8.01086425781e-05, -0.473327636719, -1.68071746826, -2.57947921753, -3.00433349609, -2.8772277832, -2.22152709961, -1.15774154663, -3.0517578125e-05, -3.81469726562e-05]
    skew: [-5.20902109146, -5.20936870575, -5.20932626724, -5.20938396454, 5.20934724808, 5.20932769775, 5.20933437347, 5.20932579041, 5.20932769775, 5.20932912827, 5.20933437347, -5.20935535431, -5.20932865143]
    var: [0.120106771588, 0.198116645217, 0.101319998503, 0.0176991634071, 0.0058786929585, 0.0741460472345, 0.174637854099, 0.236899629235, 0.217279925942, 0.1295324862, 0.0351792536676, 0.000370274850866, 0.0495107620955]

SpecContrastCoeff:
    dmean: [0.0255044996738, 0.0234426781535, 0.0124930487946, 0.0153029682115, 0.00961928348988, 0.00897291768342]
    dmean2: [0.036190893501, 0.0319313593209, 0.0198835302144, 0.0252138413489, 0.0148913478479, 0.0146715613082]
    dvar: [0.0021756796632, 0.0014133178629, 0.000137868453749, 0.000166233570781, 0.000132100714836, 9.75980365183e-05]
    dvar2: [0.00248871627264, 0.00123380124569, 0.000306322443066, 0.000307566922856, 0.000144520236063, 0.000128231666167]
    kurt: [14.3696250916, 15.7231178284, 2.43921995163, 4.56637763977, 10.0559606552, 10.0859537125]
    max: [-0.664266943932, -0.53227853775, -0.888858735561, -0.863829374313, -0.838343501091, -0.855504572392]
    mean: [-0.71776753664, -0.567499220371, -0.913277804852, -0.899487316608, -0.863738059998, -0.873741090298]
    median: [-0.710729122162, -0.559054493904, -0.912858843803, -0.900460481644, -0.861660003662, -0.874318420887]
    min: [-0.95335662365, -0.801258027554, -0.958809673786, -0.96111536026, -0.922512173653, -0.929404556751]
    skew: [-3.74901914597, -3.93504929543, -0.91866338253, -1.3527739048, -2.90791606903, -2.77721834183]
    var: [0.00235340604559, 0.0021083035972, 0.000178663234692, 0.00026353818248, 0.000206205950235, 0.000151712432853]

SpecPeakAmp:
    dmean: [2.25107513074e-07, 1.49313018483e-06, 8.97184193605e-08, 4.82835894218e-05, 5.88813927607e-05]
    dmean2: [2.99667163972e-07, 1.54638132699e-06, 1.10151880506e-07, 9.45616193349e-05, 0.000120502241771]
    dvar: [2.72305507136e-13, 8.78795439196e-11, 7.01451361731e-14, 2.69623168236e-09, 2.73249267657e-09]
    dvar2: [2.66792555929e-13, 8.99445101732e-11, 7.2824192965e-14, 4.50616521874e-09, 4.52446746735e-09]
    kurt: [16.4554138184, 39.0078201294, 16.8654098511, -1.40136885643, -1.78211176395]
    max: [8.53586607263e-06, 6.26691326033e-05, 1.4540077018e-06, 0.000105521205114, 0.000105513769086]
    mean: [8.26796622277e-06, 1.87695593468e-06, 1.67571997167e-07, 3.42620805895e-05, 4.08637679357e-05]
    median: [8.37794868858e-06, 4.39914032313e-07, 1.11320190399e-07, 1.31441552753e-07, 1.28017333623e-07]
    min: [5.68599671169e-06, 3.68159135178e-07, 5.50029142232e-08, 6.21965554615e-08, 5.16235658665e-08]
    skew: [-4.22768592834, 6.40310335159, 4.31253862381, 0.761831462383, 0.466706037521]
    var: [2.88644569401e-13, 8.59620569171e-11, 7.2424806766e-14, 2.37681918591e-09, 2.62978949728e-09]
