
metadata:
    version:
        essentia: "2.1-beta3"

Flux:
    dmean: 0.000126106562675
    dmean2: 0.000164298224263
    dvar: 1.67216626323e-07
    dvar2: 3.26414919982e-07
    kurt: 9.76589393616
    max: 0.00240271515213
    mean: 0.000164571203641
    median: 8.02083650342e-06
    min: 4.8263386816e-06
    skew: 3.31600451469
    var: 2.71543314057e-07

Rms:
    dmean: 5.52328274352e-05
    dmean2: 4.66269011667e-05
    dvar: 2.96809457012e-08
    dvar2: 1.2989484155e-08
    kurt: 20.9435539246
    max: 0.00172102858778
    mean: 0.00165310455486
    median: 0.00171306345146
    min: 0.000315859535476
    skew: -4.54009199142
    var: 5.62044490948e-08

RollOff:
    dmean: 7.83025550842
    dmean2: 7.51158237457
    dvar: 2025.24182129
    dvar2: 1787.50793457
    kurt: 39.2818069458
    max: 689.0625
    mean: 374.19921875
    median: 366.064453125
    min: 366.064453125
    skew: 6.39817428589
    var: 2272.82763672

SpecCent:
    dmean: 15.949669838
    dmean2: 16.9413909912
    dvar: 5607.89355469
    dvar2: 4460.40429688
    kurt: 39.136882782
    max: 919.095336914
    mean: 373.682342529
    median: 360.168457031
    min: 355.778137207
    skew: 6.3833656311
    var: 6831.63964844

Zcr:
    dmean: 0.00081010296708
    dmean2: 0.000953851733357
    dvar: 3.67319717043e-06
    dvar2: 2.22841981667e-06
    kurt: 17.9196510315
    max: 0.0166015625
    mean: 0.0156141491607
    median: 0.01611328125
    min: 0.0009765625
    skew: -4.22640657425
    var: 7.31668478693e-06

HarmonicAmpFreq:
    dmean: [10.7880363464]
    dmean2: [21.2454833984]
    dvar: [600.809814453]
    dvar2: [1708.1673584]
    kurt: [8.8480052948]
    max: [390.165557861]
    mean: [355.776245117]
    median: [359.370819092]
    min: [287.899902344]
    skew: [-3.03765535355]
    var: [343.641906738]

HarmonicAmpMag:
    dmean: [0.000948874861933]
    dmean2: [0.00182427582331]
    dvar: [1.24531277379e-06]
    dvar2: [2.69324232249e-06]
    kurt: [-1.85252761841]
    max: [0.00235587265342]
    mean: [0.000987167935818]
    median: [1.86626755294e-06]
    min: [0]
    skew: [0.330830335617]
    var: [1.29417639982e-06]

MfccCoeff:
    dmean: [1.70065867901, 2.16160559654, 1.51494204998, 0.679614663124, 0.166273981333, 0.604422152042, 0.850958645344, 0.963976264, 0.89356136322, 0.662958145142, 0.32609474659, 0.0467366315424, 0.377645671368]
    dmean2: [2.22742271423, 2.8272383213, 1.97718667984, 0.900527238846, 0.131694704294, 0.637382686138, 0.841793239117, 0.857780456543, 0.705831348896, 0.463046401739, 0.225031256676, 0.0478441119194, 0.239844918251]
    dvar: [57.455165863, 92.9091262817, 45.7142372131, 9.13378238678, 0.458730190992, 9.60544395447, 18.398973465, 18.7805767059, 13.2982788086, 6.53593015671, 1.54217612743, 0.0535281263292, 2.04795670509]
    dvar2: [112.192596436, 180.810134888, 88.4843215942, 18.323589325, 0.237325042486, 10.5562620163, 17.2487068176, 13.0732221603, 6.80083799362, 3.14916682243, 0.992051839828, 0.0544085651636, 1.2007035017]
    kurt: [18.2124271393, 18.2923126221, 18.4394874573, 17.8941574097, 28.5109825134, 33.635017395, 33.7287216187, 32.0755653381, 28.8260211945, 25.2851829529, 21.9482345581, 29.8419456482, 22.4498348236]
    max: [-1091.89624023, 59.2309341431, 41.6253700256, 18.3730812073, -6.103515625e-05, 2.28881835938e-05, -2.67028808594e-05, -5.34057617188e-05, -4.57763671875e-05, -2.28881835938e-05, -2.67028808594e-05, 1.46356964111, 12.8075408936]
    mean: [-1113.0657959, 32.4817085266, 23.053276062, 9.50219631195, -5.43987941742, -18.8375759125, -28.1741733551, -31.8512477875, -29.4694652557, -21.8428554535, -10.7638559341, 1.41654193401, 12.2970266342]
    median: [-1112.7989502, 32.8320121765, 23.3110961914, 9.57915115356, -5.63909912109, -19.3745498657, -29.0325546265, -32.9150619507, -30.5407962799, -22.6954116821, -11.2118968964, 1.46202087402, 12.8061676025]
    min: [-1138.42004395, 1.14440917969e-05, -6.103515625e-05, 8.01086425781e-05, -5.63967895508, -20.1656417847, -29.0547561646, -32.942527771, -30.5688877106, -22.7203292847, -11.2312679291, -3.0517578125e-05, -3.81469726562e-05]
    skew: [-1.24199080467, -1.32958996296, -1.46785438061, -0.510206639767, 5.28298664093, 5.83004188538, 5.8392624855, 5.65001964569, 5.3144159317, 4.97604370117, 4.67802047729, -5.48237085342, -4.71174621582]
    var: [25.4144630432, 41.2673225403, 20.4397125244, 3.91230130196, 0.789983689785, 8.76259613037, 19.5737133026, 25.6011772156, 23.0602054596, 13.5502061844, 3.57631015778, 0.0526930317283, 4.58868598938]

SpecContrastCoeff:
    dmean: [0.035071849823, 0.0313557684422, 0.0137209985405, 0.0125251598656, 0.00644368864596, 0.0067946924828]
    dmean2: [0.0591506958008, 0.037082079798, 0.0227140039206, 0.0217964258045, 0.010670539923, 0.0114864744246]
    dvar: [0.000548396084923, 0.00331033975817, 0.000100735807791, 6.63283572067e-05, 4.01015495299e-05, 5.55735568923e-05]
    dvar2: [0.00124219013378, 0.00204211939126, 0.00019094889285, 0.000164987621247, 9.61972691584e-05, 0.00016198308731]
    kurt: [2.96265554428, 19.470249176, 3.04311800003, 0.532025814056, 11.520488739, 14.4544849396]
    max: [-0.812587082386, -0.408746600151, -0.897986233234, -0.920190274715, -0.920413732529, -0.918847084045]
    mean: [-0.870272159576, -0.458731800318, -0.950830340385, -0.940343618393, -0.92855989933, -0.928242087364]
    median: [-0.877715051174, -0.439317584038, -0.954747974873, -0.941020429134, -0.927245438099, -0.927291870117]
    min: [-0.983945131302, -0.985835313797, -0.969155430794, -0.968306899071, -0.961313486099, -0.964116632938]
    skew: [-0.747267305851, -4.37705659866, 1.58638083935, -0.380498856306, -2.76732087135, -3.20224308968]
    var: [0.000880317529663, 0.00912320706993, 0.000198593363166, 8.90586015885e-05, 4.26113947469e-05, 4.66587734991e-05]

SpecPeakAmp:
    dmean: [6.57486889395e-05, 1.56569331011e-06, 0.000106015759229, 1.57864305947e-05, 0.000963640224654]
    dmean2: [0.000101472112874, 2.31961894315e-06, 0.000163059768965, 1.67692123796e-05, 0.00197051023133]
    dvar: [8.47917434044e-08, 8.62606687468e-12, 2.3032863794e-07, 9.13592046459e-09, 1.33664298119e-06]
    dvar2: [2.1756585511e-07, 2.12210474887e-11, 5.92485150719e-07, 9.26229493103e-09, 2.55773488789e-06]
    kurt: [40.0176353455, 18.237739563, 40.0117607117, 39.9951171875, -1.74578666687]
    max: [0.0014058907982, 1.52222728502e-05, 0.00231901905499, 0.000646938278805, 0.00235587265342]
    mean: [3.92920555896e-05, 2.10036978388e-06, 5.39321044926e-05, 1.64363318618e-05, 0.000891645438969]
    median: [8.66484151629e-06, 1.66507402355e-06, 1.79993946858e-06, 1.89619549928e-06, 2.18018317355e-06]
    min: [2.84152110908e-06, 7.06161870312e-07, 4.82098243992e-07, 3.5703925505e-07, 2.83648432742e-07]
    skew: [6.48189067841, 4.25229930878, 6.48120260239, 6.47925376892, 0.504152238369]
    var: [4.24477946126e-08, 6.02078456535e-12, 1.16619830237e-07, 9.03773766936e-09, 1.30093235384e-06]
