
metadata:
    version:
        essentia: "2.1-beta3"

Flux:
    dmean: 0.00285093509592
    dmean2: 0.0037318544928
    dvar: 8.37856059661e-05
    dvar2: 0.00016340125876
    kurt: 9.74878978729
    max: 0.05379351601
    mean: 0.00362809700891
    median: 0.000121160861454
    min: 1.26936438392e-05
    skew: 3.31378221512
    var: 0.000136561167892

Rms:
    dmean: 0.00123593350872
    dmean2: 0.00104321725667
    dvar: 1.47825185195e-05
    dvar2: 6.41939050183e-06
    kurt: 20.858253479
    max: 0.0385297387838
    mean: 0.0370124466717
    median: 0.0383508615196
    min: 0.00715371919796
    skew: -4.5313835144
    var: 2.80840522464e-05

RollOff:
    dmean: 8.31964683533
    dmean2: 8.01235485077
    dvar: 2322.94506836
    dvar2: 2070.88134766
    kurt: 39.3706932068
    max: 710.595703125
    mean: 374.677734375
    median: 366.064453125
    min: 366.064453125
    skew: 6.40811920166
    var: 2584.23681641

SpecCent:
    dmean: 17.6505069733
    dmean2: 18.3905200958
    dvar: 7122.2734375
    dvar2: 5541.08740234
    kurt: 38.9939804077
    max: 994.608581543
    mean: 374.870574951
    median: 359.267120361
    min: 354.825653076
    skew: 6.36813735962
    var: 8835.52246094

Zcr:
    dmean: 0.00081010296708
    dmean2: 0.000942496350035
    dvar: 3.49980246028e-06
    dvar2: 1.90064224626e-06
    kurt: 17.9196510315
    max: 0.0166015625
    mean: 0.0156141491607
    median: 0.01611328125
    min: 0.0009765625
    skew: -4.22640657425
    var: 7.31668478693e-06

HarmonicAmpFreq:
    dmean: [1.12863361835]
    dmean2: [1.16742515564]
    dvar: [51.2481803894]
    dvar2: [53.480758667]
    kurt: [39.9876403809]
    max: [408.036499023]
    mean: [361.483428955]
    median: [360.45803833]
    min: [359.619415283]
    skew: [6.47829437256]
    var: [49.2744255066]

HarmonicAmpMag:
    dmean: [0.00207619019784]
    dmean2: [0.00161673349794]
    dvar: [6.02537875238e-05]
    dvar2: [4.15037247876e-05]
    kurt: [15.745256424]
    max: [0.0527475811541]
    mean: [0.0502256304026]
    median: [0.0527357496321]
    min: [6.52673988952e-05]
    skew: [-4.07778310776]
    var: [9.79148899205e-05]

MfccCoeff:
    dmean: [13.6863489151, 7.91993570328, 3.84324431419, 3.4461710453, 3.52426600456, 3.93639230728, 3.87590789795, 3.28248381615, 2.36370301247, 1.89705038071, 1.66303443909, 1.11935126781, 1.60033655167]
    dmean2: [20.6322994232, 11.7872028351, 5.63226699829, 5.49904537201, 5.96669244766, 6.11700630188, 5.65227842331, 4.68490934372, 3.01589465141, 2.35494446754, 2.27922201157, 1.94707500935, 2.28205275536]
    dvar: [2756.46972656, 503.026641846, 14.3267822266, 4.27731084824, 4.94859600067, 11.5109004974, 27.6544723511, 44.5015602112, 44.1903076172, 28.1243057251, 7.26028633118, 0.422935128212, 8.56590366364]
    dvar2: [6832.23681641, 1114.12988281, 10.2135181427, 7.57234954834, 8.35821914673, 13.1699390411, 27.3105106354, 50.1722831726, 46.5848007202, 28.9357967377, 5.29618597031, 0.836411952972, 10.8702459335]
    kurt: [36.7246856689, 17.8748912811, 12.0122928619, 4.88471651077, -0.12478518486, 16.5290699005, 19.7970066071, 18.6164302826, 17.906627655, 16.1739177704, 14.5287132263, -1.48405218124, 13.2782802582]
    max: [-851.598327637, 149.733901978, 69.9708557129, 32.1847419739, -1.50659179688, -6.20624542236, -7.79455566406, -6.56806182861, -3.70538330078, -0.690864562988, 1.29918289185, 3.90801239014, 25.2503585815]
    mean: [-1080.08630371, 70.0099258423, 48.315071106, 20.737701416, -9.76561927795, -36.6456947327, -55.2898635864, -62.3776245117, -57.4724998474, -42.2926673889, -20.6709384918, 2.7536907196, 23.2752799988]
    median: [-1085.83605957, 67.226020813, 47.4174537659, 19.7441749573, -10.1800689697, -37.7365684509, -57.1031570435, -64.9197845459, -60.0670547485, -44.3725509644, -21.8884792328, 2.49169921875, 24.4320526123]
    min: [-1123.88769531, 18.4534416199, 12.8309326172, 5.447681427, -12.9842414856, -41.0745658875, -61.618522644, -68.5691375732, -61.9595870972, -44.9779586792, -22.5903530121, 1.19535827637, 1.05599975586]
    skew: [6.05971670151, 2.55919623375, -2.3158659935, -0.87354105711, 0.688680708408, 3.82469844818, 4.41721153259, 4.38056230545, 4.30416917801, 4.11038303375, 3.85363864899, 0.148229882121, -3.73612689972]
    var: [1235.64794922, 226.236587524, 54.405708313, 14.9461183548, 7.17932605743, 32.6746025085, 74.605178833, 109.552528381, 103.147155762, 65.4792175293, 18.8597927094, 0.644141376019, 21.3478507996]

SpecContrastCoeff:
    dmean: [0.0294327139854, 0.0354204922915, 0.0127567853779, 0.00914824102074, 0.00752131501213, 0.0165353640914]
    dmean2: [0.0536623001099, 0.0378202460706, 0.0206299368292, 0.0154175730422, 0.013339846395, 0.0311276353896]
    dvar: [0.000868370581884, 0.00557689275593, 0.000123927573441, 8.76564809005e-05, 9.8186545074e-05, 0.000307890528347]
    dvar2: [0.00193075765856, 0.00260465499014, 0.000117713047075, 0.000133599940455, 0.000189643586054, 0.000706922204699]
    kurt: [4.16885375977, 22.1760444641, 6.36136436462, 6.2186832428, 9.23881816864, 2.03097581863]
    max: [-0.820876777172, -0.239668309689, -0.874615550041, -0.910808980465, -0.910858273506, -0.904424369335]
    mean: [-0.939604461193, -0.287981778383, -0.946540236473, -0.95836263895, -0.959093332291, -0.951936662197]
    median: [-0.955121636391, -0.264821201563, -0.954598724842, -0.964155137539, -0.963733673096, -0.959882795811]
    min: [-0.969976902008, -0.983190834522, -0.957756459713, -0.964957296848, -0.964174628258, -0.962211370468]
    skew: [2.11795544624, -4.66126585007, 2.51092386246, 2.432254076, 2.88089108467, 1.81576228142]
    var: [0.00113986362703, 0.014741640538, 0.000310414499836, 0.000128701911308, 0.00010425124492, 0.000243539514486]

SpecPeakAmp:
    dmean: [8.40801803861e-05, 0.003840966383, 0.0143984770402, 0.0164139959961, 3.26566660078e-05]
    dmean2: [0.00013148545986, 0.00711986096576, 0.0294476635754, 0.0327013880014, 4.27011291322e-05]
    dvar: [8.65888978296e-08, 0.000156456211698, 0.000549878634047, 0.000581004307605, 5.79455416982e-09]
    dvar2: [2.24752938038e-07, 0.000451855361462, 0.00145902624354, 0.00163035595324, 6.26755003452e-09]
    kurt: [39.0946006775, 22.7105712891, -0.5853972435, 1.50432491302, 27.9812450409]
    max: [0.00147177535109, 0.0527277551591, 0.0527475811541, 0.0527464337647, 0.000558717350941]
    mean: [7.05156198819e-05, 0.00191089359578, 0.0398707911372, 0.00853983592242, 3.65793603123e-05]
    median: [3.8356436562e-05, 3.97716794396e-05, 0.0527312792838, 3.74252740585e-05, 1.46811398736e-05]
    min: [6.77245679981e-06, 1.85882145161e-05, 1.16665050882e-05, 8.58999283082e-06, 6.83043299432e-06]
    skew: [6.37620639801, 4.8554444313, -1.18934392929, 1.85848200321, 5.22461414337]
    var: [4.51157333714e-08, 8.01560963737e-05, 0.000511543941684, 0.000362582184607, 7.35917682348e-09]
