
metadata:
    version:
        essentia: "2.1-beta3"

Flux:
    dmean: 0.0255898833275
    dmean2: 0.0336036719382
    dvar: 0.00679703662172
    dvar2: 0.0129584306851
    kurt: 9.55973529816
    max: 0.495188951492
    mean: 0.0333865657449
    median: 0.00114483060315
    min: 4.53322754765e-05
    skew: 3.28590011597
    var: 0.0115105230361

Rms:
    dmean: 0.0113356867805
    dmean2: 0.00959393754601
    dvar: 0.00124472449534
    dvar2: 0.000538981053978
    kurt: 20.9721107483
    max: 0.354996532202
    mean: 0.34108120203
    median: 0.353281021118
    min: 0.0664646327496
    skew: -4.5422205925
    var: 0.00236761313863

RollOff:
    dmean: 9.29842853546
    dmean2: 9.01389884949
    dvar: 2980.14233398
    dvar2: 2700.82275391
    kurt: 39.5065956116
    max: 753.662109375
    mean: 375.634765625
    median: 366.064453125
    min: 366.064453125
    skew: 6.42339038849
    var: 3267.50439453

SpecCent:
    dmean: 19.091802597
    dmean2: 19.6132946014
    dvar: 8533.23535156
    dvar2: 6521.91064453
    kurt: 38.8712692261
    max: 1059.3885498
    mean: 376.586364746
    median: 359.303588867
    min: 355.510467529
    skew: 6.35512924194
    var: 10741.0205078

Zcr:
    dmean: 0.00081010296708
    dmean2: 0.000953851733357
    dvar: 3.67319717043e-06
    dvar2: 2.22841981667e-06
    kurt: 17.9196510315
    max: 0.0166015625
    mean: 0.0156141491607
    median: 0.01611328125
    min: 0.0009765625
    skew: -4.22640657425
    var: 7.31668478693e-06

HarmonicAmpFreq:
    dmean: [1.42486429214]
    dmean2: [1.46692740917]
    dvar: [83.0051193237]
    dvar2: [85.7464981079]
    kurt: [39.9993896484]
    max: [421.313201904]
    mean: [361.779968262]
    median: [360.457733154]
    min: [359.497955322]
    skew: [6.47970247269]
    var: [80.5720367432]

HarmonicAmpMag:
    dmean: [0.0189573690295]
    dmean2: [0.0147268967703]
    dvar: [0.00501059135422]
    dvar2: [0.00342557975091]
    kurt: [15.9246559143]
    max: [0.485975533724]
    mean: [0.462921321392]
    median: [0.485872983932]
    min: [0.000613843847532]
    skew: [-4.0922665596]
    var: [0.00820503383875]

MfccCoeff:
    dmean: [36.4475212097, 8.43748569489, 29.1990127563, 18.6016254425, 6.03635978699, 7.58750724792, 6.00874376297, 5.11529827118, 4.64311552048, 2.56251692772, 2.35267663002, 0.94496691227, 1.34181320667]
    dmean2: [58.391544342, 12.7553224564, 48.6401138306, 31.7364425659, 10.4572868347, 13.5321655273, 9.533162117, 7.60846567154, 6.80754566193, 3.38151097298, 3.3452796936, 1.80857098103, 1.87972295284]
    dvar: [6432.14892578, 58.7786483765, 222.954925537, 105.159423828, 16.8196163177, 43.6059417725, 45.3838691711, 56.0364532471, 48.0216636658, 30.9390087128, 8.22220993042, 0.661830544472, 9.19847679138]
    dvar2: [15933.4638672, 54.4523925781, 603.219787598, 263.7003479, 39.7671279907, 107.150688171, 69.3771286011, 72.5376815796, 57.1835670471, 29.2891426086, 5.78538179398, 1.27393853664, 10.7690353394]
    kurt: [33.7452812195, 14.0611381531, -1.07941687107, -0.949054718018, 0.478257894516, 4.64243125916, 11.6720647812, 13.0689468384, 14.1185379028, 15.5930309296, 16.7790260315, 0.59987449646, 13.7817134857]
    max: [-601.763671875, 217.997619629, 102.393615723, 40.5410041809, -5.66687011719, -13.5253295898, -12.9740219116, -9.52229309082, -4.36550140381, 2.79232025146, 5.75741195679, 4.47103118896, 24.852432251]
    mean: [-984.355529785, 157.925704956, 71.5055084229, 16.3795661926, -17.4478855133, -44.8954429626, -60.3254127502, -63.9146652222, -57.805809021, -41.8397903442, -20.4044265747, 2.54669570923, 22.935251236]
    median: [-989.336303711, 158.185699463, 72.0312194824, 13.8080482483, -15.9938163757, -45.6851005554, -62.0683364868, -65.8121490479, -59.8239059448, -43.7203903198, -21.2570095062, 2.67220306396, 24.324180603]
    min: [-1019.45953369, 112.263771057, 24.3840389252, -2.78071212769, -28.8832969666, -57.814540863, -70.3415756226, -73.2126617432, -66.0810165405, -47.1884460449, -24.4956874847, 0.437149047852, -0.317115783691]
    skew: [5.7491850853, 1.44869458675, -0.165847197175, 0.456370413303, -0.542051494122, 1.60569083691, 3.28744077682, 3.62189936638, 3.76228952408, 3.98812794685, 3.98643541336, -0.626613557339, -3.80317497253]
    var: [3601.75170898, 150.880523682, 485.435882568, 171.5677948, 23.5427761078, 64.3864593506, 97.7994995117, 125.009094238, 114.130493164, 74.8424682617, 23.987701416, 0.623812198639, 22.4955654144]

SpecContrastCoeff:
    dmean: [0.0518568642437, 0.0337683595717, 0.0144793922082, 0.010008555837, 0.00770390033722, 0.0152906896546]
    dmean2: [0.0963131114841, 0.0328663028777, 0.0239972453564, 0.0165018886328, 0.0119152385741, 0.026727847755]
    dvar: [0.00295751751401, 0.009681282565, 0.000175694483914, 0.000118437448691, 0.000183903059224, 0.000534771708772]
    dvar2: [0.00806853175163, 0.00387028628029, 0.000227620475926, 0.000184358010301, 0.000252636236837, 0.00104173633736]
    kurt: [2.32657432556, 27.3737869263, 6.29660129547, 6.50187301636, 10.0225553513, 8.07764720917]
    max: [-0.772297441959, -0.0750009417534, -0.848336100578, -0.891795158386, -0.885810375214, -0.848651111126]
    mean: [-0.93219101429, -0.118579216301, -0.934110283852, -0.949292421341, -0.950991928577, -0.944982588291]
    median: [-0.954081356525, -0.0893531963229, -0.943208158016, -0.955999076366, -0.956376373768, -0.954207241535]
    min: [-0.969036698341, -0.979969441891, -0.946967959404, -0.956655621529, -0.957386672497, -0.955624341965]
    skew: [1.85367059708, -5.17247629166, 2.45454859734, 2.52230978012, 3.22147274017, 2.86316680908]
    var: [0.00264730677009, 0.0202260948718, 0.000405892234994, 0.000186823832337, 0.000221805268666, 0.000465933262603]

SpecPeakAmp:
    dmean: [0.000718226423487, 0.27806687355, 0.290167033672, 0.0881325080991, 0.000251559657045]
    dmean2: [0.00110010721255, 0.562219202518, 0.590293467045, 0.1692250669, 0.000353907438694]
    dvar: [5.45780676475e-06, 0.0550477951765, 0.0555247627199, 0.0346861407161, 3.26941432149e-07]
    dvar2: [1.40277797982e-05, 0.0883654728532, 0.0685872808099, 0.0855263471603, 6.84311032728e-07]
    kurt: [35.6032562256, -1.41759991646, -1.98088407516, 4.12574529648, 14.3207187653]
    max: [0.0116680124775, 0.485953629017, 0.485975533724, 0.485967367887, 0.00266960915178]
    mean: [0.000620271719526, 0.157895326614, 0.251691132784, 0.0542260706425, 0.000217573862756]
    median: [0.000333883217536, 0.00042091627256, 0.485789328814, 0.000312685995596, 5.46732917428e-05]
    min: [9.59763565334e-05, 0.000181084367796, 0.000114059264888, 1.73446933331e-05, 1.68274891621e-05]
    skew: [6.01495218277, 0.745007991791, -0.06228999421, 2.47486305237, 3.90873980522]
    var: [2.93105767923e-06, 0.0503735803068, 0.0577652305365, 0.0231442786753, 2.94811144386e-07]
