
metadata:
    version:
        essentia: "2.1-beta3"

Flux:
    dmean: 0.014856249094
    dmean2: 0
    dvar: 0
    dvar2: 0
    kurt: -2
    max: 0.292737156153
    mean: 0.285309016705
    median: 0.285309016705
    min: 0.277880907059
    skew: 6.0329803091e-06
    var: 5.51770353923e-05

Rms:
    dmean: 0
    dmean2: 0
    dvar: 0
    dvar2: 0
    kurt: 0
    max: 0.10064008832
    mean: 0.10064008832
    median: 0.10064008832
    min: 0.10064008832
    skew: 0
    var: 0

RollOff:
    dmean: 129.19921875
    dmean2: 0
    dvar: 0
    dvar2: 0
    kurt: -1.99999988079
    max: 645.99609375
    mean: 581.396484375
    median: 581.396484375
    min: 516.796875
    skew: 0
    var: 4173.109375

SpecCent:
    dmean: 29.6221313477
    dmean2: 0
    dvar: 0
    dvar2: 0
    kurt: -2
    max: 493.864776611
    mean: 479.053710938
    median: 479.053710938
    min: 464.242645264
    skew: 0
    var: 219.367660522

Zcr:
    dmean: 0
    dmean2: 0
    dvar: 0
    dvar2: 0
    kurt: 0
    max: 0.0068359375
    mean: 0.0068359375
    median: 0.0068359375
    min: 0.0068359375
    skew: 0
    var: 0

HarmonicAmpFreq:
    dmean: [84.6002502441]
    dmean2: [0]
    dvar: [0]
    dvar2: [0]
    kurt: [-2]
    max: [558.507873535]
    mean: [516.207763672]
    median: [516.207763672]
    min: [473.907623291]
    skew: [-1.08381311748e-06]
    var: [1789.30053711]

HarmonicAmpMag:
    dmean: [0.0880807042122]
    dmean2: [0]
    dvar: [0]
    dvar2: [0]
    kurt: [-1.99999988079]
    max: [0.0958103239536]
    mean: [0.0517699718475]
    median: [0.0517699718475]
    min: [0.00772962253541]
    skew: [1.27770078961e-07]
    var: [0.00193955237046]

MfccCoeff:
    dmean: [321.475646973, 48.3323669434, 13.1882019043, 40.9426574707, 49.7973861694, 34.7613868713, 0.364295959473, 18.4064922333, 22.4011878967, 13.670009613, 5.72605133057, 1.20606994629, 4.11844444275]
    dmean2: [0, 0, 0, 0, 0, 0, 0, 0, 0, 0, 0, 0, 0]
    dvar: [0, 0, 0, 0, 0, 0, 0, 0, 0, 0, 0, 0, 0]
    dvar2: [0, 0, 0, 0, 0, 0, 0, 0, 0, 0, 0, 0, 0]
    kurt: [-2, -1.99999988079, -1.99999988079, -1.99999988079, -2, -2, -2, -2, -2, -2, -1.99999988079, -2, -2]
    max: [-684.969970703, 196.831756592, 59.0054664612, 13.5886459351, -18.5500259399, -25.1324996948, -27.2579650879, 0.751754760742, 14.1506309509, 16.2049350739, 13.3945426941, 9.77383422852, 6.93343162537]
    mean: [-845.707763672, 172.66557312, 52.411365509, -6.88268280029, -43.4487190247, -42.5131912231, -27.4401130676, -8.4514913559, 2.95003700256, 9.36993026733, 10.5315170288, 9.17079925537, 4.87420940399]
    median: [-845.707763672, 172.66557312, 52.411365509, -6.88268280029, -43.4487190247, -42.5131912231, -27.4401130676, -8.4514913559, 2.95003700256, 9.36993026733, 10.5315170288, 9.17079925537, 4.87420940399]
    min: [-1006.44561768, 148.499389648, 45.8172645569, -27.3540115356, -68.3474121094, -59.8938865662, -27.6222610474, -17.6547374725, -8.2505569458, 2.53492546082, 7.66849136353, 8.56776428223, 2.81498718262]
    skew: [-5.71885834688e-07, 0, 0, 0, 0, -3.25489338593e-07, 0, 0, 0, 0, 0, 0, 0]
    var: [25836.6484375, 584.004394531, 43.4821662903, 419.075286865, 619.944946289, 302.088500977, 0.0331778861582, 84.6997375488, 125.453308105, 46.7172889709, 8.19691562653, 0.363651186228, 4.2403960228]

SpecContrastCoeff:
    dmean: [0.0428450107574, 0.0487502217293, 0.140732169151, 0.042266368866, 0.00740957260132, 0.0114901065826]
    dmean2: [0, 0, 0, 0, 0, 0]
    dvar: [0, 0, 0, 0, 0, 0]
    dvar2: [0, 0, 0, 0, 0, 0]
    kurt: [-2, -2, -1.99999988079, -2, -1.99999988079, -2]
    max: [-0.88039535284, -0.681694209576, -0.684606492519, -0.871784985065, -0.924388408661, -0.943641483784]
    mean: [-0.901817858219, -0.706069350243, -0.754972577095, -0.892918169498, -0.928093194962, -0.949386537075]
    median: [-0.901817858219, -0.706069350243, -0.754972577095, -0.892918169498, -0.928093194962, -0.949386537075]
    min: [-0.923240363598, -0.730444431305, -0.825338661671, -0.914051353931, -0.931797981262, -0.955131590366]
    skew: [0, 3.6424062273e-06, 0, 0, 0, 0]
    var: [0.000458923750557, 0.000594146025833, 0.00495138578117, 0.000446611491498, 1.37254419315e-05, 3.30056391249e-05]

SpecPeakAmp:
    dmean: [0.0954885482788, 0.0242112316191, 0.00931636802852, 0.00172406760976, 0.00429482385516]
    dmean2: [0, 0, 0, 0, 0]
    dvar: [0, 0, 0, 0, 0]
    dvar2: [0, 0, 0, 0, 0]
    kurt: [-2, -2, -2, -2, -1.99999988079]
    max: [0.0958103239536, 0.0245614144951, 0.00974770542234, 0.00772962253541, 0.00454555032775]
    mean: [0.0480660498142, 0.0124557986856, 0.00508952140808, 0.0068675884977, 0.00239813840017]
    median: [0.0480660498142, 0.0124557986856, 0.00508952140808, 0.0068675884977, 0.00239813840017]
    min: [0.000321774947224, 0.000350182875991, 0.000431337364716, 0.00600555492565, 0.000250726705417]
    skew: [0, 0, 0, 7.79919616889e-07, 1.34538154839e-07]
    var: [0.00227951561101, 0.000146545935422, 2.16986791202e-05, 7.43102305023e-07, 4.6113773351e-06]
