
metadata:
    version:
        essentia: "2.1-beta3"

Flux:
    dmean: 5.15513465871e-06
    dmean2: 7.74926411395e-06
    dvar: 3.20184739833e-10
    dvar2: 6.91609991499e-10
    kurt: 14.1312541962
    max: 9.58882883424e-05
    mean: 6.12366420683e-06
    median: 1.49269931171e-06
    min: 2.76108977459e-07
    skew: 3.87844777107
    var: 3.29399063581e-10

Rms:
    dmean: 1.41013902066e-06
    dmean2: 1.41301688927e-06
    dvar: 2.51548573638e-11
    dvar2: 1.86560038251e-11
    kurt: 19.5478572845
    max: 7.74922737037e-05
    mean: 7.58929600124e-05
    median: 7.72303246777e-05
    min: 4.45951118309e-05
    skew: -4.49878406525
    var: 3.34353621179e-11

RollOff:
    dmean: 1.00154435635
    dmean2: 1.025390625
    dvar: 20.5633563995
    dvar2: 21.0285148621
    kurt: 17.0477027893
    max: 753.662109375
    mean: 733.107666016
    median: 732.12890625
    min: 732.12890625
    skew: 4.36437177658
    var: 20.118303299

SpecCent:
    dmean: 4.70689487457
    dmean2: 6.8523979187
    dvar: 34.0203552246
    dvar2: 26.6323738098
    kurt: 22.8377876282
    max: 1022.1473999
    mean: 971.13885498
    median: 969.583618164
    min: 965.39251709
    skew: 4.60067605972
    var: 78.0582580566

Zcr:
    dmean: 0.000999273266643
    dmean2: 0.00124395464081
    dvar: 1.01683190223e-05
    dvar2: 9.44821476878e-06
    kurt: 17.1537246704
    max: 0.03271484375
    mean: 0.0318159610033
    median: 0.03271484375
    min: 0.015625
    skew: -4.35197114944
    var: 1.11291919893e-05

HarmonicAmpFreq:
    dmean: [0.0402817837894]
    dmean2: [0.0412408746779]
    dvar: [0.0681501254439]
    dvar2: [0.0697331875563]
    kurt: [39.0109863281]
    max: [719.742370605]
    mean: [719.702880859]
    median: [719.742370605]
    min: [718.010253906]
    skew: [-6.40350294113]
    var: [0.0666373148561]

HarmonicAmpMag:
    dmean: [1.42459794006e-06]
    dmean2: [1.45851697653e-06]
    dvar: [8.52381429328e-11]
    dvar2: [8.72181424305e-11]
    kurt: [39.0232582092]
    max: [6.12577132415e-05]
    mean: [1.39222072448e-06]
    median: [0]
    min: [0]
    skew: [6.40494012833]
    var: [8.33459759542e-11]

MfccCoeff:
    dmean: [0.0646632015705, 0.0664715468884, 0.00526463706046, 0.058695949614, 0.0903291925788, 0.0726002529263, 0.0156633239239, 0.0494799949229, 0.0869805961847, 0.0769555717707, 0.025677703321, 0.03904812783, 0.0814877897501]
    dmean2: [0.0662289559841, 0.0680723637342, 0.00541396345943, 0.0601327084005, 0.0925089493394, 0.0743157491088, 0.0160958431661, 0.0507263913751, 0.0890797227621, 0.0787449777126, 0.0263873506337, 0.0400695800781, 0.0834541320801]
    dvar: [0.0874833837152, 0.0926269963384, 0.000622037041467, 0.0715045034885, 0.170683220029, 0.111433193088, 0.00550591666251, 0.0501416400075, 0.158257439733, 0.12608872354, 0.0147948255762, 0.0306263212115, 0.138903617859]
    dvar2: [0.0879215598106, 0.0931314378977, 0.0006342974375, 0.0717604085803, 0.171537458897, 0.112202748656, 0.00561340525746, 0.0502000302076, 0.159048959613, 0.127121239901, 0.0150829982013, 0.0305516999215, 0.139598250389]
    kurt: [21.6384315491, 21.7406520844, 24.7902088165, 21.380241394, 21.657913208, 22.0368213654, 24.7923316956, 20.909324646, 21.6578178406, 22.2960948944, 24.792224884, 20.232831955, 21.6577835083]
    max: [-1136.71264648, 1.75895309448, 0.149139404297, 8.01086425781e-05, -6.103515625e-05, 2.28881835938e-05, -2.67028808594e-05, 1.27843475342, 2.29646682739, 2.0671081543, 0.727710723877, -3.0517578125e-05, -3.81469726562e-05]
    mean: [-1136.77709961, 1.69296467304, 0.143968060613, -1.47920608521, -2.29533791542, -1.86487960815, -0.428578823805, 1.22913432121, 2.21010279655, 1.9909350872, 0.702479422092, -0.948868691921, -2.07063388824]
    median: [-1136.71398926, 1.75757980347, 0.149078369141, -1.53622055054, -2.38314819336, -1.935546875, -0.443813323975, 1.27712249756, 2.29465866089, 2.06590270996, 0.72745513916, -0.986656188965, -2.14985275269]
    min: [-1138.42004395, 1.14440917969e-05, -6.103515625e-05, -1.53754806519, -2.38502502441, -1.93683624268, -0.443965911865, -5.34057617188e-05, -4.57763671875e-05, -2.28881835938e-05, -2.67028808594e-05, -0.987907409668, -2.15154266357]
    skew: [-4.75298690796, -4.76318502426, -5.02982950211, 4.73201656342, 4.75602245331, 4.78884935379, 5.03001594543, -4.69139194489, -4.75601673126, -4.81135225296, -5.03000545502, 4.63321113586, 4.7560133934]
    var: [0.0870748460293, 0.0921550989151, 0.000610317278188, 0.071270339191, 0.169884592295, 0.110704787076, 0.00540305813774, 0.0500954762101, 0.157517313957, 0.12510830164, 0.0145189007744, 0.0307067912072, 0.138253584504]

SpecContrastCoeff:
    dmean: [0.0198462512344, 0.0208876207471, 0.0180225949734, 0.0103663830087, 0.00743697676808, 0.00652568414807]
    dmean2: [0.0301419273019, 0.0384317338467, 0.0262846630067, 0.0168145336211, 0.00993259996176, 0.00892619602382]
    dvar: [0.00117595889606, 0.000298330385704, 0.00117963855155, 0.000110507367935, 0.000111650238978, 0.000125305436086]
    dvar2: [0.00142526230775, 0.000852373836096, 0.00128052313812, 0.000172841697349, 0.000172431799001, 0.000125557198771]
    kurt: [22.90508461, 5.94744491577, 19.7464008331, 7.33139038086, 8.84524059296, 16.962556839]
    max: [-0.702914535999, -0.856454849243, -0.57258027792, -0.876360118389, -0.882257163525, -0.861166357994]
    mean: [-0.743059158325, -0.938339829445, -0.597580850124, -0.89766728878, -0.898524820805, -0.874077439308]
    median: [-0.738003969193, -0.940673947334, -0.591240942478, -0.89660680294, -0.897629499435, -0.872797966003]
    min: [-0.951098442078, -0.961142599583, -0.796220242977, -0.949516952038, -0.948334157467, -0.940748333931]
    skew: [-4.57776737213, 1.90681231022, -4.43089294434, -2.24730992317, -2.55308651924, -4.05806684494]
    var: [0.00130125938449, 0.000353574607288, 0.00131914857775, 0.000175624110852, 0.00012172354036, 0.000163342338055]

SpecPeakAmp:
    dmean: [1.55708733018e-07, 1.15493179464e-07, 1.5502688484e-06, 1.87312522826e-07, 1.17743873318e-07]
    dmean2: [1.90671499922e-07, 1.5914577034e-07, 1.69957570506e-06, 2.92088316201e-07, 1.77722057515e-07]
    dvar: [2.49406588047e-13, 1.10610739318e-13, 8.41941794061e-11, 7.08611297352e-14, 4.3573282325e-14]
    dvar2: [2.61374716358e-13, 9.32868420098e-14, 8.63554019959e-11, 7.84254253336e-14, 4.70140589057e-14]
    kurt: [17.0519714355, 35.2187995911, 39.0097389221, 16.9514751434, 28.8009853363]
    max: [8.49005755299e-06, 2.6325417366e-06, 6.12577132415e-05, 1.78139180207e-06, 1.48385754528e-06]
    mean: [8.27590611152e-06, 2.40474719249e-07, 1.66795973655e-06, 3.21707915418e-07, 1.78287294261e-07]
    median: [8.38362484501e-06, 1.6806086478e-07, 2.2248845255e-07, 3.60768808605e-07, 1.57914485044e-07]
    min: [5.89520459471e-06, 8.59307363044e-08, 1.47940667716e-07, 3.6264069081e-08, 4.71282923797e-08]
    skew: [-4.33969259262, 5.96645450592, 6.40331935883, 3.42852544785, 5.16278839111]
    var: [2.43874039886e-13, 1.39552201717e-13, 8.25932794379e-11, 7.23570305777e-14, 4.5601729722e-14]
