
metadata:
    version:
        essentia: "2.1-beta3"

Flux:
    dmean: 0.000124748519738
    dmean2: 0.00016513816081
    dvar: 1.6705794792e-07
    dvar2: 3.30320574449e-07
    kurt: 9.56656360626
    max: 0.0023723852355
    mean: 0.000163733187946
    median: 6.85524400978e-06
    min: 5.01824570165e-06
    skew: 3.29296708107
    var: 2.70425630333e-07

Rms:
    dmean: 5.16018917551e-05
    dmean2: 4.11491164414e-05
    dvar: 3.07703125202e-08
    dvar2: 1.36630378123e-08
    kurt: 21.0386486053
    max: 0.00171634356957
    mean: 0.00165251258295
    median: 0.00171310233418
    min: 0.000299034116324
    skew: -4.55097007751
    var: 5.74394505293e-08

RollOff:
    dmean: 4.89390993118
    dmean2: 4.50694942474
    dvar: 671.567932129
    dvar2: 529.632141113
    kurt: 38.0068016052
    max: 925.927734375
    mean: 737.39251709
    median: 732.12890625
    min: 732.12890625
    skew: 6.25828742981
    var: 827.523620605

SpecCent:
    dmean: 4.46468687057
    dmean2: 7.0082526207
    dvar: 83.4636764526
    dvar2: 75.3469696045
    kurt: 37.0643386841
    max: 783.16217041
    mean: 720.245544434
    median: 718.811157227
    min: 716.173828125
    skew: 6.12899017334
    var: 93.2359161377

Zcr:
    dmean: 0.00133167614695
    dmean2: 0.00126044696663
    dvar: 1.5392777641e-05
    dvar2: 9.92744480754e-06
    kurt: 17.5038318634
    max: 0.03271484375
    mean: 0.0311848949641
    median: 0.03271484375
    min: 0.00146484375
    skew: -4.20225954056
    var: 3.0640494515e-05

HarmonicAmpFreq:
    dmean: [1.96347045898]
    dmean2: [1.98858499527]
    dvar: [162.340148926]
    dvar2: [162.610061646]
    kurt: [40.0134048462]
    max: [718.763916016]
    mean: [716.824279785]
    median: [718.763916016]
    min: [632.37121582]
    skew: [-6.48139762878]
    var: [162.115768433]

HarmonicAmpMag:
    dmean: [6.24828317086e-05]
    dmean2: [9.59324388532e-05]
    dvar: [8.19862577828e-08]
    dvar2: [2.10594848227e-07]
    kurt: [40.0224571228]
    max: [0.00137585052289]
    mean: [3.06290457956e-05]
    median: [0]
    min: [0]
    skew: [6.48246097565]
    var: [4.11278726631e-08]

MfccCoeff:
    dmean: [1.61514008045, 1.80484771729, 0.669520974159, 0.548249661922, 1.1624314785, 0.99230837822, 0.379339903593, 0.527929544449, 0.714351415634, 0.481124907732, 0.163649648428, 0.518032252789, 0.691312551498]
    dmean2: [2.21487498283, 2.50784659386, 1.01937294006, 0.573042750359, 1.41243469715, 1.26888954639, 0.558932542801, 0.463096827269, 0.704714655876, 0.493298947811, 0.217001974583, 0.405199795961, 0.532403707504]
    dvar: [52.9496421814, 66.1422653198, 9.04725551605, 8.38725662231, 30.6284294128, 21.8277568817, 2.51391625404, 5.36334514618, 13.6037912369, 7.43349456787, 0.372757315636, 4.09172487259, 7.750893116]
    dvar2: [113.843635559, 145.988952637, 23.1901035309, 9.02781486511, 48.8519248962, 39.5048866272, 6.31898880005, 3.59424209595, 12.712890625, 7.63997650146, 0.749613404274, 2.18804693222, 3.80337166786]
    kurt: [20.0860691071, 22.1009540558, 39.8804855347, 35.1656074524, 28.4702110291, 23.1042137146, 36.091255188, 30.809677124, 35.2416610718, 37.771987915, 15.6436386108, 25.0203933716, 28.1011295319]
    max: [-1095.47106934, 47.2382316589, 14.5222473145, 8.01086425781e-05, -6.103515625e-05, 2.28881835938e-05, -2.67028808594e-05, 17.6988315582, 25.2433662415, 18.1235599518, 2.94102096558, -3.0517578125e-05, -3.81469726562e-05]
    mean: [-1119.61962891, 18.9368801117, 0.477667242289, -17.9785785675, -25.7182559967, -18.4264011383, -0.631783723831, 17.1085453033, 24.5193138123, 17.6059627533, 0.807728827, -15.8554420471, -22.8059463501]
    median: [-1119.65222168, 18.8061943054, 0.149078369141, -18.4796867371, -26.2150230408, -18.6694564819, -0.443813323975, 17.6982822418, 25.2426567078, 18.0730686188, 0.727466583252, -16.4811630249, -23.6489067078]
    min: [-1138.42004395, 1.14440917969e-05, -6.103515625e-05, -19.0046195984, -35.8134117126, -29.5781822205, -7.78507995605, -5.34057617188e-05, -4.57763671875e-05, -2.28881835938e-05, -2.67028808594e-05, -16.4817504883, -23.6495780945]
    skew: [1.68357157707, 2.63418698311, 6.46603918076, 5.97929000854, 4.77037715912, 3.17223286629, -6.06354951859, -5.52386903763, -5.98508787155, -6.24080276489, 3.96027255058, 4.94060564041, 5.24304103851]
    var: [21.1620922089, 26.1154460907, 4.49039411545, 7.81006193161, 17.7983894348, 10.5530452728, 1.22089731693, 7.53252983093, 14.5103721619, 7.23816776276, 0.214771106839, 7.16573905945, 13.9852514267]

SpecContrastCoeff:
    dmean: [0.0496940948069, 0.0206401627511, 0.0281038638204, 0.0109246522188, 0.00987631920725, 0.00519825937226]
    dmean2: [0.0889902412891, 0.0381234511733, 0.0357670597732, 0.0188570488244, 0.0179177168757, 0.00765324896201]
    dvar: [0.000901832187083, 0.000488542427775, 0.00278163794428, 5.57333078177e-05, 5.84232038818e-05, 2.77668295894e-05]
    dvar2: [0.00239715189673, 0.000943252583966, 0.00203440082259, 0.000157933071023, 0.000147784186993, 4.71549792564e-05]
    kurt: [1.54576969147, 9.62022209167, 20.5156612396, 3.88216352463, 2.14909505844, 4.537068367]
    max: [-0.781477987766, -0.82413983345, -0.460184037685, -0.903675317764, -0.917801380157, -0.913004457951]
    mean: [-0.851814687252, -0.947535634041, -0.494171470404, -0.943370401859, -0.931822478771, -0.927868843079]
    median: [-0.85785394907, -0.956745505333, -0.477992027998, -0.945917248726, -0.93199801445, -0.926807582378]
    min: [-0.982995212078, -0.981256127357, -0.953386664391, -0.960327029228, -0.96162956953, -0.954324662685]
    skew: [-0.51657140255, 3.04100108147, -4.49211883545, 1.50765645504, -0.763101041317, -1.70146763325]
    var: [0.00147235603072, 0.000839208834805, 0.00671408558264, 9.90346670733e-05, 6.58558710711e-05, 4.89740305056e-05]

SpecPeakAmp:
    dmean: [6.35904507362e-05, 1.31186607177e-06, 1.20703214179e-06, 1.16054445698e-06, 1.08623441974e-06]
    dmean2: [9.76201263256e-05, 2.13655494008e-06, 1.97543818103e-06, 1.87346938674e-06, 1.75630975718e-06]
    dvar: [8.12517342297e-08, 1.07805760846e-11, 9.14781271566e-12, 7.87391592899e-12, 6.85586049737e-12]
    dvar2: [2.08349788977e-07, 2.66472399701e-11, 2.25795476066e-11, 1.93069570747e-11, 1.66392177814e-11]
    kurt: [40.0190200806, 37.3230743408, 37.5752105713, 36.5117073059, 36.5804405212]
    max: [0.00137585052289, 1.7109707187e-05, 1.58144193847e-05, 1.47193450175e-05, 1.3871772353e-05]
    mean: [3.8566035073e-05, 1.31786805468e-06, 1.37441929837e-06, 1.39301414492e-06, 1.41044426982e-06]
    median: [8.42368990561e-06, 1.01159253063e-06, 1.13028636406e-06, 1.17628565022e-06, 1.14816930363e-06]
    min: [2.45665341936e-06, 3.1842904491e-07, 2.23792270049e-07, 1.53475227194e-07, 1.14600069878e-07]
    skew: [6.48205471039, 6.16619300842, 6.19016218185, 6.06869316101, 6.07064390182]
    var: [4.06456130975e-08, 5.85494760313e-12, 4.88014923611e-12, 4.21232189754e-12, 3.67998123293e-12]
