
metadata:
    version:
        essentia: "2.1-beta3"

Flux:
    dmean: 0.00282436399721
    dmean2: 0.00372791220434
    dvar: 8.37216794025e-05
    dvar2: 0.000164971279446
    kurt: 9.59501838684
    max: 0.0532554686069
    mean: 0.00361703033559
    median: 0.000108770087536
    min: 1.1424416698e-05
    skew: 3.29607367516
    var: 0.000136064569233

Rms:
    dmean: 0.00115214299876
    dmean2: 0.000922090781387
    dvar: 1.53395121743e-05
    dvar2: 6.80656967234e-06
    kurt: 21.0420131683
    max: 0.0384248159826
    mean: 0.0370011366904
    median: 0.0383505411446
    min: 0.00678078271449
    skew: -4.55135393143
    var: 2.86345621134e-05

RollOff:
    dmean: 5.38330078125
    dmean2: 5.0077214241
    dvar: 845.686950684
    dvar2: 686.615844727
    kurt: 38.3793106079
    max: 947.4609375
    mean: 737.87109375
    median: 732.12890625
    min: 732.12890625
    skew: 6.29871559143
    var: 1018.03265381

SpecCent:
    dmean: 4.42360639572
    dmean2: 7.05829715729
    dvar: 80.2066879272
    dvar2: 78.2295455933
    kurt: 36.5406150818
    max: 779.333129883
    mean: 719.681945801
    median: 718.280578613
    min: 715.092651367
    skew: 6.06610488892
    var: 84.3637237549

Zcr:
    dmean: 0.00130948156584
    dmean2: 0.00121502543334
    dvar: 1.54405552166e-05
    dvar2: 9.99552685244e-06
    kurt: 17.4997138977
    max: 0.03271484375
    mean: 0.0311957467347
    median: 0.03271484375
    min: 0.00146484375
    skew: -4.2021074295
    var: 3.06682777591e-05

HarmonicAmpFreq:
    dmean: [1.39955556393]
    dmean2: [1.50903606415]
    dvar: [70.4938278198]
    dvar2: [69.7107086182]
    kurt: [39.9201545715]
    max: [718.763793945]
    mean: [716.59185791]
    median: [717.751403809]
    min: [661.448852539]
    skew: [-6.47021150589]
    var: [69.1907043457]

HarmonicAmpMag:
    dmean: [0.00615025125444]
    dmean2: [0.0118669336662]
    dvar: [0.000252749363426]
    dvar2: [0.000677539210301]
    kurt: [3.64472198486]
    max: [0.0521487183869]
    mean: [0.0458792485297]
    median: [0.05214169994]
    min: [0]
    skew: [-2.34976649284]
    var: [0.00027273161686]

MfccCoeff:
    dmean: [9.6513004303, 8.74286651611, 1.34312093258, 2.07109069824, 1.63638269901, 2.17703700066, 2.05455636978, 2.69610571861, 2.12571501732, 1.83961284161, 1.82776117325, 2.63676047325, 2.38312530518]
    dmean2: [14.1823759079, 12.8720617294, 2.29747247696, 2.74225211143, 1.16211032867, 2.81184768677, 3.86524796486, 3.89705967903, 2.71959209442, 2.57092571259, 3.40590071678, 3.98255825043, 3.3157479763]
    dvar: [1595.28039551, 1186.50085449, 3.54975414276, 37.4830131531, 26.7514095306, 11.7192239761, 1.08395564556, 9.93197059631, 27.9205341339, 17.5411281586, 1.02970540524, 9.63726711273, 28.853395462]
    dvar2: [3931.08544922, 2894.87426758, 8.42031764984, 51.5741462708, 10.4980068207, 6.37421274185, 3.14458632469, 5.20168161392, 25.2028865814, 19.1179180145, 3.10683321953, 7.59729194641, 27.2200393677]
    kurt: [35.7521629333, 34.2920722961, 25.6198883057, 25.6676330566, 22.1790218353, 22.0051708221, -0.808602571487, 23.2403945923, 20.0897884369, 18.6723670959, 1.77501726151, 15.0987319946, 15.4962978363]
    max: [-921.194702148, 191.727325439, 12.0887145996, -5.65803146362, -10.1433868408, -9.25951385498, -3.44724655151, 37.1723899841, 55.7540550232, 41.9673538208, 8.13402175903, -0.111839294434, -0.671974182129]
    mean: [-1093.05249023, 45.4022407532, 2.22891020775, -38.643321991, -55.9722747803, -41.9344940186, -5.13869380951, 32.7001113892, 50.1909942627, 38.8279800415, 6.58623170853, -27.1566181183, -43.2993583679]
    median: [-1097.0201416, 41.896282196, 1.95806884766, -38.7034683228, -56.8852233887, -42.6228141785, -5.07931137085, 33.749961853, 52.1682624817, 40.5089569092, 6.6088218689, -28.3546867371, -45.4553337097]
    min: [-1128.77807617, 10.421459198, 1.23120117188, -53.0622634888, -74.5539550781, -53.0003471375, -8.6097946167, 0.807273864746, 3.8406867981, 3.76107025146, 1.78430557251, -29.831325531, -46.1022911072]
    skew: [5.94117736816, 5.74660587311, 4.81322479248, 4.18082666397, 4.14151239395, 4.31956195831, -0.370939195156, -4.70900630951, -4.54036140442, -4.38635349274, -1.13641142845, 3.86110758781, 4.02310705185]
    var: [708.005981445, 523.644470215, 2.7213075161, 30.8918075562, 64.0560455322, 32.6161766052, 1.72060608864, 30.256313324, 71.5600967407, 42.8649787903, 1.95456707478, 27.6957359314, 70.1469268799]

SpecContrastCoeff:
    dmean: [0.0279619321227, 0.0315189510584, 0.0324806235731, 0.0130434818566, 0.0092924842611, 0.0095900753513]
    dmean2: [0.0518009662628, 0.0582707747817, 0.0387850813568, 0.0248923227191, 0.0180139951408, 0.0185001175851]
    dvar: [0.000492773309816, 0.00105645693839, 0.00470203952864, 9.02454776224e-05, 9.64315186138e-05, 0.000123027115478]
    dvar2: [0.00114075897727, 0.00209857523441, 0.00269150780514, 0.00016042846255, 0.000218263070565, 0.000306225439999]
    kurt: [0.52562212944, 9.4048871994, 23.260137558, 5.83986759186, 5.04524421692, 4.08723115921]
    max: [-0.888487458229, -0.759777724743, -0.293637752533, -0.889330327511, -0.912906646729, -0.924085021019]
    mean: [-0.956711769104, -0.936761379242, -0.332489132881, -0.941440165043, -0.954416930676, -0.957948744297]
    median: [-0.966845810413, -0.950725972652, -0.311001271009, -0.946171820164, -0.959077060223, -0.962111115456]
    min: [-0.983025789261, -0.971145629883, -0.938969433308, -0.95208799839, -0.960618495941, -0.963812708855]
    skew: [1.27686917782, 3.06158661842, -4.76635408401, 2.28422665596, 2.27144145966, 2.22961473465]
    var: [0.000563623616472, 0.00177197798621, 0.0109168989584, 0.00018640916096, 0.000103118392872, 8.66798873176e-05]

SpecPeakAmp:
    dmean: [6.1933118559e-05, 0.00141619821079, 0.0237046834081, 0.0260702371597, 0.0166039988399]
    dmean2: [9.83886857284e-05, 0.00217560306191, 0.0484977476299, 0.0533414147794, 0.0339681953192]
    dvar: [5.00685821692e-08, 4.14347850892e-05, 0.000672081543598, 0.000677742704283, 0.00058847485343]
    dvar2: [1.27703529529e-07, 0.000106391140434, 0.00143667391967, 0.0013216282241, 0.00149902852718]
    kurt: [39.7201652527, 40.0223197937, -1.33410429955, -1.63577449322, 0.249976634979]
    max: [0.00113146484364, 0.0309320800006, 0.0521480888128, 0.0521485172212, 0.0521487183869]
    mean: [4.79231675854e-05, 0.000712487846613, 0.0162521079183, 0.018572114408, 0.0104577280581]
    median: [2.48499636655e-05, 2.62165849563e-05, 4.33809145761e-05, 4.46092126367e-05, 3.48301618942e-05]
    min: [5.3576513892e-06, 4.35424772149e-06, 5.89635192227e-06, 4.05923447033e-06, 3.09116103381e-06]
    skew: [6.44671773911, 6.48244571686, 0.816011250019, 0.603499054909, 1.49998307228]
    var: [2.67777124918e-08, 2.07551838685e-05, 0.000581683940254, 0.000621849903837, 0.00043443357572]
