
metadata:
    version:
        essentia: "2.1-beta3"

Flux:
    dmean: 0.00284673273563
    dmean2: 0.00377389951609
    dvar: 8.3652594185e-05
    dvar2: 0.00016418749874
    kurt: 9.63846206665
    max: 0.0534143447876
    mean: 0.00363055802882
    median: 0.000129104417283
    min: 8.81858977664e-06
    skew: 3.30104923248
    var: 0.00013611666509

Rms:
    dmean: 0.00125093245879
    dmean2: 0.00107452447992
    dvar: 1.49527859321e-05
    dvar2: 6.51465416013e-06
    kurt: 20.9192008972
    max: 0.0385425165296
    mean: 0.0370045602322
    median: 0.0383396930993
    min: 0.00693307165056
    skew: -4.53760147095
    var: 2.84355592157e-05

RollOff:
    dmean: 2.44695496559
    dmean2: 2.50386071205
    dvar: 257.466308594
    dvar2: 263.311401367
    kurt: 40.0227241516
    max: 452.197265625
    mean: 346.923828125
    median: 344.53125
    min: 344.53125
    skew: 6.48249387741
    var: 251.874938965

SpecCent:
    dmean: 4.56922769547
    dmean2: 6.56734752655
    dvar: 57.0408554077
    dvar2: 43.662902832
    kurt: 34.2596626282
    max: 387.81729126
    mean: 331.124572754
    median: 329.761291504
    min: 326.62411499
    skew: 5.7903213501
    var: 78.5097198486

Zcr:
    dmean: 0.000765713804867
    dmean2: 0.000885719491635
    dvar: 2.90868251795e-06
    dvar2: 1.51097276557e-06
    kurt: 17.021730423
    max: 0.01513671875
    mean: 0.0143229169771
    median: 0.01513671875
    min: 0.0009765625
    skew: -4.13562107086
    var: 6.27305780654e-06

HarmonicAmpFreq:
    dmean: [0.0631103515625]
    dmean2: [0.0727006793022]
    dvar: [0.0530328005552]
    dvar2: [0.0676529332995]
    kurt: [17.1838703156]
    max: [329.829040527]
    mean: [328.771759033]
    median: [328.732086182]
    min: [328.472351074]
    skew: [4.19513940811]
    var: [0.0435686260462]

HarmonicAmpMag:
    dmean: [0.00207657506689]
    dmean2: [0.00161214277614]
    dvar: [6.00706116529e-05]
    dvar2: [4.14860005549e-05]
    kurt: [15.6773891449]
    max: [0.0526978969574]
    mean: [0.0501698665321]
    median: [0.0526851378381]
    min: [0]
    skew: [-4.06934738159]
    var: [9.8105003417e-05]

MfccCoeff:
    dmean: [9.38461017609, 10.1091880798, 4.99734640121, 3.61610102654, 3.85538125038, 4.143866539, 3.99730968475, 3.62046194077, 2.82897853851, 1.98589849472, 1.47134673595, 0.890407919884, 1.11309814453]
    dmean2: [13.9000844955, 14.9666433334, 7.61336088181, 6.3645658493, 6.39924383163, 6.33640003204, 5.58338451385, 5.0138630867, 3.76248025894, 2.50250053406, 2.08003950119, 1.49866402149, 1.52618992329]
    dvar: [1070.72741699, 1014.77111816, 75.5492401123, 5.3583111763, 4.07216072083, 10.8336801529, 22.6151409149, 34.6993141174, 37.1155357361, 26.4577865601, 10.0139303207, 1.34887433052, 5.76352405548]
    dvar2: [2579.30737305, 2379.19506836, 135.94859314, 9.29888534546, 9.78282165527, 8.82208633423, 14.4436006546, 29.4215106964, 35.5492210388, 29.4653778076, 13.4835147858, 2.69791674614, 7.27321958542]
    kurt: [32.3022422791, 27.6809520721, 10.5488538742, 0.725296020508, 3.15977859497, 18.5152835846, 21.6771450043, 19.9149341583, 19.3575077057, 18.8196411133, 18.2523899078, 9.9359960556, 7.98213672638]
    max: [-948.09777832, 196.04196167, 72.4754333496, 29.0667915344, 8.0560760498, 3.99314117432, 0.731266021729, -1.37294769287, -2.25213623047, -2.10471343994, -1.30898666382, -0.302574157715, 16.1709518433]
    mean: [-1085.33374023, 67.4495849609, 47.8950042725, 22.3153057098, -5.09659385681, -30.285741806, -48.6590003967, -57.2863922119, -55.4495658875, -44.1466217041, -26.1404685974, -5.26900482178, 14.5594396591]
    median: [-1088.8659668, 64.0307388306, 47.0412940979, 22.2999000549, -5.39204406738, -31.1155815125, -50.0948410034, -59.3510971069, -57.6856613159, -45.831489563, -27.1600551605, -5.35585021973, 15.5085449219]
    min: [-1124.56604004, 18.6734733582, 16.0905456543, 12.3264198303, -8.54429626465, -35.161907196, -53.2961502075, -63.9740142822, -62.8890457153, -51.4850769043, -33.0396957397, -11.8008117676, 0.536582946777]
    skew: [5.45013523102, 4.72488069534, -0.646679341793, -0.422461152077, 1.33601605892, 3.99241375923, 4.57420682907, 4.49234676361, 4.44140386581, 4.37437582016, 4.22561311722, -1.83301782608, -3.09450244904]
    var: [474.258850098, 450.099273682, 49.8561859131, 10.4497203827, 11.0468492508, 38.599105835, 75.7621002197, 104.434318542, 96.1948471069, 61.1040458679, 21.8025798798, 2.35647916794, 14.3019418716]

SpecContrastCoeff:
    dmean: [0.0482917912304, 0.0363906770945, 0.0137191899121, 0.00810716766864, 0.00689896941185, 0.0142140947282]
    dmean2: [0.083133392036, 0.0415239259601, 0.0233202558011, 0.0147727895528, 0.0115163810551, 0.0273163821548]
    dvar: [0.00137934938539, 0.00555053213611, 0.000263816124061, 8.71479787747e-05, 8.36369872559e-05, 0.000257810723269]
    dvar2: [0.00213409983553, 0.00291670137085, 0.000595879799221, 0.000153401502757, 0.000179375405423, 0.000582182954531]
    kurt: [5.40784168243, 22.6885375977, 7.48459911346, 4.27632904053, 4.59545183182, 1.19255828857]
    max: [-0.605348050594, -0.233833029866, -0.871845781803, -0.911141037941, -0.917329728603, -0.914880692959]
    mean: [-0.783581316471, -0.285068571568, -0.94855093956, -0.958627223969, -0.958887636662, -0.954072296619]
    median: [-0.798429489136, -0.263754159212, -0.956461846828, -0.964893221855, -0.96384626627, -0.961779773235]
    min: [-0.988391160965, -0.946836650372, -0.959721326828, -0.965479373932, -0.964355945587, -0.96359026432]
    skew: [-0.248704388738, -4.69335460663, 2.76959133148, 2.17624664307, 2.27163314819, 1.61499392986]
    var: [0.00277316453867, 0.0131445908919, 0.000369463377865, 0.000146415884956, 0.000110045468318, 0.000211569102248]

SpecPeakAmp:
    dmean: [0.00143195549026, 0.0143815716729, 0.0191412940621, 0.00513624818996, 2.97999777104e-05]
    dmean2: [0.00220200838521, 0.0294139049947, 0.0379153378308, 0.0101650189608, 4.02062250942e-05]
    dvar: [4.18764757342e-05, 0.0005487666931, 0.000637924531475, 0.000230455116252, 7.8926767344e-09]
    dvar2: [0.000107540705358, 0.00145441433415, 0.00145570328459, 0.000676038383972, 1.11609663733e-08]
    kurt: [40.0219039917, 0.841182470322, -1.13213586807, 16.0638999939, 27.865240097]
    max: [0.0311471354216, 0.0526919141412, 0.0526978969574, 0.0526930838823, 0.00055315264035]
    mean: [0.000730343337636, 0.00940719805658, 0.0374761223793, 0.00269835814834, 3.2960138924e-05]
    median: [4.3442731112e-05, 4.7558631195e-05, 0.0526801198721, 3.43317296938e-05, 1.44708910739e-05]
    min: [1.02203775896e-05, 6.65903280606e-06, 3.25845871885e-06, 2.12058057514e-06, 1.57127203693e-06]
    skew: [6.48239660263, 1.68557024002, -0.931501626968, 4.19781064987, 5.28327894211]
    var: [2.10270482057e-05, 0.000404878694098, 0.000567680457607, 0.000120780765428, 7.36455607608e-09]
