
metadata:
    version:
        essentia: "2.1-beta3"

Flux:
    dmean: 0.0253279488534
    dmean2: 0.033385835588
    dvar: 0.00678938021883
    dvar2: 0.0130446702242
    kurt: 9.45073890686
    max: 0.491793870926
    mean: 0.0332989059389
    median: 0.00103773456067
    min: 0.000139442287036
    skew: 3.27333855629
    var: 0.0114770717919

Rms:
    dmean: 0.010546031408
    dmean2: 0.00843515060842
    dvar: 0.00128726707771
    dvar2: 0.000573807163164
    kurt: 21.1996650696
    max: 0.354022920132
    mean: 0.341007113457
    median: 0.353353112936
    min: 0.0636635869741
    skew: -4.56686401367
    var: 0.00240123597905

RollOff:
    dmean: 5.38330078125
    dmean2: 5.0077214241
    dvar: 1035.3737793
    dvar2: 859.147521973
    kurt: 39.3189239502
    max: 968.994140625
    mean: 737.87109375
    median: 732.12890625
    min: 732.12890625
    skew: 6.40379619598
    var: 1224.11218262

SpecCent:
    dmean: 6.26393842697
    dmean2: 8.7766046524
    dvar: 403.850891113
    dvar2: 377.603759766
    kurt: 39.2893829346
    max: 859.40612793
    mean: 721.579528809
    median: 718.578063965
    min: 714.752319336
    skew: 6.39538192749
    var: 435.465179443

Zcr:
    dmean: 0.00133167614695
    dmean2: 0.00126044696663
    dvar: 1.5717894712e-05
    dvar2: 1.05484432424e-05
    kurt: 17.4997138977
    max: 0.03271484375
    mean: 0.0311957467347
    median: 0.03271484375
    min: 0.00146484375
    skew: -4.2021074295
    var: 3.06682777591e-05

HarmonicAmpFreq:
    dmean: [0.507611334324]
    dmean2: [0.552124023438]
    dvar: [9.68230819702]
    dvar2: [10.0805845261]
    kurt: [39.6235046387]
    max: [718.762756348]
    mean: [717.339904785]
    median: [717.750549316]
    min: [697.056396484]
    skew: [-6.43363237381]
    var: [9.39436626434]

HarmonicAmpMag:
    dmean: [0.0218785461038]
    dmean2: [0.0290825553238]
    dvar: [0.00747764855623]
    dvar2: [0.0109594995156]
    kurt: [8.73760986328]
    max: [0.480465263128]
    mean: [0.444078326225]
    median: [0.480408906937]
    min: [0]
    skew: [-3.23213982582]
    var: [0.014894457534]

MfccCoeff:
    dmean: [27.0967178345, 20.1587696075, 37.0328826904, 11.1933603287, 6.87433958054, 6.13878011703, 2.95452785492, 2.94351196289, 3.05751776695, 2.45138835907, 1.60288894176, 1.18139278889, 2.07806038857]
    dmean2: [42.0694961548, 35.846950531, 68.8251876831, 20.5578708649, 8.8913974762, 10.7074985504, 5.38287496567, 3.1551656723, 4.02709770203, 3.37762665749, 2.5293264389, 1.66812539101, 2.76799297333]
    dvar: [5788.67773438, 190.282806396, 324.395874023, 50.2683982849, 24.3517150879, 23.4986381531, 4.98322296143, 18.0311355591, 38.9479064941, 21.2313365936, 1.50561523438, 10.6242513657, 25.6947879791]
    dvar2: [13816.4189453, 480.069854736, 1146.67895508, 131.425506592, 57.6888694763, 51.9090156555, 10.9060373306, 22.0665588379, 47.0862083435, 17.6873931885, 1.75520968437, 14.5158281326, 25.8168716431]
    kurt: [26.0097827911, 0.966375827789, -1.25249767303, 2.94137573242, 9.47467422485, 7.48910713196, 2.1392455101, 13.2393894196, 15.1346225739, 17.9581947327, 15.6714000702, 12.8645524979, 15.659576416]
    max: [-656.631896973, 177.347717285, 34.8254737854, -30.2277603149, -31.3761253357, -18.7158889771, -1.19198226929, 40.2918205261, 57.2488594055, 41.8937835693, 7.03829574585, -5.84603118896, -1.97563934326]
    mean: [-984.872680664, 130.725036621, 3.66962885857, -62.9554519653, -73.3799133301, -48.9132232666, -4.92257499695, 33.926776886, 49.8147735596, 37.6541213989, 5.12455797195, -27.5097484589, -42.5061378479]
    median: [-994.101806641, 134.701660156, 4.68197631836, -62.7870254517, -74.0139465332, -48.7376823425, -4.616771698, 35.5045280457, 52.1689338684, 39.495010376, 5.51523208618, -28.561870575, -44.3146934509]
    min: [-1032.3034668, 104.214271545, -36.0074920654, -79.6398391724, -92.9032287598, -59.7121543884, -13.7807388306, 3.3602142334, 5.31295394897, -0.594909667969, -5.6335811615, -29.9383659363, -46.0363121033]
    skew: [5.07103729248, 0.127308353782, -0.206464335322, 1.0959392786, 2.45910596848, 2.16671776772, -1.12684214115, -3.53337359428, -3.90888690948, -4.22262907028, -3.49411416054, 3.7430267334, 4.03541040421]
    var: [3039.62426758, 202.51449585, 502.903045654, 94.7940292358, 83.5204238892, 50.9899635315, 6.25646781921, 37.0197982788, 75.61693573, 50.251991272, 4.03258657455, 21.7496891022, 63.0013465881]

SpecContrastCoeff:
    dmean: [0.0391898788512, 0.0406830459833, 0.0341430753469, 0.0158502161503, 0.0106290755793, 0.00681645236909]
    dmean2: [0.0724918693304, 0.0741451457143, 0.0376256890595, 0.0305050741881, 0.0200350619853, 0.0121265826747]
    dvar: [0.00150869158097, 0.00194145366549, 0.00820334348828, 0.000143160053995, 0.000121691991808, 0.000117937990581]
    dvar2: [0.00385322864167, 0.0042742905207, 0.0039617321454, 0.000261814537225, 0.000256160070421, 0.000314778619213]
    kurt: [1.73598098755, 7.9673910141, 26.323682785, 5.53969287872, 4.13993024826, 5.05508327484]
    max: [-0.855828166008, -0.714053690434, -0.122332297266, -0.867426276207, -0.897711992264, -0.918229877949]
    mean: [-0.962542712688, -0.919468104839, -0.161979958415, -0.928125321865, -0.945012807846, -0.953318357468]
    median: [-0.98144364357, -0.937301814556, -0.135184034705, -0.934848368168, -0.951248407364, -0.957106649876]
    min: [-0.987798571587, -0.953236579895, -0.922668755054, -0.940465509892, -0.95196056366, -0.95964205265]
    skew: [1.71159911156, 2.912566185, -5.06108045578, 2.24025726318, 2.15461993217, 2.47806835175]
    var: [0.00135802291334, 0.0028025447391, 0.0160683486611, 0.000260542699834, 0.000147785845911, 9.2519177997e-05]

SpecPeakAmp:
    dmean: [0.00054760708008, 0.17504376173, 0.196431577206, 0.000327054294758, 0.000262530025793]
    dmean2: [0.000854428275488, 0.357966125011, 0.386282712221, 0.000550638767891, 0.000411248649471]
    dvar: [3.92696483686e-06, 0.0531510338187, 0.0531746856868, 6.50827814752e-07, 6.26153223493e-07]
    dvar2: [1.00988718259e-05, 0.139790847898, 0.130557954311, 1.63590630109e-06, 1.60856973253e-06]
    kurt: [39.5485801697, -0.214488267899, -1.1790047884, 35.320728302, 34.2626953125]
    max: [0.00999349635094, 0.48046284914, 0.480465263128, 0.00417793169618, 0.00388589780778]
    mean: [0.000450165825896, 0.107245616615, 0.337407886982, 0.000370389112504, 0.000188577760127]
    median: [0.000237384054344, 0.000400610122597, 0.48039290309, 0.000333299336489, 6.16901306785e-05]
    min: [2.86520535155e-05, 0.000117270290502, 6.93057590979e-05, 3.1279236282e-05, 2.38995453401e-05]
    skew: [6.42642879486, 1.33612322807, -0.889189243317, 5.90960264206, 5.85918426514]
    var: [2.08140932045e-06, 0.0397863909602, 0.046970333904, 3.4920554981e-07, 3.34176974093e-07]
