
metadata:
    version:
        essentia: "2.1-beta3"

Flux:
    dmean: 0.0138572156429
    dmean2: 0
    dvar: 0
    dvar2: 0
    kurt: -1.99999988079
    max: 0.301335573196
    mean: 0.294406950474
    median: 0.294406950474
    min: 0.287478357553
    skew: 6.40875350655e-06
    var: 4.80056041852e-05

Rms:
    dmean: 0
    dmean2: 0
    dvar: 0
    dvar2: 0
    kurt: 0
    max: 0.10326050967
    mean: 0.10326050967
    median: 0.10326050967
    min: 0.10326050967
    skew: 0
    var: 0

RollOff:
    dmean: 279.931640625
    dmean2: 0
    dvar: 0
    dvar2: 0
    kurt: -2
    max: 1291.9921875
    mean: 1152.02636719
    median: 1152.02636719
    min: 1012.06054688
    skew: 0
    var: 19590.4316406

SpecCent:
    dmean: 239.903503418
    dmean2: 0
    dvar: 0
    dvar2: 0
    kurt: -1.99999988079
    max: 1136.5690918
    mean: 1016.61730957
    median: 1016.61730957
    min: 896.665588379
    skew: 7.60465582061e-07
    var: 14388.421875

Zcr:
    dmean: 0
    dmean2: 0
    dvar: 0
    dvar2: 0
    kurt: 0
    max: 0.0126953125
    mean: 0.0126953125
    median: 0.0126953125
    min: 0.0126953125
    skew: 0
    var: 0

HarmonicAmpFreq:
    dmean: [35.544128418]
    dmean2: [0]
    dvar: [0]
    dvar2: [0]
    kurt: [-1.99999988079]
    max: [931.517333984]
    mean: [913.745239258]
    median: [913.745239258]
    min: [895.973205566]
    skew: [5.13225768373e-06]
    var: [315.846252441]

HarmonicAmpMag:
    dmean: [0.0847523882985]
    dmean2: [0]
    dvar: [0]
    dvar2: [0]
    kurt: [-1.99999988079]
    max: [0.0847523882985]
    mean: [0.0423761941493]
    median: [0.0423761941493]
    min: [0]
    skew: [0]
    var: [0.00179574184585]

MfccCoeff:
    dmean: [403.236938477, 11.19115448, 23.7367286682, 63.3779830933, 0.903503417969, 43.868221283, 31.1642570496, 10.3349208832, 23.9947624207, 10.9641456604, 7.92719268799, 9.96253204346, 0.761581420898]
    dmean2: [0, 0, 0, 0, 0, 0, 0, 0, 0, 0, 0, 0, 0]
    dvar: [0, 0, 0, 0, 0, 0, 0, 0, 0, 0, 0, 0, 0]
    dvar2: [0, 0, 0, 0, 0, 0, 0, 0, 0, 0, 0, 0, 0]
    kurt: [-2, -2, -2, -2, -2, -2, -2, -2, -1.99999988079, -2, -2, -2, -2]
    max: [-597.884887695, 116.370269775, -31.053276062, -49.2939910889, -46.4374389648, 31.4626312256, 43.2475967407, 20.9056243896, 9.14189529419, -3.40725326538, -1.55675125122, 4.91673278809, 1.18204498291]
    mean: [-799.503356934, 110.774688721, -42.9216384888, -80.9829864502, -46.8891906738, 9.52852058411, 27.6654682159, 15.7381639481, -2.85548591614, -8.88932609558, -5.52034759521, -0.0645332336426, 0.801254272461]
    median: [-799.503356934, 110.774688721, -42.9216384888, -80.9829864502, -46.8891906738, 9.52852058411, 27.6654682159, 15.7381639481, -2.85548591614, -8.88932609558, -5.52034759521, -0.0645332336426, 0.801254272461]
    min: [-1001.12182617, 105.179115295, -54.7900047302, -112.671974182, -47.3409423828, -12.4055900574, 12.0833396912, 10.5707035065, -14.8528671265, -14.3713989258, -9.48394393921, -5.04579925537, 0.420463562012]
    skew: [0, 2.0466954993e-06, -5.11134828685e-07, 3.6826125438e-07, 0, 0, 0, 0, 0, 0, 0, 0, 0]
    var: [40650.0078125, 31.3104858398, 140.858078003, 1004.19219971, 0.20407961309, 481.105224609, 242.802734375, 26.7026481628, 143.937149048, 30.0531215668, 15.7100963593, 24.8130111694, 0.14500156045]

SpecContrastCoeff:
    dmean: [0.00485008955002, 0.105284631252, 0.0111355185509, 0.232713520527, 0.0162606239319, 0.0240846276283]
    dmean2: [0, 0, 0, 0, 0, 0]
    dvar: [0, 0, 0, 0, 0, 0]
    dvar2: [0, 0, 0, 0, 0, 0]
    kurt: [-2, -1.99999988079, -2.00000023842, -2, -2, -1.99999988079]
    max: [-0.943003118038, -0.790570139885, -0.760982811451, -0.592539548874, -0.923219561577, -0.934761762619]
    mean: [-0.945428133011, -0.843212485313, -0.766550540924, -0.708896279335, -0.931349873543, -0.946804046631]
    median: [-0.945428133011, -0.843212485313, -0.766550540924, -0.708896279335, -0.931349873543, -0.946804046631]
    min: [-0.947853207588, -0.895854771137, -0.772118330002, -0.825253069401, -0.939480185509, -0.958846390247]
    skew: [-3.68691071344e-05, 1.69575923792e-06, -1.60962827067e-05, -7.38984454074e-07, 0, -7.42138990972e-06]
    var: [5.88084230913e-06, 0.00277121318504, 3.0999945011e-05, 0.0135388951749, 6.61019730614e-05, 0.000145017314935]

SpecPeakAmp:
    dmean: [0.0846930444241, 0.0427153818309, 0.0228169634938, 0.0125494580716, 0.00830267835408]
    dmean2: [0, 0, 0, 0, 0]
    dvar: [0, 0, 0, 0, 0]
    dvar2: [0, 0, 0, 0, 0]
    kurt: [-2, -2, -2, -2, -2]
    max: [0.0847523882985, 0.0427939295769, 0.0229026824236, 0.0126479584724, 0.00842068064958]
    mean: [0.0424058660865, 0.0214362386614, 0.0114942006767, 0.00637322943658, 0.00426934147254]
    median: [0.0424058660865, 0.0214362386614, 0.0114942006767, 0.00637322943658, 0.00426934147254]
    min: [5.93416079937e-05, 7.85476295277e-05, 8.57182094478e-05, 9.85004808172e-05, 0.00011800203356]
    skew: [-1.4372361079e-07, 0, -1.53128695501e-07, 0, -1.48976141645e-07]
    var: [0.00179322808981, 0.000456150970422, 0.000130153464852, 3.93722257286e-05, 1.72336185642e-05]
