
metadata:
    version:
        essentia: "2.1-beta3"

Flux:
    dmean: 5.34725995749e-06
    dmean2: 8.17565523903e-06
    dvar: 3.15129200512e-10
    dvar2: 6.81656564527e-10
    kurt: 14.2916107178
    max: 9.58033342613e-05
    mean: 6.00982866672e-06
    median: 1.38189602694e-06
    min: 5.83131509302e-07
    skew: 3.89212846756
    var: 3.25813126478e-10

Rms:
    dmean: 1.30428793454e-06
    dmean2: 1.20439960938e-06
    dvar: 2.48442221656e-11
    dvar2: 1.8309284644e-11
    kurt: 19.6384086609
    max: 7.73843712523e-05
    mean: 7.58987953304e-05
    median: 7.72553466959e-05
    min: 4.4689335482e-05
    skew: -4.50680065155
    var: 3.31182165025e-11

RollOff:
    dmean: 1.00154435635
    dmean2: 1.025390625
    dvar: 20.5633563995
    dvar2: 21.0285148621
    kurt: 17.0443572998
    max: 1464.2578125
    mean: 1443.70422363
    median: 1442.72460938
    min: 1442.72460938
    skew: 4.36379337311
    var: 20.118309021

SpecCent:
    dmean: 3.31711030006
    dmean2: 3.73941755295
    dvar: 14.941037178
    dvar2: 6.73814916611
    kurt: 12.3008785248
    max: 1603.59460449
    mean: 1572.97021484
    median: 1571.69970703
    min: 1567.27441406
    skew: 3.3867149353
    var: 39.2158432007

Zcr:
    dmean: 0.00176008359995
    dmean2: 0.0019763763994
    dvar: 4.4047999836e-05
    dvar2: 4.1620551201e-05
    kurt: 17.3131313324
    max: 0.0654296875
    mean: 0.0636208280921
    median: 0.06494140625
    min: 0.0302734375
    skew: -4.37420749664
    var: 4.65845841973e-05

HarmonicAmpFreq:
    dmean: [0]
    dmean2: [0]
    dvar: [0]
    dvar2: [0]
    kurt: [-2]
    max: [1438.63232422]
    mean: [1438.63269043]
    median: [1438.63232422]
    min: [1438.63232422]
    skew: [-1]
    var: [1.34110450745e-07]

HarmonicAmpMag:
    dmean: [0]
    dmean2: [0]
    dvar: [0]
    dvar2: [0]
    kurt: [nan]
    max: [0]
    mean: [0]
    median: [0]
    min: [0]
    skew: [nan]
    var: [0]

MfccCoeff:
    dmean: [0.0440020896494, 0.0215411521494, 0.0473093427718, 0.0542836748064, 0.00973333325237, 0.0610223822296, 0.0325086712837, 0.0385188609362, 0.0591728724539, 0.00244300300255, 0.0574825182557, 0.0422340221703, 0.0282457936555]
    dmean2: [0.0453316830099, 0.0221920926124, 0.0487452931702, 0.0559321828187, 0.010027567856, 0.0628742054105, 0.0334941335022, 0.0396872013807, 0.0609672181308, 0.00251733697951, 0.0592262633145, 0.0435146167874, 0.0291021429002]
    dvar: [0.0367457270622, 0.00880605261773, 0.0425025075674, 0.0559564903378, 0.00179881218355, 0.0707101151347, 0.0200676117092, 0.0281737297773, 0.0664877817035, 0.000113309688459, 0.0627422556281, 0.0338700190187, 0.0151503197849]
    dvar2: [0.0368920974433, 0.00884064286947, 0.0426745600998, 0.0561814308167, 0.00180606602225, 0.0709958449006, 0.0201483741403, 0.0282872691751, 0.0667557865381, 0.000113780013635, 0.0629952996969, 0.0340065397322, 0.0152113549411]
    kurt: [18.5434684753, 18.5430641174, 18.5433921814, 18.5429496765, 18.5427799225, 18.5431728363, 18.5430431366, 18.5432300568, 18.5431900024, 18.5440139771, 18.5431747437, 18.5432281494, 18.5431747437]
    max: [-1137.38818359, 0.505077362061, -6.103515625e-05, 8.01086425781e-05, 0.228210449219, 1.4312210083, 0.762409210205, -5.34057617188e-05, -4.57763671875e-05, -2.28881835938e-05, 1.34811782837, 0.990493774414, -3.81469726562e-05]
    mean: [-1137.43212891, 0.483601301908, -1.06245219707, -1.21891129017, 0.218496501446, 1.37032806873, 0.729974925518, -0.865020036697, -1.32880795002, -0.0548775419593, 1.29076421261, 0.94835627079, -0.634326934814]
    median: [-1137.390625, 0.50394821167, -1.10713195801, -1.27018356323, 0.227684020996, 1.42795562744, 0.760677337646, -0.901397705078, -1.38469314575, -0.057186126709, 1.34505081177, 0.988243103027, -0.661003112793]
    min: [-1138.42004395, 1.14440917969e-05, -1.1096496582, -1.27308273315, -6.103515625e-05, 2.28881835938e-05, -2.67028808594e-05, -0.903450012207, -1.38784790039, -0.0573120117188, -2.67028808594e-05, -3.0517578125e-05, -0.662506103516]
    skew: [-4.48975944519, -4.48980951309, 4.48984098434, 4.48980283737, -4.48978996277, -4.48982381821, -4.48981237411, 4.48982715607, 4.48982429504, 4.48989200592, -4.48982381821, -4.48982620239, 4.4898223877]
    var: [0.0365569517016, 0.00876032374799, 0.0422790497541, 0.0556636229157, 0.00178939849138, 0.0703392103314, 0.0199625082314, 0.0280259195715, 0.066138908267, 0.000112710265967, 0.062412943691, 0.0336924158037, 0.0150708341971]

SpecContrastCoeff:
    dmean: [0.0141723183915, 0.0130472574383, 0.0098078623414, 0.0138202216476, 0.00681104650721, 0.00462292786688]
    dmean2: [0.0195172335953, 0.0182991102338, 0.015030673705, 0.0189205631614, 0.00855055451393, 0.00595190422609]
    dvar: [0.000908830668777, 0.000656395102851, 5.43231471966e-05, 0.00108426401857, 0.000122059907881, 0.000116468145279]
    dvar2: [0.000873436511029, 0.000699747237377, 0.000128032130306, 0.00107921392191, 9.99242183752e-05, 0.000119273528981]
    kurt: [14.5386962891, 14.090839386, 0.240191221237, 19.1183185577, 14.2725830078, 16.4111824036]
    max: [-0.689012467861, -0.800098955631, -0.903118669987, -0.604779303074, -0.868151545525, -0.877519845963]
    mean: [-0.71779602766, -0.827437400818, -0.924013197422, -0.623908162117, -0.879352152348, -0.887660980225]
    median: [-0.713843047619, -0.821894049644, -0.925195217133, -0.617119193077, -0.875403881073, -0.885971784592]
    min: [-0.878042697906, -0.961575865746, -0.950726628304, -0.811982393265, -0.945437312126, -0.951719284058]
    skew: [-3.81275701523, -3.79501485825, -0.201115518808, -4.41830205917, -3.65178656578, -4.00263690948]
    var: [0.00111140229274, 0.000847646093462, 0.000102153324406, 0.00122598418966, 0.000173157313839, 0.00015347142471]

SpecPeakAmp:
    dmean: [1.44264433288e-07, 7.30736289256e-08, 8.00904658149e-08, 1.40742912436e-07, 1.4791329761e-07]
    dmean2: [2.07662679941e-07, 1.00374215606e-07, 1.00762449051e-07, 2.52081719054e-07, 2.57939319681e-07]
    dvar: [9.63972418598e-14, 1.93862836212e-14, 8.90251143203e-14, 1.78722976089e-13, 1.79178625604e-13]
    dvar2: [9.55422942367e-14, 1.69577114124e-14, 9.06087067897e-14, 4.98567224831e-13, 4.92547029638e-13]
    kurt: [24.5334644318, 18.1652603149, 36.0291748047, 25.0018844604, 22.8222103119]
    max: [8.49493426358e-06, 9.59993030847e-07, 2.10713710658e-06, 2.07304356081e-06, 2.10369216802e-06]
    mean: [8.31602483231e-06, 1.35797051826e-07, 1.89308678955e-07, 2.02968877261e-07, 2.20983110921e-07]
    median: [8.37145489641e-06, 9.52829068979e-08, 1.33905501798e-07, 1.27599378175e-07, 1.45476462876e-07]
    min: [6.43453904559e-06, 3.29774536567e-08, 5.98765197424e-08, 6.28173566497e-08, 9.84206991461e-08]
    skew: [-4.92370891571, 4.24752473831, 6.07011508942, 4.99287128448, 4.7321767807]
    var: [1.03890447677e-13, 2.39664584294e-14, 8.87799829854e-14, 1.01632996452e-13, 1.07276797309e-13]
