
metadata:
    version:
        essentia: "2.1-beta3"

Flux:
    dmean: 0.000124714526464
    dmean2: 0.000164296332514
    dvar: 1.67183571875e-07
    dvar2: 3.2882920209e-07
    kurt: 9.60261726379
    max: 0.00238012732007
    mean: 0.000161652496899
    median: 4.17134833697e-06
    min: 3.42163616551e-06
    skew: 3.29685378075
    var: 2.715267442e-07

Rms:
    dmean: 4.95953499922e-05
    dmean2: 3.72384092771e-05
    dvar: 2.9982199834e-08
    dvar2: 1.3386925346e-08
    kurt: 20.7202625275
    max: 0.00171548081562
    mean: 0.00165297160856
    median: 0.00171318661887
    min: 0.000321294675814
    skew: -4.52051591873
    var: 5.60987061249e-08

RollOff:
    dmean: 7.34086465836
    dmean2: 7.01081037521
    dvar: 1748.13659668
    dvar2: 1525.20007324
    kurt: 39.1731071472
    max: 1744.18945312
    mean: 1450.3815918
    median: 1442.72460938
    min: 1442.72460938
    skew: 6.386054039
    var: 1981.56872559

SpecCent:
    dmean: 10.2736148834
    dmean2: 11.0344409943
    dvar: 2081.62670898
    dvar2: 1796.17675781
    kurt: 39.2934417725
    max: 1770.67272949
    mean: 1443.29650879
    median: 1435.70446777
    min: 1431.78344727
    skew: 6.39915370941
    var: 2456.73925781

Zcr:
    dmean: 0.00239701708779
    dmean2: 0.00196448038332
    dvar: 6.3796651375e-05
    dvar2: 4.33754321421e-05
    kurt: 18.0233669281
    max: 0.0654296875
    mean: 0.0623589418828
    median: 0.06494140625
    min: 0.001953125
    skew: -4.25504732132
    var: 0.00012434454402

HarmonicAmpFreq:
    dmean: [0.150454431772]
    dmean2: [0.149101793766]
    dvar: [0.912574231625]
    dvar2: [0.873530030251]
    kurt: [39.9506835938]
    max: [1444.48803711]
    mean: [1438.01928711]
    median: [1437.86804199]
    min: [1437.86804199]
    skew: [6.47413492203]
    var: [0.951814353466]

HarmonicAmpMag:
    dmean: [6.30776557955e-05]
    dmean2: [9.68491876847e-05]
    dvar: [8.3554681396e-08]
    dvar2: [2.14632578377e-07]
    kurt: [40.0223808289]
    max: [0.00138909812085]
    mean: [3.09306160489e-05]
    median: [0]
    min: [0]
    skew: [6.48245286942]
    var: [4.19233288085e-08]

MfccCoeff:
    dmean: [0.906971335411, 0.4182087183, 0.981024503708, 1.02112913132, 0.267090201378, 1.08677685261, 0.431156843901, 0.668525874615, 0.758338749409, 0.199085325003, 0.688962936401, 0.303996533155, 0.523672163486]
    dmean2: [1.12193977833, 0.522933602333, 1.19886136055, 1.25853264332, 0.297319978476, 1.29337131977, 0.541056454182, 0.73289257288, 0.865159153938, 0.149428650737, 0.684938132763, 0.348768532276, 0.425864189863]
    dvar: [16.7175006866, 3.52607750893, 19.7858505249, 21.3068218231, 1.64306294918, 25.0772418976, 3.77728295326, 10.6166810989, 13.0022726059, 0.589660108089, 11.8454141617, 2.12588024139, 4.56599998474]
    dvar2: [28.3636112213, 6.1541519165, 32.490852356, 35.7868499756, 2.08986449242, 38.2958030701, 6.64283847809, 12.9551038742, 17.6659412384, 0.30039948225, 11.2813816071, 2.92635202408, 2.52849054337]
    kurt: [22.8966331482, 21.7511329651, 24.2288818359, 23.3956203461, 30.634765625, 26.9829273224, 21.7948436737, 31.430431366, 30.2903556824, 24.7641983032, 32.4202308655, 31.0115814209, 27.9648513794]
    max: [-1112.5324707, 11.8329582214, -6.103515625e-05, 8.01086425781e-05, 8.27401733398, 32.1402282715, 12.2504768372, -5.34057617188e-05, -4.57763671875e-05, 6.45163917542, 22.9110069275, 9.47895812988, -3.81469726562e-05]
    mean: [-1121.21569824, 7.60467815399, -19.4977111816, -19.692855835, 7.04309749603, 23.7799797058, 7.81414747238, -18.4383659363, -19.0025882721, 6.20483589172, 22.2178230286, 7.66302680969, -16.6602020264]
    median: [-1120.88513184, 7.74091720581, -19.8969764709, -20.077922821, 7.2350769043, 24.3217315674, 7.9490852356, -18.9512405396, -19.4875335693, 6.45131111145, 22.9104881287, 7.85189056396, -17.2772254944]
    min: [-1138.42004395, 1.14440917969e-05, -28.300579071, -29.2830886841, -6.103515625e-05, 2.28881835938e-05, -2.67028808594e-05, -21.0671310425, -23.3400192261, -2.28881835938e-05, -2.67028808594e-05, -3.0517578125e-05, -17.2777519226]
    skew: [-3.78447198868, -3.40763926506, 4.15728092194, 3.91602993011, -5.4871764183, -4.78670692444, -3.33650541306, 5.58977413177, 5.38354730606, -4.91317367554, -5.71693992615, -5.43548297882, 5.23143386841]
    var: [8.98611450195, 1.82112681866, 11.1330718994, 11.6133003235, 1.2822252512, 15.5802526474, 1.9269400835, 8.67860603333, 9.37943840027, 1.10269474983, 12.4157304764, 1.50743758678, 7.48305273056]

SpecContrastCoeff:
    dmean: [0.037909630686, 0.0173840746284, 0.0136156585068, 0.0182464700192, 0.00577581999823, 0.00509032886475]
    dmean2: [0.0602436885238, 0.0294710863382, 0.0168261062354, 0.0213174149394, 0.00900413561612, 0.0089871622622]
    dvar: [0.00102772831451, 0.000230590070714, 8.0652309407e-05, 0.00231581344269, 2.59667867795e-05, 2.96510115732e-05]
    dvar2: [0.00214856886305, 0.000587240385357, 0.000235589875956, 0.00243675033562, 6.46989865345e-05, 6.52587696095e-05]
    kurt: [4.49727249146, 2.33633327484, 4.54389667511, 17.2499256134, 0.220291376114, 8.20635700226]
    max: [-0.714745879173, -0.892769515514, -0.88503074646, -0.483303517103, -0.917625784874, -0.910044372082]
    mean: [-0.795772969723, -0.95242613554, -0.943667113781, -0.511499643326, -0.931552290916, -0.925918757915]
    median: [-0.790784716606, -0.950440704823, -0.946760416031, -0.494881272316, -0.931687772274, -0.924624681473]
    min: [-0.972494065762, -0.981709897518, -0.966200470924, -0.894978225231, -0.946104109287, -0.95937526226]
    skew: [-1.60168719292, 0.923444032669, 1.76719474792, -4.21484851837, 0.0640072450042, -2.43601775169]
    var: [0.00208815396763, 0.000262042478425, 0.000210039899684, 0.00531329261139, 3.07562950184e-05, 6.33614690742e-05]

SpecPeakAmp:
    dmean: [9.95954223981e-07, 6.2166753878e-07, 6.32504525129e-05, 1.28772524022e-06, 1.25255758121e-06]
    dmean2: [1.55027510118e-06, 9.37526749567e-07, 9.70865003183e-05, 1.96795645024e-06, 1.91409435502e-06]
    dvar: [4.21163277864e-12, 3.08574281578e-12, 8.34978735043e-08, 2.62598987694e-11, 2.45387148101e-11]
    dvar2: [7.35808462771e-12, 7.86653294588e-12, 2.14473530491e-07, 6.7573710516e-11, 6.30622359887e-11]
    kurt: [17.9397716522, 36.5762329102, 40.0224227905, 39.8217163086, 39.8279876709]
    max: [1.40350639413e-05, 9.30343867367e-06, 0.00138909812085, 2.53794605669e-05, 2.44341699727e-05]
    mean: [8.31266606838e-06, 8.31497175113e-07, 3.13873024425e-05, 1.02880824215e-06, 1.03168349597e-06]
    median: [8.38098003442e-06, 6.37862456188e-07, 4.82209202346e-07, 5.13160898663e-07, 4.98505528412e-07]
    min: [4.73658985811e-07, 9.33209349796e-08, 1.84881713494e-07, 2.14664410692e-07, 1.90223786944e-07]
    skew: [-1.92476403713, 6.0710105896, 6.48245811462, 6.45886707306, 6.45951938629]
    var: [2.26979437849e-12, 1.70096001086e-12, 4.18951167092e-08, 1.35078667002e-11, 1.24754971978e-11]
