
metadata:
    version:
        essentia: "2.1-beta3"

Flux:
    dmean: 0.00280006765388
    dmean2: 0.00371497520246
    dvar: 8.3816346887e-05
    dvar2: 0.000165044693858
    kurt: 9.55790901184
    max: 0.0531539283693
    mean: 0.0035737673752
    median: 4.76848545077e-05
    min: 8.80678089743e-06
    skew: 3.29156804085
    var: 0.000136287213536

Rms:
    dmean: 0.00111651653424
    dmean2: 0.00084115046775
    dvar: 1.52391112351e-05
    dvar2: 6.83607140672e-06
    kurt: 20.8196792603
    max: 0.0384071841836
    mean: 0.0370036065578
    median: 0.0383550561965
    min: 0.00699640857056
    skew: -4.53045320511
    var: 2.84077177639e-05

RollOff:
    dmean: 7.83025550842
    dmean2: 7.51158237457
    dvar: 2025.24182129
    dvar2: 1787.50793457
    kurt: 39.2814102173
    max: 1765.72265625
    mean: 1450.86010742
    median: 1442.72460938
    min: 1442.72460938
    skew: 6.39812803268
    var: 2272.82763672

SpecCent:
    dmean: 12.2415246964
    dmean2: 12.9061536789
    dvar: 3265.31884766
    dvar2: 2870.9465332
    kurt: 39.5038833618
    max: 1849.14025879
    mean: 1444.8828125
    median: 1435.44311523
    min: 1431.57775879
    skew: 6.42292261124
    var: 3736.80834961

Zcr:
    dmean: 0.00239701708779
    dmean2: 0.00196448038332
    dvar: 6.3796651375e-05
    dvar2: 4.33643435827e-05
    kurt: 18.0193023682
    max: 0.0654296875
    mean: 0.0623697899282
    median: 0.06494140625
    min: 0.001953125
    skew: -4.25463819504
    var: 0.000124405734823

HarmonicAmpFreq:
    dmean: [0.128889605403]
    dmean2: [0.126033335924]
    dvar: [0.652333319187]
    dvar2: [0.606644332409]
    kurt: [39.8619346619]
    max: [1443.53942871]
    mean: [1437.99963379]
    median: [1437.86828613]
    min: [1437.86828613]
    skew: [6.46400499344]
    var: [0.698792457581]

HarmonicAmpMag:
    dmean: [0.00140684167854]
    dmean2: [0.00216002180241]
    dvar: [4.15633112425e-05]
    dvar2: [0.00010676436068]
    kurt: [40.0224151611]
    max: [0.0309799015522]
    mean: [0.000689748325385]
    median: [0]
    min: [0]
    skew: [6.48245716095]
    var: [2.08521978493e-05]

MfccCoeff:
    dmean: [10.8214139938, 1.0846054554, 4.02471876144, 2.01143360138, 0.449136227369, 1.16981518269, 0.47862175107, 0.870302736759, 0.908486962318, 0.482207298279, 1.19453287125, 0.441157132387, 1.04523861408]
    dmean2: [15.9837608337, 1.36304187775, 5.51698493958, 2.36011624336, 0.824331045151, 0.764260649681, 0.410088568926, 0.566226601601, 0.741100132465, 0.584239125252, 1.34680771828, 0.503426909447, 1.09613907337]
    dvar: [2321.01269531, 19.6016941071, 304.183074951, 70.8636550903, 5.72220182419, 19.5236530304, 2.49865674973, 12.1045503616, 12.1494626999, 3.43565154076, 21.7720413208, 2.23061156273, 15.7691841125]
    dvar2: [5803.02197266, 40.4611473083, 696.51763916, 127.54863739, 13.3200836182, 8.14607715607, 2.18282008171, 6.25706577301, 6.7381067276, 4.76047897339, 24.9907741547, 2.90679740906, 16.7385559082]
    kurt: [38.1478919983, 13.9399089813, 24.3946628571, 16.9647808075, 18.2940406799, 24.8782405853, 11.3368940353, 26.3313236237, 25.2181396484, 11.1277351379, 19.44282341, 16.0291728973, 15.6012134552]
    max: [-887.122375488, 29.0886116028, -6.3505859375, -6.85831832886, 14.6061859131, 58.8606262207, 24.3359413147, -4.56004333496, -5.70962524414, 13.4530887604, 48.0284233093, 20.012468338, -2.45052337646]
    mean: [-1099.19616699, 15.4649295807, -40.5057258606, -39.7088279724, 13.9358158112, 47.1292915344, 15.0844497681, -36.6790618896, -37.2733459473, 12.6627445221, 43.6273727417, 14.4026527405, -33.1125602722]
    median: [-1103.80834961, 15.1979789734, -39.3746910095, -39.4804458618, 14.6060180664, 48.0079345703, 15.2057228088, -37.7556304932, -38.0692367554, 13.4528598785, 45.2224235535, 14.6292419434, -34.6856498718]
    min: [-1132.52209473, 2.78684616089, -104.913978577, -59.472743988, -1.26389312744, 7.39296722412, 3.27710342407, -39.6511230469, -44.2010269165, 0.412452697754, 5.0331993103, 2.65032196045, -34.6859855652]
    skew: [6.24339532852, 0.723366856575, -3.74001169205, 2.13576602936, -4.4733915329, -4.69320631027, -1.41306173801, 5.15555715561, 4.8831782341, -3.52432918549, -4.51003885269, -3.28788709641, 4.04482984543]
    var: [1045.5123291, 9.09974575043, 122.801986694, 39.1851425171, 8.95297336578, 45.263759613, 6.92656612396, 29.0249996185, 28.4585933685, 7.6043715477, 51.515625, 5.09797477722, 36.2800445557]

SpecContrastCoeff:
    dmean: [0.036296132952, 0.0144668230787, 0.0136228343472, 0.0229565221816, 0.0128778452054, 0.0141269955784]
    dmean2: [0.0636207461357, 0.0243133995682, 0.0189973618835, 0.0234970413148, 0.0217082630843, 0.0254928786308]
    dvar: [0.00104086683132, 0.000176677727723, 0.000141683485708, 0.00368159101345, 8.29274722491e-05, 0.000180075236131]
    dvar2: [0.00295871845447, 0.000420126365498, 0.000139295560075, 0.00302352313884, 0.000184352029464, 0.000436389906099]
    kurt: [2.96668052673, 1.31685161591, 7.57692146301, 19.2937030792, -0.903327465057, 1.05822324753]
    max: [-0.846642374992, -0.932216823101, -0.844942510128, -0.324890971184, -0.914097309113, -0.916136324406]
    mean: [-0.947858929634, -0.978002429008, -0.941631555557, -0.364875793457, -0.935368657112, -0.950431287289]
    median: [-0.954393625259, -0.984576046467, -0.948662757874, -0.343478560448, -0.939928710461, -0.956759929657]
    min: [-0.991346180439, -0.989647388458, -0.958021640778, -0.874815821648, -0.946208894253, -0.960406959057]
    skew: [1.73363113403, 1.39930582047, 2.60106110573, -4.40780353546, 0.714403271675, 1.49250566959]
    var: [0.000967482163105, 0.000187571407878, 0.000472860527225, 0.00866223592311, 0.000113162059279, 0.00015837958199]

SpecPeakAmp:
    dmean: [7.15707756171e-06, 6.324604783e-06, 5.69554276808e-06, 1.16950659503e-05, 0.00141124275979]
    dmean2: [1.2806367522e-05, 9.37885306485e-06, 8.94560889719e-06, 1.76148678293e-05, 0.00216565164737]
    dvar: [1.02382949341e-10, 1.32957950205e-10, 1.09784757674e-10, 1.3606082927e-09, 4.16094298998e-05]
    dvar2: [2.22963730812e-10, 3.57246843219e-10, 2.75709538533e-10, 3.55404017327e-09, 0.000106850326119]
    kurt: [21.7202644348, 30.9664878845, 17.5763225555, 38.9027099609, 40.022693634]
    max: [6.07406655035e-05, 6.8454144639e-05, 7.93358049123e-05, 0.000191778832232, 0.0309799015522]
    mean: [1.2960094864e-05, 8.3952472778e-06, 9.85156475508e-06, 1.14660724648e-05, 0.000695682538208]
    median: [1.16113860713e-05, 7.61834144214e-06, 7.92873834143e-06, 8.10498204373e-06, 7.95534106146e-06]
    min: [4.95974154546e-06, 7.84958785971e-07, 1.18020318496e-06, 1.68593658145e-06, 1.88436877124e-06]
    skew: [4.18240070343, 5.36596250534, 4.21933221817, 6.34919834137, 6.48249006271]
    var: [6.86329951205e-11, 9.23265700004e-11, 1.77194120488e-10, 7.48755168978e-10, 2.08439596463e-05]
