
metadata:
    version:
        essentia: "2.1-beta3"

Flux:
    dmean: 0.0250503774732
    dmean2: 0.0333464518189
    dvar: 0.00678653735667
    dvar2: 0.0130819873884
    kurt: 9.34650993347
    max: 0.488793939352
    mean: 0.0328908897936
    median: 0.000437573879026
    min: 4.8991991207e-05
    skew: 3.26113939285
    var: 0.0114774238318

Rms:
    dmean: 0.0103103164583
    dmean2: 0.0077769937925
    dvar: 0.00130526709836
    dvar2: 0.000590448267758
    kurt: 21.1341171265
    max: 0.353859961033
    mean: 0.340955406427
    median: 0.353367120028
    min: 0.0626161023974
    skew: -4.56108570099
    var: 0.00242282473482

RollOff:
    dmean: 7.83025550842
    dmean2: 7.51158237457
    dvar: 2025.24182129
    dvar2: 1787.50793457
    kurt: 39.2814102173
    max: 1765.72265625
    mean: 1450.86010742
    median: 1442.72460938
    min: 1442.72460938
    skew: 6.39812803268
    var: 2272.82763672

SpecCent:
    dmean: 11.2335147858
    dmean2: 12.0358037949
    dvar: 2579.48999023
    dvar2: 2301.44116211
    kurt: 39.6015434265
    max: 1798.42321777
    mean: 1443.51867676
    median: 1435.16394043
    min: 1431.57250977
    skew: 6.43356323242
    var: 2876.79589844

Zcr:
    dmean: 0.00236372509971
    dmean2: 0.00191905885004
    dvar: 6.18473350187e-05
    dvar2: 4.07129555242e-05
    kurt: 17.8683319092
    max: 0.0654296875
    mean: 0.0623589418828
    median: 0.06494140625
    min: 0.00244140625
    skew: -4.23998594284
    var: 0.000122977609863

HarmonicAmpFreq:
    dmean: [84.1356506348]
    dmean2: [164.411987305]
    dvar: [4232.44580078]
    dvar2: [11593.7304688]
    kurt: [-0.981548786163]
    max: [1438.48364258]
    mean: [1384.06152344]
    median: [1437.86791992]
    min: [1266.49975586]
    skew: [-0.752900838852]
    var: [4454.81396484]

HarmonicAmpMag:
    dmean: [0.0893497392535]
    dmean2: [0.182786792517]
    dvar: [0.0357984080911]
    dvar2: [0.100985258818]
    kurt: [6.34753990173]
    max: [0.490861654282]
    mean: [0.043739117682]
    median: [0.000162656244356]
    min: [0]
    skew: [2.88920855522]
    var: [0.0195033680648]

MfccCoeff:
    dmean: [31.6934223175, 20.9830265045, 19.0541152954, 2.83652019501, 5.18259954453, 4.01420927048, 3.14240932465, 3.84635949135, 1.78496277332, 2.10684418678, 2.39874815941, 1.28053808212, 1.84808838367]
    dmean2: [47.0502433777, 31.4770793915, 26.5057029724, 4.99622964859, 7.09527158737, 5.62632465363, 5.37169313431, 5.27598953247, 2.79648256302, 3.1054956913, 3.01835799217, 2.14287400246, 2.2579832077]
    dvar: [7517.015625, 111.44052887, 76.2481155396, 39.1572723389, 7.97771453857, 42.1423568726, 6.35287046432, 21.732635498, 19.6403026581, 7.64989900589, 33.8685569763, 1.62870132923, 21.2886180878]
    dvar2: [18726.0976562, 299.116790771, 218.412094116, 69.5611724854, 25.4064865112, 58.3999137878, 11.0208864212, 45.7610626221, 44.5266418457, 2.8063519001, 36.1095809937, 2.52315330505, 18.446647644]
    kurt: [28.5609092712, -1.28366398811, -1.1967113018, 12.7754993439, 0.0693678855896, 14.168050766, 14.2494468689, 8.14412403107, 11.7093076706, 21.8457660675, 16.4768619537, 14.4816417694, 15.3885059357]
    max: [-624.484924316, 81.2699356079, -49.8501853943, -41.9398574829, 27.3134651184, 82.220161438, 28.960609436, -18.9922180176, -21.6290836334, 16.329706192, 51.7310600281, 18.9954471588, 2.28971862793]
    mean: [-1015.82666016, 62.3511772156, -77.7439041138, -76.1060943604, 20.7375240326, 66.4051895142, 19.1792926788, -43.6345024109, -42.5706977844, 14.0056409836, 47.0452690125, 14.9764156342, -34.7351036072]
    median: [-1024.32971191, 67.7419815063, -74.5309295654, -77.6027908325, 21.9242858887, 68.0496902466, 18.9000434875, -44.3037414551, -43.3829727173, 14.7782382965, 49.1209373474, 15.2362518311, -36.6931266785]
    min: [-1045.08093262, 36.2020072937, -106.602142334, -90.7814407349, 7.68795394897, 21.2123794556, -0.0420036315918, -52.3621368408, -52.4157333374, -11.7463531494, 2.47110366821, 4.6584854126, -37.3072776794]
    skew: [5.31960868835, -0.434718042612, -0.254768788815, 3.47065711021, -0.785727679729, -3.5438349247, -2.7534224987, 2.78305006027, 3.14403033257, -4.54812526703, -4.11039543152, -3.42755317688, 3.98663687706]
    var: [4105.77246094, 253.522262573, 226.948074341, 60.2964782715, 23.3445644379, 79.9420928955, 13.8864393234, 35.5897941589, 20.2404518127, 20.1752738953, 72.9663543701, 4.11949014664, 52.1063423157]

SpecContrastCoeff:
    dmean: [0.0237219817936, 0.0167286079377, 0.0170953441411, 0.0268461648375, 0.0158818718046, 0.0144686633721]
    dmean2: [0.0412907935679, 0.0285378713161, 0.0213641300797, 0.0228570066392, 0.026670306921, 0.0273212268949]
    dvar: [0.000770890561398, 0.000202131472179, 0.000194606007426, 0.00592711614445, 0.000124387457618, 0.000231198777328]
    dvar2: [0.00145985546988, 0.000439940456999, 0.000154941299115, 0.00354203348979, 0.000303997396259, 0.000556852086447]
    kurt: [3.26016569138, 0.011087179184, 10.2691888809, 21.6298027039, -0.487375974655, 2.23218107224]
    max: [-0.877742886543, -0.928519070148, -0.792990982533, -0.164631158113, -0.887885510921, -0.901951014996]
    mean: [-0.975293457508, -0.973290503025, -0.927425980568, -0.208011433482, -0.921943902969, -0.944479703903]
    median: [-0.988821566105, -0.981646239758, -0.936773717403, -0.182480841875, -0.927181303501, -0.951100111008]
    min: [-0.992596745491, -0.987171053886, -0.947501838207, -0.846425950527, -0.93441182375, -0.953753292561]
    skew: [2.02164530754, 1.09389472008, 2.94378352165, -4.6054983139, 0.870242893696, 1.79387807846]
    var: [0.000755182350986, 0.000255273567745, 0.000776838278398, 0.0125413574278, 0.000168085418409, 0.000175415494596]

SpecPeakAmp:
    dmean: [0.000165537989233, 0.00015901842562, 0.0224750954658, 0.0225263573229, 0.0447094216943]
    dmean2: [0.000255495047895, 0.000254200946074, 0.0459057241678, 0.0460107699037, 0.0912665575743]
    dvar: [3.09418311417e-07, 2.71162832632e-07, 0.010444175452, 0.0104419058189, 0.019827246666]
    dvar2: [8.06402340459e-07, 7.23363939414e-07, 0.0315055698156, 0.0315004959702, 0.0585997775197]
    kurt: [39.132850647, 37.0524673462, 40.0200233459, 40.0199699402, 17.5458011627]
    max: [0.00279597053304, 0.00280187348835, 0.49086022377, 0.490861654282, 0.490853190422]
    mean: [0.000133898996864, 0.000143885612488, 0.0110492939129, 0.0111032593995, 0.0220209341496]
    median: [7.71205013734e-05, 7.31108157197e-05, 7.79467154643e-05, 9.64293576544e-05, 0.000162656244356]
    min: [1.14835320346e-05, 1.55507859745e-05, 2.0157882318e-05, 2.87765597022e-05, 3.13076125167e-05]
    skew: [6.378428936, 6.15258836746, 6.48217439651, 6.48216724396, 4.42101860046]
    var: [1.62754091093e-07, 1.66446326944e-07, 0.00523240445182, 0.00523126171902, 0.0102231008932]
