
metadata:
    version:
        essentia: "2.1-beta3"

Flux:
    dmean: 0.0132916271687
    dmean2: 0
    dvar: 0
    dvar2: 0
    kurt: -1.99999988079
    max: 0.30012896657
    mean: 0.293483138084
    median: 0.293483138084
    min: 0.286837339401
    skew: 6.68120537739e-06
    var: 4.41668380518e-05

Rms:
    dmean: 0
    dmean2: 0
    dvar: 0
    dvar2: 0
    kurt: 0
    max: 0.102907456458
    mean: 0.102907456458
    median: 0.102907456458
    min: 0.102907456458
    skew: 0
    var: 0

RollOff:
    dmean: 538.330078125
    dmean2: 0
    dvar: 0
    dvar2: 0
    kurt: -2
    max: 2562.45117188
    mean: 2293.28613281
    median: 2293.28613281
    min: 2024.12109375
    skew: 0
    var: 72449.8203125

SpecCent:
    dmean: 95.4599609375
    dmean2: 0
    dvar: 0
    dvar2: 0
    kurt: -2
    max: 1890.63928223
    mean: 1842.90930176
    median: 1842.90930176
    min: 1795.17932129
    skew: 0
    var: 2278.15112305

Zcr:
    dmean: 0.00048828125
    dmean2: 0
    dvar: 0
    dvar2: 0
    kurt: -2
    max: 0.025390625
    mean: 0.025146484375
    median: 0.025146484375
    min: 0.02490234375
    skew: 0
    var: 5.96046447754e-08

HarmonicAmpFreq:
    dmean: [133.451904297]
    dmean2: [0]
    dvar: [0]
    dvar2: [0]
    kurt: [-2]
    max: [1834.80297852]
    mean: [1768.07702637]
    median: [1768.07702637]
    min: [1701.35107422]
    skew: [0]
    var: [4452.35253906]

HarmonicAmpMag:
    dmean: [0.0651657581329]
    dmean2: [0]
    dvar: [0]
    dvar2: [0]
    kurt: [-2]
    max: [0.0651657581329]
    mean: [0.0325828790665]
    median: [0.0325828790665]
    min: [0]
    skew: [0]
    var: [0.00106164405588]

MfccCoeff:
    dmean: [393.072509766, 52.1663398743, 41.5749282837, 16.8990058899, 51.6946487427, 32.0181503296, 28.6393680573, 28.3422031403, 11.222410202, 20.7783489227, 2.61730575562, 9.43891334534, 6.54325866699]
    dmean2: [0, 0, 0, 0, 0, 0, 0, 0, 0, 0, 0, 0, 0]
    dvar: [0, 0, 0, 0, 0, 0, 0, 0, 0, 0, 0, 0, 0]
    dvar2: [0, 0, 0, 0, 0, 0, 0, 0, 0, 0, 0, 0, 0]
    kurt: [-2, -2, -2, -2, -2, -2, -2, -2, -2, -2, -2, -2, -2]
    max: [-607.910644531, 81.48828125, -95.2318496704, -18.2017021179, 85.5963745117, 30.7609100342, -16.7318553925, 11.8284091949, 16.6556816101, 8.4562664032, 0.510730743408, 8.06627655029, -0.245769500732]
    mean: [-804.446899414, 55.4051132202, -116.019317627, -26.6512050629, 59.7490501404, 14.7518348694, -31.0515403748, -2.34269237518, 11.0444765091, -1.93290805817, -0.797922134399, 3.34681987762, -3.51739883423]
    median: [-804.446899414, 55.4051132202, -116.019317627, -26.6512050629, 59.7490501404, 14.7518348694, -31.0515403748, -2.34269237518, 11.0444765091, -1.93290805817, -0.797922134399, 3.34681987762, -3.51739883423]
    min: [-1000.9831543, 29.3219413757, -136.806777954, -35.1007080078, 33.901725769, -1.25724029541, -45.3712234497, -16.5137939453, 5.43327140808, -12.3220825195, -2.10657501221, -1.37263679504, -6.78902816772]
    skew: [0, -2.2012982015e-07, 5.43582586943e-07, 0, 0, 0, 2.07864232493e-07, 0, 0, 0, 0, 0, 0]
    var: [38626.5, 680.331787109, 432.118652344, 71.3940963745, 668.08416748, 256.290496826, 205.053344727, 200.820114136, 31.485622406, 107.934944153, 1.7125723362, 22.2732715607, 10.7035589218]

SpecContrastCoeff:
    dmean: [0.00867909193039, 0.0108065605164, 0.0581052899361, 0.0314330458641, 0.219923913479, 0.0240751504898]
    dmean2: [0, 0, 0, 0, 0, 0]
    dvar: [0, 0, 0, 0, 0, 0]
    dvar2: [0, 0, 0, 0, 0, 0]
    kurt: [-2, -2, -2, -2, -2, -2]
    max: [-0.983509659767, -0.966711580753, -0.879882514477, -0.745872497559, -0.518592178822, -0.929714977741]
    mean: [-0.987849235535, -0.972114861012, -0.908935189247, -0.761589050293, -0.628554105759, -0.941752552986]
    median: [-0.987849235535, -0.972114861012, -0.908935189247, -0.761589050293, -0.628554105759, -0.941752552986]
    min: [-0.992188751698, -0.97751814127, -0.937987804413, -0.777305543423, -0.7385160923, -0.953790128231]
    skew: [2.06065687962e-05, 0, 3.07837285618e-06, 5.68123186895e-06, -8.31775935239e-07, 0]
    var: [1.88316589629e-05, 2.91954384011e-05, 0.000844056194182, 0.00024700909853, 0.0120916320011, 0.000144903213368]

SpecPeakAmp:
    dmean: [0.0651151537895, 0.0423772223294, 0.0303265079856, 0.0219145100564, 0.0159354992211]
    dmean2: [0, 0, 0, 0, 0]
    dvar: [0, 0, 0, 0, 0]
    dvar2: [0, 0, 0, 0, 0]
    kurt: [-2, -2, -2, -2, -2]
    max: [0.0651657581329, 0.0424278229475, 0.0303781311959, 0.021967837587, 0.0159911029041]
    mean: [0.0326081812382, 0.0212392117828, 0.0152148772031, 0.0110105825588, 0.00802335329354]
    median: [0.0326081812382, 0.0212392117828, 0.0152148772031, 0.0110105825588, 0.00802335329354]
    min: [5.06043361383e-05, 5.06020878674e-05, 5.16228246852e-05, 5.33266502316e-05, 5.56039485673e-05]
    skew: [0, 9.56076746661e-08, 0, -1.29627181877e-07, 0]
    var: [0.00105999584775, 0.000448957202025, 0.000229924276937, 0.000120061449707, 6.34850366623e-05]
