
metadata:
    version:
        essentia: "2.1-beta3"

Flux:
    dmean: 5.66072139918e-06
    dmean2: 8.79059189174e-06
    dvar: 3.13167269894e-10
    dvar2: 6.74065192552e-10
    kurt: 14.2769622803
    max: 9.60096149356e-05
    mean: 6.51855907563e-06
    median: 2.06083427656e-06
    min: 8.00219595476e-07
    skew: 3.89049768448
    var: 3.24371279836e-10

Rms:
    dmean: 1.34118135975e-06
    dmean2: 1.26672659917e-06
    dvar: 2.4951618896e-11
    dvar2: 1.86606667618e-11
    kurt: 19.5602207184
    max: 7.74188883952e-05
    mean: 7.58936585044e-05
    median: 7.72376806708e-05
    min: 4.47084094048e-05
    skew: -4.50075101852
    var: 3.31871231884e-11

RollOff:
    dmean: 1.00154435635
    dmean2: 1.025390625
    dvar: 20.5633563995
    dvar2: 21.0285148621
    kurt: 17.0410709381
    max: 2906.98242188
    mean: 2886.4296875
    median: 2885.44921875
    min: 2885.44921875
    skew: 4.36323451996
    var: 20.1182861328

SpecCent:
    dmean: 2.09615159035
    dmean2: 3.6726307869
    dvar: 2.14122986794
    dvar2: 3.22304797173
    kurt: 12.234708786
    max: 2904.07495117
    mean: 2890.86376953
    median: 2889.98510742
    min: 2888.83227539
    skew: 3.24461007118
    var: 7.11385011673

Zcr:
    dmean: 0.00315679516643
    dmean2: 0.00323195685633
    dvar: 0.00017545762239
    dvar2: 0.000164860175573
    kurt: 17.4271221161
    max: 0.13037109375
    mean: 0.127230554819
    median: 0.13037109375
    min: 0.06005859375
    skew: -4.38608169556
    var: 0.000186382749234

HarmonicAmpFreq:
    dmean: [0]
    dmean2: [0]
    dvar: [0]
    dvar2: [0]
    kurt: [-2]
    max: [2880.90844727]
    mean: [2880.90795898]
    median: [2880.90844727]
    min: [2880.90844727]
    skew: [1]
    var: [2.38418579102e-07]

HarmonicAmpMag:
    dmean: [0]
    dmean2: [0]
    dvar: [0]
    dvar2: [0]
    kurt: [nan]
    max: [0]
    mean: [0]
    median: [0]
    min: [0]
    skew: [nan]
    var: [0]

MfccCoeff:
    dmean: [0.0161700583994, 0.00620855297893, 0.0195000227541, 0.0167974419892, 0.010385912843, 0.0224346779287, 0.00179273029789, 0.0214606001973, 0.0134447673336, 0.0141612207517, 0.0211327131838, 0.00268803094514, 0.0225932989269]
    dmean2: [0.018290201202, 0.00702049629763, 0.0220489501953, 0.0189891997725, 0.0117445448413, 0.0253673736006, 0.00202614930458, 0.0242674686015, 0.0152028398588, 0.0160146448761, 0.0238968990743, 0.00303958705626, 0.0255477540195]
    dvar: [0.00278308219276, 0.000409998348914, 0.00404553487897, 0.00300022517331, 0.00114701676648, 0.0053527476266, 3.42477724189e-05, 0.00489796465263, 0.00192253710702, 0.00213276757859, 0.00474967435002, 7.68549143686e-05, 0.00542845949531]
    dvar2: [0.00273261987604, 0.000402564357501, 0.00397189613432, 0.00294537213631, 0.00112616212573, 0.00525474129245, 3.36347147822e-05, 0.00480852741748, 0.00188736722339, 0.0020937982481, 0.00466293888167, 7.54394204705e-05, 0.00532943988219]
    kurt: [16.8931159973, 16.8799648285, 16.8799495697, 16.8798160553, 16.8797359467, 16.8797950745, 16.8805198669, 16.8797740936, 16.879825592, 16.8797645569, 16.8797855377, 16.8799190521, 16.8797779083]
    max: [-1138.15515137, 1.14440917969e-05, -6.103515625e-05, 0.275165557861, 0.170028686523, 2.28881835938e-05, 0.0293617248535, 0.351425170898, -4.57763671875e-05, -2.28881835938e-05, 0.346088409424, 0.0439987182617, -3.81469726562e-05]
    mean: [-1138.17260742, -0.0949384495616, -0.298332899809, 0.256947249174, 0.158759027719, -0.343076884747, 0.0274155363441, 0.3281442523, -0.205664888024, -0.216591581702, 0.323162585497, 0.0410829037428, -0.345549851656]
    median: [-1138.16186523, -0.0990943908691, -0.311370849609, 0.26819229126, 0.165702819824, -0.358085632324, 0.0286140441895, 0.342491149902, -0.214656829834, -0.226058959961, 0.337291717529, 0.0428810119629, -0.360656738281]
    min: [-1138.42004395, -0.101673126221, -0.319488525391, 8.01086425781e-05, -6.103515625e-05, -0.36742401123, -2.67028808594e-05, -5.34057617188e-05, -0.220252990723, -0.231956481934, -2.67028808594e-05, -3.0517578125e-05, -0.370063781738]
    skew: [-4.33623313904, 4.33395719528, 4.33395385742, -4.33392953873, -4.33391571045, 4.3339266777, -4.33406019211, -4.33392238617, 4.33393192291, 4.33392095566, -4.33392381668, -4.33394861221, 4.33392286301]
    var: [0.00292685790919, 0.00043112874846, 0.00425444403663, 0.00315527222119, 0.00120623328257, 0.00562938256189, 3.60123121936e-05, 0.0051509947516, 0.00202183891088, 0.00224290858023, 0.00499498238787, 8.08324621175e-05, 0.00570881087333]

SpecContrastCoeff:
    dmean: [0.0220928061754, 0.0156543031335, 0.0105731803924, 0.00889947544783, 0.00795087404549, 0.00575269386172]
    dmean2: [0.0320440530777, 0.0225824918598, 0.0143875535578, 0.0143883069977, 0.00961622595787, 0.00803858041763]
    dvar: [0.00133273529354, 0.000135148889967, 0.000287236995064, 6.28320340184e-05, 0.000484763615532, 0.000122965822811]
    dvar2: [0.00160332734231, 0.000255943799857, 0.00025398057187, 0.000127403953229, 0.000419168994995, 0.000117864263302]
    kurt: [11.7094526291, 2.67728471756, 13.9589195251, 7.83254528046, 17.6594009399, 23.4780330658]
    max: [-0.641943991184, -0.881351351738, -0.840195953846, -0.90804040432, -0.672832727432, -0.856938779354]
    mean: [-0.69338029623, -0.923233091831, -0.863361895084, -0.920742809772, -0.68568789959, -0.87227588892]
    median: [-0.690834105015, -0.924141049385, -0.860609650612, -0.919904530048, -0.680918037891, -0.869902074337]
    min: [-0.877442359924, -0.987907767296, -0.957893967628, -0.967230141163, -0.808448553085, -0.946459174156]
    skew: [-3.24412512779, -0.807275772095, -3.71122503281, -2.36735844612, -4.35064125061, -4.61541652679]
    var: [0.00167573383078, 0.000328424124746, 0.000396684947191, 0.000104297098005, 0.000581284111831, 0.000162932759849]

SpecPeakAmp:
    dmean: [1.16753852808e-07, 3.70193866672e-08, 4.9309392125e-08, 5.15028020232e-08, 5.65014239839e-08]
    dmean2: [1.29839520469e-07, 4.48418830956e-08, 7.37547480867e-08, 7.58148459568e-08, 8.09943898616e-08]
    dvar: [1.77011766247e-13, 1.39353614843e-14, 1.00916504835e-14, 1.03580516627e-14, 8.33606543304e-15]
    dvar2: [1.83367643986e-13, 1.41603978096e-14, 1.01820000998e-14, 1.37219354396e-14, 8.73285378202e-15]
    kurt: [18.192029953, 24.8755569458, 24.6372756958, 21.6150093079, 24.0405406952]
    max: [8.454437193e-06, 7.87454268902e-07, 7.39990696275e-07, 7.13788836038e-07, 7.28377244741e-07]
    mean: [8.29433611216e-06, 7.95302455003e-08, 9.71959224216e-08, 1.18833717977e-07, 1.37188010285e-07]
    median: [8.37718653202e-06, 5.32651966978e-08, 7.76427668825e-08, 9.52984962055e-08, 1.29367606405e-07]
    min: [6.15877388555e-06, 2.38096848904e-08, 2.73975580001e-08, 3.38526291443e-08, 3.75441437939e-08]
    skew: [-4.43702173233, 5.00155496597, 4.79422998428, 4.39981174469, 4.5870513916]
    var: [1.7304548365e-13, 1.46574054028e-14, 1.19554812624e-14, 1.09027836333e-14, 1.01881969929e-14]
