
metadata:
    version:
        essentia: "2.1-beta3"

Flux:
    dmean: 0.000124542028061
    dmean2: 0.000164460987435
    dvar: 1.67530672002e-07
    dvar2: 3.30297098117e-07
    kurt: 9.60277843475
    max: 0.00237892032601
    mean: 0.000162268508575
    median: 5.17714215675e-06
    min: 3.55323618351e-06
    skew: 3.29708313942
    var: 2.71123838047e-07

Rms:
    dmean: 4.82452487631e-05
    dmean2: 3.5328866943e-05
    dvar: 3.05009137946e-08
    dvar2: 1.37568010317e-08
    kurt: 20.8426704407
    max: 0.00171361060347
    mean: 0.00165282376111
    median: 0.0017133805668
    min: 0.000313144817483
    skew: -4.53274011612
    var: 5.65849092027e-08

RollOff:
    dmean: 6.36208295822
    dmean2: 6.00926589966
    dvar: 1255.71704102
    dvar2: 1063.77819824
    kurt: 38.8712425232
    max: 3143.84765625
    mean: 2892.14990234
    median: 2885.44921875
    min: 2885.44921875
    skew: 6.35261535645
    var: 1459.50073242

SpecCent:
    dmean: 4.0751786232
    dmean2: 5.28283977509
    dvar: 274.027526855
    dvar2: 236.619888306
    kurt: 39.5548782349
    max: 2974.27124023
    mean: 2857.74780273
    median: 2855.0168457
    min: 2853.57568359
    skew: 6.42828512192
    var: 310.277832031

Zcr:
    dmean: 0.00442782323807
    dmean2: 0.00320221646689
    dvar: 0.000255459017353
    dvar2: 0.000172241401742
    kurt: 17.7191448212
    max: 0.13037109375
    mean: 0.124728731811
    median: 0.13037109375
    min: 0.0048828125
    skew: -4.22722101212
    var: 0.000494729785714

HarmonicAmpFreq:
    dmean: [0.316850155592]
    dmean2: [0.32421875]
    dvar: [4.3169426918]
    dvar2: [4.41494750977]
    kurt: [40.0103187561]
    max: [2879.51049805]
    mean: [2879.19970703]
    median: [2879.51049805]
    min: [2865.5690918]
    skew: [-6.48105859756]
    var: [4.2231926918]

HarmonicAmpMag:
    dmean: [6.02700680474e-08]
    dmean2: [6.16716988588e-08]
    dvar: [1.56196683734e-13]
    dvar2: [1.59742743122e-13]
    kurt: [40.0227279663]
    max: [2.65188305093e-06]
    mean: [5.89307340704e-08]
    median: [0]
    min: [0]
    skew: [6.48249435425]
    var: [1.52804581054e-13]

MfccCoeff:
    dmean: [0.594016313553, 0.204731330276, 0.732677638531, 0.55453145504, 0.445198744535, 0.746266424656, 0.0972463414073, 0.736003160477, 0.282999902964, 0.55578905344, 0.513696491718, 0.318929851055, 0.60305082798]
    dmean2: [0.6565310359, 0.229206889868, 0.80474448204, 0.616383016109, 0.476572424173, 0.816724181175, 0.084848806262, 0.783822357655, 0.321821331978, 0.563627541065, 0.546700417995, 0.293303906918, 0.602963030338]
    dvar: [8.12876319885, 0.950820207596, 12.472782135, 7.04671525955, 4.77312803268, 13.0510225296, 0.167303621769, 13.218296051, 1.80912435055, 7.84759950638, 6.51595926285, 2.0356836319, 9.0144109726]
    dvar2: [10.1463785172, 1.22878563404, 15.3102560043, 8.93128395081, 5.47324514389, 15.8640832901, 0.111600190401, 14.9541864395, 2.43708443642, 7.8553686142, 7.35714292526, 1.56634414196, 8.70906639099]
    kurt: [30.4105644226, 30.1294708252, 30.5546798706, 30.3719024658, 30.9048271179, 30.7853012085, 27.4100799561, 31.1975135803, 30.2366333008, 31.2300796509, 31.6695671082, 29.5619888306, 31.6257095337]
    max: [-1120.06616211, 1.14440917969e-05, -6.103515625e-05, 17.1046943665, 14.0149536133, 2.28881835938e-05, -2.67028808594e-05, 23.3440647125, -4.57763671875e-05, -2.28881835938e-05, 16.4387016296, 10.2282791138, -3.81469726562e-05]
    mean: [-1122.61523438, -5.28778553009, -19.7826709747, 14.5849905014, 12.724653244, -20.3823871613, -2.95061373711, 21.373134613, -7.12270784378, -17.4889564514, 15.0783176422, 9.88461399078, -19.1304340363]
    median: [-1122.17456055, -5.43120193481, -20.340259552, 14.9861183167, 13.099029541, -20.9587936401, -3.05968856812, 22.0036258698, -7.30668640137, -18.037071228, 15.5194969177, 10.2279434204, -19.7333641052]
    min: [-1138.42004395, -6.28355789185, -22.7251930237, 8.01086425781e-05, -6.103515625e-05, -23.2612533569, -3.05979537964, -5.34057617188e-05, -8.69877624512, -18.0376281738, -2.67028808594e-05, -3.0517578125e-05, -19.7339439392]
    skew: [-5.48000478745, 5.42555427551, 5.50427007675, -5.46520137787, -5.56554508209, 5.53129291534, 5.19964408875, -5.59607172012, 5.38981723785, 5.60913991928, -5.64035987854, -5.42367315292, 5.64396190643]
    var: [6.48272275925, 0.728718221188, 10.1344833374, 5.52293348312, 4.17193889618, 10.7183446884, 0.237787380815, 11.7144317627, 1.31905424595, 7.84228181839, 5.78570985794, 2.57169055939, 9.32209777832]

SpecContrastCoeff:
    dmean: [0.0276668146253, 0.0233029406518, 0.0164265409112, 0.0124174235389, 0.0201495215297, 0.00581315159798]
    dmean2: [0.0501063093543, 0.0393632091582, 0.0289426092058, 0.0221325103194, 0.0309264417738, 0.0107449926436]
    dvar: [0.000966772786342, 0.000442308344645, 0.000192895517102, 0.000101652884041, 0.00130476523191, 2.8353289963e-05]
    dvar2: [0.00178626109846, 0.0012398440158, 0.000480642891489, 0.000289858027827, 0.00160517438781, 7.29959137971e-05]
    kurt: [9.86303329468, 1.25924682617, 0.87545466423, 0.213772773743, 17.7151031494, 1.90697145462]
    max: [-0.744679927826, -0.892636358738, -0.918520212173, -0.914134979248, -0.523187279701, -0.912180662155]
    mean: [-0.790581941605, -0.934941768646, -0.946567177773, -0.941289663315, -0.571414649487, -0.928723931313]
    median: [-0.783391237259, -0.934321463108, -0.946786642075, -0.942825913429, -0.559799849987, -0.928819179535]
    min: [-0.973580062389, -0.995637595654, -0.990105688572, -0.96444606781, -0.863647520542, -0.942019820213]
    skew: [-3.04535269737, -0.609385848045, -0.601792752743, 0.352214038372, -4.22816848755, 0.573411762714]
    var: [0.00170623080339, 0.000365581887309, 0.000203038071049, 9.51341062319e-05, 0.00303895561956, 3.06991641992e-05]

SpecPeakAmp:
    dmean: [5.99281577252e-07, 5.91195771449e-07, 5.48654554677e-07, 6.78348385463e-07, 5.29129238203e-07]
    dmean2: [7.59081444812e-07, 9.35255286549e-07, 8.68783502028e-07, 1.14189901979e-06, 8.76468277511e-07]
    dvar: [2.19129684016e-12, 3.49706049708e-12, 3.34047633305e-12, 3.32904970951e-12, 2.8304520186e-12]
    dvar2: [3.06674932844e-12, 8.91607707804e-12, 8.50364830635e-12, 8.52836811588e-12, 7.46096153609e-12]
    kurt: [26.7197494507, 38.9875183105, 39.1976013184, 38.3011817932, 34.912071228]
    max: [1.03080983536e-05, 9.58648161031e-06, 9.47304124566e-06, 9.63758884609e-06, 9.75409875537e-06]
    mean: [8.23949267215e-06, 7.28318184429e-07, 8.37192033032e-07, 7.72597900323e-07, 6.87373926667e-07]
    median: [8.42181634653e-06, 4.86740759698e-07, 6.53060794775e-07, 6.02379941483e-07, 4.21451943566e-07]
    min: [3.14142482694e-07, 2.54615457607e-07, 4.05244492185e-07, 1.53663762603e-07, 1.03993173184e-07]
    skew: [-4.80816364288, 6.35991811752, 6.38447141647, 6.27719640732, 5.93836259842]
    var: [1.72350328453e-12, 1.8052299022e-12, 1.71147406143e-12, 1.8230198167e-12, 1.99251270865e-12]
