
metadata:
    version:
        essentia: "2.1-beta3"

Flux:
    dmean: 0.00278197159059
    dmean2: 0.00367918051779
    dvar: 8.40913126012e-05
    dvar2: 0.000165987396031
    kurt: 9.56883716583
    max: 0.0531709529459
    mean: 0.00358249014243
    median: 6.82795071043e-05
    min: 1.12711404654e-05
    skew: 3.29301714897
    var: 0.000136181639391

Rms:
    dmean: 0.00108210882172
    dmean2: 0.00079276895849
    dvar: 1.53561923071e-05
    dvar2: 6.93108540872e-06
    kurt: 20.8681793213
    max: 0.0383630022407
    mean: 0.0370028093457
    median: 0.0383610203862
    min: 0.00693845422938
    skew: -4.5352396965
    var: 2.84768066194e-05

RollOff:
    dmean: 8.31964683533
    dmean2: 8.01235485077
    dvar: 2322.94506836
    dvar2: 2070.88134766
    kurt: 39.3698425293
    max: 3229.98046875
    mean: 2894.06420898
    median: 2885.44921875
    min: 2885.44921875
    skew: 6.40801858902
    var: 2584.23657227

SpecCent:
    dmean: 8.2445230484
    dmean2: 9.50468444824
    dvar: 1771.03405762
    dvar2: 1645.85754395
    kurt: 39.827796936
    max: 3151.46191406
    mean: 2861.74780273
    median: 2854.96679688
    min: 2852.90307617
    skew: 6.45990133286
    var: 1911.93664551

Zcr:
    dmean: 0.00442782323807
    dmean2: 0.00323628261685
    dvar: 0.000254028476775
    dvar2: 0.000172049796674
    kurt: 17.8783187866
    max: 0.13037109375
    mean: 0.124750435352
    median: 0.13037109375
    min: 0.0048828125
    skew: -4.24239730835
    var: 0.00049215555191

HarmonicAmpFreq:
    dmean: [0.404163718224]
    dmean2: [0.413562864065]
    dvar: [7.0239777565]
    dvar2: [7.18343830109]
    kurt: [40.0195083618]
    max: [2897.29052734]
    mean: [2879.90283203]
    median: [2879.50732422]
    min: [2879.50732422]
    skew: [6.48212146759]
    var: [6.87143754959]

HarmonicAmpMag:
    dmean: [1.31589092689e-06]
    dmean2: [1.34649303618e-06]
    dvar: [7.4457467969e-11]
    dvar2: [7.61478241573e-11]
    kurt: [40.022731781]
    max: [5.78992003284e-05]
    mean: [1.28664885324e-06]
    median: [0]
    min: [0]
    skew: [6.48249483109]
    var: [7.28404767059e-11]

MfccCoeff:
    dmean: [8.08329391479, 2.65003490448, 3.86166596413, 1.02179861069, 0.590925455093, 0.950469374657, 0.217066153884, 1.02811920643, 0.349893212318, 0.880613148212, 0.757462561131, 0.612222909927, 1.00260937214]
    dmean2: [12.0419549942, 3.94079422951, 5.48965454102, 1.24225723743, 0.42020213604, 0.888996303082, 0.146171480417, 0.724696218967, 0.34040299058, 0.670795023441, 0.563475966454, 0.560089111328, 0.919887125492]
    dvar: [1359.90966797, 144.793807983, 319.143920898, 27.2795696259, 7.39322042465, 23.4101867676, 0.561277627945, 19.1432170868, 2.10451793671, 13.3402194977, 8.54075241089, 5.27132511139, 15.8107414246]
    dvar2: [3356.68530273, 357.326904297, 717.745666504, 40.2054481506, 2.99061131477, 15.5295724869, 0.221122160554, 7.69226646423, 1.12461745739, 9.48194694519, 5.33464097977, 4.6407289505, 13.610669136]
    kurt: [37.2580528259, 37.1798324585, 24.2731399536, 34.1635971069, 31.8690910339, 37.2211456299, 23.0357131958, 29.8299102783, 30.7485656738, 22.8519096375, 24.6562156677, 19.0010528564, 21.4935932159]
    max: [-943.652954102, -1.21165847778, -4.05574035645, 37.7733268738, 27.4498939514, -4.36367034912, -0.034969329834, 46.518196106, -2.07960510254, -2.96828460693, 33.3203697205, 21.6873950958, -3.72167205811]
    mean: [-1102.08630371, -12.0617456436, -42.4821815491, 30.2229309082, 26.3816490173, -41.9379844666, -6.44361686707, 43.9234275818, -14.1651000977, -36.0561103821, 30.3913402557, 20.7691307068, -38.7992401123]
    median: [-1105.09777832, -11.0646247864, -41.791973114, 30.5617256165, 27.1194496155, -42.8419914246, -6.73316955566, 45.1755447388, -14.4042816162, -37.3557662964, 31.2963981628, 21.6872425079, -40.1982688904]
    min: [-1135.09179688, -63.7205123901, -106.547286987, 3.27098464966, 2.31309509277, -44.9850730896, -6.733253479, 4.21755218506, -16.6898880005, -37.3559188843, 3.43246078491, 1.08675384521, -41.1791038513]
    skew: [6.1045627594, -6.09392690659, -3.29812693596, -5.64570140839, -5.66743659973, 6.17510414124, 4.70300197601, -5.47680234909, 5.36829805374, 4.8341217041, -5.0054693222, -4.40826654434, 4.70648527145]
    var: [590.296630859, 62.8204689026, 124.508529663, 17.8192005157, 14.698890686, 33.1950721741, 1.21647179127, 41.3969764709, 3.76095342636, 33.5848693848, 21.2812232971, 13.2127065659, 39.3525619507]

SpecContrastCoeff:
    dmean: [0.0543285571039, 0.0139270750806, 0.0142025500536, 0.0164167601615, 0.0261947382241, 0.0189860779792]
    dmean2: [0.1103733778, 0.0254845395684, 0.0240610335022, 0.0323110893369, 0.0373339541256, 0.0378305092454]
    dvar: [0.00277341972105, 0.000142927718116, 0.0001465161331, 0.000102238023828, 0.00209210719913, 0.000189868675079]
    dvar2: [0.0106108533219, 0.000484029878862, 0.000327844376443, 0.000353064417141, 0.00174078799319, 0.00078310421668]
    kurt: [2.09171915054, 4.89650344849, 12.270819664, 1.67478609085, 18.4912719727, -0.424234628677]
    max: [-0.787806332111, -0.924149870872, -0.891055703163, -0.907457768917, -0.390443474054, -0.906978070736]
    mean: [-0.933596789837, -0.985215842724, -0.981326401234, -0.951072096825, -0.444643855095, -0.936355531216]
    median: [-0.950331866741, -0.991622745991, -0.988336861134, -0.95492464304, -0.429258674383, -0.942279577255]
    min: [-0.978008329868, -0.996204555035, -0.992996811867, -0.964847683907, -0.839515447617, -0.948114275932]
    skew: [1.62875449657, 2.11933016777, 3.17822766304, 1.31263256073, -4.29952859879, 1.02244484425]
    var: [0.00203018379398, 0.000215141801164, 0.000320745457429, 0.000190593709704, 0.00533587438986, 0.000174514279934]

SpecPeakAmp:
    dmean: [5.60129547011e-06, 5.06508058606e-06, 4.96454413224e-06, 5.03276214658e-06, 4.94130426887e-06]
    dmean2: [9.16558565223e-06, 9.53539529291e-06, 9.46990166995e-06, 8.45535669214e-06, 9.46047202888e-06]
    dvar: [4.2714942694e-11, 3.19462754861e-11, 2.75344035766e-11, 3.06676246897e-11, 2.97591812304e-11]
    dvar2: [1.08050436654e-10, 9.12524222851e-11, 8.08802330665e-11, 3.89757601194e-11, 8.74514419213e-11]
    kurt: [10.6035223007, 21.1497459412, 20.5027732849, 20.5790882111, 20.1357479095]
    max: [3.67115280824e-05, 3.25207583955e-05, 3.312836634e-05, 5.78992003284e-05, 3.56742712029e-05]
    mean: [1.04819473563e-05, 5.60255602977e-06, 5.70113297726e-06, 6.79562072037e-06, 5.90874424233e-06]
    median: [8.9652112365e-06, 5.46453748029e-06, 5.63633011552e-06, 5.64738502362e-06, 5.54766666028e-06]
    min: [2.44966918217e-06, 7.23076198028e-07, 7.11331892944e-07, 7.58119824695e-07, 8.69886378041e-07]
    skew: [2.58470535278, 4.05319070816, 3.97824072838, 4.43883657455, 4.02005147934]
    var: [2.82188248463e-11, 2.20672351919e-11, 2.32282665324e-11, 8.34918106873e-11, 2.76655538756e-11]
